/*--------------------------------*- C++ -*----------------------------------*\
| =========                 |                                                 |
| \\      /  F ield         | OpenFOAM: The Open Source CFD Toolbox           |
|  \\    /   O peration     | Version:  2.3.0                                 |
|   \\  /    A nd           | Web:      www.OpenFOAM.org                      |
|    \\/     M anipulation  |                                                 |
\*---------------------------------------------------------------------------*/
FoamFile
{
    version     2.0;
    format      ascii;
    class       volScalarField;
    location    "19000";
    object      p;
}
// * * * * * * * * * * * * * * * * * * * * * * * * * * * * * * * * * * * * * //

dimensions      [0 2 -2 0 0 0 0];

internalField   nonuniform List<scalar> 
3060
(
0
-3.09695
-8.88937
-17.335
-28.391
-42.0244
-58.2114
-76.9206
-98.0821
-121.555
-147.101
-174.367
-202.862
-231.932
-260.729
-288.269
-313.566
-335.731
-354.05
-368.259
-378.607
-385.613
-390.021
-392.577
-393.855
-394.193
-393.686
-392.195
-389.342
-384.511
-376.942
-365.914
-350.957
-331.89
-309.079
-283.287
-255.425
-226.498
-197.484
-169.192
-142.249
-117.121
-94.1378
-73.5185
-55.3885
-39.8076
-26.8038
-16.4018
-8.63659
-3.55048
-1.18258
-1.55612
-4.66682
-10.4861
-18.9729
-30.0858
-43.7931
-60.0713
-78.8869
-100.165
-123.759
-149.419
-176.781
-205.338
-234.418
-263.153
-290.547
-315.613
-337.47
-355.432
-369.286
-379.314
-386.061
-390.283
-392.714
-393.909
-394.182
-393.608
-392.025
-389.032
-383.995
-376.148
-364.788
-349.47
-330.053
-306.954
-280.954
-252.97
-224.001
-195.013
-166.794
-139.954
-114.943
-92.0804
-71.5765
-53.5497
-38.0561
-25.1222
-14.7735
-7.04627
-1.98431
0.372336
38.6472
36.0201
31.0822
23.8291
14.2514
2.34384
-11.8796
-28.3657
-47.006
-67.6273
-89.9778
-113.698
-138.28
-163.044
-187.29
-210.616
-232.783
-252.975
-269.941
-283.02
-292.503
-298.956
-303.082
-305.535
-306.793
-307.131
-306.627
-305.168
-302.445
-297.941
-290.984
-280.879
-267.094
-249.459
-228.812
-206.395
-182.888
-158.507
-133.736
-109.295
-85.8353
-63.8381
-43.6406
-25.4792
-9.51436
4.15757
15.4934
24.4854
31.1417
35.4721
37.4796
37.1634
34.5236
29.5611
22.2702
12.6409
0.667448
-13.6347
-30.2095
-48.9439
-69.6582
-92.092
-115.873
-140.477
-165.209
-189.378
-212.613
-234.65
-254.604
-271.232
-283.97
-293.158
-299.377
-303.335
-305.672
-306.848
-307.12
-306.547
-304.999
-302.148
-297.458
-290.249
-279.835
-265.7
-247.747
-226.894
-204.366
-180.771
-156.323
-131.534
-107.127
-83.736
-61.8261
-41.723
-23.6552
-7.77722
5.81864
17.0917
26.0352
32.6567
36.965
38.9623
68.3836
65.8062
60.9873
53.9745
44.8462
33.7237
20.7763
6.21215
-9.74586
-26.8889
-45.0381
-64.0458
-83.7958
-104.189
-125
-145.468
-164.278
-180.294
-193.355
-204.044
-212.136
-217.396
-220.541
-222.307
-223.179
-223.407
-223.062
-222.044
-220.065
-216.593
-210.861
-202.247
-191.146
-177.602
-161.039
-141.846
-121.253
-100.516
-80.2693
-60.6926
-41.8833
-23.9656
-7.09536
8.53958
22.7235
35.2329
45.8654
54.4615
60.9101
65.1407
67.1108
66.8
64.2117
59.3723
52.3307
43.1674
32.0063
19.0197
4.41853
-11.573
-28.7454
-46.9197
-65.9484
-85.7167
-106.123
-126.914
-147.267
-165.846
-181.568
-194.387
-204.866
-212.689
-217.725
-220.722
-222.399
-223.214
-223.399
-223.009
-221.928
-219.846
-216.206
-210.229
-201.36
-190.051
-176.244
-159.393
-139.997
-119.32
-98.5792
-78.3478
-58.7901
-40.003
-22.1117
-5.27225
10.3279
24.4736
36.9433
47.5372
56.0991
62.5204
66.7323
68.6934
115.345
112.844
108.179
101.42
92.6706
82.0811
69.8513
56.2246
41.4685
25.8449
9.5833
-7.13855
-24.2049
-41.5454
-58.9982
-76.0318
-91.9374
-106.369
-118.758
-127.86
-133.913
-137.939
-139.973
-140.82
-141.131
-141.195
-141.088
-140.703
-139.698
-137.349
-132.962
-126.479
-116.743
-103.922
-89.224
-73.102
-55.9629
-38.5388
-21.2777
-4.30911
12.2928
28.3983
43.8165
58.3073
71.6029
83.4371
93.5734
101.822
108.042
112.139
114.051
113.749
111.238
106.556
99.7724
90.9942
80.3749
68.1178
54.4699
39.7009
24.0737
7.8168
-8.89442
-25.9477
-43.2727
-60.687
-77.6186
-93.3775
-107.634
-119.752
-128.507
-134.346
-138.177
-140.064
-140.847
-141.136
-141.192
-141.074
-140.659
-139.572
-137.05
-132.478
-125.741
-115.656
-102.6
-87.7383
-71.4762
-54.2534
-36.8011
-19.5261
-2.54503
14.0661
30.1741
45.5861
60.0613
73.3334
85.1389
95.2447
103.465
109.662
113.742
115.646
162.764
160.519
156.336
150.283
142.461
133.005
122.081
109.885
96.6268
82.5209
67.7757
52.5932
37.1806
21.7814
6.74228
-7.42105
-20.3063
-32.1365
-43.0799
-51.8418
-57.3197
-59.807
-60.5314
-60.4408
-60.187
-60.0892
-60.2172
-60.4726
-60.4678
-59.5237
-56.5951
-50.5322
-41.279
-30.1427
-18.1711
-5.06413
9.2844
24.4005
39.7952
55.1462
70.2199
84.8101
98.7126
111.716
123.604
134.167
143.214
150.586
156.155
159.827
161.543
161.272
159.019
154.824
148.754
140.911
131.434
120.49
108.278
95.0083
80.898
66.1561
50.9861
35.5979
20.2413
5.2768
-8.76636
-21.5247
-33.2667
-44.0644
-52.5222
-57.665
-59.9182
-60.5321
-60.4033
-60.1623
-60.0911
-60.2434
-60.5026
-60.44
-59.3588
-56.1603
-49.7573
-40.2331
-28.9875
-16.9183
-3.6793
10.7781
25.9588
41.3905
56.7622
71.8457
86.437
100.333
113.323
125.193
135.735
144.761
152.113
157.665
161.325
163.035
204.597
202.557
198.763
193.283
186.222
177.712
167.914
157.011
145.2
132.686
119.669
106.35
92.9348
79.6526
66.7867
54.7074
43.8102
34.3607
26.5916
20.5892
16.7948
15.9934
17.1694
18.8787
19.9462
20.2391
19.8219
18.6067
16.8795
15.9265
17.2063
21.4782
27.7789
35.8634
45.5804
56.7036
68.9402
81.8838
95.1812
108.561
121.798
134.687
147.027
158.614
169.244
178.722
186.866
193.522
198.563
201.893
203.451
203.205
201.16
197.357
191.865
184.791
176.267
166.457
155.546
143.734
131.224
118.22
104.923
91.5423
78.3108
65.5195
53.5474
42.7847
33.487
25.8922
20.0601
16.5599
16.0317
17.3321
19.0217
20.0085
20.2317
19.7426
18.4488
16.7418
15.9523
17.5325
22.0626
28.5297
36.7834
46.6474
57.8993
70.2342
83.2453
96.5887
109.999
123.255
136.155
148.498
160.081
170.702
180.166
188.296
194.939
199.968
203.29
204.843
243.393
241.555
238.139
233.216
226.889
219.286
210.561
200.887
190.447
179.433
168.037
156.455
144.89
133.56
122.716
112.647
103.655
95.9961
89.9797
86.0255
84.752
86.8394
91.2634
95.5096
98.2306
98.9611
97.8999
94.8327
90.4104
86.1892
84.686
86.5002
90.8508
97.187
105.097
114.293
124.511
135.443
146.807
158.36
169.885
181.179
192.046
202.293
211.729
220.171
227.448
233.413
237.941
240.939
242.342
242.12
240.279
236.857
231.927
225.591
217.981
209.252
199.576
189.141
178.138
166.762
155.209
143.684
132.411
121.643
111.674
102.804
95.2887
89.4514
85.7169
84.7501
87.1619
91.6869
95.8457
98.3809
98.9412
97.699
94.4663
89.9907
85.9479
84.7825
86.8778
91.4351
97.9394
105.986
115.3
125.611
136.613
148.029
159.62
171.17
182.481
193.357
203.607
213.041
221.476
228.746
234.702
239.223
242.215
243.615
279.708
278.054
274.984
270.57
264.914
258.143
250.406
241.87
232.71
223.108
213.248
203.315
193.5
184.003
175.042
166.86
159.713
153.849
149.554
147.202
147.367
151.146
158.685
166.589
171.709
173.237
171.05
165.324
157.16
150.109
147.059
147.405
150.132
154.73
160.837
168.18
176.509
185.567
195.116
204.939
214.839
224.624
234.108
243.107
251.439
258.929
265.413
270.746
274.806
277.5
278.762
278.562
276.906
273.833
269.416
263.756
256.983
249.248
240.716
231.567
221.982
212.147
202.249
192.48
183.043
174.158
166.072
159.041
153.314
149.187
147.043
147.496
151.685
159.46
167.204
172.009
173.192
170.663
164.642
156.414
149.689
147.023
147.629
150.551
155.308
161.547
169.001
177.42
186.549
196.153
206.02
215.951
225.759
235.258
244.266
252.602
260.091
266.572
271.901
275.958
278.648
279.908
314.402
312.918
310.168
306.225
301.189
295.187
288.364
280.88
272.906
264.614
256.178
247.774
239.578
231.769
224.539
218.093
212.646
208.42
205.672
204.732
206.057
210.438
218.729
228.926
236.417
238.729
235.427
227.172
216.963
209.342
205.582
204.704
205.993
209.025
213.483
219.119
225.712
233.048
240.923
249.147
257.541
265.927
274.13
281.974
289.285
295.895
301.647
306.397
310.025
312.436
313.568
313.389
311.905
309.154
305.21
300.175
294.175
287.358
279.884
271.925
263.655
255.25
246.885
238.737
230.99
223.836
217.481
212.143
208.046
205.454
204.705
206.278
211.011
219.652
229.798
236.866
238.658
234.849
226.241
216.114
208.88
205.439
204.79
206.259
209.44
214.022
219.762
226.442
233.85
241.782
250.053
258.482
266.896
275.118
282.976
290.296
296.911
302.663
307.413
311.04
313.45
314.581
348.046
346.72
344.268
340.76
336.299
331.007
325.028
318.518
311.64
304.56
297.441
290.447
283.738
277.476
271.823
266.953
263.04
260.27
258.85
259.04
261.174
265.73
273.274
282.982
291.047
293.731
289.925
281.222
271.683
264.68
260.598
258.841
258.96
260.637
263.624
267.717
272.734
278.5
284.841
291.596
298.6
305.694
312.712
319.489
325.857
331.655
336.73
340.94
344.168
346.319
347.329
347.17
345.844
343.393
339.887
335.429
330.143
324.174
317.678
310.819
303.764
296.679
289.726
283.069
276.868
271.289
266.505
262.694
260.042
258.762
259.118
261.456
266.276
274.111
283.872
291.562
293.647
289.277
280.306
270.921
264.216
260.38
258.815
259.092
260.902
264.003
268.194
273.294
279.129
285.53
292.332
299.376
306.5
313.542
320.336
326.717
332.524
337.603
341.816
345.044
347.195
348.206
381.082
379.906
377.734
374.637
370.715
366.09
360.901
355.299
349.441
343.482
337.579
331.881
326.533
321.677
317.451
313.994
311.443
309.938
309.629
310.69
313.326
317.772
324.215
332.103
338.934
341.332
337.953
330.662
322.905
316.813
312.708
310.37
309.569
310.105
311.808
314.53
318.131
322.475
327.422
332.83
338.557
344.457
350.378
356.161
361.651
366.69
371.129
374.832
377.683
379.588
380.484
380.343
379.167
376.998
373.905
369.988
365.372
360.195
354.61
348.774
342.844
336.976
331.321
326.025
321.229
317.073
313.697
311.239
309.837
309.648
310.846
313.64
318.269
324.898
332.835
339.388
341.256
337.392
329.919
322.27
316.37
312.442
310.257
309.587
310.238
312.042
314.853
318.533
322.944
327.948
333.406
339.174
345.107
351.054
356.858
362.363
367.413
371.859
375.568
378.421
380.327
381.224
413.785
412.754
410.853
408.153
404.75
400.763
396.326
391.584
386.685
381.777
377.003
372.502
368.402
364.825
361.885
359.69
358.338
357.922
358.535
360.269
363.21
367.414
372.826
378.923
384.067
385.884
383.325
377.832
371.772
366.558
362.582
359.865
358.341
357.921
358.513
360.025
362.361
365.422
369.097
373.27
377.817
382.607
387.498
392.347
397.003
401.318
405.15
408.366
410.852
412.519
413.305
413.181
412.151
410.254
407.559
404.163
400.187
395.764
391.041
386.166
381.288
376.551
372.093
368.043
364.524
361.651
359.529
358.259
357.933
358.644
360.483
363.538
367.861
373.373
379.475
384.409
385.826
382.903
377.267
371.251
366.146
362.287
359.683
358.263
357.939
358.618
360.209
362.617
365.741
369.473
373.695
378.283
383.107
388.027
392.898
397.572
401.9
405.741
408.963
411.454
413.123
413.91
446.306
445.419
443.789
441.482
438.592
435.232
431.528
427.618
423.639
419.73
416.02
412.635
409.687
407.279
405.502
404.434
404.137
404.662
406.046
408.311
411.451
415.402
419.981
424.699
428.462
429.762
427.927
423.881
419.127
414.639
410.827
407.846
405.743
404.519
404.149
404.593
405.796
407.694
410.205
413.236
416.68
420.422
424.334
428.284
432.133
435.742
438.976
441.71
443.835
445.266
445.941
445.834
444.949
443.323
441.023
438.141
434.792
431.105
427.215
423.261
419.382
415.709
412.367
409.468
407.114
405.399
404.396
404.169
404.768
406.229
408.572
411.787
415.805
420.423
425.111
428.708
429.721
427.622
423.452
418.693
414.255
410.513
407.608
405.583
404.436
404.139
404.652
405.92
407.877
410.441
413.519
417.004
420.781
424.723
428.696
432.564
436.187
439.431
442.173
444.303
445.736
446.413
478.693
477.954
476.601
474.697
472.328
469.6
466.63
463.545
460.47
457.528
454.84
452.512
450.643
449.315
448.6
448.545
449.183
450.526
452.567
455.271
458.563
462.31
466.273
470.024
472.825
473.762
472.436
469.396
465.565
461.62
457.946
454.756
452.173
450.262
449.051
448.545
448.727
449.561
450.994
452.952
455.349
458.084
461.044
464.111
467.158
470.059
472.689
474.933
476.689
477.877
478.439
478.35
477.614
476.265
474.368
472.008
469.292
466.339
463.274
460.224
457.314
454.661
452.374
450.551
449.274
448.613
448.616
449.313
450.715
452.813
455.57
458.906
462.68
466.642
470.34
473.004
473.733
472.212
469.06
465.193
461.257
457.616
454.473
451.944
450.091
448.94
448.492
448.731
449.619
451.101
453.105
455.541
458.31
461.299
464.39
467.456
470.372
473.014
475.266
477.028
478.218
478.782
510.917
510.335
509.273
507.79
505.964
503.89
501.673
499.426
497.258
495.278
493.589
492.283
491.442
491.13
491.396
492.266
493.744
495.812
498.426
501.509
504.943
508.554
512.093
515.202
517.38
518.083
517.086
514.7
511.486
507.916
504.326
500.951
497.953
495.44
493.482
492.12
491.367
491.214
491.631
492.565
493.946
495.692
497.705
499.882
502.113
504.286
506.291
508.024
509.394
510.326
510.769
510.699
510.119
509.062
507.586
505.769
503.708
501.508
499.281
497.138
495.188
493.533
492.265
491.466
491.2
491.514
492.433
493.959
496.073
498.726
501.84
505.292
508.902
512.413
515.456
517.516
518.061
516.913
514.425
511.155
507.566
503.982
500.629
497.664
495.193
493.281
491.968
491.264
491.158
491.62
492.596
494.015
495.793
497.834
500.034
502.285
504.473
506.49
508.232
509.607
510.543
510.988
542.89
542.476
541.726
540.692
539.442
538.059
536.63
535.251
534.014
533.01
532.322
532.026
532.184
532.845
534.036
535.765
538.013
540.737
543.865
547.291
550.872
554.417
557.688
560.391
562.185
562.746
561.949
559.969
557.145
553.811
550.249
546.691
543.318
540.264
537.63
535.481
533.858
532.771
532.211
532.145
532.52
533.272
534.321
535.583
536.966
538.377
539.721
540.91
541.867
542.525
542.841
542.791
542.379
541.634
540.608
539.368
537.997
536.585
535.226
534.013
533.036
532.38
532.118
532.315
533.016
534.249
536.018
538.303
541.059
544.211
547.65
551.228
554.753
557.978
560.607
562.295
562.729
561.807
559.731
556.841
553.468
549.891
546.336
542.978
539.951
537.351
535.241
533.658
532.612
532.092
532.063
532.473
533.255
534.331
535.616
537.018
538.443
539.799
540.998
541.961
542.623
542.941
574.476
574.244
573.832
573.284
572.654
572.008
571.416
570.952
570.686
570.688
571.021
571.741
572.892
574.505
576.59
579.135
582.104
585.437
589.041
592.793
596.536
600.08
603.203
605.669
607.239
607.718
607.036
605.293
602.697
599.487
595.899
592.149
588.421
584.866
581.602
578.715
576.26
574.27
572.75
571.688
571.047
570.782
570.835
571.141
571.629
572.228
572.865
573.47
573.98
574.342
574.519
574.491
574.261
573.855
573.313
572.694
572.06
571.484
571.038
570.795
570.822
571.184
571.935
573.12
574.767
576.886
579.462
582.459
585.812
589.426
593.176
596.902
600.409
603.475
605.862
607.334
607.703
606.913
605.077
602.408
599.147
595.528
591.764
588.038
584.497
581.256
578.397
575.975
574.018
572.533
571.503
570.894
570.656
570.734
571.061
571.567
572.181
572.829
573.443
573.96
574.326
574.505
605.5
605.466
605.423
605.401
605.441
605.588
605.89
606.396
607.153
608.206
609.596
611.356
613.513
616.078
619.045
622.387
626.054
629.97
634.033
638.109
642.038
645.636
648.704
651.049
652.5
652.936
652.316
650.697
648.214
645.041
641.376
637.415
633.338
629.301
625.432
621.828
618.56
615.674
613.192
611.117
609.434
608.115
607.124
606.421
605.959
605.689
605.565
605.537
605.562
605.601
605.627
605.623
605.592
605.553
605.539
605.589
605.748
606.065
606.589
607.366
608.442
609.857
611.644
613.829
616.422
619.416
622.78
626.464
630.39
634.452
638.513
642.413
645.963
648.967
651.231
652.588
652.922
652.202
650.493
647.932
644.7
640.992
637.005
632.918
628.883
625.025
621.441
618.198
615.338
612.885
610.837
609.181
607.886
606.918
606.234
605.789
605.534
605.421
605.402
605.433
605.477
605.504
635.749
635.932
636.288
636.836
637.598
638.597
639.855
641.394
643.234
645.394
647.889
650.73
653.922
657.46
661.319
665.46
669.821
674.318
678.84
683.251
687.394
691.096
694.18
696.486
697.887
698.303
697.709
696.141
693.689
690.486
686.697
682.5
678.064
673.544
669.072
664.754
660.669
656.874
653.407
650.287
647.519
645.095
643.005
641.231
639.755
638.556
637.614
636.903
636.403
636.092
635.952
635.974
636.16
636.521
637.076
637.848
638.859
640.131
641.686
643.544
645.724
648.24
651.104
654.319
657.878
661.756
665.912
670.281
674.777
679.288
683.675
687.778
691.424
694.438
696.661
697.97
698.29
697.6
695.942
693.41
690.14
686.301
682.068
677.611
673.084
668.614
664.306
660.237
656.462
653.017
649.92
647.173
644.771
642.7
640.944
639.484
638.299
637.367
636.665
636.172
635.865
635.727
664.982
665.397
666.183
667.343
668.877
670.785
673.062
675.698
678.686
682.015
685.673
689.648
693.921
698.466
703.246
708.207
713.28
718.372
723.37
728.139
732.529
736.379
739.534
741.86
743.257
743.669
743.079
741.511
739.03
735.742
731.787
727.321
722.504
717.485
712.395
707.343
702.416
697.683
693.193
688.982
685.074
681.486
678.232
675.323
672.77
670.581
668.764
667.322
666.259
665.57
665.253
665.303
665.721
666.512
667.679
669.223
671.142
673.432
676.083
679.087
682.434
686.11
690.102
694.392
698.952
703.743
708.711
713.783
718.866
723.844
728.58
732.922
736.71
739.791
742.032
743.338
743.656
742.972
741.314
738.75
735.391
731.378
726.869
722.023
716.987
711.89
706.839
701.921
697.201
692.727
688.533
684.643
681.073
677.836
674.942
672.403
670.227
668.421
666.988
665.931
665.247
664.932
692.928
693.591
694.833
696.64
698.992
701.861
705.212
709.007
713.206
717.767
722.651
727.817
733.224
738.826
744.568
750.388
756.205
761.923
767.428
772.589
777.263
781.304
784.576
786.966
788.392
788.81
788.208
786.604
784.049
780.629
776.464
771.693
766.462
760.912
755.171
749.35
743.544
737.828
732.264
726.906
721.8
716.986
712.505
708.398
704.707
701.472
698.73
696.515
694.854
693.765
693.259
693.339
694.005
695.251
697.066
699.427
702.307
705.671
709.48
713.692
718.268
723.166
728.346
733.764
739.374
745.122
750.94
756.749
762.449
767.926
773.045
777.665
781.64
784.835
787.138
788.472
788.796
788.101
786.407
783.767
780.272
776.044
771.223
765.955
760.379
754.623
748.796
742.991
737.28
731.726
726.381
721.288
716.488
712.021
707.929
704.251
701.028
698.297
696.091
694.437
693.352
692.848
719.299
720.22
721.936
724.418
727.621
731.491
735.962
740.965
746.428
752.277
758.443
764.858
771.456
778.168
784.925
791.651
798.258
804.646
810.701
816.295
821.297
825.574
829.007
831.497
832.976
833.407
832.782
831.114
828.446
824.85
820.43
815.31
809.621
803.496
797.06
790.424
783.688
776.936
770.244
763.683
757.32
751.222
745.459
740.102
735.225
730.899
727.194
724.174
721.89
720.384
719.681
719.792
720.716
722.437
724.927
728.139
732.02
736.503
741.519
746.994
752.855
759.033
765.457
772.061
778.775
785.53
792.248
798.839
805.202
811.22
816.767
821.71
825.916
829.268
831.67
833.056
833.394
832.674
830.915
828.16
824.486
819.999
814.822
809.089
802.931
796.472
789.823
783.08
776.328
769.64
763.086
756.732
750.645
744.894
739.55
734.686
730.372
726.678
723.667
721.39
719.888
719.188
743.787
744.972
747.172
750.342
754.415
759.306
764.923
771.164
777.924
785.101
792.593
800.304
808.141
816.014
823.838
831.523
838.972
846.082
852.737
858.816
864.196
868.756
872.392
875.016
876.57
877.022
876.363
874.607
871.788
867.972
863.249
857.727
851.529
844.778
837.594
830.09
822.371
814.531
806.66
798.846
791.179
783.755
776.672
770.031
763.939
758.499
753.811
749.968
747.049
745.117
744.212
744.355
745.543
747.749
750.927
755.009
759.911
765.54
771.792
778.564
785.751
793.251
800.967
808.806
816.677
824.493
832.162
839.589
846.666
853.278
859.304
864.619
869.106
872.657
875.192
876.652
877.008
876.254
874.404
871.497
867.599
862.804
857.221
850.972
844.181
836.968
829.444
821.712
813.865
805.993
798.181
790.521
783.105
776.032
769.404
763.323
757.895
753.218
749.385
746.473
744.546
743.644
766.079
767.526
770.208
774.062
778.998
784.908
791.668
799.147
807.211
815.725
824.561
833.591
842.699
851.771
860.704
869.395
877.737
885.62
892.931
899.55
905.362
910.257
914.139
916.931
918.581
919.059
918.358
916.488
913.483
909.401
904.322
898.345
891.581
884.149
876.164
867.743
858.994
850.024
840.938
831.84
822.848
814.081
805.667
797.739
790.431
783.879
778.212
773.551
770
767.644
766.54
766.715
768.164
770.852
774.714
779.661
785.582
792.353
799.844
807.919
816.442
825.283
834.316
843.422
852.487
861.406
870.076
878.389
886.234
893.496
900.056
905.799
910.615
914.411
917.111
918.665
919.045
918.246
916.28
913.184
909.017
903.862
897.819
890.999
883.521
875.5
867.052
858.285
849.303
840.21
831.112
822.123
813.363
804.959
797.042
789.746
783.205
777.55
772.899
769.357
767.006
765.905
785.859
787.557
790.704
795.217
800.986
807.878
815.743
824.424
833.757
843.581
853.739
864.077
874.454
884.734
894.796
904.521
913.792
922.494
930.508
937.718
944.013
949.291
953.461
956.455
958.22
958.73
957.977
955.971
952.746
948.353
942.869
936.385
929.005
920.843
912.015
902.64
892.835
882.717
872.408
862.031
851.727
841.64
831.926
822.744
814.257
806.629
800.017
794.568
790.409
787.645
786.348
786.553
788.255
791.407
795.929
801.709
808.613
816.491
825.183
834.527
844.359
854.52
864.859
875.231
885.5
895.543
905.243
914.48
923.138
931.098
938.244
944.466
949.661
953.742
956.639
958.306
958.715
957.861
955.757
952.437
947.957
942.392
935.837
928.396
920.183
911.313
901.906
892.077
881.944
871.624
861.245
850.941
840.86
831.155
821.984
813.51
805.894
799.295
793.856
789.706
786.948
785.654
802.818
804.75
808.325
813.448
819.989
827.792
836.685
846.485
857.005
868.06
879.467
891.053
902.65
914.104
925.274
936.028
946.236
955.774
964.519
972.354
979.169
984.865
989.357
992.576
994.473
995.019
994.207
992.048
988.575
983.839
977.913
970.885
962.856
953.939
944.252
933.918
923.064
911.822
900.327
888.722
877.169
865.836
854.9
844.547
834.963
826.336
818.848
812.668
807.946
804.804
803.328
803.562
805.497
809.079
814.212
820.764
828.579
837.485
847.298
857.829
868.891
880.302
891.886
903.476
914.916
926.066
936.79
946.96
956.449
965.135
972.902
979.64
985.25
989.648
992.767
994.561
995.003
994.087
991.826
988.255
983.427
977.417
970.313
962.218
953.245
943.512
933.142
922.261
910.999
899.492
887.882
876.329
865.001
854.074
843.732
834.161
825.548
818.073
811.905
807.192
804.057
802.585
816.667
818.804
822.757
828.417
835.635
844.239
854.037
864.824
876.395
888.543
901.069
913.778
926.486
939.021
951.226
962.95
974.054
984.401
993.864
1002.32
1009.66
1015.79
1020.61
1024.07
1026.1
1026.69
1025.81
1023.5
1019.76
1014.67
1008.29
1000.72
992.044
982.387
971.869
960.622
948.782
936.494
923.909
911.189
898.512
886.065
874.045
862.655
852.104
842.598
834.339
827.517
822.3
818.826
817.193
817.451
819.592
823.552
829.222
836.452
845.07
854.881
865.682
877.264
889.42
901.949
914.656
927.357
939.877
952.058
963.75
974.811
985.107
994.508
1002.89
1010.15
1016.19
1020.92
1024.27
1026.19
1026.67
1025.69
1023.26
1019.43
1014.24
1007.78
1000.12
991.378
981.661
971.094
959.807
947.937
935.628
923.029
910.303
897.626
885.184
873.173
861.796
851.258
841.767
833.522
826.712
821.505
818.038
816.409
827.137
829.443
833.706
839.805
847.578
856.837
867.373
878.967
891.397
904.443
917.89
931.533
945.173
958.627
971.719
984.288
996.179
1007.25
1017.36
1026.39
1034.21
1040.74
1045.88
1049.55
1051.72
1052.34
1051.41
1048.94
1044.96
1039.54
1032.74
1024.66
1015.4
1005.07
993.819
981.77
969.074
955.89
942.382
928.728
915.119
901.755
888.845
876.608
865.266
855.042
846.153
838.805
833.182
829.435
827.673
827.952
830.262
834.532
840.641
848.428
857.701
868.252
879.859
892.301
905.356
918.807
932.448
946.081
959.518
972.586
985.121
996.968
1007.98
1018.03
1026.98
1034.72
1041.15
1046.19
1049.76
1051.81
1052.32
1051.28
1048.7
1044.62
1039.09
1032.2
1024.04
1014.7
1004.32
993.011
980.921
968.194
954.986
941.465
927.805
914.196
900.837
887.938
875.714
864.386
854.177
845.303
837.969
832.356
828.617
826.859
834.009
836.439
840.929
847.348
855.525
865.259
876.329
888.504
901.553
915.246
929.359
943.68
958.005
972.141
985.902
999.112
1011.61
1023.24
1033.85
1043.33
1051.55
1058.39
1063.78
1067.64
1069.91
1070.56
1069.58
1066.99
1062.82
1057.13
1049.99
1041.51
1031.78
1020.94
1009.11
996.45
983.106
969.248
955.055
940.718
926.432
912.405
898.855
886.007
874.094
863.35
854.004
846.274
840.354
836.407
834.55
834.844
837.278
841.775
848.206
856.396
866.145
877.23
889.42
902.482
916.184
930.302
944.622
958.94
973.06
986.796
999.971
1012.42
1023.99
1034.54
1043.94
1052.07
1058.82
1064.11
1067.85
1070.01
1070.55
1069.45
1066.74
1062.46
1056.67
1049.44
1040.87
1031.07
1020.16
1008.28
995.574
982.198
968.317
954.111
939.768
925.483
911.462
897.923
885.089
873.192
862.464
853.133
845.416
839.507
835.568
833.716
836.995
839.505
844.139
850.759
859.185
869.204
880.589
893.101
906.501
920.554
935.034
949.726
964.425
978.939
993.073
1006.64
1019.48
1031.43
1042.35
1052.09
1060.54
1067.58
1073.13
1077.1
1079.44
1080.11
1079.1
1076.43
1072.13
1066.27
1058.93
1050.21
1040.21
1029.07
1016.91
1003.9
990.192
975.959
961.389
946.677
932.02
917.627
903.718
890.522
878.277
867.224
857.601
849.633
843.526
839.451
837.533
837.836
840.35
844.993
851.625
860.064
870.1
881.501
894.028
907.441
921.505
935.991
950.683
965.375
979.874
993.983
1007.52
1020.31
1032.21
1043.05
1052.72
1061.07
1068.02
1073.46
1077.31
1079.54
1080.09
1078.96
1076.17
1071.77
1065.8
1058.37
1049.56
1039.48
1028.27
1016.06
1003.01
989.268
975.013
960.43
945.713
931.058
916.672
902.774
889.593
877.364
866.328
856.721
848.767
842.672
838.605
836.691
)
;

boundaryField
{
    top
    {
        type            calculated;
        value           nonuniform List<scalar> 
102
(
837.27
839.813
844.507
851.208
859.731
869.862
881.368
894.008
907.54
921.728
936.343
951.171
966.008
980.664
994.939
1008.65
1021.62
1033.69
1044.71
1054.56
1063.09
1070.21
1075.81
1079.83
1082.19
1082.87
1081.85
1079.15
1074.81
1068.89
1061.47
1052.65
1042.55
1031.29
1019.02
1005.87
992.027
977.652
962.939
948.09
933.297
918.768
904.725
891.397
879.026
867.854
858.122
850.06
843.877
839.75
837.806
838.114
840.661
845.363
852.075
860.613
870.761
882.283
894.939
908.485
922.683
937.305
952.133
966.964
981.605
995.855
1009.53
1022.45
1034.47
1045.42
1055.19
1063.63
1070.65
1076.15
1080.05
1082.29
1082.85
1081.71
1078.89
1074.44
1068.41
1060.9
1052
1041.82
1030.49
1018.16
1004.98
991.096
976.7
961.975
947.121
932.33
917.809
903.777
890.465
878.11
866.955
857.239
849.192
843.021
838.902
836.963
)
;
    }
    bottom
    {
        type            calculated;
        value           nonuniform List<scalar> 
102
(
-38.8739
-41.9835
-47.7992
-56.2781
-67.377
-81.0622
-97.3097
-116.088
-137.326
-160.884
-186.524
-213.892
-242.497
-271.683
-300.599
-328.26
-353.682
-375.973
-394.418
-408.749
-419.213
-426.324
-430.82
-433.444
-434.765
-435.115
-434.59
-433.052
-430.127
-425.204
-417.528
-406.383
-391.302
-372.109
-349.172
-323.256
-295.273
-266.227
-237.097
-208.697
-181.653
-156.433
-133.366
-112.672
-94.4745
-78.8351
-65.7815
-55.339
-47.543
-42.4363
-40.0587
-40.4338
-43.5572
-49.3999
-57.9202
-69.0762
-82.8357
-99.1747
-118.06
-139.416
-163.095
-188.85
-216.315
-244.982
-274.179
-303.033
-330.549
-355.741
-377.724
-395.811
-409.787
-419.93
-426.781
-431.089
-433.586
-434.821
-435.104
-434.509
-432.876
-429.809
-424.678
-416.723
-405.246
-389.804
-370.261
-347.036
-320.912
-292.807
-263.72
-234.617
-206.291
-179.35
-154.248
-131.303
-110.724
-92.6307
-77.0789
-64.0956
-53.7066
-45.9487
-40.8664
-38.5
)
;
    }
    frontAndBack
    {
        type            empty;
    }
    left_cyc
    {
        type            cyclic;
    }
    right_cyc
    {
        type            cyclic;
    }
}


// ************************************************************************* //
