/*--------------------------------*- C++ -*----------------------------------*\
| =========                 |                                                 |
| \\      /  F ield         | OpenFOAM: The Open Source CFD Toolbox           |
|  \\    /   O peration     | Version:  2.3.0                                 |
|   \\  /    A nd           | Web:      www.OpenFOAM.org                      |
|    \\/     M anipulation  |                                                 |
\*---------------------------------------------------------------------------*/
FoamFile
{
    version     2.0;
    format      ascii;
    class       surfaceScalarField;
    location    "19000";
    object      phi;
}
// * * * * * * * * * * * * * * * * * * * * * * * * * * * * * * * * * * * * * //

dimensions      [0 3 -1 0 0 0 0];

internalField   nonuniform List<scalar> 
5988
(
0.00367045
-0.00322698
0.00684128
-0.00317083
0.00990841
-0.00306713
0.0128269
-0.00291845
0.0155552
-0.00272832
0.0180568
-0.00250158
0.0203012
-0.00224447
0.0222652
-0.00196395
0.0239308
-0.00166562
0.0252815
-0.00135067
0.0262949
-0.0010134
0.0269357
-0.000640855
0.0271515
-0.000215725
0.0268746
0.000276906
0.0260353
0.000839211
0.0245887
0.0014466
0.0225413
0.00204746
0.0199586
0.00258273
0.0169904
0.00296818
0.0138567
0.00313372
0.0107678
0.00308881
0.00788932
0.00287852
0.00529977
0.00258955
0.0029807
0.00231907
0.000842587
0.00213812
-0.00124039
0.00208298
-0.00340333
0.00216294
-0.00576758
0.00236424
-0.00841191
0.00264433
-0.0113376
0.00292567
-0.0144474
0.00310983
-0.0175632
0.00311576
-0.0204693
0.00290614
-0.0229527
0.00248337
-0.0248812
0.00192854
-0.0262015
0.00132025
-0.0269175
0.000716031
-0.0270817
0.000164178
-0.0267652
-0.000316449
-0.0260336
-0.000731667
-0.0249359
-0.00109764
-0.0235048
-0.00143113
-0.0217612
-0.00174364
-0.0197219
-0.00203926
-0.0174064
-0.00231555
-0.01484
-0.00256638
-0.0120551
-0.00278485
-0.00909009
-0.00296504
-0.00598762
-0.00310247
-0.00279373
-0.00319389
0.000443181
-0.00323691
0.00367323
-0.00323005
0.00684683
-0.0031736
0.00991616
-0.00306933
0.012836
-0.00291984
0.0155647
-0.00272868
0.0180654
-0.00250071
0.0203076
-0.00224222
0.0222677
-0.00196013
0.0239276
-0.00165988
0.02527
-0.00134235
0.0262714
-0.0010014
0.0268951
-0.000623721
0.027087
-0.000191939
0.0267787
0.0003083
0.0259011
0.000877597
0.0244124
0.0014887
0.022324
0.00208841
0.0197077
0.00261634
0.0167212
0.00298644
0.0135867
0.00313455
0.0105126
0.0030741
0.00765842
0.00285417
0.00509471
0.00256372
0.00279573
0.00229898
0.000667654
0.00212807
-0.00141699
0.00208464
-0.00359304
0.00217605
-0.00597955
0.00238651
-0.00865015
0.0026706
-0.0115982
0.00294809
-0.0147189
0.0031207
-0.0178294
0.00311042
-0.0207124
0.00288302
-0.0231593
0.00244694
-0.025046
0.00188671
-0.0263246
0.00127859
-0.0270039
0.000679264
-0.0271387
0.000134802
-0.0268003
-0.000338387
-0.0260529
-0.000747354
-0.0249443
-0.00110862
-0.0235056
-0.00143878
-0.0217566
-0.00174893
-0.0197139
-0.00204276
-0.0173963
-0.00231753
-0.0148293
-0.00256701
-0.012045
-0.00278429
-0.00908155
-0.00296348
-0.0059814
-0.00310014
-0.00279035
-0.00319105
-0.00323382
0.0054912
-0.008056
0.0102803
-0.00795997
0.0149962
-0.00778297
0.0196084
-0.00753062
0.0240895
-0.00720943
0.0284127
-0.00682483
0.032547
-0.00637881
0.0364512
-0.00586808
0.0400686
-0.00528305
0.0433256
-0.00460772
0.0461319
-0.00381963
0.0483803
-0.00288924
0.0499445
-0.00178001
0.0506748
-0.000453315
0.0504046
0.0011094
0.0489831
0.00286803
0.0463111
0.00471955
0.0423759
0.00651787
0.0373316
0.00801245
0.0315183
0.00894706
0.0253282
0.00927893
0.0191332
0.00907351
0.0131821
0.00854065
0.00754847
0.00795268
0.00215609
0.0075305
-0.00315882
0.00739789
-0.00858442
0.00758854
-0.014273
0.00805281
-0.0202766
0.00864794
-0.0264883
0.00913735
-0.0326295
0.00925107
-0.0383154
0.00880165
-0.0431573
0.00774803
-0.0468411
0.00616718
-0.0492519
0.00433938
-0.0504238
0.00249211
-0.0504685
0.000760698
-0.0495436
-0.00076074
-0.0478144
-0.00204562
-0.0454267
-0.0031194
-0.0425031
-0.00402123
-0.0391478
-0.0047864
-0.0354484
-0.00544298
-0.0314756
-0.00601213
-0.0272826
-0.00650856
-0.0229084
-0.00694054
-0.0183831
-0.00731016
-0.0137336
-0.00761452
-0.00898822
-0.00784785
-0.00417832
-0.00800379
0.000661988
-0.00807722
0.00549748
-0.00806554
0.0102931
-0.00796917
0.0150152
-0.00779149
0.0196335
-0.00753809
0.0241202
-0.00721539
0.0284481
-0.00682861
0.0325853
-0.00637945
0.0364894
-0.00586422
0.0401024
-0.00527285
0.0433489
-0.0045889
0.0461369
-0.0037894
0.0483575
-0.00284426
0.0498821
-0.00171658
0.0505586
-0.000368166
0.0502197
0.00121642
0.0487174
0.00299109
0.045957
0.00484874
0.0419361
0.00663721
0.0368259
0.00809668
0.0309758
0.00898462
0.0247802
0.00926974
0.0186045
0.00902989
0.0126839
0.00848428
0.00707785
0.00790504
0.00170017
0.00750576
-0.00361723
0.00740203
-0.00906179
0.00762062
-0.01478
0.00810474
-0.0208126
0.00870319
-0.0270378
0.00917327
-0.0331651
0.00924805
-0.0388061
0.00875144
-0.0435749
0.00765172
-0.0471707
0.00604275
-0.0494944
0.00421047
-0.0505881
0.00237226
-0.0505678
0.000659016
-0.049593
-0.00084007
-0.0478274
-0.00210392
-0.0454145
-0.00316027
-0.0424748
-0.00404831
-0.0391107
-0.00480287
-0.0354082
-0.0054515
-0.0314361
-0.00601485
-0.0272465
-0.00650716
-0.0228772
-0.00693628
-0.0183576
-0.0073039
-0.0137142
-0.00760686
-0.00897513
-0.00783922
-0.00417165
-0.00799453
-0.00806766
0.00615443
-0.0134682
0.011516
-0.0133215
0.0167828
-0.0130498
0.0219111
-0.0126589
0.0268569
-0.0121552
0.0315746
-0.0115426
0.0360162
-0.0108204
0.0401302
-0.00998206
0.043862
-0.00901491
0.0471558
-0.00790153
0.0499572
-0.006621
0.0522176
-0.00514963
0.0538993
-0.00346171
0.054976
-0.00152998
0.0554071
0.000678269
0.0550647
0.00321047
0.0536821
0.00610214
0.0509479
0.00925209
0.0466549
0.0123054
0.040815
0.014787
0.0337762
0.0163177
0.0261121
0.0167376
0.0183033
0.0163494
0.0106031
0.0156528
0.00304914
0.0150845
-0.0044508
0.0148978
-0.0120252
0.0151629
-0.0197491
0.0157767
-0.0275494
0.0164483
-0.0351272
0.0167151
-0.0419684
0.0160923
-0.0475144
0.0143476
-0.0514866
0.0117203
-0.0539246
0.00860517
-0.0550655
0.00548028
-0.0552251
0.00265164
-0.0546454
0.00018107
-0.0534306
-0.00197558
-0.0516139
-0.00386226
-0.0492236
-0.00550978
-0.0463
-0.00694483
-0.0428937
-0.00819266
-0.0390602
-0.00927644
-0.0348559
-0.0102165
-0.0303351
-0.0110293
-0.0255491
-0.0117265
-0.0205458
-0.0123134
-0.0153708
-0.0127896
-0.0100683
-0.0131503
-0.00468255
-0.0133895
0.000741897
-0.0135017
0.00616021
-0.0134839
0.0115276
-0.0133366
0.0167996
-0.0130635
0.0219322
-0.0126706
0.0268806
-0.0121639
0.031599
-0.011547
0.0360385
-0.0108189
0.0401469
-0.00997263
0.0438691
-0.00899505
0.0471487
-0.00786848
0.0499311
-0.00657176
0.0521679
-0.00508107
0.053822
-0.00337074
0.0548674
-0.00141356
0.0552601
0.000823695
0.0548619
0.00338936
0.0533968
0.00631378
0.0505562
0.0094778
0.0461463
0.0125066
0.040202
0.0149289
0.0331009
0.0163709
0.0254186
0.0167121
0.0176198
0.0162831
0.00993753
0.0155873
0.00239478
0.0150485
-0.00510713
0.0149039
-0.0126956
0.0152091
-0.0204371
0.0158462
-0.0282418
0.0165079
-0.0357902
0.0167217
-0.0425558
0.0160137
-0.0479908
0.0141864
-0.051847
0.0115078
-0.0541839
0.00837973
-0.0552498
0.00527629
-0.0553593
0.00248185
-0.0547439
4.35989e-05
-0.0534989
-0.00208513
-0.0516556
-0.00394721
-0.0492427
-0.00557318
-0.0463012
-0.00698976
-0.0428818
-0.00822223
-0.0390398
-0.00929358
-0.0348307
-0.0102239
-0.0303085
-0.0110294
-0.0255237
-0.0117211
-0.0205235
-0.0123041
-0.0153529
-0.0127775
-0.0100558
-0.0131363
-0.00467599
-0.0133743
-0.0134859
0.00643587
-0.0191275
0.0120304
-0.0189161
0.0175036
-0.018523
0.0227994
-0.0179547
0.027862
-0.0172179
0.0326368
-0.0163173
0.0370698
-0.0152535
0.0411095
-0.0140218
0.0447072
-0.0126126
0.0478182
-0.0110126
0.0504031
-0.00920586
0.0524283
-0.0071748
0.0538662
-0.00489963
0.0546921
-0.00235585
0.0548779
0.000492385
0.0543933
0.00369511
0.0532127
0.00728272
0.0512634
0.0112014
0.0482638
0.0153051
0.0437435
0.0193073
0.0374816
0.0225796
0.0297666
0.0244525
0.0212487
0.0248674
0.0124486
0.0244529
0.00360238
0.0239307
-0.00524057
0.0237408
-0.0140819
0.0240043
-0.022848
0.0245428
-0.031253
0.0248533
-0.0387268
0.0241889
-0.0446503
0.0220158
-0.0488376
0.0185349
-0.0515881
0.0144707
-0.0533634
0.0103805
-0.0543928
0.0065097
-0.0547296
0.00298845
-0.0543997
-0.000148817
-0.053434
-0.0029413
-0.0518595
-0.00543678
-0.0497013
-0.007668
-0.0469882
-0.00965786
-0.0437555
-0.0114254
-0.0400441
-0.0129878
-0.0359001
-0.0143605
-0.0313733
-0.0155561
-0.0265167
-0.0165832
-0.0213847
-0.0174454
-0.016033
-0.0181413
-0.0105178
-0.0186655
-0.00489581
-0.0190115
0.000775783
-0.0191733
0.00643951
-0.0191476
0.0120379
-0.018935
0.017514
-0.0185396
0.0228112
-0.0179678
0.0278734
-0.0172261
0.0326452
-0.0163188
0.0370724
-0.0152461
0.0411029
-0.0140031
0.0446877
-0.0125799
0.0477821
-0.0109629
0.0503465
-0.00913616
0.0523476
-0.00708214
0.0537579
-0.00478103
0.0545524
-0.00220811
0.0547028
0.00067331
0.0541787
0.00391346
0.0529544
0.00753814
0.0509469
0.0114852
0.0478521
0.0156014
0.0432021
0.0195789
0.0368123
0.0227606
0.029015
0.0245095
0.020466
0.0248321
0.0116625
0.0243908
0.00281885
0.0238921
-0.00602471
0.0237475
-0.0148685
0.0240529
-0.0236261
0.0246039
-0.0319879
0.0248697
-0.0393637
0.0240975
-0.0451542
0.0218041
-0.0492182
0.0182504
-0.0518853
0.014175
-0.0536082
0.0101026
-0.0545953
0.00626337
-0.0548936
0.0027801
-0.0545293
-0.000320703
-0.0535332
-0.00308122
-0.0519319
-0.00554852
-0.0497504
-0.00775465
-0.0470178
-0.00972237
-0.0437693
-0.0114707
-0.0400459
-0.013017
-0.0358935
-0.0143763
-0.0313616
-0.0155612
-0.0265026
-0.0165801
-0.0213706
-0.0174361
-0.0160207
-0.0181273
-0.0105087
-0.0186484
-0.00489072
-0.0189923
-0.0191531
0.00649123
-0.0248354
0.0121238
-0.0245486
0.0176155
-0.0240147
0.0229022
-0.0232414
0.0279217
-0.0222373
0.032614
-0.0210097
0.0369232
-0.0195626
0.0407975
-0.0178961
0.0441906
-0.0160057
0.0470617
-0.0138837
0.0493754
-0.0115196
0.0511013
-0.00890068
0.0522133
-0.00601167
0.0526903
-0.00283283
0.0525204
0.000662299
0.0517117
0.00450385
0.0502911
0.00870329
0.0482677
0.0132248
0.0455832
0.0179896
0.0420435
0.022847
0.0371837
0.0274395
0.0305518
0.0310844
0.0223582
0.0330611
0.0132912
0.0335198
0.00387461
0.0333473
-0.00561881
0.0332342
-0.0149919
0.0333773
-0.0239365
0.0334874
-0.0318747
0.0327914
-0.0381531
0.0304674
-0.0427046
0.0265673
-0.0460449
0.0218752
-0.048582
0.0170079
-0.0504749
0.0122733
-0.0517651
0.00779992
-0.0524361
0.00365942
-0.0524628
-0.000122122
-0.0518419
-0.00356218
-0.0505879
-0.00669075
-0.0487234
-0.00953254
-0.0462754
-0.0121059
-0.0432756
-0.0144252
-0.039761
-0.0165025
-0.0357739
-0.0183475
-0.0313625
-0.0199675
-0.02658
-0.0213657
-0.0214841
-0.0225414
-0.0161357
-0.0234897
-0.0105982
-0.024203
-0.00493679
-0.0246729
0.000782322
-0.0248924
0.00649228
-0.0248575
0.0121263
-0.0245691
0.0176185
-0.0240318
0.0229041
-0.0232534
0.0279203
-0.0222422
0.0326069
-0.0210053
0.0369073
-0.0195465
0.0407696
-0.0178655
0.0441474
-0.0159576
0.0469997
-0.0138151
0.049291
-0.0114275
0.050991
-0.00878212
0.0520737
-0.00586377
0.0525183
-0.00265268
0.0523138
0.000877736
0.0514703
0.00475697
0.0500151
0.00899334
0.0479536
0.0135467
0.04522
0.018335
0.0416032
0.0231957
0.0366157
0.0277482
0.0298431
0.0312821
0.0215568
0.0331184
0.0124507
0.033497
0.00302225
0.0333205
-0.00646954
0.0332393
-0.0158254
0.0334087
-0.0247187
0.0334972
-0.0325471
0.0326981
-0.0386819
0.0302322
-0.0431189
0.0262411
-0.0463921
0.0215237
-0.0488843
0.0166671
-0.0507405
0.0119588
-0.0519961
0.00751903
-0.0526321
0.00341612
-0.0526247
-0.000328196
-0.051972
-0.00373384
-0.0506895
-0.00683102
-0.0487999
-0.0096443
-0.0463303
-0.012192
-0.0433125
-0.0144886
-0.0397833
-0.0165461
-0.035785
-0.0183745
-0.0313656
-0.0199807
-0.0265779
-0.0213678
-0.0214792
-0.0225348
-0.01613
-0.0234765
-0.0105933
-0.0241851
-0.00493359
-0.024652
-0.0248701
0.00636938
-0.0304359
0.0118873
-0.0300666
0.0172513
-0.0293786
0.0223919
-0.028382
0.0272431
-0.0270884
0.0317427
-0.0255093
0.0358339
-0.0236538
0.039466
-0.0215282
0.0425948
-0.0191345
0.0451824
-0.0164713
0.0471972
-0.0135343
0.0486125
-0.010316
0.0494072
-0.00680635
0.0495665
-0.00299212
0.0490869
0.0011419
0.0479829
0.00560784
0.0462865
0.0103997
0.0440328
0.0154785
0.0412472
0.0207751
0.0379083
0.0261859
0.0338231
0.0315246
0.0285216
0.036386
0.0215362
0.0400465
0.0130872
0.0419688
0.0038562
0.0425783
-0.00557397
0.0426644
-0.0147042
0.0425076
-0.0229197
0.0417029
-0.0295722
0.0394439
-0.0345882
0.0354834
-0.0384955
0.0304746
-0.0417116
0.0250913
-0.0443852
0.0196814
-0.0465215
0.0144097
-0.0480923
0.00937072
-0.0490618
0.00462888
-0.0494005
0.000216628
-0.0490981
-0.00386461
-0.0481608
-0.00762803
-0.0466051
-0.0110883
-0.0444535
-0.0142574
-0.041734
-0.0171447
-0.0384798
-0.0197566
-0.0347306
-0.0220967
-0.0305325
-0.0241655
-0.0259384
-0.0259599
-0.0210068
-0.027473
-0.0158014
-0.028695
-0.01039
-0.0296144
-0.00484289
-0.03022
0.000767456
-0.0305027
0.00636777
-0.0304578
0.0118849
-0.0300862
0.0172469
-0.0293938
0.0223839
-0.0283904
0.0272294
-0.0270877
0.0317208
-0.0254968
0.0358011
-0.0236268
0.0394192
-0.0214836
0.0425308
-0.0190693
0.0450981
-0.0163824
0.0470892
-0.0134186
0.0484778
-0.0101707
0.0492427
-0.00662868
0.0493697
-0.00277972
0.0488564
0.00139103
0.0477189
0.00589455
0.0459899
0.0107223
0.0437042
0.0158324
0.0408861
0.0211532
0.0375054
0.0265764
0.0333487
0.031905
0.0279242
0.0367065
0.0208023
0.0402403
0.0122651
0.0420342
0.00299979
0.0425858
-0.0064252
0.0426643
-0.0155081
0.0424916
-0.0236186
0.0416077
-0.030131
0.0392105
-0.0350383
0.0351396
-0.0388845
0.0300873
-0.0420629
0.0247021
-0.0447043
0.0193085
-0.0468086
0.0140631
-0.0483465
0.0090569
-0.0492821
0.00435173
-0.0495873
-2.29991e-05
-0.0492531
-0.00406805
-0.0482867
-0.00779744
-0.0467048
-0.0112261
-0.0445304
-0.0143664
-0.0417911
-0.0172278
-0.0385205
-0.0198168
-0.034758
-0.022137
-0.0305496
-0.0241891
-0.0259479
-0.0259696
-0.0210111
-0.0274716
-0.0158026
-0.028685
-0.0103894
-0.0295982
-0.0048417
-0.0301998
-0.0304806
0.00610274
-0.0358019
0.0113818
-0.0353457
0.0164993
-0.0344961
0.0213833
-0.033266
0.0259661
-0.0316712
0.0301853
-0.0297284
0.0339847
-0.0274533
0.0373153
-0.0248588
0.0401356
-0.0219547
0.042411
-0.0187467
0.0441136
-0.0152369
0.0452217
-0.0114241
0.0457197
-0.00730444
0.0456001
-0.00287246
0.0448658
0.0018762
0.0435345
0.00693917
0.0416372
0.0122969
0.0392112
0.0179045
0.0362946
0.0236917
0.0329181
0.0295624
0.0290614
0.0353813
0.0245254
0.0409219
0.0188522
0.0457197
0.0117255
0.0490955
0.00350408
0.0507997
-0.00504583
0.0512143
-0.0131121
0.0505739
-0.0199669
0.0485578
-0.0253798
0.0448567
-0.0297519
0.0398555
-0.0335022
0.0342249
-0.0367826
0.0283717
-0.0395974
0.0224962
-0.0419124
0.0167248
-0.0436896
0.0111479
-0.0448922
0.00583147
-0.0454913
0.000815731
-0.0454724
-0.00388353
-0.0448348
-0.00826555
-0.0435884
-0.0123347
-0.04175
-0.0160958
-0.039343
-0.0195518
-0.0363969
-0.0227027
-0.0329482
-0.0255454
-0.0290407
-0.028073
-0.0247256
-0.0302749
-0.0200612
-0.0321375
-0.0151116
-0.0336446
-0.00994645
-0.0347796
-0.00463892
-0.0355275
0.000735122
-0.0358768
0.00609861
-0.0358213
0.0113747
-0.0353622
0.016488
-0.0345071
0.0213663
-0.0332687
0.0259414
-0.0316628
0.0301505
-0.0297059
0.0339373
-0.0274136
0.0372525
-0.0247989
0.0400545
-0.0218712
0.0423087
-0.0186366
0.0439873
-0.0150972
0.0450686
-0.011252
0.0455375
-0.00709759
0.0453868
-0.00262898
0.0446204
0.00215738
0.0432572
0.00725775
0.0413291
0.0126505
0.0388734
0.018288
0.0359285
0.0240981
0.0325231
0.0299819
0.0286284
0.0357996
0.0240232
0.0413117
0.018236
0.0460275
0.010997
0.0492732
0.00271823
0.0508646
-0.00582249
0.051205
-0.0138134
0.0504825
-0.0205488
0.0483431
-0.0258582
0.0445199
-0.030172
0.0394534
-0.0338885
0.0338038
-0.0371405
0.0279541
-0.0399266
0.0220946
-0.0422116
0.0163481
-0.0439575
0.0108028
-0.045128
0.00552219
-0.045695
0.000544068
-0.0456453
-0.00411776
-0.0449791
-0.00846366
-0.0437065
-0.0124988
-0.0418446
-0.0162283
-0.039417
-0.0196554
-0.0364533
-0.0227805
-0.0329898
-0.0256005
-0.0290703
-0.0281086
-0.0247457
-0.0302941
-0.020074
-0.0321433
-0.0151191
-0.0336399
-0.00995008
-0.0347673
-0.00463967
-0.0355102
-0.0358571
0.00571879
-0.0408301
0.0106586
-0.0402854
0.015434
-0.0392716
0.0199727
-0.0378048
0.0242073
-0.0359058
0.0280765
-0.0335976
0.0315263
-0.030903
0.0345103
-0.0278428
0.0369902
-0.0244347
0.0389355
-0.020692
0.0403229
-0.0166243
0.0411359
-0.0122371
0.0413652
-0.00753377
0.0410095
-0.00251667
0.040077
0.00280868
0.0385878
0.00842834
0.0365726
0.0143122
0.0340685
0.0204086
0.0311165
0.0266437
0.0277581
0.0329209
0.0240225
0.0391169
0.0198822
0.0450623
0.0151408
0.050461
0.00946451
0.0547718
0.00285494
0.0574093
-0.00409334
0.0581626
-0.010555
0.0570355
-0.0160336
0.0540364
-0.0206313
0.0494544
-0.024681
0.0439052
-0.0283383
0.0378822
-0.0316134
0.0316468
-0.0344727
0.0253555
-0.0368743
0.0191263
-0.0387777
0.0130513
-0.0401468
0.00720051
-0.0409526
0.00162154
-0.0411775
-0.00365861
-0.0408153
-0.00862774
-0.0398693
-0.0132808
-0.0383504
-0.0176147
-0.0362769
-0.0216253
-0.0336738
-0.0253058
-0.0305738
-0.0286454
-0.0270175
-0.0316293
-0.0230535
-0.034239
-0.0187381
-0.0364529
-0.0141347
-0.0382479
-0.00931269
-0.0396017
-0.00434589
-0.0404943
0.000688657
-0.0409113
0.00571244
-0.0408451
0.0106472
-0.040297
0.0154166
-0.0392766
0.0199479
-0.0378
0.0241732
-0.0358881
0.0280311
-0.0335637
0.0314671
-0.0308496
0.0344348
-0.0277667
0.036896
-0.0243324
0.0388201
-0.0205606
0.0401838
-0.0164609
0.040971
-0.0120392
0.0411725
-0.00729917
0.0407877
-0.0022441
0.0398255
0.00311954
0.038307
0.00877629
0.0362634
0.014694
0.0337324
0.020819
0.0307552
0.0270753
0.0273729
0.0333641
0.0236129
0.0395596
0.0194382
0.0454864
0.0146341
0.0508315
0.00887251
0.0550349
0.00220547
0.0575316
-0.00473274
0.0581432
-0.0111237
0.0568735
-0.0165193
0.0537386
-0.0210634
0.0490641
-0.0250831
0.043473
-0.0287166
0.0374374
-0.0319676
0.0312051
-0.0348011
0.0249282
-0.0371753
0.0187223
-0.03905
0.0126775
-0.0403894
0.00686159
-0.0411655
0.00132013
-0.0413615
-0.00392177
-0.0409718
-0.00885329
-0.0400003
-0.0134703
-0.0384583
-0.0177703
-0.036364
-0.0217497
-0.0337427
-0.0254018
-0.0306271
-0.0287162
-0.0270575
-0.0316781
-0.0230826
-0.0342691
-0.0187583
-0.0364675
-0.0141478
-0.0382504
-0.00932003
-0.0395951
-0.00434839
-0.0404818
-0.040896
0.00524006
-0.0454373
0.0097595
-0.0448049
0.0141162
-0.0436283
0.0182391
-0.0419277
0.0220626
-0.0397293
0.025528
-0.0370631
0.0285845
-0.0339594
0.0311892
-0.0304476
0.0333082
-0.0265536
0.0349153
-0.0222991
0.0359925
-0.0177014
0.036529
-0.0127737
0.0365217
-0.0075264
0.035975
-0.00197
0.0349024
0.00388126
0.0333269
0.0100039
0.0312801
0.016359
0.0288002
0.0228884
0.0259308
0.0295131
0.0227193
0.0361325
0.0192143
0.0426218
0.0154549
0.0488218
0.0114242
0.0544917
0.00699547
0.0592006
0.00209708
0.0623077
-0.00299404
0.0632537
-0.00781175
0.0618532
-0.0121506
0.0583752
-0.0161197
0.0534235
-0.0198271
0.0476126
-0.0232733
0.0413284
-0.0264153
0.0347888
-0.0292043
0.0281445
-0.0315933
0.0215154
-0.0335399
0.0149979
-0.0350069
0.00866747
-0.0359641
0.00257871
-0.0363904
-0.00323228
-0.0362744
-0.00874377
-0.0356131
-0.013942
-0.0344117
-0.0188161
-0.0326826
-0.0233544
-0.0304459
-0.0275425
-0.0277297
-0.0313615
-0.0245706
-0.0347884
-0.0210136
-0.037796
-0.017112
-0.0403544
-0.0129268
-0.0424331
-0.00852561
-0.0440029
-0.003981
-0.0450389
0.000630791
-0.0455231
0.00523191
-0.0454462
0.00974478
-0.0448099
0.014094
-0.0436257
0.0182081
-0.0419141
0.0220212
-0.0397012
0.0254744
-0.0370169
0.0285165
-0.0338917
0.0311048
-0.030355
0.0332051
-0.0264328
0.0347916
-0.0221471
0.0358462
-0.0175155
0.0363585
-0.0125515
0.0363256
-0.00726626
0.0357526
-0.00167108
0.0346535
0.00421864
0.033052
0.0103778
0.0309804
0.0167656
0.0284775
0.0233219
0.0255871
0.0299657
0.022357
0.0365943
0.0188358
0.0430808
0.0150604
0.0492619
0.0110059
0.054886
0.00653854
0.0595022
0.00160853
0.0624617
-0.00347666
0.0632284
-0.00825712
0.061654
-0.0125607
0.0580422
-0.0165092
0.0530125
-0.020201
0.0471649
-0.0236304
0.0408668
-0.0267531
0.0343278
-0.0295205
0.0276955
-0.0318859
0.0210877
-0.0338072
0.0145988
-0.0352479
0.00830225
-0.0361784
0.00225063
-0.0365784
-0.00352177
-0.036437
-0.0089947
-0.0357518
-0.0141554
-0.0345282
-0.0189939
-0.0327788
-0.023499
-0.0305239
-0.0276567
-0.0277918
-0.0314484
-0.0246187
-0.0348511
-0.0210498
-0.037838
-0.0171382
-0.0403792
-0.0129445
-0.042444
-0.00853604
-0.0440036
-0.00398499
-0.0450329
-0.0455138
0.00468492
-0.0495564
0.00871896
-0.0488389
0.0125957
-0.047505
0.0162469
-0.0455789
0.0196105
-0.0430929
0.0226314
-0.040084
0.0252629
-0.0365909
0.0274666
-0.0326514
0.0292134
-0.0283004
0.0304824
-0.0235681
0.0312609
-0.01848
0.0315441
-0.0130569
0.0313348
-0.0073171
0.0306435
-0.00127862
0.0294885
0.00503625
0.0278967
0.0115957
0.0259024
0.0183532
0.0235468
0.025244
0.0208771
0.0321828
0.0179475
0.0390621
0.01482
0.0457493
0.0115644
0.0520774
0.00824448
0.0578116
0.0048776
0.0625675
0.0014368
0.0657485
-0.00204156
0.066732
-0.00546692
0.0652786
-0.00882101
0.0617293
-0.0121289
0.0567314
-0.0153612
0.0508449
-0.0184503
0.0444176
-0.0213277
0.0376661
-0.0239327
0.0307495
-0.0262126
0.0237953
-0.0281212
0.0169066
-0.0296187
0.010165
-0.0306721
0.00363205
-0.0312561
-0.00264827
-0.031354
-0.00864589
-0.0309569
-0.014339
-0.030064
-0.019709
-0.0286818
-0.0247366
-0.026825
-0.0293993
-0.0245166
-0.0336699
-0.0217884
-0.0375166
-0.018681
-0.0409034
-0.0152437
-0.0437918
-0.0115337
-0.0461431
-0.00761526
-0.0479213
-0.00355827
-0.0490959
0.000563748
-0.0496451
0.00467543
-0.0495579
0.00870172
-0.0488361
0.0125699
-0.0474939
0.0162114
-0.0455557
0.019564
-0.0430537
0.0225722
-0.0400252
0.0251893
-0.0365088
0.0273769
-0.0325426
0.0291059
-0.0281617
0.0303554
-0.0233966
0.0311131
-0.0182732
0.0313744
-0.0128128
0.0311424
-0.00703426
0.030428
-0.000956744
0.0292504
0.00539626
0.0276369
0.0119913
0.0256225
0.01878
0.0232488
0.0256956
0.0205637
0.0326508
0.0176221
0.0395359
0.0144866
0.0462162
0.0112277
0.0525208
0.00790707
0.0582067
0.00453665
0.0628726
0.00109046
0.0659078
-0.00238673
0.0667056
-0.0058063
0.0650736
-0.00915803
0.0613939
-0.0124649
0.0563194
-0.0156926
0.0503926
-0.0187726
0.0439468
-0.0216369
0.037192
-0.0242257
0.0302843
-0.0264868
0.0233488
-0.0283747
0.0164867
-0.0298501
0.00977762
-0.0308805
0.00328106
-0.0314414
-0.00296084
-0.0315166
-0.0089195
-0.0310978
-0.0145743
-0.0301842
-0.0199075
-0.0287829
-0.0249004
-0.0269085
-0.029531
-0.0245844
-0.0337725
-0.0218421
-0.0375934
-0.0187224
-0.0409577
-0.0152743
-0.0438273
-0.0115548
-0.0461635
-0.00762805
-0.0479303
-0.00356341
-0.0490975
-0.0496432
0.00406814
-0.053133
0.00756454
-0.0523353
0.0109126
-0.050853
0.0140485
-0.0487148
0.0169147
-0.0459591
0.019461
-0.0426303
0.0216456
-0.0387755
0.0234357
-0.0344414
0.024807
-0.0296717
0.0257442
-0.0245054
0.0262405
-0.0189762
0.0262968
-0.0131132
0.0259216
-0.00694193
0.0251311
-0.000488115
0.0239488
0.0062185
0.0224059
0.0131387
0.0205403
0.0202189
0.0183967
0.0273876
0.0160269
0.0345526
0.0134909
0.0415981
0.0108591
0.0483811
0.00821447
0.054722
0.00564704
0.060379
0.00322216
0.0649923
0.000930865
0.0680398
-0.00131364
0.0689765
-0.00362453
0.0675895
-0.00607679
0.0641815
-0.00866261
0.0593172
-0.0113079
0.0534902
-0.0139224
0.0470321
-0.0164255
0.0401692
-0.0187489
0.0330729
-0.0208342
0.0258806
-0.0226312
0.0187035
-0.0240962
0.01163
-0.0251926
0.00472846
-0.0258908
-0.00195014
-0.0261686
-0.00836808
-0.0260116
-0.014496
-0.0254128
-0.0203078
-0.0243732
-0.0257762
-0.0229018
-0.0308707
-0.0210161
-0.0355557
-0.0187424
-0.0397902
-0.0161163
-0.0435295
-0.013182
-0.0467261
-0.00999195
-0.0493332
-0.0066058
-0.0513074
-0.00308895
-0.0526128
0.000489315
-0.0532234
0.00405782
-0.0531264
0.0075457
-0.052324
0.0108845
-0.0508327
0.0140103
-0.0486815
0.0168652
-0.0459087
0.019399
-0.0425589
0.0215697
-0.0386795
0.0233444
-0.0343174
0.0246992
-0.0295165
0.0256188
-0.0243162
0.0260965
-0.0187509
0.0261336
-0.0128499
0.0257391
-0.00663979
0.0249296
-0.000147236
0.0237292
0.00659668
0.0221695
0.013551
0.0202891
0.0206604
0.0181333
0.0278514
0.0157546
0.0350295
0.0132138
0.0420767
0.0105823
0.0488476
0.00794435
0.0551588
0.00538957
0.0607615
0.00297905
0.0652831
0.00069644
0.0681904
-0.00154952
0.0689516
-0.00387126
0.0673953
-0.00633807
0.0638607
-0.00893509
0.0589164
-0.0115852
0.0530427
-0.0141985
0.0465601
-0.0166955
0.0396891
-0.019009
0.0325978
-0.0210813
0.0254212
-0.0228628
0.0182682
-0.0243105
0.0112254
-0.0253884
0.00435891
-0.0260673
-0.00228196
-0.0263257
-0.00866112
-0.0261495
-0.0147505
-0.0255323
-0.0205247
-0.0244751
-0.0259575
-0.0229873
-0.0310188
-0.0210865
-0.0356733
-0.0187992
-0.0398807
-0.0161607
-0.0435962
-0.0132154
-0.0467727
-0.0100154
-0.0493635
-0.00662019
-0.0513255
-0.00309491
-0.0526228
-0.0532295
0.00340154
-0.0561235
0.0063183
-0.0552521
0.00909889
-0.0536336
0.0116854
-0.0513013
0.014026
-0.0482997
0.0160763
-0.0446807
0.0178004
-0.0404996
0.0191709
-0.0358119
0.0201695
-0.0306703
0.0207865
-0.0251224
0.0210204
-0.0192102
0.0208779
-0.0129706
0.0203729
-0.00643693
0.0195267
0.000358033
0.0183678
0.00737745
0.0169312
0.0145753
0.0152585
0.0218916
0.0133976
0.0292485
0.0114033
0.0365469
0.00933841
0.043663
0.00727515
0.0504444
0.00529593
0.0567012
0.00348689
0.0621881
0.00190882
0.0665704
0.000540164
0.0694084
-0.00075326
0.07027
-0.00215378
0.06899
-0.00377596
0.0658037
-0.0056212
0.0611625
-0.00761995
0.0554889
-0.00968537
0.0490975
-0.0117368
0.0422206
-0.0137038
0.03504
-0.0155253
0.0277021
-0.0171476
0.0203259
-0.0185242
0.0130066
-0.0196146
0.00581887
-0.020385
-0.00117976
-0.0208084
-0.00794469
-0.020865
-0.0144394
-0.0205425
-0.0206303
-0.019836
-0.0264827
-0.018749
-0.0319577
-0.0172934
-0.0370113
-0.0154898
-0.0415938
-0.0133679
-0.0456514
-0.0109662
-0.0491279
-0.0083311
-0.0519682
-0.00551653
-0.054122
-0.00258202
-0.0555473
0.000408916
-0.0562143
0.00339088
-0.0561084
0.00629878
-0.0552319
0.00906999
-0.0536039
0.0116463
-0.0512578
0.0139759
-0.0482382
0.0160142
-0.0445972
0.0177252
-0.0403905
0.0190817
-0.0356739
0.0200655
-0.0305002
0.020667
-0.0249177
0.0208851
-0.018969
0.0207267
-0.0126914
0.0202062
-0.00611929
0.0193454
0.000713568
0.0181731
0.00776892
0.0167251
0.014999
0.0150434
0.0223421
0.0131766
0.0297182
0.0111801
0.037026
0.00911743
0.0441394
0.00706187
0.0509032
0.00509659
0.057124
0.00330731
0.0625508
0.00175044
0.06684
0.00039517
0.0695457
-0.000900571
0.0702473
-0.00231762
0.0688124
-0.00396134
0.0655044
-0.00582494
0.06078
-0.00783586
0.0550536
-0.00990737
0.0486316
-0.0119597
0.0417414
-0.0139234
0.0345615
-0.0157379
0.0272357
-0.0173505
0.0198808
-0.0187151
0.0125899
-0.0197917
0.00543551
-0.020547
-0.00152663
-0.0209546
-0.00825349
-0.0209952
-0.0147099
-0.0206567
-0.0208632
-0.0199348
-0.0266795
-0.018833
-0.0321206
-0.0173635
-0.0371429
-0.015547
-0.0416972
-0.0134133
-0.0457299
-0.0110007
-0.0491853
-0.00835559
-0.0520085
-0.00553174
-0.0541494
-0.00258845
-0.0555661
-0.056229
0.00269456
-0.0584925
0.00499786
-0.0575554
0.0071803
-0.055816
0.00919099
-0.053312
0.010985
-0.0500938
0.0125248
-0.0462204
0.0137807
-0.0417555
0.0147315
-0.0367628
0.0153648
-0.0313036
0.0156763
-0.0254339
0.01567
-0.0192039
0.0153574
-0.012658
0.0147574
-0.00583696
0.0138959
0.0012196
0.012805
0.00846829
0.0115233
0.015857
0.0100948
0.0233201
0.00856901
0.0307743
0.00700137
0.0381145
0.00545334
0.045211
0.00399263
0.0519051
0.00269128
0.0580025
0.00161691
0.0632624
0.000806274
0.067381
0.000217858
0.0699968
-0.000292959
0.0707808
-0.000914821
0.0696119
-0.00177437
0.0666633
-0.0028945
0.0622826
-0.00422926
0.0568237
-0.00570877
0.050577
-0.0072614
0.0437733
-0.00882052
0.0365991
-0.0103258
0.0292073
-0.0117229
0.021723
-0.0129632
0.014247
-0.0140038
0.00685946
-0.0148074
-0.00037623
-0.0153428
-0.00740926
-0.0155857
-0.0141965
-0.0155189
-0.0206972
-0.0151323
-0.0268692
-0.0144241
-0.0326659
-0.0134004
-0.038035
-0.0120761
-0.0429182
-0.0104744
-0.047253
-0.00862729
-0.050975
-0.00657449
-0.054021
-0.00436279
-0.0563337
-0.00204464
-0.0578655
0.000323685
-0.0585826
0.00268403
-0.0584687
0.00497856
-0.0575265
0.00715182
-0.0557772
0.00915278
-0.0532588
0.0109364
-0.0500219
0.0124651
-0.0461259
0.0137092
-0.0416346
0.0146478
-0.0366124
0.0152683
-0.0311208
0.0155669
-0.0252163
0.0155478
-0.0189498
0.0152229
-0.0123665
0.0146115
-0.00550789
0.0137399
0.00158522
0.0126408
0.00886801
0.0113531
0.0162867
0.00992145
0.0237738
0.00839588
0.0312438
0.00683233
0.0385895
0.00529288
0.0456788
0.00384578
0.0523503
0.00256326
0.0584066
0.00151183
0.0636022
0.000723755
0.0676281
0.000149055
0.0701204
-0.000364121
0.0707605
-0.00100305
0.0694513
-0.00188597
0.0663873
-0.00302816
0.0619222
-0.00438034
0.0564058
-0.00587202
0.0501233
-0.00743192
0.0433013
-0.00899398
0.0361235
-0.0104984
0.0287402
-0.0118915
0.0212739
-0.0131252
0.0138236
-0.0141569
0.00646721
-0.0149498
-0.000733686
-0.0154735
-0.00772988
-0.0157038
-0.0144795
-0.015624
-0.020943
-0.0152244
-0.027079
-0.0145034
-0.0328416
-0.0134675
-0.0381788
-0.0121314
-0.0430332
-0.0105188
-0.0473426
-0.00866135
-0.0510427
-0.0065989
-0.054071
-0.0043781
-0.0563702
-0.00205121
-0.057893
-0.0586059
0.00195486
-0.060211
0.00361753
-0.0592181
0.00517754
-0.057376
0.00659223
-0.0547267
0.00782464
-0.0513262
0.00884458
-0.0472404
0.00962945
-0.0425403
0.0101645
-0.0372979
0.010443
-0.0315821
0.0104661
-0.025457
0.0102426
-0.0189803
0.00978827
-0.0122038
0.00912613
-0.00517482
0.00828537
0.00206036
0.00730113
0.00945253
0.00621375
0.0169444
0.00506823
0.0244656
0.0039138
0.0319287
0.00280359
0.0392247
0.00179409
0.0462205
0.000943661
0.0527555
0.000308676
0.0586375
-6.65075e-05
0.0636376
-0.000171989
0.0674865
-6.61328e-05
0.069891
0.000110952
0.0706037
0.000185523
0.0695373
3.143e-05
0.0668174
-0.000394253
0.0627083
-0.00107253
0.057502
-0.00195541
0.0514599
-0.00298557
0.0448034
-0.00410476
0.0377183
-0.00525701
0.0303596
-0.00638982
0.0228558
-0.0074547
0.0153118
-0.00840745
0.0078122
-0.00920865
0.00042497
-0.00982426
-0.00679365
-0.0102263
-0.0137944
-0.0103935
-0.0205301
-0.0103112
-0.0269515
-0.00997271
-0.0330045
-0.00937862
-0.038629
-0.00853772
-0.0437591
-0.00746679
-0.048324
-0.00619053
-0.0522513
-0.00474105
-0.0554705
-0.00315706
-0.0579177
-0.00148261
-0.0595399
0.000234543
-0.0602998
0.00194491
-0.0601791
0.00359925
-0.0591808
0.00515066
-0.0573286
0.00655639
-0.0546645
0.00777943
-0.0512449
0.00878962
-0.0471361
0.00956439
-0.0424094
0.0100892
-0.0371372
0.0103574
-0.031389
0.0103704
-0.0252294
0.0101374
-0.0187168
0.00967453
-0.0119037
0.00900519
-0.00483855
0.008159
0.0024314
0.00717155
0.00985546
0.00608361
0.0173746
0.00494057
0.0249168
0.00379207
0.0323923
0.00269162
0.03969
0.00169598
0.0466745
0.000863607
0.0531827
0.000250461
0.0590197
-0.000100824
0.0639535
-0.000184629
0.0677119
-6.62261e-05
0.070002
0.000108724
0.0705855
0.000167509
0.0693925
-9.48473e-06
0.0665643
-0.000458795
0.0623715
-0.00115796
0.057105
-0.00205776
0.0510231
-0.00310062
0.0443442
-0.00422845
0.0372513
-0.00538562
0.0298973
-0.00652
0.0224083
-0.00758349
0.0148871
-0.00853232
0.00741604
-0.00932749
6.14864e-05
-0.00993541
-0.00712196
-0.0103285
-0.0140864
-0.0104859
-0.0207857
-0.0103934
-0.0271715
-0.0100445
-0.0331905
-0.00944002
-0.0387833
-0.008589
-0.0438842
-0.00750833
-0.0484232
-0.00622273
-0.0523283
-0.00476432
-0.0555294
-0.00317177
-0.0579627
-0.00148902
-0.0595757
-0.0603312
0.0011889
-0.0612561
0.00218935
-0.0602185
0.00310802
-0.0582947
0.00391161
-0.0555303
0.00457197
-0.0519865
0.00506712
-0.0477355
0.0053818
-0.042855
0.00550786
-0.0374239
0.0054443
-0.0315185
0.00519717
-0.0252099
0.0047794
-0.0185625
0.00421054
-0.0116349
0.00351635
-0.00448062
0.0027283
0.00284841
0.00188294
0.0102979
0.00102102
0.0178063
0.000186708
0.0252999
-0.000573191
0.0326886
-0.00121022
0.0398617
-0.00167572
0.046686
-0.00192341
0.0530032
-0.0019144
0.0586285
-0.00162713
0.0633504
-0.00107495
0.0669343
-0.000328009
0.069144
0.000482386
0.0697933
0.00120091
0.0688188
0.00170642
0.0663118
0.00194097
0.0624738
0.00189965
0.0575433
0.00160847
0.0517511
0.00110837
0.0453035
0.000446407
0.0383802
-0.000328577
0.0311345
-0.00116829
0.0236955
-0.00202632
0.0161699
-0.00285902
0.0086449
-0.00362635
0.00119231
-0.00429269
-0.00612731
-0.00482765
-0.0132594
-0.00520677
-0.020151
-0.00541192
-0.0267463
-0.00543172
-0.0329847
-0.00526177
-0.038799
-0.00490482
-0.044116
-0.00437084
-0.0488579
-0.00367687
-0.0529452
-0.00284662
-0.0563008
-0.00190976
-0.0588546
-0.000900821
-0.0605488
0.000142264
-0.0613429
0.00117992
-0.0612168
0.00217282
-0.0601737
0.0030838
-0.0582396
0.00387952
-0.0554602
0.00453187
-0.0518973
0.00501888
-0.0476231
0.00532542
-0.042716
0.00544349
-0.0372553
0.00537231
-0.0313178
0.00511821
-0.0249753
0.00469444
-0.018293
0.00412091
-0.0113302
0.00342377
-0.00414141
0.0026349
0.00322027
0.00179122
0.0106991
0.00093383
0.018232
0.0001072
0.0257434
-0.000641631
0.0331411
-0.00126407
0.0403124
-0.00171147
0.0471219
-0.00193788
0.0534091
-0.00190532
0.0589872
-0.00159429
0.0636425
-0.001022
0.0671396
-0.000263946
0.069244
0.000544578
0.069777
0.00124897
0.0686881
0.00173287
0.0660804
0.00194341
0.062161
0.00187901
0.0571694
0.00156737
0.0513347
0.00105011
0.0448614
0.000374544
0.0379269
-0.000410541
0.0306824
-0.00125702
0.0232548
-0.00211873
0.0157488
-0.00295234
0.00824965
-0.00371818
0.000827328
-0.004381
-0.00645915
-0.00491081
-0.0135566
-0.00528355
-0.0204129
-0.00548144
-0.0269736
-0.00549341
-0.0331785
-0.00531532
-0.0389614
-0.00495013
-0.0442494
-0.00440796
-0.0489654
-0.00370594
-0.0530303
-0.00286782
-0.0563675
-0.00192327
-0.0589073
-0.000906785
-0.0605922
-0.0613818
0.000402478
-0.0616099
0.000724094
-0.0605401
0.000987284
-0.0585579
0.00116909
-0.0557121
0.00125103
-0.0520685
0.00121984
-0.0477043
0.00106798
-0.0427032
0.000793918
-0.0371499
0.000402155
-0.0311268
-9.67614e-05
-0.0247109
-0.00068638
-0.0179729
-0.00134455
-0.0109767
-0.00204374
-0.00378143
-0.00275155
0.00355622
-0.00343152
0.0109779
-0.00404409
0.0184188
-0.00454762
0.0258035
-0.00489958
0.0330406
-0.0050581
0.0400202
-0.00498405
0.046612
-0.00464433
0.0526635
-0.00401725
0.0580014
-0.00310133
0.0624344
-0.00192824
0.0657613
-0.000575769
0.0677916
0.000833464
0.0683841
0.00216002
0.0674922
0.00328853
0.0651833
0.00415065
0.0616116
0.0047222
0.0569717
0.00500947
0.0514638
0.00503691
0.0452761
0.00483915
0.038578
0.00445609
0.0315176
0.00392992
0.0242217
0.00330319
0.0167966
0.00261725
0.00933084
0.0019112
0.00189836
0.0012208
-0.00543692
0.000577559
-0.0126162
7.90836e-06
-0.0195813
-0.000467191
-0.0262712
-0.00083258
-0.0326193
-0.00107909
-0.0385525
-0.00120363
-0.0439915
-0.00120925
-0.0488523
-0.00110493
-0.0530495
-0.000905351
-0.0565003
-0.00063026
-0.0591296
-0.000303635
-0.0608755
4.75394e-05
-0.0616941
0.000394801
-0.061564
0.000709928
-0.0604888
0.000966618
-0.0584963
0.00114194
-0.0556356
0.00121746
-0.0519728
0.00118002
-0.0475857
0.00102222
-0.0425582
0.000742686
-0.0369757
0.000346179
-0.0309213
-0.000156485
-0.0244726
-0.000748535
-0.017701
-0.00140748
-0.0106713
-0.00210542
-0.00344347
-0.0028096
0.00392446
-0.00348326
0.0113728
-0.00408658
0.0188353
-0.00457775
0.0262346
-0.00491417
0.0334775
-0.00505405
0.0404523
-0.00495858
0.0470264
-0.00459532
0.0530458
-0.00394382
0.0583356
-0.00300474
0.0627034
-0.00181314
0.065948
-0.000450827
0.0678816
0.000956764
0.0683694
0.0022707
0.0673742
0.003379
0.0649721
0.00421732
0.0613227
0.00476451
0.0566222
0.00502871
0.0510705
0.00503545
0.0448547
0.00481988
0.0381425
0.00442216
0.0310801
0.00388451
0.0237924
0.00324937
0.0163839
0.00255791
0.00894111
0.00184894
0.00153629
0.00115793
-0.00576814
0.000515998
-0.0129146
-5.07662e-05
-0.0198462
-0.00052175
-0.0265026
-0.000882103
-0.0328182
-0.00112292
-0.0387205
-0.00124135
-0.044131
-0.0012406
-0.0489662
-0.00112979
-0.0531412
-0.000923677
-0.0565736
-0.000642057
-0.0591889
-0.000308927
-0.0609253
-0.0617394
-0.000398763
-0.0612592
-0.000767772
-0.0601711
-0.00116964
-0.058156
-0.0016161
-0.0552656
-0.00211532
-0.0515692
-0.00267135
-0.0471483
-0.00328381
-0.0420907
-0.00394766
-0.036486
-0.00465314
-0.0304213
-0.00538573
-0.0239783
-0.00612622
-0.0172324
-0.00685078
-0.0102522
-0.00753127
-0.00310094
-0.00813568
0.00416063
-0.00862905
0.0114712
-0.00897451
0.0187643
-0.00913451
0.0259635
-0.00907228
0.0329783
-0.0087538
0.0397018
-0.00815034
0.0460085
-0.00724202
0.0517551
-0.00602295
0.0567824
-0.00450852
0.06092
-0.00274433
0.0639971
-0.000813021
0.0658603
0.00116992
0.0664011
0.0030772
0.0655849
0.00479851
0.063462
0.0062585
0.0601517
0.00741804
0.0558122
0.0082665
0.0506153
0.00881298
0.0447296
0.00907942
0.0383116
0.00909584
0.0315012
0.00889699
0.0244205
0.00851999
0.0171736
0.00800242
0.0098484
0.00738092
0.00251986
0.00668998
-0.00474598
0.00596092
-0.0118871
0.00522106
-0.0188414
0.00449328
-0.0255434
0.00379582
-0.0319218
0.00314218
-0.0378988
0.00254103
-0.0433903
0.00199633
-0.0483076
0.00150739
-0.0525606
0.00106912
-0.0560621
0.000672394
-0.0587329
0.000304703
-0.0605078
-4.89572e-05
-0.0613404
-0.000404862
-0.0612081
-0.000779075
-0.0601146
-0.00118602
-0.0580893
-0.00163738
-0.0551842
-0.00214119
-0.051469
-0.0027014
-0.0470254
-0.00331744
-0.0419421
-0.00398408
-0.0363091
-0.00469131
-0.0302141
-0.00542435
-0.0237396
-0.00616368
-0.0169616
-0.00688516
-0.00994977
-0.00756032
-0.0027683
-0.00815687
0.00452101
-0.00863962
0.0118555
-0.00897154
0.0191673
-0.00911504
0.0263781
-0.00903344
0.0333959
-0.00869303
0.0401119
-0.0080656
0.046399
-0.00713219
0.0521124
-0.00588832
0.0570918
-0.0043515
0.0611666
-0.00257019
0.0641667
-0.000630059
0.0659415
0.00135142
0.0663879
0.0032473
0.0654783
0.0049497
0.0632697
0.00638636
0.059886
0.00752082
0.0554877
0.00834437
0.050247
0.00886735
0.0443317
0.00911251
0.0378973
0.00911032
0.0310823
0.00889577
0.024007
0.00850604
0.0167736
0.00797864
0.00946852
0.00735001
0.00216492
0.00665441
-0.00507254
0.00592286
-0.0121831
0.00518234
-0.0191057
0.00445544
-0.0257757
0.00376009
-0.0321228
0.00310951
-0.03807
0.00251217
-0.0435336
0.00197181
-0.0484258
0.0014876
-0.0526569
0.0010543
-0.0561403
0.000662722
-0.0587973
0.000300267
-0.0605629
-0.061391
-0.00120887
-0.0601964
-0.00227522
-0.0591048
-0.00334696
-0.0570843
-0.0044239
-0.0541887
-0.00550336
-0.0504898
-0.00657986
-0.0460718
-0.00764496
-0.0410256
-0.00868713
-0.0354438
-0.0096917
-0.0294167
-0.0106407
-0.0230293
-0.0115129
-0.0163603
-0.0122836
-0.00948141
-0.0129252
-0.0024593
-0.0134074
0.00464276
-0.0136978
0.0117617
-0.0137638
0.0188303
-0.013573
0.0257726
-0.0130955
0.0325009
-0.0123061
0.0389123
-0.0111866
0.044889
-0.00972978
0.0502983
-0.00794384
0.0549964
-0.00585806
0.0588342
-0.00352858
0.0616676
-0.00104114
0.0633728
0.00149416
0.0638658
0.00395891
0.0631202
0.00624675
0.0611742
0.00827754
0.0581209
0.0100007
0.0540891
0.0113914
0.0492246
0.0124449
0.0436761
0.0131709
0.0375856
0.013589
0.031083
0.0137258
0.0242837
0.0136117
0.0172877
0.0132794
0.0101808
0.0127615
0.0030377
0.0120902
-0.00407463
0.0112952
-0.0110922
0.0104039
-0.0179501
0.00944008
-0.0245796
0.00842443
-0.0309062
0.00737427
-0.0368487
0.00630363
-0.0423197
0.00522341
-0.0472274
0.00414139
-0.0514786
0.00306243
-0.0549831
0.00198864
-0.0576591
0.00091971
-0.0594388
-0.000146515
-0.0602742
-0.00121319
-0.0601414
-0.00228329
-0.0590445
-0.00335853
-0.0570141
-0.00443862
-0.0541041
-0.00552071
-0.0503869
-0.00659917
-0.045947
-0.00766536
-0.0408759
-0.00870756
-0.0352669
-0.00971083
-0.0292108
-0.010657
-0.0227935
-0.0115244
-0.0160942
-0.0122883
-0.00918586
-0.0129207
-0.00213589
-0.013391
0.00499131
-0.0136669
0.0121314
-0.0137155
0.0192158
-0.0135045
0.0261672
-0.0130045
0.0328959
-0.0121905
0.0392979
-0.0110451
0.0452536
-0.00956212
0.0506295
-0.00775132
0.055281
-0.00564394
0.0590592
-0.00329847
0.0618212
-0.000803008
0.0634461
0.00173097
0.063854
0.00418528
0.063024
0.00645532
0.0609997
0.00846336
0.057878
0.0101611
0.05379
0.0115256
0.0488824
0.0125535
0.0433039
0.0132553
0.0371955
0.0136515
0.0306861
0.0137688
0.0238896
0.0136381
0.0169043
0.0132919
0.00981474
0.012763
0.00269387
0.0120831
-0.00439263
0.0112819
-0.0113819
0.0103864
-0.0182102
0.00942018
-0.0248095
0.00840364
-0.0311063
0.00735383
-0.0370202
0.00628456
-0.0424644
0.00520651
-0.0473478
0.00412729
-0.0515777
0.0030516
-0.0550646
0.0019814
-0.0577271
0.000916266
-0.0594978
-0.0603287
-0.00202116
-0.0584196
-0.0037859
-0.05734
-0.00552707
-0.0553431
-0.00723204
-0.0524837
-0.00888692
-0.0488349
-0.0104765
-0.0444822
-0.0119843
-0.0395178
-0.0133924
-0.0340357
-0.0146815
-0.0281276
-0.0158307
-0.0218801
-0.0168174
-0.0153735
-0.0176171
-0.00868174
-0.0182034
-0.00187299
-0.0185487
0.004988
-0.0186246
0.0118376
-0.0184034
0.018609
-0.0178591
0.0252284
-0.0169696
0.0316113
-0.0157185
0.0376613
-0.0140984
0.0432689
-0.0121138
0.0483137
-0.00978526
0.0526679
-0.00715347
0.0562024
-0.00428256
0.0587967
-0.0012604
0.0603507
0.00180692
0.0607985
0.00480729
0.0601198
0.00763737
0.0583441
0.0102136
0.0555446
0.0124766
0.0518261
0.0143898
0.0473114
0.0159361
0.0421299
0.0171134
0.0364082
0.0179313
0.0302652
0.0184073
0.0238077
0.0185646
0.0171303
0.0184297
0.0103158
0.0180304
0.00343692
0.0173953
-0.00343944
0.0165517
-0.0102486
0.0155257
-0.0169241
0.0143416
-0.0233955
0.0130217
-0.0295863
0.0115869
-0.0354138
0.0100561
-0.0407889
0.00844706
-0.0456184
0.0067762
-0.0498077
0.00505853
-0.0532654
0.00330776
-0.0559084
0.00153635
-0.0576674
-0.000244334
-0.0584935
-0.00202356
-0.0583622
-0.00379049
-0.0572776
-0.00553348
-0.0552711
-0.00723975
-0.0523979
-0.00889521
-0.0487314
-0.0104845
-0.0443577
-0.0119908
-0.0393696
-0.0133961
-0.0338616
-0.0146809
-0.027926
-0.015824
-0.0216503
-0.0168025
-0.0151157
-0.0175917
-0.00839664
-0.0181651
-0.00156249
-0.0184948
0.00532102
-0.0185526
0.0121891
-0.0183105
0.0189738
-0.017743
0.0255997
-0.0168282
0.0319811
-0.0155504
0.03802
-0.0139029
0.0436061
-0.0118915
0.0486181
-0.00953828
0.0529277
-0.00688562
0.0564065
-0.00399967
0.0589353
-0.000970101
0.0604165
0.002096
0.0607879
0.00508669
0.0600333
0.00789991
0.0581865
0.010454
0.0553239
0.0126915
0.0515525
0.0145776
0.0469964
0.0160965
0.0417849
0.0172474
0.0360446
0.0180405
0.0298931
0.0184939
0.0234362
0.018631
0.0167672
0.0184785
0.00996721
0.0180645
0.00310791
0.0174171
-0.00374521
0.0165636
-0.0105285
0.0155301
-0.0171766
0.0143403
-0.0236198
0.0130166
-0.0297826
0.0115793
-0.0355829
0.0100474
-0.0409325
0.00843828
-0.0457387
0.0067682
-0.0499076
0.00505197
-0.0533484
0.00330314
-0.0559783
0.00153398
-0.0577286
-0.0585504
-0.00282789
-0.0559336
-0.00528555
-0.0548824
-0.00768968
-0.052939
-0.0100149
-0.0501585
-0.012236
-0.0466138
-0.0143279
-0.0423903
-0.0162661
-0.0375796
-0.0180267
-0.0322752
-0.019586
-0.0265683
-0.0209206
-0.0205455
-0.022007
-0.0142871
-0.0228214
-0.00786733
-0.0233397
-0.00135467
-0.0235378
0.00518605
-0.023392
0.0116919
-0.0228806
0.0180976
-0.0219845
0.0243323
-0.0206897
0.0303166
-0.0189893
0.0359608
-0.0168858
0.0411655
-0.0143949
0.0458228
-0.0115479
0.0498209
-0.00839474
0.0530493
-0.00500583
0.0554078
-0.00147052
0.0568154
0.00210799
0.05722
0.0056221
0.0566057
0.00897067
0.0549955
0.0120677
0.0524476
0.0148468
0.049047
0.0172617
0.0448965
0.0192844
0.0401072
0.0209019
0.0347907
0.0221137
0.0290534
0.0229282
0.0229931
0.0233608
0.0166978
0.0234309
0.0102456
0.0231611
0.00370675
0.022575
-0.00285338
0.021697
-0.00937059
0.0205513
-0.0157784
0.0191616
-0.0220058
0.0175517
-0.0279764
0.0157452
-0.0336073
0.0137661
-0.0388098
0.0116387
-0.043491
0.00938785
-0.0475569
0.00703888
-0.0509165
0.00461734
-0.0534868
0.00214877
-0.0551989
-0.000341484
-0.0560032
-0.00282831
-0.0558754
-0.00528655
-0.0548193
-0.00769078
-0.0528668
-0.0100154
-0.0500732
-0.012235
-0.0465119
-0.0143243
-0.0422685
-0.0162585
-0.0374353
-0.0180136
-0.0321066
-0.0195655
-0.0263741
-0.0208908
-0.0203251
-0.0219656
-0.0140408
-0.0227662
-0.00759611
-0.0232681
-0.00106055
-0.0234472
0.00550013
-0.02328
0.0120219
-0.0227447
0.0184385
-0.0218227
0.0246777
-0.0205004
0.0306588
-0.0187715
0.0362911
-0.0166396
0.0414743
-0.0141215
0.0461
-0.01125
0.0500562
-0.00807666
0.0532332
-0.00467349
0.0555321
-0.00113126
0.0568742
0.00244612
0.0572105
0.00595115
0.0565283
0.00928364
0.054854
0.0123591
0.0522484
0.0151128
0.0487988
0.0175
0.0446091
0.0194941
0.0397909
0.0210833
0.0344554
0.0222678
0.0287085
0.0230569
0.0226471
0.0234662
0.0163579
0.0235155
0.00991787
0.0232274
0.00339603
0.0226256
-0.00314341
0.0217343
-0.00963723
0.0205776
-0.0160198
0.0191791
-0.0222213
0.0175624
-0.0281658
0.0157508
-0.0337713
0.013768
-0.0389497
0.0116382
-0.0436089
0.00938613
-0.0476555
0.00703675
-0.050999
0.00461544
-0.053557
0.00214752
-0.0552607
-0.056061
-0.00362008
-0.0527512
-0.00675762
-0.0517448
-0.00981126
-0.0498853
-0.0127429
-0.0472269
-0.0155157
-0.0438409
-0.0180953
-0.0398108
-0.0204491
-0.0352258
-0.0225473
-0.030177
-0.0243623
-0.0247533
-0.0258685
-0.0190393
-0.0270419
-0.0131137
-0.0278601
-0.00704914
-0.0283017
-0.000913066
-0.0283467
0.00523104
-0.0279769
0.0113221
-0.0271768
0.0172975
-0.025935
0.0230905
-0.0242457
0.0286273
-0.0221112
0.0338263
-0.019544
0.0385983
-0.0165697
0.0428485
-0.0132289
0.0464801
-0.00957952
0.0493999
-0.00569669
0.0515249
-0.00167093
0.0527896
0.00239663
0.0531524
0.00640158
0.0526007
0.0102443
0.0511528
0.013837
0.0488549
0.0171077
0.0457762
0.0200021
0.0420022
0.0224823
0.037627
0.0245255
0.0327475
0.0261213
0.0274575
0.0272693
0.0218452
0.0279762
0.0159908
0.0282547
0.00996717
0.0281207
0.00384075
0.0275929
-0.0023256
0.0266917
-0.00846946
0.025439
-0.0145256
0.0238577
-0.0204245
0.0219722
-0.026091
0.019809
-0.0314441
0.0173963
-0.0363971
0.0147651
-0.0408597
0.0119484
-0.0447403
0.00898196
-0.04795
0.00590296
-0.0504078
0.00275018
-0.0520461
-0.000436886
-0.0528162
-0.00361852
-0.0526938
-0.00675503
-0.0516828
-0.00980706
-0.0498148
-0.0127362
-0.0471441
-0.0155055
-0.0437425
-0.0180802
-0.0396938
-0.0204276
-0.035088
-0.0225176
-0.0300166
-0.0243223
-0.0245693
-0.0258161
-0.0188313
-0.0269748
-0.0128821
-0.0277759
-0.00679505
-0.0281979
-0.000638558
-0.0282208
0.00552305
-0.0278266
0.0116277
-0.027
0.0176119
-0.0257299
0.0234076
-0.0240112
0.0289401
-0.0218469
0.0341268
-0.0192505
0.0388779
-0.0162488
0.0430983
-0.0128838
0.0466912
-0.00921484
0.0495642
-0.00531839
0.0516357
-0.00128609
0.0528419
0.00278041
0.053144
0.00677675
0.0525319
0.0106041
0.0510266
0.0141757
0.0486768
0.0174212
0.0455533
0.0202875
0.0417429
0.0227381
0.0373402
0.0247515
0.032442
0.0263181
0.0271419
0.0274382
0.0215271
0.0281191
0.015677
0.0283736
0.00966332
0.0282182
0.0035515
0.0276714
-0.00259664
0.0267537
-0.00871958
0.0254869
-0.014753
0.0238937
-0.0206281
0.0219985
-0.0262706
0.0198274
-0.0316002
0.0174087
-0.036531
0.0147729
-0.0409731
0.011953
-0.0448356
0.00898423
-0.0480303
0.00590377
-0.0504765
0.00275005
-0.052107
-0.0528732
-0.00438742
-0.0488943
-0.00818308
-0.0479492
-0.0118647
-0.0462037
-0.0153816
-0.04371
-0.0186859
-0.0405366
-0.0217336
-0.0367631
-0.0244848
-0.0324745
-0.026904
-0.0277578
-0.0289598
-0.0226976
-0.0306247
-0.0173744
-0.0318747
-0.0118637
-0.0326889
-0.00623495
-0.033049
-0.000552908
-0.0329397
0.00512168
-0.0323483
0.0107307
-0.0312662
0.0162154
-0.0296895
0.0215138
-0.0276208
0.0265586
-0.0250714
0.0312768
-0.0220631
0.03559
-0.0186305
0.0394159
-0.0148225
0.0426722
-0.0107035
0.0452809
-0.00635245
0.0471739
-0.00186082
0.048298
0.00267164
0.04862
0.00714268
0.0481297
0.0114537
0.0468417
0.0155154
0.0447932
0.0192514
0.0420402
0.0226004
0.0386532
0.0255162
0.0347113
0.0279668
0.0302969
0.0299324
0.0254919
0.0314038
0.0203739
0.0323794
0.0150152
0.0328643
0.00948225
0.0328681
0.00383696
0.032404
-0.00186144
0.031488
-0.00755354
0.0301393
-0.0131769
0.0283796
-0.0186647
0.0262338
-0.0239453
0.0237308
-0.028941
0.0209031
-0.0335694
0.0177876
-0.0377443
0.0144258
-0.0413784
0.0108629
-0.0443871
0.00714802
-0.0466929
0.00333278
-0.0482308
-0.000529296
-0.0489541
-0.00438394
-0.0488391
-0.00817702
-0.0478898
-0.0118554
-0.0461364
-0.015368
-0.0436314
-0.0186668
-0.0404437
-0.0217075
-0.0366531
-0.0244499
-0.0323456
-0.0268583
-0.0276082
-0.0289011
-0.0225265
-0.0305507
-0.0171817
-0.0317831
-0.0116497
-0.0325771
-0.00600099
-0.0329147
-0.000300978
-0.0327805
0.00538877
-0.032162
0.0110093
-0.031051
0.0165009
-0.029444
0.0218006
-0.0273443
0.0268404
-0.024764
0.0315465
-0.021726
0.0358399
-0.0182659
0.0396382
-0.0144341
0.0428594
-0.010296
0.0454261
-0.00593181
0.0472715
-0.00143393
0.048344
0.00309751
0.0486126
0.00756032
0.0480691
0.0118565
0.0467305
0.0158976
0.0446356
0.0196086
0.0418424
0.0229293
0.0384222
0.0258148
0.0344546
0.0282343
0.0300225
0.0301691
0.0252072
0.0316104
0.0200858
0.0325575
0.0147299
0.0330158
0.00920499
0.0329952
0.00357209
0.0325091
-0.00211048
0.0315736
-0.0077841
0.0302077
-0.0133871
0.0284333
-0.0188536
0.0262751
-0.0241124
0.0237617
-0.0290868
0.0209255
-0.0336948
0.0178034
-0.037851
0.0144363
-0.0414686
0.0108695
-0.0444634
0.00715144
-0.0467585
0.00333371
-0.0482892
-0.049009
-0.0051183
-0.044395
-0.0095405
-0.043527
-0.0138195
-0.0419247
-0.0178924
-0.0396371
-0.0217008
-0.0367283
-0.0251916
-0.0332722
-0.0283179
-0.0293483
-0.0310388
-0.0250369
-0.0333194
-0.0204169
-0.0351307
-0.0155632
-0.0364487
-0.0105457
-0.0372542
-0.00542947
-0.0375322
-0.000274865
-0.037272
0.00486147
-0.0364668
0.00992553
-0.0351146
0.0148632
-0.0332191
0.0196182
-0.0307912
0.0241306
-0.0278506
0.0283362
-0.0244277
0.0321672
-0.0205654
0.0355536
-0.0163197
0.0384265
-0.0117603
0.0407214
-0.00696925
0.0423828
-0.00203908
0.0433678
0.0029313
0.0436496
0.00784096
0.04322
0.0125919
0.0420908
0.0170933
0.0402918
0.0212653
0.0378682
0.0250407
0.0348778
0.028366
0.0313859
0.031201
0.027462
0.0335171
0.0231757
0.0352965
0.0185945
0.0365298
0.0137819
0.0372144
0.00879766
0.0373534
0.00369798
0.0369543
-0.00146244
0.0360292
-0.00662836
0.0345938
-0.0117415
0.0326688
-0.0167397
0.0302795
-0.021556
0.0274566
-0.0261181
0.0242368
-0.0303496
0.0206627
-0.0341703
0.0167835
-0.0374991
0.0126538
-0.0402574
0.0083338
-0.0423729
0.00388774
-0.0437848
-0.000617316
-0.044449
-0.00511301
-0.0443434
-0.00953118
-0.0434716
-0.0138054
-0.0418622
-0.0178724
-0.0395645
-0.0216734
-0.0366427
-0.0251552
-0.0331714
-0.0282705
-0.0292303
-0.0309782
-0.0249005
-0.0332433
-0.0202613
-0.0350367
-0.0153883
-0.0363343
-0.0103521
-0.0371169
-0.00521839
-0.0373696
-4.8211e-05
-0.0370819
0.00510107
-0.0362473
0.0101747
-0.0348642
0.0151177
-0.0329367
0.0198731
-0.0304764
0.0243801
-0.027504
0.0285741
-0.024051
0.0323869
-0.0201612
0.0357484
-0.0158919
0.03859
-0.0113138
0.040848
-0.00651003
0.0424678
-0.00157382
0.0434078
0.00339558
0.0436432
0.0082973
0.0431674
0.0130338
0.041994
0.017515
0.0401544
0.0216621
0.0376953
0.0254092
0.0346751
0.0287037
0.0311601
0.0315066
0.0272196
0.0337903
0.0229234
0.0355379
0.0183383
0.0367404
0.0135274
0.037396
0.00854945
0.0375079
0.00346013
0.0370842
-0.00168672
0.0361366
-0.00683658
0.0346814
-0.0119319
0.032739
-0.0169112
0.0303347
-0.0217081
0.0274991
-0.0262512
0.0242687
-0.0304644
0.0206859
-0.0342683
0.0167996
-0.0375823
0.0126643
-0.0403281
0.00833965
-0.0424339
0.00388967
-0.0438392
-0.0445003
-0.0058
-0.0392965
-0.0108064
-0.0385206
-0.015642
-0.0370891
-0.0202326
-0.0350465
-0.0245098
-0.0324511
-0.0284122
-0.0293698
-0.0318863
-0.0258742
-0.0348863
-0.0220369
-0.0373742
-0.017929
-0.0393195
-0.0136179
-0.0406983
-0.00916686
-0.0414932
-0.0046346
-0.0416924
-7.5686e-05
-0.0412896
0.00445867
-0.0402837
0.00891964
-0.0386791
0.0132587
-0.0364868
0.017426
-0.0337254
0.0213692
-0.0304227
0.0250334
-0.0266168
0.0283613
-0.0223577
0.0312945
-0.0177077
0.0337764
-0.0127407
0.0357545
-0.00754174
0.0371839
-0.00220421
0.0380303
0.00317319
0.0382722
0.00849017
0.0379031
0.0136487
0.0369323
0.0185569
0.0353836
0.0231315
0.0332936
0.0273007
0.0307086
0.0310046
0.027682
0.0341955
0.0242711
0.0368371
0.0205341
0.0389035
0.0165281
0.0403776
0.0123078
0.0412498
0.00792549
0.0415168
0.00343101
0.0411808
-0.00112647
0.0402494
-0.005697
0.0387358
-0.0102279
0.0366591
-0.014663
0.0340449
-0.0189417
0.0309259
-0.0229991
0.0273422
-0.0267659
0.023342
-0.0301701
0.0189813
-0.0331384
0.0143237
-0.0355999
0.00943975
-0.037489
0.00440543
-0.0387505
-0.000699414
-0.0393442
-0.00579306
-0.0392498
-0.0107941
-0.0384706
-0.0156235
-0.0370328
-0.0202067
-0.0349813
-0.0244748
-0.0323745
-0.0283664
-0.0292798
-0.0318275
-0.0257692
-0.0348122
-0.0219158
-0.0372823
-0.0177912
-0.0392073
-0.0134634
-0.0405632
-0.00899616
-0.0413327
-0.00444888
-0.0415042
0.000123283
-0.0410717
0.00466851
-0.0400342
0.00913726
-0.0383969
0.0134803
-0.0361711
0.0176473
-0.0333762
0.0215853
-0.030041
0.0252389
-0.0262046
0.0285505
-0.021918
0.0314618
-0.0172445
0.0339165
-0.0122592
0.0358627
-0.00704782
0.0372564
-0.00170442
0.0380644
0.00367203
0.0382667
0.00898128
0.0378581
0.0141257
0.0368496
0.019014
0.0352661
0.023564
0.0331453
0.0277046
0.0305345
0.0313773
0.0274874
0.0345352
0.0240617
0.0371432
0.0203154
0.0391762
0.0163054
0.0406176
0.0120859
0.0414586
0.0077085
0.0416962
0.00322253
0.041333
-0.00132352
0.0403768
-0.00588036
0.0388408
-0.010396
0.0367443
-0.0148147
0.0341128
-0.0190766
0.0309789
-0.0231173
0.0273826
-0.0268682
0.0233719
-0.0302576
0.0190025
-0.0332129
0.0143378
-0.0356633
0.00944782
-0.0375439
0.00440825
-0.0387997
-0.0393906
-0.00641908
-0.0336537
-0.0119559
-0.0329838
-0.0172966
-0.0317483
-0.0223568
-0.0299864
-0.0270589
-0.0277489
-0.0313343
-0.0250944
-0.0351232
-0.0220852
-0.0383757
-0.0187844
-0.0410509
-0.0152537
-0.043117
-0.0115518
-0.0445504
-0.00773352
-0.045335
-0.00384996
-0.0454621
5.14471e-05
-0.0449296
0.00392615
-0.0437415
0.00773148
-0.0419081
0.0114253
-0.0394471
0.014965
-0.0363842
0.0183063
-0.0327543
0.0214035
-0.0286025
0.0242095
-0.0239849
0.026677
-0.0189689
0.0287604
-0.0136324
0.030418
-0.00806271
0.0316142
-0.00235423
0.0323218
0.00339406
0.0325239
0.00908186
0.0322153
0.0146108
0.0314033
0.0198876
0.0301068
0.0248265
0.0283547
0.0293515
0.0261836
0.0333972
0.0236363
0.0369097
0.0207586
0.0398456
0.0175981
0.0421718
0.0142018
0.0438643
0.0106154
0.0449068
0.00688297
0.0452903
0.00304757
0.045012
-0.000848146
0.0440755
-0.0047606
0.0424916
-0.00864397
0.0402779
-0.0124494
0.0374604
-0.0161242
0.0340733
-0.019612
0.0301602
-0.0228527
0.0257738
-0.0257837
0.0209765
-0.0283412
0.01584
-0.0304634
0.0104441
-0.0320931
0.00487562
-0.0331819
-0.00077397
-0.0336946
-0.00641068
-0.0336131
-0.0119409
-0.0329403
-0.0172743
-0.0316995
-0.0223256
-0.0299299
-0.0270173
-0.0276828
-0.0312802
-0.0250169
-0.0350544
-0.021995
-0.0382896
-0.0186806
-0.0409451
-0.0151357
-0.0429887
-0.0114197
-0.044397
-0.00758786
-0.0451542
-0.00369176
-0.0452515
0.000220626
-0.0446872
0.00410422
-0.0434657
0.00791576
-0.041598
0.0116126
-0.0391022
0.0151515
-0.0360049
0.018488
-0.0323418
0.0215758
-0.0281592
0.0243678
-0.023514
0.0268167
-0.0184747
0.0288772
-0.0131201
0.0305081
-0.00753816
0.0316745
-0.00182391
0.0323502
0.00392345
0.0325193
0.00960366
0.0321779
0.0151187
0.0313345
0.0203758
0.030009
0.0252901
0.028231
0.0297864
0.0260381
0.0338005
0.0234733
0.0372793
0.0205829
0.0401806
0.0174142
0.042472
0.014014
0.0441301
0.0104277
0.0451395
0.00669909
0.0454915
0.00287053
0.0451838
-0.0010158
0.0442203
-0.00491688
0.0426118
-0.00878743
0.0403762
-0.0125791
0.0375394
-0.0162398
0.0341356
-0.0197135
0.0302081
-0.0229407
0.0258096
-0.0258591
0.0210023
-0.0284055
0.0158573
-0.0305183
0.0104541
-0.0321408
0.00487923
-0.0332248
-0.0337351
-0.00696192
-0.0275338
-0.0129637
-0.026982
-0.0187472
-0.0259648
-0.0242187
-0.0245149
-0.029293
-0.0226746
-0.0338948
-0.0204926
-0.0379595
-0.0180206
-0.0414331
-0.0153108
-0.0442726
-0.0124142
-0.0464449
-0.00937946
-0.0479266
-0.00625185
-0.048703
-0.00307354
-0.0487679
0.000116299
-0.0481225
0.00328082
-0.0467755
0.00638446
-0.0447425
0.00939232
-0.042047
0.0122694
-0.0387207
0.0149801
-0.0348049
0.0174877
-0.0303505
0.0197551
-0.0254189
0.0217454
-0.0200817
0.0234231
-0.0144199
0.0247562
-0.00852297
0.0257172
-0.00248655
0.0262854
0.00358978
0.0264476
0.00960531
0.0261997
0.015461
0.0255476
0.0210621
0.0245057
0.0263206
0.0230961
0.0311571
0.0213471
0.0355018
0.0192916
0.0392952
0.0169653
0.0424881
0.0144052
0.0450412
0.0116488
0.0469241
0.00873244
0.048115
0.00569208
0.0485996
0.00256296
0.048371
-0.000619485
0.0474294
-0.00381902
0.0457832
-0.00699778
0.0434492
-0.0101154
0.0404534
-0.0131284
0.0368316
-0.0159902
0.0326299
-0.018651
0.0279052
-0.021059
0.0227256
-0.0231616
0.0171695
-0.0249072
0.0113249
-0.0262485
0.00528797
-0.027145
-0.000839341
-0.0275673
-0.00695228
-0.0275001
-0.0129465
-0.026946
-0.0187215
-0.0259245
-0.0241831
-0.0244683
-0.0292457
-0.0226202
-0.0338337
-0.020429
-0.0378821
-0.0179466
-0.041337
-0.0152257
-0.0441549
-0.0123178
-0.046303
-0.00927161
-0.0477578
-0.00613306
-0.0485049
-0.00294469
-0.0485381
0.000253892
-0.0478593
0.00342541
-0.0464774
0.00653384
-0.0444087
0.00954385
-0.0416772
0.0124201
-0.0383158
0.0151265
-0.0343663
0.0176263
-0.0298807
0.0198822
-0.0249214
0.0218574
-0.0195609
0.0235167
-0.0138811
0.0248283
-0.00797209
0.0257655
-0.00192998
0.0263081
0.00414544
0.0264439
0.0101535
0.0261699
0.0159953
0.0254926
0.0215769
0.0244274
0.0268108
0.0229971
0.0316186
0.0212304
0.0359312
0.0191607
0.0396903
0.0168238
0.0428477
0.0142568
0.0453647
0.011497
0.0472119
0.00858051
0.048368
0.00554293
0.0488194
0.00241913
0.0485595
-0.000755894
0.047589
-0.00394635
0.0459164
-0.00711482
0.0435587
-0.0102214
0.0405419
-0.013223
0.0369017
-0.0160733
0.0326842
-0.0187232
0.0279461
-0.021121
0.0227551
-0.0232145
0.0171894
-0.0249526
0.0113365
-0.0262879
0.00529223
-0.0271805
-0.0276008
-0.00741537
-0.0210153
-0.0138055
-0.020592
-0.0199586
-0.0198117
-0.0257734
-0.0187
-0.0311583
-0.0172897
-0.0360326
-0.0156183
-0.0403274
-0.0137258
-0.0439859
-0.0116523
-0.046963
-0.00943715
-0.0492248
-0.00711765
-0.0507479
-0.00472868
-0.0515189
-0.00230256
-0.0515333
0.000130697
-0.0507953
0.00254281
-0.049317
0.00490617
-0.0471185
0.00719381
-0.0442281
0.00937898
-0.0406827
0.0114347
-0.0365286
0.0133336
-0.0318215
0.015048
-0.026627
0.0165509
-0.0210201
0.0178163
-0.0150846
0.0188207
-0.00891167
0.0195443
-0.00259818
0.0199719
0.00375548
0.0200939
0.0100479
0.0199074
0.016179
0.0194165
0.0220529
0.0186318
0.0275796
0.0175695
0.0326767
0.01625
0.037271
0.0146974
0.0412985
0.0129378
0.0447052
0.0109985
0.0474465
0.00890737
0.0494873
0.00669172
0.0508006
0.00437873
0.0513681
0.00199544
0.0511794
-0.000430742
0.0502321
-0.00287175
0.0485329
-0.00529855
0.0460977
-0.0076802
0.0429526
-0.00998336
0.0391346
-0.0121722
0.034692
-0.0142084
0.0296851
-0.0160521
0.0241863
-0.0176628
0.0182799
-0.0190007
0.0120606
-0.0200292
0.00563245
-0.0207169
-0.000893944
-0.0210409
-0.00740471
-0.0209894
-0.0137865
-0.0205643
-0.0199303
-0.0197807
-0.0257343
-0.0186643
-0.0311065
-0.017248
-0.0359658
-0.0155696
-0.0402432
-0.0136692
-0.0438815
-0.0115874
-0.0468357
-0.00936358
-0.0490719
-0.00703548
-0.0505667
-0.00463826
-0.0513068
-0.00220458
-0.0512881
0.000235227
-0.0505152
0.00265253
-0.0490008
0.00501938
-0.0467654
0.00730849
-0.0438382
0.00949283
-0.0402569
0.0115452
-0.0360686
0.013438
-0.03133
0.0151437
-0.0261077
0.0166351
-0.0204776
0.0178865
-0.0145241
0.0188748
-0.00833908
0.0195805
-0.00201991
0.0199889
0.00433284
0.0200912
0.0106178
0.019885
0.0167352
0.0193752
0.0225895
0.0185731
0.0280916
0.0174951
0.0331598
0.0161622
0.0377216
0.0145988
0.0417143
0.0128311
0.0450846
0.0108865
0.047789
0.00879261
0.0497928
0.00657669
0.0510701
0.00426565
0.051603
0.00188626
0.0513815
-0.000534396
0.0504037
-0.00296861
0.0486766
-0.00538766
0.0462162
-0.00776096
0.0430487
-0.0100555
0.039211
-0.0122357
0.0347514
-0.0142636
0.02973
-0.0160996
0.0242189
-0.0177034
0.0183019
-0.0190356
0.0120735
-0.0200595
0.00563723
-0.0207442
-0.0210667
-0.0077675
-0.0141873
-0.0144591
-0.0139004
-0.0208991
-0.0133717
-0.0269803
-0.0126188
-0.0326061
-0.0116639
-0.0376916
-0.0105328
-0.042165
-0.00925239
-0.0459671
-0.00785019
-0.0490515
-0.00635282
-0.0513835
-0.0047856
-0.05294
-0.00317216
-0.0537082
-0.00153437
-0.053685
0.000107522
-0.0528766
0.0017344
-0.0512978
0.00332734
-0.048972
0.00486794
-0.0459311
0.00633811
-0.0422161
0.00771974
-0.0378772
0.00899461
-0.0329736
0.0101445
-0.0275743
0.0111515
-0.0217567
0.0119987
-0.0156068
0.0126708
-0.00921716
0.0131547
-0.00268585
0.0134406
0.00388593
0.0135221
0.0103959
0.0133974
0.0167432
0.0130692
0.0228307
0.0125443
0.0285668
0.0118334
0.033867
0.0109498
0.0386551
0.00990921
0.0428641
0.00872877
0.0464361
0.0074265
0.0493228
0.00602072
0.0514848
0.00452972
0.0528918
0.00297175
0.0535221
0.00136513
0.0533628
-0.000271407
0.0524097
-0.00191868
0.0506682
-0.00355708
0.0481537
-0.00516573
0.0448924
-0.00672206
0.040922
-0.00820175
0.0362925
-0.00957888
0.0310667
-0.0108263
0.0253204
-0.0119165
0.0191421
-0.0128224
0.0126319
-0.013519
0.0059
-0.013985
-0.000936342
-0.0142046
-0.00775607
-0.0141696
-0.0144388
-0.0138816
-0.0208688
-0.0133507
-0.0269385
-0.0125946
-0.0325508
-0.0116357
-0.0376206
-0.0104998
-0.0420756
-0.00921418
-0.0458567
-0.00780635
-0.048917
-0.00630319
-0.0512223
-0.0047302
-0.0527493
-0.00311125
-0.0534855
-0.0014684
-0.0534281
0.000177859
-0.0525838
0.00180818
-0.0509678
0.00340339
-0.0486042
0.00494491
-0.0455258
0.00641444
-0.0417744
0.00779374
-0.0374009
0.00906451
-0.0324656
0.0102085
-0.0270383
0.0112078
-0.0211974
0.0120456
-0.0150294
0.0127069
-0.00862777
0.0131788
-0.00209078
0.0134519
0.00448008
0.0135203
0.0109826
0.0133825
0.0173162
0.0130416
0.0233841
0.0125051
0.0290955
0.0117837
0.0343665
0.0108912
0.039122
0.0098433
0.0432957
0.00865739
0.0468308
0.00735145
0.0496797
0.00594375
0.0518038
0.00445249
0.0531737
0.00289576
0.0537683
0.00129171
0.0535751
-0.000341158
0.0525903
-0.0019839
0.0508198
-0.00361713
0.048279
-0.00522019
0.0449943
-0.00677072
0.0410033
-0.00824463
0.0363559
-0.00961617
0.0311147
-0.0108584
0.0253553
-0.011944
0.0191658
-0.012846
0.0126458
-0.0135396
0.00590517
-0.0140035
-0.0142221
-0.00800841
-0.00714742
-0.0149062
-0.00700254
-0.0215423
-0.00673564
-0.0278056
-0.00635555
-0.0335959
-0.00587366
-0.0388257
-0.00530291
-0.043421
-0.00465706
-0.0473213
-0.00394993
-0.0504791
-0.00319502
-0.0528596
-0.00240511
-0.0544396
-0.00159213
-0.0552069
-0.000767106
-0.0551592
5.97903e-05
-0.0543037
0.00087895
-0.0526571
0.00168072
-0.0502449
0.00245576
-0.0471017
0.00319493
-0.0432711
0.00388915
-0.0388058
0.00452934
-0.0337678
0.00510641
-0.0282277
0.0056115
-0.0222653
0.00603623
-0.0159675
0.00637303
-0.00942833
0.00661548
-0.00274645
0.00675869
0.00397614
0.00679954
0.0106365
0.00673706
0.017133
0.00657262
0.0233677
0.00630965
0.0292478
0.00595333
0.0346873
0.00551031
0.0396082
0.0049883
0.0439411
0.00439582
0.0476258
0.00374179
0.0506112
0.00303532
0.0528554
0.00228558
0.0543254
0.00150171
0.0549975
0.000692994
0.0548572
-0.000131071
0.0538992
-0.000960715
0.0521282
-0.00178609
0.0495592
-0.0025967
0.0462183
-0.00338117
0.0421438
-0.00412722
0.0373867
-0.00482174
0.0320113
-0.00545102
0.0260959
-0.00600111
0.0197318
-0.00645833
0.0130228
-0.00681
0.00608308
-0.00704527
-0.000965342
-0.00715615
-0.00799647
-0.00713851
-0.014885
-0.00699304
-0.0215107
-0.00672502
-0.0277619
-0.00634334
-0.0335383
-0.00585942
-0.0387518
-0.0052863
-0.0433282
-0.00463779
-0.0472067
-0.00392785
-0.0503398
-0.00317002
-0.0526928
-0.00237722
-0.0542426
-0.00156148
-0.0549771
-0.000733924
-0.0548944
9.51603e-05
-0.0540022
0.000916032
-0.0523178
0.00171892
-0.0498672
0.0024944
-0.046686
0.00323323
-0.0428186
0.00392627
-0.0383184
0.00456437
-0.0332484
0.00513845
-0.0276803
0.00563967
-0.0216944
0.0060597
-0.0153786
0.00639109
-0.00882738
0.00662755
-0.00213982
0.00676437
0.00458186
0.00679863
0.0112347
0.00672959
0.0177175
0.00655885
0.0239326
0.00629002
0.0297879
0.00592847
0.0351981
0.00548094
0.0400861
0.00495529
0.0443835
0.00436004
0.0480308
0.00370414
0.0509778
0.0029967
0.0531835
0.0022468
0.0546157
0.00146354
0.0552514
0.000656084
0.0550764
-0.000166146
0.054086
-0.000993522
0.0522852
-0.00181631
0.0496891
-0.00262412
0.0463241
-0.00340568
0.0422283
-0.00414882
0.0374526
-0.00484054
0.0320614
-0.00546721
0.0261324
-0.00601498
0.0197566
-0.00647025
0.0130374
-0.0068204
0.00608852
-0.00705464
-0.00716502
-0.00813078
-0.0151333
-0.021869
-0.0282245
-0.0340982
-0.0394011
-0.0440581
-0.0480081
-0.0512031
-0.0536082
-0.0552003
-0.0559674
-0.0559076
-0.0550287
-0.053348
-0.0508922
-0.0476973
-0.0438081
-0.0392788
-0.0341724
-0.0285609
-0.0225247
-0.0161516
-0.00953616
-0.00277747
0.00402206
0.0107591
0.0173317
0.0236414
0.0295947
0.035105
0.0400933
0.0444891
0.0482309
0.0512663
0.0535518
0.0550535
0.0557465
0.0556155
0.0546548
0.0528687
0.050272
0.0468908
0.0427636
0.0379418
0.0324908
0.0264897
0.0200314
0.0132214
0.00617609
-0.000980059
-0.00811857
-0.0151116
-0.0218366
-0.02818
-0.0340394
-0.0393257
-0.0439635
-0.0478913
-0.0510613
-0.0534386
-0.055
-0.055734
-0.0556388
-0.0547228
-0.0530039
-0.0505095
-0.0472762
-0.04335
-0.0387856
-0.0336471
-0.0280075
-0.0219478
-0.0155567
-0.00892914
-0.00216477
0.00463386
0.0113634
0.0179223
0.0242123
0.0301408
0.0356217
0.040577
0.044937
0.0486412
0.0516379
0.0538847
0.0553482
0.0560043
0.0558382
0.0548446
0.0530283
0.0504042
0.0469985
0.0428497
0.0380092
0.0325419
0.026527
0.0200567
0.0132363
0.00618167
)
;

boundaryField
{
    top
    {
        type            calculated;
        value           nonuniform List<scalar> 
102
(
0
0
0
-5.42101e-20
0
0
0
0
0
0
0
0
0
0
0
0
0
0
0
0
0
0
0
0
0
0
0
0
0
0
0
0
-2.1684e-19
0
0
0
0
0
0
0
0
0
0
0
0
0
0
-5.42101e-20
0
0
0
0
0
0
0
0
0
0
0
0
0
0
0
0
0
0
0
0
0
0
0
0
0
0
0
0
0
0
0
0
0
0
0
-2.1684e-19
2.1684e-19
2.1684e-19
0
0
0
0
0
0
0
0
0
0
0
0
0
0
0
0
)
;
    }
    bottom
    {
        type            calculated;
        value           uniform 0;
    }
    frontAndBack
    {
        type            empty;
        value           nonuniform 0();
    }
    left_cyc
    {
        type            cyclic;
        value           nonuniform List<scalar> 
30
(
-0.000443467
-0.000662186
-0.000742278
-0.000776484
-0.000783368
-0.000768831
-0.000736786
-0.000690551
-0.00063285
-0.000565897
-0.000491479
-0.000411018
-0.000325655
-0.000236313
-0.000143772
-4.8734e-05
4.81202e-05
0.00014607
0.000244304
0.000341884
0.000437717
0.000530552
0.000618977
0.000701451
0.000776347
0.000842013
0.000896859
0.000939444
0.000968571
0.000983353
)
;
    }
    right_cyc
    {
        type            cyclic;
        value           nonuniform List<scalar> 
30
(
0.000443467
0.000662186
0.000742278
0.000776484
0.000783368
0.000768831
0.000736786
0.000690551
0.00063285
0.000565897
0.000491479
0.000411018
0.000325655
0.000236313
0.000143772
4.8734e-05
-4.81202e-05
-0.00014607
-0.000244304
-0.000341884
-0.000437717
-0.000530552
-0.000618977
-0.000701451
-0.000776347
-0.000842013
-0.000896859
-0.000939444
-0.000968571
-0.000983353
)
;
    }
}


// ************************************************************************* //
