/*--------------------------------*- C++ -*----------------------------------*\
| =========                 |                                                 |
| \\      /  F ield         | OpenFOAM: The Open Source CFD Toolbox           |
|  \\    /   O peration     | Version:  2.3.0                                 |
|   \\  /    A nd           | Web:      www.OpenFOAM.org                      |
|    \\/     M anipulation  |                                                 |
\*---------------------------------------------------------------------------*/
FoamFile
{
    version     2.0;
    format      ascii;
    class       volVectorField;
    location    "19000";
    object      U;
}
// * * * * * * * * * * * * * * * * * * * * * * * * * * * * * * * * * * * * * //

dimensions      [0 1 -1 0 0 0 0];

internalField   nonuniform List<vector> 
3060
(
(6.09563e-06 0 -4.08978e-06)
(1.55886e-05 0 -3.94997e-06)
(2.48466e-05 0 -3.69193e-06)
(3.37359e-05 0 -3.32232e-06)
(4.21337e-05 0 -2.85197e-06)
(4.99313e-05 0 -2.29913e-06)
(5.70354e-05 0 -1.69241e-06)
(6.33695e-05 0 -1.07069e-06)
(6.88704e-05 0 -4.77457e-07)
(7.34799e-05 0 4.95333e-08)
(7.71291e-05 0 4.87495e-07)
(7.97195e-05 0 8.31129e-07)
(8.11086e-05 0 1.08813e-06)
(8.11028e-05 0 1.27142e-06)
(7.94875e-05 0 1.40803e-06)
(7.6071e-05 0 1.56077e-06)
(7.07948e-05 0 1.78618e-06)
(6.38001e-05 0 2.04212e-06)
(5.54412e-05 0 2.20079e-06)
(4.62885e-05 0 2.18118e-06)
(3.69716e-05 0 2.00821e-06)
(2.80386e-05 0 1.73702e-06)
(1.9853e-05 0 1.44398e-06)
(1.24946e-05 0 1.19865e-06)
(5.79641e-06 0 1.0439e-06)
(-5.57881e-07 0 9.97558e-07)
(-6.94535e-06 0 1.06354e-06)
(-1.37377e-05 0 1.23613e-06)
(-2.12322e-05 0 1.49383e-06)
(-2.95583e-05 0 1.78855e-06)
(-3.85858e-05 0 2.0477e-06)
(-4.79073e-05 0 2.19631e-06)
(-5.69518e-05 0 2.18377e-06)
(-6.50878e-05 0 1.99854e-06)
(-7.17737e-05 0 1.7397e-06)
(-7.66954e-05 0 1.52758e-06)
(-7.97461e-05 0 1.38213e-06)
(-8.10183e-05 0 1.23745e-06)
(-8.07118e-05 0 1.03823e-06)
(-7.90435e-05 0 7.61841e-07)
(-7.61981e-05 0 3.96005e-07)
(-7.23102e-05 0 -6.45029e-08)
(-6.74724e-05 0 -6.10524e-07)
(-6.17519e-05 0 -1.21522e-06)
(-5.52087e-05 0 -1.83835e-06)
(-4.79101e-05 0 -2.43639e-06)
(-3.99381e-05 0 -2.97228e-06)
(-3.13909e-05 0 -3.41975e-06)
(-2.23819e-05 0 -3.76243e-06)
(-1.30379e-05 0 -3.99067e-06)
(-3.49572e-06 0 -4.0983e-06)
(6.09998e-06 0 -4.0812e-06)
(1.56023e-05 0 -3.94028e-06)
(2.48684e-05 0 -3.68023e-06)
(3.37639e-05 0 -3.30789e-06)
(4.21654e-05 0 -2.8344e-06)
(4.99634e-05 0 -2.27853e-06)
(5.70641e-05 0 -1.66959e-06)
(6.33899e-05 0 -1.04711e-06)
(6.88764e-05 0 -4.54812e-07)
(7.34633e-05 0 6.98462e-08)
(7.70785e-05 0 5.04774e-07)
(7.96192e-05 0 8.45334e-07)
(8.09377e-05 0 1.09961e-06)
(8.08358e-05 0 1.28075e-06)
(7.90989e-05 0 1.41798e-06)
(7.55404e-05 0 1.57719e-06)
(7.012e-05 0 1.80942e-06)
(6.29985e-05 0 2.06199e-06)
(5.45544e-05 0 2.20572e-06)
(4.53718e-05 0 2.17006e-06)
(3.60792e-05 0 1.98507e-06)
(2.72131e-05 0 1.70862e-06)
(1.91122e-05 0 1.41754e-06)
(1.18304e-05 0 1.17952e-06)
(5.18193e-06 0 1.03469e-06)
(-1.15859e-06 0 9.99051e-07)
(-7.57024e-06 0 1.07562e-06)
(-1.4421e-05 0 1.25764e-06)
(-2.19967e-05 0 1.52148e-06)
(-3.04055e-05 0 1.81624e-06)
(-3.949e-05 0 2.06814e-06)
(-4.88221e-05 0 2.20358e-06)
(-5.78215e-05 0 2.17407e-06)
(-6.58586e-05 0 1.97637e-06)
(-7.24108e-05 0 1.71764e-06)
(-7.71867e-05 0 1.51332e-06)
(-8.00991e-05 0 1.37296e-06)
(-8.12564e-05 0 1.22777e-06)
(-8.08607e-05 0 1.02601e-06)
(-7.91277e-05 0 7.46725e-07)
(-7.62369e-05 0 3.77731e-07)
(-7.23182e-05 0 -8.57356e-08)
(-6.746e-05 0 -6.33804e-07)
(-6.17266e-05 0 -1.23901e-06)
(-5.51762e-05 0 -1.86093e-06)
(-4.78749e-05 0 -2.45646e-06)
(-3.9904e-05 0 -2.9892e-06)
(-3.1361e-05 0 -3.43355e-06)
(-2.23587e-05 0 -3.77363e-06)
(-1.3023e-05 0 -4.00004e-06)
(-3.49032e-06 0 -4.10677e-06)
(9.19198e-06 0 -1.6631e-05)
(2.3581e-05 0 -1.64194e-05)
(3.7805e-05 0 -1.60316e-05)
(5.17703e-05 0 -1.54832e-05)
(6.53926e-05 0 -1.47924e-05)
(7.8593e-05 0 -1.39742e-05)
(9.12879e-05 0 -1.30339e-05)
(0.000103373 0 -1.19623e-05)
(0.000114708 0 -1.07324e-05)
(0.000125101 0 -9.29869e-06)
(0.000134307 0 -7.59603e-06)
(0.000142029 0 -5.53843e-06)
(0.000147911 0 -3.02334e-06)
(0.000151537 0 4.3985e-08)
(0.000152416 0 3.65072e-06)
(0.000150005 0 7.50645e-06)
(0.000143866 0 1.10808e-05)
(0.000133862 0 1.39521e-05)
(0.000120196 0 1.59029e-05)
(0.000103649 0 1.6867e-05)
(8.54071e-05 0 1.68477e-05)
(6.66646e-05 0 1.59728e-05)
(4.83859e-05 0 1.46548e-05)
(3.10379e-05 0 1.33769e-05)
(1.45761e-05 0 1.25046e-05)
(-1.38982e-06 0 1.22332e-05)
(-1.74027e-05 0 1.26151e-05)
(-3.39916e-05 0 1.35749e-05)
(-5.15005e-05 0 1.48881e-05)
(-6.98916e-05 0 1.61606e-05)
(-8.86026e-05 0 1.69046e-05)
(-0.000106603 0 1.67439e-05)
(-0.000122678 0 1.55974e-05)
(-0.000135684 0 1.3465e-05)
(-0.000144944 0 1.04355e-05)
(-0.000150336 0 6.75912e-06)
(-0.000152051 0 2.89892e-06)
(-0.000150567 0 -6.32612e-07)
(-0.000146427 0 -3.60364e-06)
(-0.000140109 0 -6.03416e-06)
(-0.000132018 0 -8.02455e-06)
(-0.000122501 0 -9.67533e-06)
(-0.000111848 0 -1.10687e-05)
(-0.000100294 0 -1.22661e-05)
(-8.80221e-05 0 -1.33096e-05)
(-7.51652e-05 0 -1.42225e-05)
(-6.18232e-05 0 -1.50109e-05)
(-4.80788e-05 0 -1.56672e-05)
(-3.40127e-05 0 -1.61754e-05)
(-1.9712e-05 0 -1.65177e-05)
(-5.27287e-06 0 -1.66799e-05)
(9.20346e-06 0 -1.66542e-05)
(2.36149e-05 0 -1.6442e-05)
(3.78611e-05 0 -1.6053e-05)
(5.18481e-05 0 -1.55028e-05)
(6.54911e-05 0 -1.48092e-05)
(7.87099e-05 0 -1.39867e-05)
(9.1419e-05 0 -1.30396e-05)
(0.000103511 0 -1.19574e-05)
(0.00011484 0 -1.07116e-05)
(0.00012521 0 -9.25505e-06)
(0.00013437 0 -7.52083e-06)
(0.000142015 0 -5.42121e-06)
(0.000147784 0 -2.85287e-06)
(0.000151253 0 2.75463e-07)
(0.000151921 0 3.93371e-06)
(0.000149244 0 7.80087e-06)
(0.000142807 0 1.13379e-05)
(0.000132497 0 1.41404e-05)
(0.000118563 0 1.60079e-05)
(0.000101841 0 1.68858e-05)
(8.35321e-05 0 1.67794e-05)
(6.48226e-05 0 1.58462e-05)
(4.66386e-05 0 1.45157e-05)
(2.93959e-05 0 1.32667e-05)
(1.30085e-05 0 1.24489e-05)
(-2.93615e-06 0 1.22424e-05)
(-1.89863e-05 0 1.26875e-05)
(-3.56612e-05 0 1.36965e-05)
(-5.32775e-05 0 1.50285e-05)
(-7.17514e-05 0 1.62754e-05)
(-9.04703e-05 0 1.69507e-05)
(-0.000108375 0 1.67019e-05)
(-0.000124245 0 1.54691e-05)
(-0.000136967 0 1.32559e-05)
(-0.000145921 0 1.01642e-05)
(-0.000151019 0 6.46195e-06)
(-0.000152482 0 2.62648e-06)
(-0.000150802 0 -8.48219e-07)
(-0.000146517 0 -3.75923e-06)
(-0.000140095 0 -6.13941e-06)
(-0.000131937 0 -8.09074e-06)
(-0.00012238 0 -9.71252e-06)
(-0.000111709 0 -1.10851e-05)
(-0.000100153 0 -1.22682e-05)
(-8.78896e-05 0 -1.33022e-05)
(-7.50481e-05 0 -1.4209e-05)
(-6.17251e-05 0 -1.49936e-05)
(-4.80015e-05 0 -1.56473e-05)
(-3.39571e-05 0 -1.61538e-05)
(-1.96786e-05 0 -1.64951e-05)
(-5.26188e-06 0 -1.66567e-05)
(1.0303e-05 0 -3.1634e-05)
(2.642e-05 0 -3.12969e-05)
(4.23204e-05 0 -3.06744e-05)
(5.78728e-05 0 -2.97846e-05)
(7.29459e-05 0 -2.86462e-05)
(8.74057e-05 0 -2.72711e-05)
(0.000101113 0 -2.56558e-05)
(0.00011392 0 -2.37755e-05)
(0.000125671 0 -2.15834e-05)
(0.000136204 0 -1.90137e-05)
(0.000145358 0 -1.59857e-05)
(0.000152981 0 -1.24085e-05)
(0.000158944 0 -8.18815e-06)
(0.00016315 0 -3.23921e-06)
(0.00016552 0 2.51349e-06)
(0.000165873 0 9.15251e-06)
(0.000163636 0 1.66803e-05)
(0.00015782 0 2.4618e-05)
(0.000147468 0 3.16266e-05)
(0.000132098 0 3.6229e-05)
(0.000112421 0 3.81941e-05)
(9.00334e-05 0 3.79729e-05)
(6.66449e-05 0 3.63332e-05)
(4.33554e-05 0 3.432e-05)
(2.05393e-05 0 3.28185e-05)
(-1.94259e-06 0 3.23341e-05)
(-2.44547e-05 0 3.30077e-05)
(-4.73411e-05 0 3.46376e-05)
(-7.06721e-05 0 3.6648e-05)
(-9.39539e-05 0 3.80992e-05)
(-0.000115958 0 3.79671e-05)
(-0.000134924 0 3.55403e-05)
(-0.000149367 0 3.04378e-05)
(-0.000158794 0 2.31181e-05)
(-0.000163837 0 1.5165e-05)
(-0.000165484 0 7.76845e-06)
(-0.000164682 0 1.28005e-06)
(-0.00016191 0 -4.33593e-06)
(-0.000157313 0 -9.1592e-06)
(-0.000150969 0 -1.32656e-05)
(-0.000142983 0 -1.67426e-05)
(-0.000133489 0 -1.96842e-05)
(-0.000122645 0 -2.21799e-05)
(-0.000110612 0 -2.43081e-05)
(-9.75553e-05 0 -2.61315e-05)
(-8.36292e-05 0 -2.7693e-05)
(-6.89816e-05 0 -2.90127e-05)
(-5.37519e-05 0 -3.00908e-05)
(-3.8075e-05 0 -3.09137e-05)
(-2.20832e-05 0 -3.14623e-05)
(-5.90927e-06 0 -3.17204e-05)
(1.03133e-05 0 -3.16797e-05)
(2.64509e-05 0 -3.13414e-05)
(4.23703e-05 0 -3.07164e-05)
(5.79389e-05 0 -2.98225e-05)
(7.30238e-05 0 -2.86778e-05)
(8.74895e-05 0 -2.72931e-05)
(0.000101194 0 -2.56634e-05)
(0.000113989 0 -2.37621e-05)
(0.000125714 0 -2.15409e-05)
(0.000136208 0 -1.89321e-05)
(0.000145306 0 -1.58539e-05)
(0.000152858 0 -1.22149e-05)
(0.000158735 0 -7.92131e-06)
(0.000162842 0 -2.88964e-06)
(0.000165099 0 2.95453e-06)
(0.000165305 0 9.69318e-06)
(0.000162839 0 1.73058e-05)
(0.000156697 0 2.52423e-05)
(0.000145933 0 3.20929e-05)
(0.000130159 0 3.64558e-05)
(0.000110193 0 3.82036e-05)
(8.76803e-05 0 3.78216e-05)
(6.42943e-05 0 3.61121e-05)
(4.10643e-05 0 3.41257e-05)
(1.8303e-05 0 3.27159e-05)
(-4.16209e-06 0 3.23512e-05)
(-2.67034e-05 0 3.314e-05)
(-4.96506e-05 0 3.48477e-05)
(-7.30327e-05 0 3.68605e-05)
(-9.62888e-05 0 3.82136e-05)
(-0.000118124 0 3.79032e-05)
(-0.000136761 0 3.52491e-05)
(-0.000150783 0 2.99129e-05)
(-0.000159818 0 2.2479e-05)
(-0.000164558 0 1.45569e-05)
(-0.000166003 0 7.25407e-06)
(-0.000165066 0 8.63801e-07)
(-0.000162186 0 -4.66313e-06)
(-0.000157494 0 -9.40607e-06)
(-0.000151068 0 -1.34423e-05)
(-0.000143014 0 -1.68605e-05)
(-0.000133469 0 -1.9755e-05)
(-0.000122588 0 -2.22144e-05)
(-0.000110534 0 -2.43158e-05)
(-9.7467e-05 0 -2.61202e-05)
(-8.35408e-05 0 -2.76687e-05)
(-6.89005e-05 0 -2.89797e-05)
(-5.36839e-05 0 -3.00521e-05)
(-3.80238e-05 0 -3.08712e-05)
(-2.20514e-05 0 -3.14175e-05)
(-5.89836e-06 0 -3.16746e-05)
(1.07812e-05 0 -4.83517e-05)
(2.76269e-05 0 -4.78307e-05)
(4.41944e-05 0 -4.68634e-05)
(6.03152e-05 0 -4.54683e-05)
(7.5822e-05 0 -4.36641e-05)
(9.05487e-05 0 -4.14626e-05)
(0.000104332 0 -3.88617e-05)
(0.000117013 0 -3.58421e-05)
(0.000128441 0 -3.23678e-05)
(0.000138477 0 -2.83892e-05)
(0.000146997 0 -2.38473e-05)
(0.000153893 0 -1.86762e-05)
(0.000159078 0 -1.28037e-05)
(0.00016248 0 -6.14407e-06)
(0.000164032 0 1.42873e-06)
(0.000163654 0 1.00979e-05)
(0.000161259 0 1.99669e-05)
(0.00015673 0 3.07761e-05)
(0.000149653 0 4.18641e-05)
(0.000138813 0 5.20671e-05)
(0.000122673 0 5.92062e-05)
(0.000101376 0 6.19403e-05)
(7.6695e-05 0 6.14546e-05)
(5.05997e-05 0 5.95874e-05)
(2.41703e-05 0 5.79049e-05)
(-2.26867e-06 0 5.73286e-05)
(-2.8704e-05 0 5.8116e-05)
(-5.50959e-05 0 5.98985e-05)
(-8.10208e-05 0 6.16295e-05)
(-0.000105226 0 6.1659e-05)
(-0.000125671 0 5.81643e-05)
(-0.000140769 0 5.02824e-05)
(-0.00015077 0 3.97724e-05)
(-0.000157284 0 2.86503e-05)
(-0.000161368 0 1.7951e-05)
(-0.000163339 0 8.27295e-06)
(-0.000163305 0 -2.03843e-07)
(-0.00016135 0 -7.61812e-06)
(-0.000157552 0 -1.41447e-05)
(-0.000151978 0 -1.98985e-05)
(-0.000144704 0 -2.49608e-05)
(-0.00013582 0 -2.94019e-05)
(-0.000125439 0 -3.32861e-05)
(-0.00011369 0 -3.66708e-05)
(-0.000100717 0 -3.96036e-05)
(-8.66739e-05 0 -4.21173e-05)
(-7.17224e-05 0 -4.42278e-05)
(-5.60286e-05 0 -4.59341e-05)
(-3.97608e-05 0 -4.72228e-05)
(-2.30884e-05 0 -4.80753e-05)
(-6.18178e-06 0 -4.84747e-05)
(1.07874e-05 0 -4.84118e-05)
(2.76473e-05 0 -4.78879e-05)
(4.42266e-05 0 -4.6915e-05)
(6.03551e-05 0 -4.5511e-05)
(7.58638e-05 0 -4.3694e-05)
(9.05848e-05 0 -4.14744e-05)
(0.000104353 0 -3.88491e-05)
(0.000117008 0 -3.57973e-05)
(0.000128399 0 -3.22817e-05)
(0.000138385 0 -2.82519e-05)
(0.000146841 0 -2.36483e-05)
(0.000153661 0 -1.84048e-05)
(0.000158759 0 -1.24494e-05)
(0.000162062 0 -5.69497e-06)
(0.000163502 0 1.98844e-06)
(0.000163 0 1.07856e-05)
(0.000160465 0 2.07783e-05)
(0.000155775 0 3.16661e-05)
(0.000148456 0 4.27537e-05)
(0.000137216 0 5.27967e-05)
(0.000120589 0 5.95493e-05)
(9.89201e-05 0 6.19252e-05)
(7.40636e-05 0 6.12503e-05)
(4.79303e-05 0 5.93623e-05)
(2.15089e-05 0 5.77775e-05)
(-4.92503e-06 0 5.73502e-05)
(-3.13687e-05 0 5.82786e-05)
(-5.77629e-05 0 6.0133e-05)
(-8.3623e-05 0 6.18e-05)
(-0.000107598 0 6.15908e-05)
(-0.000127627 0 5.77048e-05)
(-0.000142239 0 4.94855e-05)
(-0.000151888 0 3.88709e-05)
(-0.000158189 0 2.7774e-05)
(-0.000162119 0 1.71692e-05)
(-0.000163956 0 7.61987e-06)
(-0.0001638 0 -7.32785e-07)
(-0.000161737 0 -8.04127e-06)
(-0.000157843 0 -1.44765e-05)
(-0.000152185 0 -2.01504e-05)
(-0.000144838 0 -2.51433e-05)
(-0.000135894 0 -2.95255e-05)
(-0.000125465 0 -3.33612e-05)
(-0.000113682 0 -3.67073e-05)
(-0.000100686 0 -3.96099e-05)
(-8.66296e-05 0 -4.2101e-05)
(-7.16743e-05 0 -4.41948e-05)
(-5.59839e-05 0 -4.58892e-05)
(-3.97248e-05 0 -4.71699e-05)
(-2.30649e-05 0 -4.80173e-05)
(-6.17286e-06 0 -4.84144e-05)
(1.08786e-05 0 -6.55946e-05)
(2.78601e-05 0 -6.48666e-05)
(4.4518e-05 0 -6.35112e-05)
(6.06578e-05 0 -6.1549e-05)
(7.60897e-05 0 -5.90011e-05)
(9.06301e-05 0 -5.58832e-05)
(0.000104105 0 -5.21991e-05)
(0.000116351 0 -4.79379e-05)
(0.000127223 0 -4.30741e-05)
(0.000136591 0 -3.75707e-05)
(0.000144341 0 -3.13831e-05)
(0.000150379 0 -2.44619e-05)
(0.000154622 0 -1.67532e-05)
(0.000157003 0 -8.19254e-06)
(0.000157468 0 1.30756e-06)
(0.000156008 0 1.18574e-05)
(0.000152688 0 2.35204e-05)
(0.000147585 0 3.62208e-05)
(0.00014065 0 4.97306e-05)
(0.000131613 0 6.33884e-05)
(0.000119529 0 7.56395e-05)
(0.000102522 0 8.40752e-05)
(7.99036e-05 0 8.71924e-05)
(5.36997e-05 0 8.68668e-05)
(2.5908e-05 0 8.5689e-05)
(-2.41687e-06 0 8.52056e-05)
(-3.06886e-05 0 8.5839e-05)
(-5.82829e-05 0 8.69833e-05)
(-8.3997e-05 0 8.68772e-05)
(-0.000105701 0 8.28554e-05)
(-0.000121662 0 7.35265e-05)
(-0.000133054 0 6.0849e-05)
(-0.000141639 0 4.71063e-05)
(-0.000148193 0 3.36886e-05)
(-0.000152931 0 2.11363e-05)
(-0.000155871 0 9.64584e-06)
(-0.000156928 0 -7.33598e-07)
(-0.00015605 0 -1.00816e-05)
(-0.000153258 0 -1.85055e-05)
(-0.00014861 0 -2.60864e-05)
(-0.000142177 0 -3.28852e-05)
(-0.000134044 0 -3.89538e-05)
(-0.000124311 0 -4.43403e-05)
(-0.000113095 0 -4.90878e-05)
(-0.000100531 0 -5.32312e-05)
(-8.67726e-05 0 -5.67933e-05)
(-7.19852e-05 0 -5.9782e-05)
(-5.63479e-05 0 -6.21908e-05)
(-4.00478e-05 0 -6.40031e-05)
(-2.3278e-05 0 -6.51977e-05)
(-6.23557e-06 0 -6.57562e-05)
(1.08799e-05 0 -6.56681e-05)
(2.78679e-05 0 -6.49354e-05)
(4.45294e-05 0 -6.35709e-05)
(6.06683e-05 0 -6.15945e-05)
(7.60928e-05 0 -5.90267e-05)
(9.06179e-05 0 -5.58821e-05)
(0.000104068 0 -5.21633e-05)
(0.000116279 0 -4.78583e-05)
(0.000127104 0 -4.29407e-05)
(0.000136413 0 -3.7373e-05)
(0.000144094 0 -3.11104e-05)
(0.000150049 0 -2.41039e-05)
(0.000154199 0 -1.63e-05)
(0.000156475 0 -7.63393e-06)
(0.000156826 0 1.98304e-06)
(0.000155249 0 1.26602e-05)
(0.000151812 0 2.44507e-05)
(0.00014659 0 3.72643e-05)
(0.000139516 0 5.08526e-05)
(0.000130286 0 6.44816e-05)
(0.000117861 0 7.65103e-05)
(0.000100326 0 8.44772e-05)
(7.72927e-05 0 8.71766e-05)
(5.08905e-05 0 8.66993e-05)
(2.30305e-05 0 8.55726e-05)
(-5.30824e-06 0 8.52261e-05)
(-3.35546e-05 0 8.59831e-05)
(-6.10556e-05 0 8.71352e-05)
(-8.65174e-05 0 8.68039e-05)
(-0.000107748 0 8.23101e-05)
(-0.000123216 0 7.257e-05)
(-0.000134317 0 5.97312e-05)
(-0.000142731 0 4.5998e-05)
(-0.000149152 0 3.26723e-05)
(-0.000153773 0 2.02383e-05)
(-0.000156596 0 8.87682e-06)
(-0.000157536 0 -1.37745e-06)
(-0.000156545 0 -1.06119e-05)
(-0.000153652 0 -1.89333e-05)
(-0.000148913 0 -2.64219e-05)
(-0.0001424 0 -3.31382e-05)
(-0.0001342 0 -3.91347e-05)
(-0.000124411 0 -4.44597e-05)
(-0.000113151 0 -4.91561e-05)
(-0.000100555 0 -5.32582e-05)
(-8.67739e-05 0 -5.67878e-05)
(-7.19731e-05 0 -5.97515e-05)
(-5.63301e-05 0 -6.21419e-05)
(-4.00302e-05 0 -6.39412e-05)
(-2.32649e-05 0 -6.51276e-05)
(-6.22931e-06 0 -6.56822e-05)
(1.06769e-05 0 -8.25522e-05)
(2.73296e-05 0 -8.15847e-05)
(4.36274e-05 0 -7.97823e-05)
(5.93592e-05 0 -7.71703e-05)
(7.43213e-05 0 -7.37778e-05)
(8.8321e-05 0 -6.96311e-05)
(0.00010118 0 -6.47482e-05)
(0.000112735 0 -5.91352e-05)
(0.000122846 0 -5.27862e-05)
(0.00013139 0 -4.56836e-05)
(0.000138264 0 -3.78011e-05)
(0.000143385 0 -2.91047e-05)
(0.000146684 0 -1.95531e-05)
(0.000148109 0 -9.09584e-06)
(0.000147631 0 2.32775e-06)
(0.000145263 0 1.47745e-05)
(0.00014108 0 2.8243e-05)
(0.00013519 0 4.26176e-05)
(0.000127694 0 5.76891e-05)
(0.000118638 0 7.31538e-05)
(0.000107831 0 8.83441e-05)
(9.4295e-05 0 0.000101578)
(7.61129e-05 0 0.000110297)
(5.25627e-05 0 0.000113636)
(2.5738e-05 0 0.000114071)
(-2.39162e-06 0 0.000113972)
(-3.03957e-05 0 0.000114032)
(-5.67976e-05 0 0.000113259)
(-7.94885e-05 0 0.00010906)
(-9.6689e-05 0 9.93442e-05)
(-0.000109589 0 8.55569e-05)
(-0.000120018 0 7.0206e-05)
(-0.000128756 0 5.47482e-05)
(-0.000135931 0 3.97514e-05)
(-0.000141476 0 2.54931e-05)
(-0.000145289 0 1.21703e-05)
(-0.000147262 0 -1.22147e-07)
(-0.000147332 0 -1.13977e-05)
(-0.000145496 0 -2.17151e-05)
(-0.000141789 0 -3.11324e-05)
(-0.000136266 0 -3.96969e-05)
(-0.000129001 0 -4.74471e-05)
(-0.000120081 0 -5.44148e-05)
(-0.000109615 0 -6.06241e-05)
(-9.77301e-05 0 -6.609e-05)
(-8.45747e-05 0 -7.08158e-05)
(-7.03163e-05 0 -7.47927e-05)
(-5.51391e-05 0 -7.8001e-05)
(-3.92408e-05 0 -8.04137e-05)
(-2.28288e-05 0 -8.20028e-05)
(-6.11791e-06 0 -8.27451e-05)
(1.06732e-05 0 -8.26282e-05)
(2.73244e-05 0 -8.1654e-05)
(4.36177e-05 0 -7.98385e-05)
(5.93402e-05 0 -7.72067e-05)
(7.42867e-05 0 -7.37871e-05)
(8.8263e-05 0 -6.9605e-05)
(0.000101089 0 -6.46775e-05)
(0.000112602 0 -5.90103e-05)
(0.000122659 0 -5.25964e-05)
(0.000131139 0 -4.54184e-05)
(0.000137939 0 -3.74497e-05)
(0.000142974 0 -2.86571e-05)
(0.000146178 0 -1.89997e-05)
(0.000147498 0 -8.42761e-06)
(0.000146907 0 3.1191e-06)
(0.000144425 0 1.56937e-05)
(0.00014013 0 2.92852e-05)
(0.000134132 0 4.37666e-05)
(0.000126529 0 5.89216e-05)
(0.000117358 0 7.44283e-05)
(0.000106383 0 8.95561e-05)
(9.25196e-05 0 0.000102501)
(7.38258e-05 0 0.000110712)
(4.98725e-05 0 0.000113678)
(2.28652e-05 0 0.000114026)
(-5.30758e-06 0 0.000113982)
(-3.32343e-05 0 0.000114076)
(-5.9403e-05 0 0.000113146)
(-8.16284e-05 0 0.0001085)
(-9.8354e-05 0 9.83157e-05)
(-0.000110979 0 8.43088e-05)
(-0.000121263 0 6.89351e-05)
(-0.000129889 0 5.35342e-05)
(-0.000136958 0 3.86278e-05)
(-0.000142395 0 2.44816e-05)
(-0.000146094 0 1.12843e-05)
(-0.000147953 0 -8.80865e-07)
(-0.000147912 0 -1.20355e-05)
(-0.000145973 0 -2.22407e-05)
(-0.000142172 0 -3.15549e-05)
(-0.000136566 0 -4.00259e-05)
(-0.000129228 0 -4.7693e-05)
(-0.000120247 0 -5.45881e-05)
(-0.000109731 0 -6.07354e-05)
(-9.78054e-05 0 -6.61495e-05)
(-8.46196e-05 0 -7.08332e-05)
(-7.03396e-05 0 -7.47768e-05)
(-5.51484e-05 0 -7.79597e-05)
(-3.92421e-05 0 -8.03542e-05)
(-2.28265e-05 0 -8.19316e-05)
(-6.11451e-06 0 -8.26685e-05)
(1.02302e-05 0 -9.90154e-05)
(2.61738e-05 0 -9.77929e-05)
(4.17443e-05 0 -9.55152e-05)
(5.67216e-05 0 -9.22152e-05)
(7.08959e-05 0 -8.7933e-05)
(8.40714e-05 0 -8.27089e-05)
(9.60703e-05 0 -7.65785e-05)
(0.000106735 0 -6.95679e-05)
(0.00011593 0 -6.16921e-05)
(0.000123542 0 -5.29546e-05)
(0.000129479 0 -4.33486e-05)
(0.000133671 0 -3.28583e-05)
(0.000136063 0 -2.14607e-05)
(0.000136623 0 -9.12782e-06)
(0.000135343 0 4.16723e-06)
(0.000132254 0 1.84345e-05)
(0.000127434 0 3.36322e-05)
(0.000120989 0 4.96363e-05)
(0.000113033 0 6.62415e-05)
(0.00010368 0 8.31502e-05)
(9.29934e-05 0 9.99237e-05)
(8.07934e-05 0 0.000115767)
(6.59982e-05 0 0.000128929)
(4.68821e-05 0 0.000137209)
(2.34122e-05 0 0.000140677)
(-2.16885e-06 0 0.000141401)
(-2.75489e-05 0 0.000140266)
(-5.03785e-05 0 0.000136045)
(-6.86282e-05 0 0.000126773)
(-8.28177e-05 0 0.000112924)
(-9.46827e-05 0 9.67891e-05)
(-0.000105103 0 7.99154e-05)
(-0.00011418 0 6.29964e-05)
(-0.000121835 0 4.64422e-05)
(-0.000127952 0 3.05306e-05)
(-0.000132418 0 1.5454e-05)
(-0.000135129 0 1.32179e-06)
(-0.000136016 0 -1.18351e-05)
(-0.000135056 0 -2.40306e-05)
(-0.000132263 0 -3.52909e-05)
(-0.000127675 0 -4.56417e-05)
(-0.000121348 0 -5.51035e-05)
(-0.000113361 0 -6.36891e-05)
(-0.000103809 0 -7.14024e-05)
(-9.28129e-05 0 -7.82369e-05)
(-8.0514e-05 0 -8.41749e-05)
(-6.70766e-05 0 -8.91878e-05)
(-5.26849e-05 0 -9.32389e-05)
(-3.75403e-05 0 -9.62878e-05)
(-2.18572e-05 0 -9.82963e-05)
(-5.85994e-06 0 -9.92345e-05)
(1.02217e-05 0 -9.90866e-05)
(2.61562e-05 0 -9.78554e-05)
(4.17148e-05 0 -9.55608e-05)
(5.66755e-05 0 -9.22355e-05)
(7.08271e-05 0 -8.7919e-05)
(8.39725e-05 0 -8.26513e-05)
(9.59328e-05 0 -7.64671e-05)
(0.00010655 0 -6.93922e-05)
(0.000115687 0 -6.14413e-05)
(0.000123232 0 -5.26179e-05)
(0.000129092 0 -4.29156e-05)
(0.000133198 0 -3.23193e-05)
(0.000135495 0 -2.0807e-05)
(0.000135953 0 -8.35215e-06)
(0.000134566 0 5.06974e-06)
(0.000131369 0 1.94643e-05)
(0.000126443 0 3.47821e-05)
(0.000119896 0 5.08904e-05)
(0.000111843 0 6.75758e-05)
(0.000102396 0 8.45289e-05)
(9.16095e-05 0 0.000101294)
(7.92518e-05 0 0.000117013)
(6.41316e-05 0 0.000129826)
(4.45611e-05 0 0.000137629)
(2.07897e-05 0 0.000140793)
(-4.8661e-06 0 0.000141386)
(-3.0113e-05 0 0.000140091)
(-5.25775e-05 0 0.000135502)
(-7.03868e-05 0 0.000125758)
(-8.43027e-05 0 0.000111625)
(-9.60361e-05 0 9.54076e-05)
(-0.00010636 0 7.85429e-05)
(-0.000115343 0 6.16794e-05)
(-0.000122899 0 4.52126e-05)
(-0.000128914 0 2.94103e-05)
(-0.000133272 0 1.44567e-05)
(-0.000135875 0 4.52221e-07)
(-0.000136655 0 -1.25791e-05)
(-0.000135595 0 -2.46546e-05)
(-0.000132709 0 -3.58026e-05)
(-0.000128036 0 -4.60501e-05)
(-0.000121635 0 -5.54184e-05)
(-0.000113582 0 -6.3921e-05)
(-0.000103976 0 -7.1562e-05)
(-9.29337e-05 0 -7.8335e-05)
(-8.05981e-05 0 -8.42218e-05)
(-6.71323e-05 0 -8.91933e-05)
(-5.27195e-05 0 -9.32124e-05)
(-3.75595e-05 0 -9.62379e-05)
(-2.18653e-05 0 -9.82313e-05)
(-5.85935e-06 0 -9.91624e-05)
(9.58512e-06 0 -0.000114592)
(2.45119e-05 0 -0.000113106)
(3.90589e-05 0 -0.000110337)
(5.30034e-05 0 -0.000106329)
(6.61354e-05 0 -0.000101136)
(7.82615e-05 0 -9.48139e-05)
(8.92086e-05 0 -8.74203e-05)
(9.88265e-05 0 -7.90035e-05)
(0.000106989 0 -6.96019e-05)
(0.000113594 0 -5.92419e-05)
(0.000118563 0 -4.79382e-05)
(0.000121839 0 -3.56954e-05)
(0.000123384 0 -2.2511e-05)
(0.000123186 0 -8.38074e-06)
(0.000121254 0 6.69196e-06)
(0.000117633 0 2.26795e-05)
(0.000112402 0 3.95049e-05)
(0.000105664 0 5.7024e-05)
(9.75391e-05 0 7.50243e-05)
(8.81528e-05 0 9.32233e-05)
(7.76185e-05 0 0.00011125)
(6.60125e-05 0 0.00012856)
(5.30942e-05 0 0.000144142)
(3.77902e-05 0 0.000156175)
(1.91495e-05 0 0.000163069)
(-1.76322e-06 0 0.000164932)
(-2.2443e-05 0 0.00016218)
(-4.04958e-05 0 0.000154292)
(-5.52685e-05 0 0.000141435)
(-6.78836e-05 0 0.000125397)
(-7.92786e-05 0 0.000107864)
(-8.9589e-05 0 8.97336e-05)
(-9.87273e-05 0 7.1503e-05)
(-0.000106576 0 5.35262e-05)
(-0.00011301 0 3.60723e-05)
(-0.000117911 0 1.9343e-05)
(-0.000121179 0 3.47116e-06)
(-0.000122741 0 -1.14755e-05)
(-0.00012256 0 -2.54738e-05)
(-0.000120631 0 -3.85211e-05)
(-0.000116973 0 -5.06199e-05)
(-0.000111627 0 -6.17698e-05)
(-0.000104656 0 -7.1963e-05)
(-9.61438e-05 0 -8.1181e-05)
(-8.61998e-05 0 -8.9394e-05)
(-7.49571e-05 0 -9.65605e-05)
(-6.25728e-05 0 -0.00010263)
(-4.92268e-05 0 -0.000107545)
(-3.51186e-05 0 -0.000111249)
(-2.04635e-05 0 -0.00011369)
(-5.48851e-06 0 -0.000114831)
(9.57237e-06 0 -0.000114651)
(2.44834e-05 0 -0.000113154)
(3.90119e-05 0 -0.000110365)
(5.29337e-05 0 -0.000106327)
(6.60373e-05 0 -0.000101092)
(7.81283e-05 0 -9.47192e-05)
(8.90326e-05 0 -8.72634e-05)
(9.85995e-05 0 -7.87733e-05)
(0.000106702 0 -6.92875e-05)
(0.000113239 0 -5.88325e-05)
(0.000118132 0 -4.74237e-05)
(0.000121323 0 -3.50667e-05)
(0.000122778 0 -2.17606e-05)
(0.000122483 0 -7.50314e-06)
(0.000120452 0 7.69883e-06)
(0.000116732 0 2.38127e-05)
(0.000111403 0 4.07549e-05)
(0.000104572 0 5.83733e-05)
(9.63602e-05 0 7.64487e-05)
(8.68922e-05 0 9.46908e-05)
(7.62799e-05 0 0.000112719)
(6.45912e-05 0 0.000129961)
(5.15188e-05 0 0.000145337)
(3.59263e-05 0 0.00015697)
(1.69875e-05 0 0.000163406)
(-4.01541e-06 0 0.000164882)
(-2.45379e-05 0 0.000161724)
(-4.22699e-05 0 0.000153373)
(-5.67882e-05 0 0.000140165)
(-6.92787e-05 0 0.000123968)
(-8.05952e-05 0 0.000106389)
(-9.08268e-05 0 8.82726e-05)
(-9.9882e-05 0 7.00945e-05)
(-0.000107642 0 5.22e-05)
(-0.000113981 0 3.48508e-05)
(-0.000118784 0 1.82415e-05)
(-0.000121952 0 2.49722e-06)
(-0.000123415 0 -1.23206e-05)
(-0.000123139 0 -2.61932e-05)
(-0.00012112 0 -3.91208e-05)
(-0.000117379 0 -5.11079e-05)
(-0.000111959 0 -6.21554e-05)
(-0.000104921 0 -7.22565e-05)
(-9.63513e-05 0 -8.13931e-05)
(-8.63582e-05 0 -8.95357e-05)
(-7.50744e-05 0 -9.66428e-05)
(-6.26565e-05 0 -0.000102663)
(-4.92836e-05 0 -0.00010754)
(-3.51537e-05 0 -0.000111215)
(-2.04808e-05 0 -0.000113638)
(-5.4905e-06 0 -0.000114771)
(8.77942e-06 0 -0.000129017)
(2.24408e-05 0 -0.000127266)
(3.57257e-05 0 -0.000124006)
(4.84147e-05 0 -0.000119291)
(6.03026e-05 0 -0.00011319)
(7.12029e-05 0 -0.000105781)
(8.09511e-05 0 -9.71418e-05)
(8.94073e-05 0 -8.73464e-05)
(9.64572e-05 0 -7.64578e-05)
(0.000102012 0 -6.45268e-05)
(0.000106007 0 -5.15914e-05)
(0.000108401 0 -3.76783e-05)
(0.000109176 0 -2.2807e-05)
(0.000108335 0 -6.99723e-06)
(0.000105906 0 9.7204e-06)
(0.000101945 0 2.7288e-05)
(9.65354e-05 0 4.5601e-05)
(8.9784e-05 0 6.44961e-05)
(8.18134e-05 0 8.3747e-05)
(7.27591e-05 0 0.000103065)
(6.2764e-05 0 0.000122091)
(5.19757e-05 0 0.000140363)
(4.05065e-05 0 0.000157136)
(2.80816e-05 0 0.000171038)
(1.40846e-05 0 0.000180108)
(-1.27313e-06 0 0.000182857)
(-1.64744e-05 0 0.000178877)
(-3.01633e-05 0 0.000168763)
(-4.23637e-05 0 0.000154169)
(-5.36951e-05 0 0.000137005)
(-6.43347e-05 0 0.000118511)
(-7.41486e-05 0 9.93569e-05)
(-8.29905e-05 0 7.99787e-05)
(-9.07185e-05 0 6.07222e-05)
(-9.71984e-05 0 4.18654e-05)
(-0.00010231 0 2.36242e-05)
(-0.000105951 0 6.15253e-06)
(-0.000108042 0 -1.04531e-05)
(-0.000108533 0 -2.61394e-05)
(-0.000107401 0 -4.08769e-05)
(-0.000104646 0 -5.46443e-05)
(-0.000100294 0 -6.7419e-05)
(-9.43903e-05 0 -7.91705e-05)
(-8.7006e-05 0 -8.98564e-05)
(-7.82367e-05 0 -9.94219e-05)
(-6.82039e-05 0 -0.000107801)
(-5.70548e-05 0 -0.000114917)
(-4.49609e-05 0 -0.000120692)
(-3.21154e-05 0 -0.00012505)
(-1.87289e-05 0 -0.000127926)
(-5.02543e-06 0 -0.00012927)
(8.76326e-06 0 -0.000129058)
(2.24033e-05 0 -0.000127294)
(3.56645e-05 0 -0.00012401)
(4.8326e-05 0 -0.00011926)
(6.01813e-05 0 -0.000113112)
(7.10431e-05 0 -0.000105645)
(8.0746e-05 0 -9.69366e-05)
(8.91499e-05 0 -8.70601e-05)
(9.61401e-05 0 -7.60793e-05)
(0.000101628 0 -6.40457e-05)
(0.00010555 0 -5.0998e-05)
(0.000107865 0 -3.69643e-05)
(0.000108555 0 -2.19661e-05)
(0.000107626 0 -6.02573e-06)
(0.000105108 0 1.08223e-05)
(0.000101058 0 2.85148e-05)
(9.55629e-05 0 4.69409e-05)
(8.87311e-05 0 6.59301e-05)
(8.06865e-05 0 8.52497e-05)
(7.15659e-05 0 0.000104604)
(6.15125e-05 0 0.000123627)
(5.06756e-05 0 0.000141844)
(3.91506e-05 0 0.000158462)
(2.66084e-05 0 0.000172042)
(1.24514e-05 0 0.00018061)
(-2.96853e-06 0 0.000182776)
(-1.80666e-05 0 0.000178225)
(-3.15964e-05 0 0.000167651)
(-4.36998e-05 0 0.000152787)
(-5.4982e-05 0 0.000135501)
(-6.55703e-05 0 0.000116968)
(-7.53237e-05 0 9.78224e-05)
(-8.40972e-05 0 7.849e-05)
(-9.17491e-05 0 5.93096e-05)
(-9.81469e-05 0 4.05526e-05)
(-0.000103172 0 2.24282e-05)
(-0.000106724 0 5.08327e-06)
(-0.000108725 0 -1.13917e-05)
(-0.000109128 0 -2.69484e-05)
(-0.000107912 0 -4.15606e-05)
(-0.00010508 0 -5.52097e-05)
(-0.000100655 0 -6.78747e-05)
(-9.46864e-05 0 -7.95263e-05)
(-8.7244e-05 0 -9.01229e-05)
(-7.84239e-05 0 -9.96103e-05)
(-6.83473e-05 0 -0.000107922)
(-5.7161e-05 0 -0.000114983)
(-4.50358e-05 0 -0.000120714)
(-3.21636e-05 0 -0.00012504)
(-1.87541e-05 0 -0.000127894)
(-5.02962e-06 0 -0.000129228)
(7.84422e-06 0 -0.000142064)
(2.00399e-05 0 -0.000140053)
(3.18716e-05 0 -0.000136312)
(4.31281e-05 0 -0.000130907)
(5.36137e-05 0 -0.000123925)
(6.31526e-05 0 -0.000115464)
(7.15923e-05 0 -0.000105626)
(7.8806e-05 0 -9.45107e-05)
(8.46932e-05 0 -8.22074e-05)
(8.91801e-05 0 -6.87927e-05)
(9.22181e-05 0 -5.43287e-05)
(9.37828e-05 0 -3.88655e-05)
(9.38729e-05 0 -2.24455e-05)
(9.25097e-05 0 -5.11138e-06)
(8.97377e-05 0 1.30815e-05)
(8.56256e-05 0 3.20494e-05)
(8.02662e-05 0 5.16646e-05)
(7.3773e-05 0 7.17444e-05)
(6.62772e-05 0 9.20462e-05)
(5.79283e-05 0 0.000112265)
(4.88956e-05 0 0.000132027)
(3.9375e-05 0 0.000150864)
(2.96e-05 0 0.000168099)
(1.97163e-05 0 0.000182546)
(9.59414e-06 0 0.000192302)
(-8.35473e-07 0 0.000195364)
(-1.12246e-05 0 0.000190953)
(-2.1285e-05 0 0.000180153)
(-3.11386e-05 0 0.000165039)
(-4.08725e-05 0 0.000147401)
(-5.03054e-05 0 0.000128309)
(-5.92081e-05 0 0.000108383)
(-6.73902e-05 0 8.80704e-05)
(-7.46862e-05 0 6.77325e-05)
(-8.09497e-05 0 4.76632e-05)
(-8.60523e-05 0 2.80952e-05)
(-8.98841e-05 0 9.20238e-06)
(-9.23564e-05 0 -8.8945e-06)
(-9.34051e-05 0 -2.61163e-05)
(-9.29904e-05 0 -4.24088e-05)
(-9.10957e-05 0 -5.77276e-05)
(-8.77276e-05 0 -7.20268e-05)
(-8.29162e-05 0 -8.52519e-05)
(-7.67163e-05 0 -9.73357e-05)
(-6.92087e-05 0 -0.000108197)
(-6.05011e-05 0 -0.000117744)
(-5.07277e-05 0 -0.000125874)
(-4.00483e-05 0 -0.000132485)
(-2.86453e-05 0 -0.000137482)
(-1.67202e-05 0 -0.000140781)
(-4.48856e-06 0 -0.000142324)
(7.82553e-06 0 -0.000142081)
(1.99958e-05 0 -0.000140056)
(3.17999e-05 0 -0.000136289)
(4.30255e-05 0 -0.000130845)
(5.34759e-05 0 -0.00012381)
(6.29744e-05 0 -0.000115285)
(7.13681e-05 0 -0.000105371)
(7.85299e-05 0 -9.41685e-05)
(8.43593e-05 0 -8.17667e-05)
(8.87828e-05 0 -6.82431e-05)
(9.17524e-05 0 -5.36613e-05)
(9.32445e-05 0 -3.8073e-05)
(9.3259e-05 0 -2.15228e-05)
(9.18185e-05 0 -4.05646e-06)
(8.89694e-05 0 1.42664e-05)
(8.47824e-05 0 3.33567e-05)
(7.93526e-05 0 5.30804e-05)
(7.2795e-05 0 7.32481e-05)
(6.52428e-05 0 9.36107e-05)
(5.68474e-05 0 0.000113857)
(4.77804e-05 0 0.000133605)
(3.82416e-05 0 0.000152375)
(2.84657e-05 0 0.00016946)
(1.8576e-05 0 0.000183607)
(8.42488e-06 0 0.000192859)
(-2.02003e-06 0 0.000195272)
(-1.23848e-05 0 0.000190239)
(-2.24209e-05 0 0.00017899)
(-3.22732e-05 0 0.000163625)
(-4.20022e-05 0 0.000145864)
(-5.1412e-05 0 0.000126721)
(-6.02768e-05 0 0.000106793)
(-6.84096e-05 0 8.65176e-05)
(-7.56467e-05 0 6.62482e-05)
(-8.18437e-05 0 4.62728e-05)
(-8.68742e-05 0 2.68175e-05)
(-9.06301e-05 0 8.04941e-06)
(-9.30248e-05 0 -9.91668e-06)
(-9.39961e-05 0 -2.70068e-05)
(-9.3506e-05 0 -4.31704e-05)
(-9.15394e-05 0 -5.8366e-05)
(-8.81038e-05 0 -7.25497e-05)
(-8.32301e-05 0 -8.56687e-05)
(-7.69736e-05 0 -9.76567e-05)
(-6.94153e-05 0 -0.000108434)
(-6.06628e-05 0 -0.000117907)
(-5.08502e-05 0 -0.000125976)
(-4.01366e-05 0 -0.000132538)
(-2.87035e-05 0 -0.000137498)
(-1.67513e-05 0 -0.000140774)
(-4.49452e-06 0 -0.000142305)
(6.80452e-06 0 -0.000153552)
(1.73735e-05 0 -0.000151294)
(2.7599e-05 0 -0.000147094)
(3.7283e-05 0 -0.000141033)
(4.62435e-05 0 -0.000133215)
(5.43189e-05 0 -0.000123759)
(6.13716e-05 0 -0.000112795)
(6.72902e-05 0 -0.000100447)
(7.19901e-05 0 -8.68319e-05)
(7.54134e-05 0 -7.20517e-05)
(7.75282e-05 0 -5.61942e-05)
(7.8327e-05 0 -3.93332e-05)
(7.78256e-05 0 -2.15341e-05)
(7.60623e-05 0 -2.86216e-06)
(7.30973e-05 0 1.66044e-05)
(6.90134e-05 0 3.67591e-05)
(6.39142e-05 0 5.7453e-05)
(5.79233e-05 0 7.8484e-05)
(5.11832e-05 0 9.95899e-05)
(4.38577e-05 0 0.000120443)
(3.61373e-05 0 0.00014064)
(2.82479e-05 0 0.000159676)
(2.0464e-05 0 0.000176857)
(1.30609e-05 0 0.00019108)
(6.13094e-06 0 0.000200628)
(-5.05967e-07 0 0.000203623)
(-7.1714e-06 0 0.000199305)
(-1.41743e-05 0 0.000188725)
(-2.16519e-05 0 0.000173813)
(-2.94653e-05 0 0.000156183)
(-3.73283e-05 0 0.000136842)
(-4.49749e-05 0 0.000116439)
(-5.2186e-05 0 9.54552e-05)
(-5.87764e-05 0 7.42805e-05)
(-6.4586e-05 0 5.32309e-05)
(-6.94756e-05 0 3.25584e-05)
(-7.33252e-05 0 1.24565e-05)
(-7.60345e-05 0 -6.93224e-06)
(-7.75251e-05 0 -2.55056e-05)
(-7.77409e-05 0 -4.31864e-05)
(-7.66485e-05 0 -5.99071e-05)
(-7.42372e-05 0 -7.55985e-05)
(-7.05199e-05 0 -9.01818e-05)
(-6.55351e-05 0 -0.000103564)
(-5.93473e-05 0 -0.000115637)
(-5.20483e-05 0 -0.000126282)
(-4.37572e-05 0 -0.00013537)
(-3.46185e-05 0 -0.000142775)
(-2.48005e-05 0 -0.000148379)
(-1.44909e-05 0 -0.000152083)
(-3.89224e-06 0 -0.000153816)
(6.78426e-06 0 -0.000153543)
(1.7325e-05 0 -0.000151269)
(2.75205e-05 0 -0.00014704)
(3.71718e-05 0 -0.000140936)
(4.60959e-05 0 -0.000133062)
(5.41308e-05 0 -0.000123538)
(6.11384e-05 0 -0.000112492)
(6.70072e-05 0 -0.000100051)
(7.16529e-05 0 -8.63323e-05)
(7.5018e-05 0 -7.14388e-05)
(7.70712e-05 0 -5.54598e-05)
(7.7806e-05 0 -3.8471e-05)
(7.72395e-05 0 -2.05402e-05)
(7.54113e-05 0 -1.73633e-06)
(7.23836e-05 0 1.78582e-05)
(6.82407e-05 0 3.81313e-05)
(6.30884e-05 0 5.89277e-05)
(5.7052e-05 0 8.00387e-05)
(5.02761e-05 0 0.000101195)
(4.29271e-05 0 0.000122063)
(3.51984e-05 0 0.00014223)
(2.73205e-05 0 0.00016118)
(1.95722e-05 0 0.000178192)
(1.22213e-05 0 0.000192112)
(5.33407e-06 0 0.00020117)
(-1.29011e-06 0 0.000203534)
(-7.97741e-06 0 0.00019861)
(-1.50282e-05 0 0.000187592)
(-2.25555e-05 0 0.00017242)
(-3.03978e-05 0 0.000154648)
(-3.82663e-05 0 0.000135238)
(-4.59e-05 0 0.000114817)
(-5.3084e-05 0 9.38583e-05)
(-5.96356e-05 0 7.27428e-05)
(-6.53973e-05 0 5.17796e-05)
(-7.02318e-05 0 3.12143e-05)
(-7.40209e-05 0 1.12337e-05)
(-7.66664e-05 0 -8.0259e-06)
(-7.80915e-05 0 -2.64673e-05)
(-7.82421e-05 0 -4.40174e-05)
(-7.70859e-05 0 -6.06119e-05)
(-7.46134e-05 0 -7.61841e-05)
(-7.08386e-05 0 -9.06565e-05)
(-6.58003e-05 0 -0.000103938)
(-5.95636e-05 0 -0.000115921)
(-5.22205e-05 0 -0.000126487)
(-4.38897e-05 0 -0.00013551)
(-3.47154e-05 0 -0.000142861)
(-2.48653e-05 0 -0.000148425)
(-1.45261e-05 0 -0.000152103)
(-3.89951e-06 0 -0.000153824)
(5.68037e-06 0 -0.000163337)
(1.44927e-05 0 -0.000160848)
(2.29899e-05 0 -0.000156222)
(3.09913e-05 0 -0.000149552)
(3.83324e-05 0 -0.000140961)
(4.48691e-05 0 -0.000130592)
(5.04815e-05 0 -0.000118597)
(5.50753e-05 0 -0.000105129)
(5.85831e-05 0 -9.03309e-05)
(6.09639e-05 0 -7.4331e-05)
(6.22022e-05 0 -5.72425e-05)
(6.2307e-05 0 -3.91632e-05)
(6.13103e-05 0 -2.0181e-05)
(5.9266e-05 0 -3.83378e-07)
(5.62491e-05 0 2.01302e-05)
(5.23553e-05 0 4.12323e-05)
(4.76992e-05 0 6.27543e-05)
(4.24139e-05 0 8.44749e-05)
(3.66512e-05 0 0.000106111)
(3.05842e-05 0 0.00012731)
(2.44119e-05 0 0.000147638)
(1.83651e-05 0 0.000166549)
(1.27096e-05 0 0.000183323)
(7.70903e-06 0 0.000196924)
(3.46852e-06 0 0.000205879)
(-2.62235e-07 0 0.000208655)
(-4.04625e-06 0 0.00020464)
(-8.41094e-06 0 0.00019468)
(-1.35365e-05 0 0.000180362)
(-1.92728e-05 0 0.000163086)
(-2.53479e-05 0 0.000143818)
(-3.15015e-05 0 0.00012324)
(-3.75087e-05 0 0.000101871)
(-4.31751e-05 0 8.01319e-05)
(-4.83315e-05 0 5.8362e-05)
(-5.28295e-05 0 3.68342e-05)
(-5.65392e-05 0 1.57611e-05)
(-5.93489e-05 0 -4.69489e-06)
(-6.11669e-05 0 -2.44101e-05)
(-6.19223e-05 0 -4.32856e-05)
(-6.15655e-05 0 -6.12316e-05)
(-6.00695e-05 0 -7.81556e-05)
(-5.74309e-05 0 -9.39542e-05)
(-5.36711e-05 0 -0.000108509)
(-4.88379e-05 0 -0.000121684)
(-4.30057e-05 0 -0.000133334)
(-3.62758e-05 0 -0.000143304)
(-2.87754e-05 0 -0.000151443)
(-2.06547e-05 0 -0.00015761)
(-1.2084e-05 0 -0.00016169)
(-3.24798e-06 0 -0.0001636)
(5.65949e-06 0 -0.000163299)
(1.44423e-05 0 -0.000160793)
(2.29086e-05 0 -0.000156136)
(3.08768e-05 0 -0.000149421)
(3.81819e-05 0 -0.00014077)
(4.46793e-05 0 -0.000130328)
(5.0249e-05 0 -0.000118248)
(5.47968e-05 0 -0.000104683)
(5.82556e-05 0 -8.97776e-05)
(6.05847e-05 0 -7.36616e-05)
(6.17698e-05 0 -5.64496e-05)
(6.18207e-05 0 -3.82416e-05)
(6.07708e-05 0 -1.91283e-05)
(5.86755e-05 0 7.99207e-07)
(5.56115e-05 0 2.14368e-05)
(5.16759e-05 0 4.26516e-05)
(4.69855e-05 0 6.42687e-05)
(4.1675e-05 0 8.60598e-05)
(3.58984e-05 0 0.000107735)
(2.98312e-05 0 0.000128934)
(2.36754e-05 0 0.000149213)
(1.76653e-05 0 0.000168015)
(1.20698e-05 0 0.000184599)
(7.14678e-06 0 0.000197888)
(2.97492e-06 0 0.000206378)
(-7.33372e-07 0 0.000208573)
(-4.55543e-06 0 0.000203999)
(-8.99492e-06 0 0.000193616)
(-1.41949e-05 0 0.000179024)
(-1.99847e-05 0 0.000161582)
(-2.60906e-05 0 0.000142224)
(-3.22557e-05 0 0.00012161)
(-3.82586e-05 0 0.000100253)
(-4.39077e-05 0 7.8561e-05)
(-4.90362e-05 0 5.68686e-05)
(-5.34975e-05 0 3.54409e-05)
(-5.71635e-05 0 1.44838e-05)
(-5.99245e-05 0 -5.84633e-06)
(-6.16905e-05 0 -2.54312e-05)
(-6.2392e-05 0 -4.41762e-05)
(-6.19811e-05 0 -6.19949e-05)
(-6.04319e-05 0 -7.87973e-05)
(-5.7742e-05 0 -9.44821e-05)
(-5.39335e-05 0 -0.000108932)
(-4.90548e-05 0 -0.000122014)
(-4.31805e-05 0 -0.000133581)
(-3.6412e-05 0 -0.000143481)
(-2.88761e-05 0 -0.000151563)
(-2.07228e-05 0 -0.000157688)
(-1.21214e-05 0 -0.00016174)
(-3.25608e-06 0 -0.000163637)
(4.48786e-06 0 -0.000171301)
(1.14389e-05 0 -0.000168604)
(1.81102e-05 0 -0.000163593)
(2.43427e-05 0 -0.000156376)
(2.99928e-05 0 -0.000147093)
(3.49373e-05 0 -0.000135909)
(3.90758e-05 0 -0.000123002)
(4.2333e-05 0 -0.000108549)
(4.46595e-05 0 -9.27206e-05)
(4.6031e-05 0 -7.56709e-05)
(4.64482e-05 0 -5.75374e-05)
(4.59354e-05 0 -3.84414e-05)
(4.45391e-05 0 -1.84932e-05)
(4.23268e-05 0 2.19885e-06)
(3.93862e-05 0 2.3515e-05)
(3.58233e-05 0 4.5309e-05)
(3.17615e-05 0 6.73943e-05)
(2.73398e-05 0 8.95319e-05)
(2.27142e-05 0 0.00011142)
(1.80579e-05 0 0.000132683)
(1.35635e-05 0 0.000152862)
(9.44328e-06 0 0.000171387)
(5.92113e-06 0 0.000187534)
(3.19158e-06 0 0.000200345)
(1.29214e-06 0 0.000208602)
(-7.0171e-08 0 0.000211125)
(-1.48869e-06 0 0.000207461)
(-3.52195e-06 0 0.00019824)
(-6.39692e-06 0 0.000184693)
(-1.00342e-05 0 0.000168001)
(-1.42274e-05 0 0.000149073)
(-1.87531e-05 0 0.0001286)
(-2.34021e-05 0 0.000107129)
(-2.79849e-05 0 8.51033e-05)
(-3.23315e-05 0 6.28853e-05)
(-3.62887e-05 0 4.07659e-05)
(-3.97201e-05 0 1.89758e-05)
(-4.25053e-05 0 -2.3046e-06)
(-4.45414e-05 0 -2.29323e-05)
(-4.57445e-05 0 -4.27879e-05)
(-4.60514e-05 0 -6.17599e-05)
(-4.54201e-05 0 -7.97332e-05)
(-4.38316e-05 0 -9.65803e-05)
(-4.1291e-05 0 -0.000112157)
(-3.78288e-05 0 -0.000126303)
(-3.35011e-05 0 -0.000138844)
(-2.83899e-05 0 -0.000149601)
(-2.26021e-05 0 -0.000158396)
(-1.62671e-05 0 -0.000165071)
(-9.53372e-06 0 -0.00016949)
(-2.56497e-06 0 -0.00017156)
(4.46728e-06 0 -0.000171233)
(1.13889e-05 0 -0.000168518)
(1.80297e-05 0 -0.000163475)
(2.423e-05 0 -0.00015621)
(2.98459e-05 0 -0.000146864)
(3.47537e-05 0 -0.000135605)
(3.88534e-05 0 -0.00012261)
(4.20697e-05 0 -0.000108058)
(4.43535e-05 0 -9.21203e-05)
(4.56814e-05 0 -7.49531e-05)
(4.60549e-05 0 -5.66959e-05)
(4.54995e-05 0 -3.74721e-05)
(4.40629e-05 0 -1.73951e-05)
(4.18143e-05 0 3.42296e-06)
(3.88428e-05 0 2.48577e-05)
(3.52561e-05 0 4.67571e-05)
(3.1179e-05 0 6.89285e-05)
(2.67526e-05 0 9.11257e-05)
(2.21344e-05 0 0.000113039)
(1.74995e-05 0 0.000134287)
(1.30429e-05 0 0.000154399)
(8.97864e-06 0 0.000172795)
(5.53077e-06 0 0.000188733)
(2.88656e-06 0 0.00020123)
(1.05904e-06 0 0.00020905)
(-2.80037e-07 0 0.000211052)
(-1.73801e-06 0 0.000206881)
(-3.85032e-06 0 0.000197257)
(-6.80919e-06 0 0.000183427)
(-1.0516e-05 0 0.00016655)
(-1.476e-05 0 0.000147511)
(-1.93188e-05 0 0.000126986)
(-2.39851e-05 0 0.00010551)
(-2.85717e-05 0 8.35203e-05)
(-3.29104e-05 0 6.13693e-05)
(-3.68498e-05 0 3.93416e-05)
(-4.02551e-05 0 1.76607e-05)
(-4.30075e-05 0 -3.49903e-06)
(-4.50057e-05 0 -2.39999e-05)
(-4.61676e-05 0 -4.37268e-05)
(-4.64311e-05 0 -6.25721e-05)
(-4.57558e-05 0 -8.04233e-05)
(-4.41235e-05 0 -9.71551e-05)
(-4.15404e-05 0 -0.000112625)
(-3.80374e-05 0 -0.000126674)
(-3.36711e-05 0 -0.00013913)
(-2.85237e-05 0 -0.000149814)
(-2.27021e-05 0 -0.000158551)
(-1.63353e-05 0 -0.000165181)
(-9.57153e-06 0 -0.00016957)
(-2.57344e-06 0 -0.000171626)
(3.24015e-06 0 -0.00017735)
(8.24564e-06 0 -0.000174471)
(1.30136e-05 0 -0.000169127)
(1.74102e-05 0 -0.000161435)
(2.13163e-05 0 -0.000151556)
(2.4632e-05 0 -0.000139675)
(2.72786e-05 0 -0.000125993)
(2.92011e-05 0 -0.000110713)
(3.03681e-05 0 -9.4029e-05)
(3.07721e-05 0 -7.61198e-05)
(3.04288e-05 0 -5.7147e-05)
(2.93759e-05 0 -3.72541e-05)
(2.76722e-05 0 -1.65725e-05)
(2.53964e-05 0 4.76947e-06)
(2.26452e-05 0 2.66336e-05)
(1.95317e-05 0 4.8857e-05)
(1.61836e-05 0 7.12379e-05)
(1.27413e-05 0 9.35224e-05)
(9.35764e-06 0 0.000115394)
(6.19642e-06 0 0.000136462)
(3.43105e-06 0 0.000156255)
(1.23894e-06 0 0.000174197)
(-2.14147e-07 0 0.000189587)
(-8.16723e-07 0 0.000201564)
(-6.09929e-07 0 0.000209136)
(9.34205e-08 0 0.00021142)
(7.45206e-07 0 0.00020809)
(8.2444e-07 0 0.000199601)
(7.10728e-08 0 0.000186885)
(-1.51894e-06 0 0.000170922)
(-3.81889e-06 0 0.00015254)
(-6.65871e-06 0 0.000132416)
(-9.86078e-06 0 0.000111104)
(-1.3253e-05 0 8.90616e-05)
(-1.66731e-05 0 6.66659e-05)
(-1.99703e-05 0 4.42229e-05)
(-2.30061e-05 0 2.19776e-05)
(-2.56554e-05 0 1.263e-07)
(-2.78077e-05 0 -2.11709e-05)
(-2.93694e-05 0 -4.17756e-05)
(-3.02659e-05 0 -6.15561e-05)
(-3.04427e-05 0 -8.03755e-05)
(-2.98668e-05 0 -9.80834e-05)
(-2.85279e-05 0 -0.000114512)
(-2.64391e-05 0 -0.000129474)
(-2.36378e-05 0 -0.000142773)
(-2.01854e-05 0 -0.000154203)
(-1.61661e-05 0 -0.000163566)
(-1.16858e-05 0 -0.000170679)
(-6.86815e-06 0 -0.000175393)
(-1.85071e-06 0 -0.000177601)
(3.22072e-06 0 -0.000177253)
(8.19808e-06 0 -0.000174356)
(1.29372e-05 0 -0.000168978)
(1.73039e-05 0 -0.000161237)
(2.11788e-05 0 -0.000151294)
(2.44618e-05 0 -0.000139336)
(2.70746e-05 0 -0.000125564)
(2.89623e-05 0 -0.000110183)
(3.00943e-05 0 -9.33894e-05)
(3.04637e-05 0 -7.53631e-05)
(3.00872e-05 0 -5.62678e-05)
(2.90037e-05 0 -3.62497e-05)
(2.72734e-05 0 -1.54432e-05)
(2.49763e-05 0 6.01934e-06)
(2.22106e-05 0 2.79951e-05)
(1.9091e-05 0 5.03155e-05)
(1.57464e-05 0 7.27723e-05)
(1.23187e-05 0 9.51048e-05)
(8.96194e-06 0 0.000116989)
(5.84118e-06 0 0.000138027)
(3.13072e-06 0 0.000157736)
(1.00801e-06 0 0.000175533)
(-3.63589e-07 0 0.000190703)
(-8.81472e-07 0 0.00020237)
(-6.0795e-07 0 0.000209537)
(1.1632e-07 0 0.000211355)
(7.32386e-07 0 0.000207569)
(7.3716e-07 0 0.0001987)
(-1.01558e-07 0 0.0001857)
(-1.77026e-06 0 0.000169538)
(-4.13575e-06 0 0.000151029)
(-7.02646e-06 0 0.000130836)
(-1.02651e-05 0 0.000109506)
(-1.36807e-05 0 8.74865e-05)
(-1.71121e-05 0 6.51468e-05)
(-2.04099e-05 0 4.27856e-05)
(-2.34371e-05 0 2.06415e-05)
(-2.60697e-05 0 -1.09574e-06)
(-2.81989e-05 0 -2.22712e-05)
(-2.97325e-05 0 -4.27508e-05)
(-3.05974e-05 0 -6.24068e-05)
(-3.07403e-05 0 -8.11051e-05)
(-3.01293e-05 0 -9.86976e-05)
(-2.8755e-05 0 -0.000115018)
(-2.66314e-05 0 -0.000129883)
(-2.37964e-05 0 -0.000143095)
(-2.03114e-05 0 -0.000154451)
(-1.62611e-05 0 -0.000163752)
(-1.1751e-05 0 -0.000170819)
(-6.90463e-06 0 -0.000175502)
(-1.85914e-06 0 -0.000177696)
(1.9484e-06 0 -0.000181406)
(4.94151e-06 0 -0.000178378)
(7.74558e-06 0 -0.000172758)
(1.02555e-05 0 -0.000164679)
(1.23797e-05 0 -0.000154315)
(1.40438e-05 0 -0.000141871)
(1.51928e-05 0 -0.000127571)
(1.57925e-05 0 -0.000111639)
(1.58299e-05 0 -9.42917e-05)
(1.53133e-05 0 -7.57316e-05)
(1.42719e-05 0 -5.61411e-05)
(1.2755e-05 0 -3.56849e-05)
(1.08309e-05 0 -1.45137e-05)
(8.58553e-06 0 7.22601e-06)
(6.12124e-06 0 2.93798e-05)
(3.55392e-06 0 5.17707e-05)
(1.01067e-06 0 7.41849e-05)
(-1.37237e-06 0 9.63583e-05)
(-3.45238e-06 0 0.000117965)
(-5.08293e-06 0 0.000138611)
(-6.11892e-06 0 0.000157822)
(-6.42611e-06 0 0.000175036)
(-5.90045e-06 0 0.000189596)
(-4.50773e-06 0 0.000200746)
(-2.35445e-06 0 0.000207687)
(2.41495e-07 0 0.000209758)
(2.79183e-06 0 0.000206726)
(4.82769e-06 0 0.00019892)
(6.07064e-06 0 0.000187043)
(6.44567e-06 0 0.000171895)
(6.00389e-06 0 0.000154215)
(4.85702e-06 0 0.000134643)
(3.14247e-06 0 0.000113724)
(1.00625e-06 0 9.19161e-05)
(-1.40537e-06 0 6.96028e-05)
(-3.95037e-06 0 4.70992e-05)
(-6.49384e-06 0 2.4661e-05)
(-8.91038e-06 0 2.49696e-06)
(-1.10862e-05 0 -1.92184e-05)
(-1.2922e-05 0 -4.03297e-05)
(-1.4335e-05 0 -6.06866e-05)
(-1.52608e-05 0 -8.01324e-05)
(-1.56543e-05 0 -9.84953e-05)
(-1.54911e-05 0 -0.000115585)
(-1.47677e-05 0 -0.000131193)
(-1.35023e-05 0 -0.000145098)
(-1.17344e-05 0 -0.000157073)
(-9.52435e-06 0 -0.000166896)
(-6.95128e-06 0 -0.000174369)
(-4.11093e-06 0 -0.000179325)
(-1.11155e-06 0 -0.000181649)
(1.93088e-06 0 -0.000181283)
(4.89832e-06 0 -0.000178235)
(7.67635e-06 0 -0.000172581)
(1.01597e-05 0 -0.000164452)
(1.22568e-05 0 -0.000154022)
(1.38933e-05 0 -0.000141501)
(1.50145e-05 0 -0.00012711)
(1.55867e-05 0 -0.000111078)
(1.55975e-05 0 -9.36218e-05)
(1.50561e-05 0 -7.49461e-05)
(1.39927e-05 0 -5.52359e-05)
(1.24578e-05 0 -3.46584e-05)
(1.05208e-05 0 -1.33677e-05)
(8.26924e-06 0 8.48585e-06)
(5.80666e-06 0 3.07431e-05)
(3.25019e-06 0 5.32215e-05)
(7.28031e-07 0 7.5701e-05)
(-1.62275e-06 0 9.79107e-05)
(-3.65865e-06 0 0.000119518)
(-5.23293e-06 0 0.000140119)
(-6.20084e-06 0 0.000159234)
(-6.42972e-06 0 0.000176293)
(-5.81981e-06 0 0.000190629)
(-4.34641e-06 0 0.000201479)
(-2.13351e-06 0 0.000208046)
(4.80544e-07 0 0.0002097)
(2.99979e-06 0 0.000206258)
(4.9681e-06 0 0.000198097)
(6.12797e-06 0 0.00018594)
(6.41969e-06 0 0.000170587)
(5.9021e-06 0 0.000152769)
(4.69028e-06 0 0.000133116)
(2.9228e-06 0 0.000112165)
(7.45794e-07 0 9.03677e-05)
(-1.6949e-06 0 6.80988e-05)
(-4.25801e-06 0 4.56667e-05)
(-6.80963e-06 0 2.33206e-05)
(-9.22547e-06 0 1.26281e-06)
(-1.1393e-05 0 -2.03371e-05)
(-1.32143e-05 0 -4.13284e-05)
(-1.46078e-05 0 -6.15645e-05)
(-1.55105e-05 0 -8.08915e-05)
(-1.58784e-05 0 -9.91404e-05)
(-1.5688e-05 0 -0.000116123)
(-1.49367e-05 0 -0.000131633)
(-1.36433e-05 0 -0.00014545)
(-1.18478e-05 0 -0.00015735)
(-9.61055e-06 0 -0.000167112)
(-7.01094e-06 0 -0.000174537)
(-4.14458e-06 0 -0.000179462)
(-1.11956e-06 0 -0.000181771)
(6.22739e-07 0 -0.000183411)
(1.55233e-06 0 -0.000180268)
(2.34709e-06 0 -0.000174441)
(2.93389e-06 0 -0.00016607)
(3.25143e-06 0 -0.000155344)
(3.25303e-06 0 -0.000142488)
(2.90845e-06 0 -0.000127742)
(2.20496e-06 0 -0.00011135)
(1.14778e-06 0 -9.35499e-05)
(-2.39893e-07 0 -7.4562e-05)
(-1.9171e-06 0 -5.45887e-05)
(-3.82566e-06 0 -3.3813e-05)
(-5.89087e-06 0 -1.2403e-05)
(-8.02269e-06 0 9.47919e-06)
(-1.01177e-05 0 3.16654e-05)
(-1.20618e-05 0 5.39678e-05)
(-1.37333e-05 0 7.61645e-05)
(-1.50058e-05 0 9.7986e-05)
(-1.5752e-05 0 0.000119105)
(-1.58489e-05 0 0.00013913)
(-1.51847e-05 0 0.0001576)
(-1.36705e-05 0 0.000173981)
(-1.12606e-05 0 0.000187672)
(-7.98548e-06 0 0.00019802)
(-3.99984e-06 0 0.000204383)
(3.80757e-07 0 0.000206266)
(4.72085e-06 0 0.000203501)
(8.59841e-06 0 0.000196324)
(1.17267e-05 0 0.000185271)
(1.39771e-05 0 0.000170991)
(1.53358e-05 0 0.00015413)
(1.58586e-05 0 0.000135278)
(1.56396e-05 0 0.000114955)
(1.47935e-05 0 9.36099e-05)
(1.34447e-05 0 7.16229e-05)
(1.17207e-05 0 4.93116e-05)
(9.74762e-06 0 2.69378e-05)
(7.6462e-06 0 4.7188e-06)
(5.52893e-06 0 -1.71593e-05)
(3.497e-06 0 -3.85268e-05)
(1.63762e-06 0 -5.92174e-05)
(2.22798e-08 0 -7.90563e-05)
(-1.29436e-06 0 -9.78532e-05)
(-2.27515e-06 0 -0.000115398)
(-2.90093e-06 0 -0.000131463)
(-3.17069e-06 0 -0.000145807)
(-3.10147e-06 0 -0.000158181)
(-2.72774e-06 0 -0.000168349)
(-2.10015e-06 0 -0.000176092)
(-1.28341e-06 0 -0.000181232)
(-3.53237e-07 0 -0.000183643)
(6.07774e-07 0 -0.000183263)
(1.51511e-06 0 -0.000180102)
(2.2876e-06 0 -0.000174239)
(2.85213e-06 0 -0.000165818)
(3.14756e-06 0 -0.000155028)
(3.12747e-06 0 -0.000142093)
(2.76202e-06 0 -0.000127258)
(2.03903e-06 0 -0.000110767)
(9.64436e-07 0 -9.2859e-05)
(-4.37677e-07 0 -7.37584e-05)
(-2.12535e-06 0 -5.36695e-05)
(-4.03925e-06 0 -3.27777e-05)
(-6.10349e-06 0 -1.12547e-05)
(-8.22681e-06 0 1.07336e-05)
(-1.03046e-05 0 3.30143e-05)
(-1.22219e-05 0 5.53943e-05)
(-1.38563e-05 0 7.76456e-05)
(-1.50808e-05 0 9.9492e-05)
(-1.57682e-05 0 0.0001206)
(-1.5796e-05 0 0.00014057)
(-1.50538e-05 0 0.000158935)
(-1.34558e-05 0 0.000175155)
(-1.09614e-05 0 0.000188623)
(-7.61043e-06 0 0.000198685)
(-3.57174e-06 0 0.000204706)
(8.24501e-07 0 0.000206214)
(5.13758e-06 0 0.000203079)
(8.95423e-06 0 0.000195574)
(1.20031e-05 0 0.000184251)
(1.41683e-05 0 0.000169766)
(1.54444e-05 0 0.00015276)
(1.58914e-05 0 0.000133817)
(1.56061e-05 0 0.000113451)
(1.47041e-05 0 9.21047e-05)
(1.33103e-05 0 7.01509e-05)
(1.1552e-05 0 4.79006e-05)
(9.55491e-06 0 2.5609e-05)
(7.43885e-06 0 3.48776e-06)
(5.31533e-06 0 -1.82824e-05)
(3.28441e-06 0 -3.95361e-05)
(1.43205e-06 0 -6.01106e-05)
(-1.71466e-07 0 -7.98346e-05)
(-1.47258e-06 0 -9.85202e-05)
(-2.43513e-06 0 -0.00011596)
(-3.04079e-06 0 -0.000131928)
(-3.28924e-06 0 -0.000146184)
(-3.19803e-06 0 -0.000158484)
(-2.80201e-06 0 -0.000168589)
(-2.15205e-06 0 -0.000176285)
(-1.31297e-06 0 -0.000181394)
(-3.60517e-07 0 -0.00018379)
(-7.26957e-07 0 -0.000183319)
(-1.89667e-06 0 -0.000180102)
(-3.14184e-06 0 -0.00017414)
(-4.50081e-06 0 -0.000165583)
(-6.00234e-06 0 -0.000154634)
(-7.66368e-06 0 -0.000141528)
(-9.4893e-06 0 -0.000126523)
(-1.14702e-05 0 -0.000109878)
(-1.35834e-05 0 -9.18469e-05)
(-1.57921e-05 0 -7.26667e-05)
(-1.80454e-05 0 -5.25554e-05)
(-2.02787e-05 0 -3.17111e-05)
(-2.2414e-05 0 -1.03166e-05)
(-2.43609e-05 0 1.1453e-05)
(-2.6019e-05 0 3.34191e-05)
(-2.72805e-05 0 5.53866e-05)
(-2.80335e-05 0 7.71293e-05)
(-2.8166e-05 0 9.83776e-05)
(-2.75708e-05 0 0.000118809)
(-2.61516e-05 0 0.000138045)
(-2.3832e-05 0 0.000155644)
(-2.05673e-05 0 0.000171113)
(-1.63633e-05 0 0.000183912)
(-1.13022e-05 0 0.000193486)
(-5.57276e-06 0 0.000199318)
(5.14516e-07 0 0.000201033)
(6.5651e-06 0 0.000198507)
(1.21937e-05 0 0.000191915)
(1.7111e-05 0 0.000181666)
(2.1149e-05 0 0.000168287)
(2.42418e-05 0 0.000152335)
(2.63941e-05 0 0.00013434)
(2.76576e-05 0 0.00011479)
(2.81132e-05 0 9.41116e-05)
(2.78598e-05 0 7.2676e-05)
(2.7006e-05 0 5.07965e-05)
(2.56644e-05 0 2.87357e-05)
(2.39463e-05 0 6.71578e-06)
(2.19588e-05 0 -1.50691e-05)
(1.98008e-05 0 -3.64384e-05)
(1.75603e-05 0 -5.72119e-05)
(1.5313e-05 0 -7.72004e-05)
(1.31207e-05 0 -9.61979e-05)
(1.10315e-05 0 -0.000113978)
(9.07929e-06 0 -0.000130298)
(7.284e-06 0 -0.000144897)
(5.65148e-06 0 -0.000157516)
(4.17419e-06 0 -0.000167898)
(2.83198e-06 0 -0.000175813)
(1.59355e-06 0 -0.000181072)
(4.18633e-07 0 -0.00018354)
(-7.3884e-07 0 -0.000183151)
(-1.92662e-06 0 -0.000179915)
(-3.18955e-06 0 -0.000173918)
(-4.56573e-06 0 -0.000165312)
(-6.08362e-06 0 -0.000154298)
(-7.76007e-06 0 -0.000141115)
(-9.59902e-06 0 -0.000126022)
(-1.15908e-05 0 -0.00010928)
(-1.37118e-05 0 -9.11451e-05)
(-1.59243e-05 0 -7.18563e-05)
(-1.81763e-05 0 -5.16344e-05)
(-2.04023e-05 0 -3.06803e-05)
(-2.25231e-05 0 -9.1801e-06)
(-2.44474e-05 0 1.26871e-05)
(-2.60737e-05 0 3.47384e-05)
(-2.72937e-05 0 5.67735e-05)
(-2.7995e-05 0 7.85603e-05)
(-2.80659e-05 0 9.98232e-05)
(-2.73995e-05 0 0.000120234)
(-2.59012e-05 0 0.000139406)
(-2.34965e-05 0 0.000156896)
(-2.01446e-05 0 0.000172202)
(-1.58572e-05 0 0.000184785)
(-1.07249e-05 0 0.000194089)
(-4.94778e-06 0 0.000199608)
(1.15321e-06 0 0.000200986)
(7.18e-06 0 0.000198127)
(1.27533e-05 0 0.000191232)
(1.7595e-05 0 0.000180728)
(2.15478e-05 0 0.000167148)
(2.45533e-05 0 0.000151047)
(2.66218e-05 0 0.000132955)
(2.78081e-05 0 0.000113353)
(2.81951e-05 0 9.2664e-05)
(2.78827e-05 0 7.12512e-05)
(2.69801e-05 0 4.94223e-05)
(2.55996e-05 0 2.74339e-05)
(2.38524e-05 0 5.50251e-06)
(2.18446e-05 0 -1.61826e-05)
(1.96742e-05 0 -3.74451e-05)
(1.74283e-05 0 -5.81086e-05)
(1.51813e-05 0 -7.7987e-05)
(1.2994e-05 0 -9.68768e-05)
(1.09136e-05 0 -0.000114555)
(8.97325e-06 0 -0.000130779)
(7.19193e-06 0 -0.000145293)
(5.57499e-06 0 -0.000157837)
(4.1144e-06 0 -0.000168158)
(2.78964e-06 0 -0.000176027)
(1.56911e-06 0 -0.000181254)
(4.12332e-07 0 -0.000183707)
(-2.0902e-06 0 -0.000181102)
(-5.37877e-06 0 -0.000177853)
(-8.679e-06 0 -0.000171837)
(-1.19921e-05 0 -0.000163209)
(-1.53126e-05 0 -0.000152182)
(-1.86268e-05 0 -0.000139001)
(-2.1913e-05 0 -0.000123936)
(-2.51404e-05 0 -0.000107256)
(-2.82689e-05 0 -8.92279e-05)
(-3.12494e-05 0 -7.01e-05)
(-3.40228e-05 0 -5.01022e-05)
(-3.65206e-05 0 -2.94444e-05)
(-3.86644e-05 0 -8.32062e-06)
(-4.03671e-05 0 1.30844e-05)
(-4.15349e-05 0 3.45851e-05)
(-4.20701e-05 0 5.59826e-05)
(-4.18747e-05 0 7.70504e-05)
(-4.08549e-05 0 9.75238e-05)
(-3.89264e-05 0 0.000117092)
(-3.60219e-05 0 0.000135392)
(-3.20999e-05 0 0.000152016)
(-2.71569e-05 0 0.000166513)
(-2.1243e-05 0 0.000178407)
(-1.44809e-05 0 0.000187229)
(-7.08354e-06 0 0.000192564)
(6.44313e-07 0 0.000194126)
(8.33817e-06 0 0.00019182)
(1.564e-05 0 0.000185778)
(2.22604e-05 0 0.000176316)
(2.80033e-05 0 0.000163861)
(3.27608e-05 0 0.000148886)
(3.64935e-05 0 0.000131863)
(3.92128e-05 0 0.000113237)
(4.09658e-05 0 9.34082e-05)
(4.18234e-05 0 7.27305e-05)
(4.18722e-05 0 5.15073e-05)
(4.12073e-05 0 2.99977e-05)
(3.99271e-05 0 8.42449e-06)
(3.8129e-05 0 -1.30136e-05)
(3.59059e-05 0 -3.41283e-05)
(3.33436e-05 0 -5.47296e-05)
(3.05186e-05 0 -7.46167e-05)
(2.74979e-05 0 -9.35717e-05)
(2.43388e-05 0 -0.000111357)
(2.10887e-05 0 -0.000127716)
(1.77859e-05 0 -0.000142379)
(1.44594e-05 0 -0.000155072)
(1.11293e-05 0 -0.000165529)
(7.80747e-06 0 -0.000173512)
(4.49786e-06 0 -0.000178819)
(1.19812e-06 0 -0.000181311)
(-2.0986e-06 0 -0.000180918)
(-5.40048e-06 0 -0.000177651)
(-8.71339e-06 0 -0.0001716)
(-1.20381e-05 0 -0.000162924)
(-1.53686e-05 0 -0.000151833)
(-1.8691e-05 0 -0.000138578)
(-2.19825e-05 0 -0.000123427)
(-2.52119e-05 0 -0.000106654)
(-2.83383e-05 0 -8.85255e-05)
(-3.13117e-05 0 -6.9294e-05)
(-3.40722e-05 0 -4.91915e-05)
(-3.65502e-05 0 -2.8431e-05)
(-3.86665e-05 0 -7.20945e-06)
(-4.03331e-05 0 1.42844e-05)
(-4.14555e-05 0 3.58608e-05)
(-4.19359e-05 0 5.73159e-05)
(-4.16761e-05 0 7.84182e-05)
(-4.05829e-05 0 9.88971e-05)
(-3.85732e-05 0 0.000118436)
(-3.55815e-05 0 0.000136668)
(-3.15693e-05 0 0.000153179)
(-2.65374e-05 0 0.000167516)
(-2.05417e-05 0 0.000179204)
(-1.37126e-05 0 0.000187775)
(-6.2718e-06 0 0.000192826)
(1.4683e-06 0 0.000194084)
(9.14081e-06 0 0.000191478)
(1.63919e-05 0 0.000185159)
(2.29402e-05 0 0.000175457)
(2.85987e-05 0 0.000162808)
(3.32663e-05 0 0.000147686)
(3.69092e-05 0 0.000130563)
(3.95426e-05 0 0.000111879)
(4.12163e-05 0 9.20306e-05)
(4.20028e-05 0 7.13663e-05)
(4.19897e-05 0 5.01839e-05)
(4.12726e-05 0 2.87369e-05)
(3.99497e-05 0 7.24291e-06)
(3.81179e-05 0 -1.41041e-05)
(3.58695e-05 0 -3.51198e-05)
(3.32894e-05 0 -5.56177e-05)
(3.04531e-05 0 -7.54003e-05)
(2.74269e-05 0 -9.42526e-05)
(2.42669e-05 0 -0.000111939)
(2.10199e-05 0 -0.000128206)
(1.77233e-05 0 -0.000142786)
(1.44054e-05 0 -0.000155406)
(1.10859e-05 0 -0.000165804)
(7.77602e-06 0 -0.00017374)
(4.4793e-06 0 -0.000179017)
(1.19297e-06 0 -0.000181494)
(-3.45518e-06 0 -0.000176748)
(-8.86396e-06 0 -0.000173513)
(-1.42171e-05 0 -0.000167527)
(-1.94771e-05 0 -0.00015895)
(-2.46026e-05 0 -0.000147999)
(-2.95488e-05 0 -0.000134928)
(-3.4267e-05 0 -0.000120009)
(-3.8705e-05 0 -0.000103522)
(-4.28064e-05 0 -8.57379e-05)
(-4.6511e-05 0 -6.69129e-05)
(-4.97532e-05 0 -4.72842e-05)
(-5.24628e-05 0 -2.70695e-05)
(-5.45637e-05 0 -6.46995e-06)
(-5.5975e-05 0 1.43236e-05)
(-5.66128e-05 0 3.51222e-05)
(-5.63929e-05 0 5.57267e-05)
(-5.52343e-05 0 7.59145e-05)
(-5.30639e-05 0 9.54297e-05)
(-4.98225e-05 0 0.000113977)
(-4.54722e-05 0 0.000131219)
(-4.00057e-05 0 0.00014678)
(-3.34567e-05 0 0.000160257)
(-2.59129e-05 0 0.000171237)
(-1.75289e-05 0 0.000179326)
(-8.53435e-06 0 0.000184191)
(7.70746e-07 0 0.000185609)
(1.00437e-05 0 0.00018351)
(1.89463e-05 0 0.000177992)
(2.719e-05 0 0.000169302)
(3.45587e-05 0 0.000157787)
(4.09107e-05 0 0.000143845)
(4.61689e-05 0 0.000127889)
(5.03079e-05 0 0.000110318)
(5.33412e-05 0 9.15014e-05)
(5.53111e-05 0 7.177e-05)
(5.628e-05 0 5.14128e-05)
(5.63227e-05 0 3.06809e-05)
(5.55214e-05 0 9.79417e-06)
(5.39606e-05 0 -1.10478e-05)
(5.1724e-05 0 -3.16529e-05)
(4.88919e-05 0 -5.18246e-05)
(4.55396e-05 0 -7.13548e-05)
(4.1737e-05 0 -9.00181e-05)
(3.75487e-05 0 -0.000107569)
(3.30348e-05 0 -0.000123745)
(2.82513e-05 0 -0.000138268)
(2.32501e-05 0 -0.000150859)
(1.80795e-05 0 -0.000161246)
(1.27841e-05 0 -0.000169182)
(7.40467e-06 0 -0.000174463)
(1.97852e-06 0 -0.000176944)
(-3.45984e-06 0 -0.000176552)
(-8.87679e-06 0 -0.0001733)
(-1.42372e-05 0 -0.000167281)
(-1.95028e-05 0 -0.000158656)
(-2.46318e-05 0 -0.000147645)
(-2.95787e-05 0 -0.000134501)
(-3.42942e-05 0 -0.000119501)
(-3.87251e-05 0 -0.000102924)
(-4.28145e-05 0 -8.50453e-05)
(-4.65012e-05 0 -6.61225e-05)
(-4.9719e-05 0 -4.63959e-05)
(-5.23968e-05 0 -2.6086e-05)
(-5.44577e-05 0 -5.39704e-06)
(-5.58203e-05 0 1.54763e-05)
(-5.64003e-05 0 3.63414e-05)
(-5.61135e-05 0 5.69943e-05)
(-5.48793e-05 0 7.72077e-05)
(-5.26255e-05 0 9.67207e-05)
(-4.92946e-05 0 0.000115233)
(-4.48511e-05 0 0.000132403)
(-3.92909e-05 0 0.000147852)
(-3.26522e-05 0 0.000161175)
(-2.50285e-05 0 0.00017196)
(-1.6581e-05 0 0.000179818)
(-7.54642e-06 0 0.000184426)
(1.76982e-06 0 0.000185572)
(1.10233e-05 0 0.000183202)
(1.98788e-05 0 0.000177433)
(2.80537e-05 0 0.000168521)
(3.53391e-05 0 0.000156822)
(4.15998e-05 0 0.000142737)
(4.67639e-05 0 0.00012668)
(5.08102e-05 0 0.000109047)
(5.37553e-05 0 9.02043e-05)
(5.56438e-05 0 7.04781e-05)
(5.65393e-05 0 5.01528e-05)
(5.65175e-05 0 2.94741e-05)
(5.56609e-05 0 8.65734e-06)
(5.40537e-05 0 -1.21024e-05)
(5.17794e-05 0 -3.26165e-05)
(4.89176e-05 0 -5.26923e-05)
(4.55427e-05 0 -7.21245e-05)
(4.17239e-05 0 -9.06906e-05)
(3.75249e-05 0 -0.000108148)
(3.30052e-05 0 -0.000124235)
(2.82198e-05 0 -0.000138679)
(2.32201e-05 0 -0.0001512)
(1.80536e-05 0 -0.000161528)
(1.27644e-05 0 -0.00016942)
(7.39248e-06 0 -0.000174671)
(1.97465e-06 0 -0.000177137)
(-4.80826e-06 0 -0.000170264)
(-1.23176e-05 0 -0.000167091)
(-1.97018e-05 0 -0.000161223)
(-2.68833e-05 0 -0.000152823)
(-3.37847e-05 0 -0.00014211)
(-4.03294e-05 0 -0.000129337)
(-4.64421e-05 0 -0.000114779)
(-5.20494e-05 0 -9.87168e-05)
(-5.70796e-05 0 -8.14219e-05)
(-6.14622e-05 0 -6.31532e-05)
(-6.51271e-05 0 -4.41503e-05)
(-6.80038e-05 0 -2.46339e-05)
(-7.00209e-05 0 -4.80828e-06)
(-7.11061e-05 0 1.51336e-05)
(-7.11881e-05 0 3.50032e-05)
(-7.01986e-05 0 5.46043e-05)
(-6.80759e-05 0 7.37217e-05)
(-6.47695e-05 0 9.21124e-05)
(-6.02464e-05 0 0.0001095)
(-5.44982e-05 0 0.000125576)
(-4.75497e-05 0 0.000140001)
(-3.94681e-05 0 0.00015242)
(-3.03731e-05 0 0.000162479)
(-2.04442e-05 0 0.000169849)
(-9.92323e-06 0 0.000174264)
(8.93867e-07 0 0.000175547)
(1.168e-05 0 0.000173644)
(2.21115e-05 0 0.000168631)
(3.19008e-05 0 0.000160703)
(4.0817e-05 0 0.00015014)
(4.86918e-05 0 0.000137276)
(5.54156e-05 0 0.000122466)
(6.09293e-05 0 0.000106065)
(6.52147e-05 0 8.84053e-05)
(6.82852e-05 0 6.9792e-05)
(7.01774e-05 0 5.0496e-05)
(7.09444e-05 0 3.07564e-05)
(7.06494e-05 0 1.07867e-05)
(6.93616e-05 0 -9.21608e-06)
(6.7153e-05 0 -2.90596e-05)
(6.4096e-05 0 -4.85452e-05)
(6.02624e-05 0 -6.74617e-05)
(5.57232e-05 0 -8.55808e-05)
(5.05491e-05 0 -0.000102655)
(4.48118e-05 0 -0.000118418)
(3.8584e-05 0 -0.000132594)
(3.19405e-05 0 -0.0001449)
(2.49576e-05 0 -0.000155063)
(1.77131e-05 0 -0.000162837)
(1.02852e-05 0 -0.000168014)
(2.7521e-06 0 -0.000170447)
(-4.80904e-06 0 -0.000170063)
(-1.23213e-05 0 -0.000166874)
(-1.9707e-05 0 -0.000160974)
(-2.68881e-05 0 -0.000152529)
(-3.37864e-05 0 -0.000141757)
(-4.03243e-05 0 -0.000128916)
(-4.6426e-05 0 -0.000114281)
(-5.20173e-05 0 -9.81333e-05)
(-5.70257e-05 0 -8.07494e-05)
(-6.138e-05 0 -6.23894e-05)
(-6.50093e-05 0 -4.32959e-05)
(-6.78427e-05 0 -2.36923e-05)
(-6.9808e-05 0 -3.78576e-06)
(-7.08329e-05 0 1.62271e-05)
(-7.08457e-05 0 3.61542e-05)
(-6.97785e-05 0 5.57952e-05)
(-6.75704e-05 0 7.49305e-05)
(-6.41723e-05 0 9.33127e-05)
(-5.95529e-05 0 0.000110662)
(-5.37068e-05 0 0.000126664)
(-4.66621e-05 0 0.000140981)
(-3.8491e-05 0 0.000153254)
(-2.9318e-05 0 0.000163132)
(-1.93286e-05 0 0.000170292)
(-8.77027e-06 0 0.000174474)
(2.05712e-06 0 0.000175513)
(1.28253e-05 0 0.000173368)
(2.32125e-05 0 0.000168128)
(3.29359e-05 0 0.000159997)
(4.17703e-05 0 0.000149262)
(4.95531e-05 0 0.000136262)
(5.61798e-05 0 0.000121353)
(6.15955e-05 0 0.000104888)
(6.57855e-05 0 8.71973e-05)
(6.87657e-05 0 6.85827e-05)
(7.05744e-05 0 4.93104e-05)
(7.12659e-05 0 2.96154e-05)
(7.0904e-05 0 9.7068e-06)
(6.95581e-05 0 -1.02225e-05)
(6.73e-05 0 -2.99836e-05)
(6.42018e-05 0 -4.9381e-05)
(6.03345e-05 0 -6.82066e-05)
(5.57687e-05 0 -8.62348e-05)
(5.05743e-05 0 -0.000103221)
(4.48222e-05 0 -0.000118901)
(3.85846e-05 0 -0.000133001)
(3.19352e-05 0 -0.00014524)
(2.49499e-05 0 -0.000155348)
(1.77055e-05 0 -0.000163079)
(1.02797e-05 0 -0.000168227)
(2.74955e-06 0 -0.000170646)
(-6.13363e-06 0 -0.00016168)
(-1.56996e-05 0 -0.00015862)
(-2.50699e-05 0 -0.000152961)
(-3.4127e-05 0 -0.000144867)
(-4.27573e-05 0 -0.000134553)
(-5.08524e-05 0 -0.00012227)
(-5.83113e-05 0 -0.000108289)
(-6.50401e-05 0 -9.28847e-05)
(-7.09523e-05 0 -7.6325e-05)
(-7.59684e-05 0 -5.88653e-05)
(-8.00147e-05 0 -4.07426e-05)
(-8.30221e-05 0 -2.21757e-05)
(-8.49253e-05 0 -3.36753e-06)
(-8.56627e-05 0 1.54909e-05)
(-8.51772e-05 0 3.42149e-05)
(-8.34183e-05 0 5.26147e-05)
(-8.03449e-05 0 7.04856e-05)
(-7.59305e-05 0 8.76005e-05)
(-7.01683e-05 0 0.000103706)
(-6.30788e-05 0 0.000118522)
(-5.47169e-05 0 0.00013175)
(-4.518e-05 0 0.00014308)
(-3.46143e-05 0 0.000152212)
(-2.32193e-05 0 0.000158875)
(-1.12458e-05 0 0.000162852)
(1.01334e-06 0 0.000164005)
(1.32424e-05 0 0.000162291)
(2.51279e-05 0 0.000157771)
(3.63834e-05 0 0.000150596)
(4.6767e-05 0 0.000140996)
(5.60887e-05 0 0.000129246)
(6.42113e-05 0 0.000115651)
(7.10456e-05 0 0.000100519)
(7.65432e-05 0 8.41458e-05)
(8.06891e-05 0 6.68075e-05)
(8.34938e-05 0 4.87538e-05)
(8.4987e-05 0 3.02091e-05)
(8.52119e-05 0 1.13771e-05)
(8.42204e-05 0 -7.55135e-06)
(8.2071e-05 0 -2.63873e-05)
(7.88264e-05 0 -4.4934e-05)
(7.45533e-05 0 -6.29819e-05)
(6.93223e-05 0 -8.03047e-05)
(6.32094e-05 0 -9.66578e-05)
(5.62964e-05 0 -0.00011178)
(4.86725e-05 0 -0.000125397)
(4.04343e-05 0 -0.000137232)
(3.16859e-05 0 -0.000147018)
(2.25379e-05 0 -0.000154509)
(1.31062e-05 0 -0.000159502)
(3.50984e-06 0 -0.000161849)
(-6.13052e-06 0 -0.000161479)
(-1.5694e-05 0 -0.000158402)
(-2.50604e-05 0 -0.000152714)
(-3.4111e-05 0 -0.000144577)
(-4.27314e-05 0 -0.000134209)
(-5.08126e-05 0 -0.000121862)
(-5.82525e-05 0 -0.000107808)
(-6.49564e-05 0 -9.23248e-05)
(-7.08374e-05 0 -7.56826e-05)
(-7.58151e-05 0 -5.81388e-05)
(-7.98153e-05 0 -3.99332e-05)
(-8.27684e-05 0 -2.12872e-05)
(-8.46089e-05 0 -2.40674e-06)
(-8.52751e-05 0 1.65141e-05)
(-8.47101e-05 0 3.52872e-05)
(-8.2864e-05 0 5.37193e-05)
(-7.96968e-05 0 7.16017e-05)
(-7.51835e-05 0 8.87034e-05)
(-6.93196e-05 0 0.000104768)
(-6.21286e-05 0 0.000119512)
(-5.36691e-05 0 0.000132636)
(-4.4043e-05 0 0.000143831)
(-3.34013e-05 0 0.000152797)
(-2.19484e-05 0 0.00015927)
(-9.93965e-06 0 0.000163039)
(2.32918e-06 0 0.000163975)
(1.45413e-05 0 0.000162046)
(2.63849e-05 0 0.000157321)
(3.75771e-05 0 0.000149963)
(4.78804e-05 0 0.000140205)
(5.711e-05 0 0.000128328)
(6.51335e-05 0 0.000114637)
(7.18657e-05 0 9.94412e-05)
(7.7262e-05 0 8.30344e-05)
(8.13099e-05 0 6.56895e-05)
(8.40223e-05 0 4.76527e-05)
(8.54301e-05 0 2.91447e-05)
(8.55776e-05 0 1.03652e-05)
(8.45171e-05 0 -8.49831e-06)
(8.23072e-05 0 -2.72602e-05)
(7.90104e-05 0 -4.57268e-05)
(7.46931e-05 0 -6.36914e-05)
(6.94255e-05 0 -8.09303e-05)
(6.32829e-05 0 -9.72014e-05)
(5.63465e-05 0 -0.000112246)
(4.87048e-05 0 -0.000125792)
(4.04537e-05 0 -0.000137565)
(3.16963e-05 0 -0.000147298)
(2.25425e-05 0 -0.000154749)
(1.31072e-05 0 -0.000159715)
(3.50861e-06 0 -0.000162049)
(-7.41314e-06 0 -0.000151055)
(-1.89639e-05 0 -0.000148155)
(-3.02491e-05 0 -0.000142796)
(-4.11119e-05 0 -0.000135136)
(-5.1403e-05 0 -0.000125384)
(-6.09837e-05 0 -0.000113783)
(-6.97276e-05 0 -0.000100592)
(-7.75214e-05 0 -8.60758e-05)
(-8.4265e-05 0 -7.04935e-05)
(-8.98704e-05 0 -5.40907e-05)
(-9.42613e-05 0 -3.70966e-05)
(-9.7371e-05 0 -1.97233e-05)
(-9.91413e-05 0 -2.16761e-06)
(-9.95223e-05 0 1.53856e-05)
(-9.84725e-05 0 3.27589e-05)
(-9.59598e-05 0 4.97722e-05)
(-9.19647e-05 0 6.62341e-05)
(-8.64846e-05 0 8.19359e-05)
(-7.9539e-05 0 9.66486e-05)
(-7.11759e-05 0 0.000110124)
(-6.14782e-05 0 0.000122102)
(-5.05696e-05 0 0.000132317)
(-3.86191e-05 0 0.000140517)
(-2.5842e-05 0 0.00014648)
(-1.24959e-05 0 0.00015003)
(1.12851e-06 0 0.000151058)
(1.47233e-05 0 0.000149528)
(2.79823e-05 0 0.000145489)
(4.06197e-05 0 0.000139063)
(5.23849e-05 0 0.000130434)
(6.30707e-05 0 0.000119831)
(7.25164e-05 0 0.000107509)
(8.06058e-05 0 9.37329e-05)
(8.72624e-05 0 7.87619e-05)
(9.24437e-05 0 6.28416e-05)
(9.61345e-05 0 4.61982e-05)
(9.83408e-05 0 2.90384e-05)
(9.90846e-05 0 1.15534e-05)
(9.84e-05 0 -6.07515e-06)
(9.63307e-05 0 -2.36656e-05)
(9.29285e-05 0 -4.10275e-05)
(8.82541e-05 0 -5.79576e-05)
(8.2377e-05 0 -7.42368e-05)
(7.5377e-05 0 -8.96288e-05)
(6.73458e-05 0 -0.000103881)
(5.83877e-05 0 -0.000116732)
(4.86204e-05 0 -0.000127913)
(3.81748e-05 0 -0.000137167)
(2.71935e-05 0 -0.000144257)
(1.58292e-05 0 -0.000148985)
(4.24142e-06 0 -0.00015121)
(-7.40623e-06 0 -0.000150859)
(-1.89494e-05 0 -0.000147944)
(-3.02252e-05 0 -0.000142557)
(-4.10756e-05 0 -0.000134857)
(-5.13506e-05 0 -0.000125055)
(-6.09104e-05 0 -0.000113394)
(-6.96276e-05 0 -0.000100137)
(-7.73883e-05 0 -8.55484e-05)
(-8.40916e-05 0 -6.98906e-05)
(-8.96491e-05 0 -5.34115e-05)
(-9.3984e-05 0 -3.63426e-05)
(-9.70293e-05 0 -1.88986e-05)
(-9.87268e-05 0 -1.27899e-06)
(-9.90268e-05 0 1.63284e-05)
(-9.78881e-05 0 3.37432e-05)
(-9.52798e-05 0 5.0782e-05)
(-9.11835e-05 0 6.72501e-05)
(-8.55985e-05 0 8.29356e-05)
(-7.85468e-05 0 9.76068e-05)
(-7.00795e-05 0 0.000111014)
(-6.02833e-05 0 0.000122895)
(-4.92862e-05 0 0.000132986)
(-3.72614e-05 0 0.000141037)
(-2.44285e-05 0 0.00014683)
(-1.10488e-05 0 0.000150196)
(2.58475e-06 0 0.000151031)
(1.61636e-05 0 0.000149311)
(2.93825e-05 0 0.000145091)
(4.19586e-05 0 0.000138501)
(5.36451e-05 0 0.000129729)
(6.42391e-05 0 0.000119009)
(7.35842e-05 0 0.000106597)
(8.15684e-05 0 9.27591e-05)
(8.81188e-05 0 7.77533e-05)
(9.31957e-05 0 6.18226e-05)
(9.67864e-05 0 4.51903e-05)
(9.88986e-05 0 2.80602e-05)
(9.95554e-05 0 1.06199e-05)
(9.87918e-05 0 -6.95205e-06)
(9.66517e-05 0 -2.44769e-05)
(9.31873e-05 0 -4.17669e-05)
(8.84588e-05 0 -5.86216e-05)
(8.25355e-05 0 -7.48245e-05)
(7.5497e-05 0 -9.01415e-05)
(6.74341e-05 0 -0.000104323)
(5.84507e-05 0 -0.000117108)
(4.86636e-05 0 -0.000128231)
(3.82027e-05 0 -0.000137437)
(2.72098e-05 0 -0.000144489)
(1.58366e-05 0 -0.000149193)
(4.24144e-06 0 -0.000151405)
(-8.62637e-06 0 -0.000138475)
(-2.20585e-05 0 -0.000135783)
(-3.51577e-05 0 -0.000130812)
(-4.77289e-05 0 -0.000123713)
(-5.95891e-05 0 -0.000114681)
(-7.05705e-05 0 -0.000103946)
(-8.0523e-05 0 -9.17515e-05)
(-8.93147e-05 0 -7.83473e-05)
(-9.68329e-05 0 -6.3976e-05)
(-0.000102982 0 -4.88689e-05)
(-0.000107685 0 -3.3242e-05)
(-0.000110875 0 -1.72958e-05)
(-0.000112505 0 -1.21612e-06)
(-0.000112535 0 1.48222e-05)
(-0.000110939 0 3.06524e-05)
(-0.000107705 0 4.61071e-05)
(-0.000102834 0 6.10106e-05)
(-9.63467e-05 0 7.51748e-05)
(-8.82886e-05 0 8.8397e-05)
(-7.87333e-05 0 0.000100461)
(-6.77889e-05 0 0.000111143)
(-5.56025e-05 0 0.00012022)
(-4.23618e-05 0 0.000127484)
(-2.82949e-05 0 0.000132751)
(-1.36651e-05 0 0.000135881)
(1.23834e-06 0 0.000136785)
(1.61124e-05 0 0.000135437)
(3.06554e-05 0 0.000131873)
(4.45819e-05 0 0.000126193)
(5.76342e-05 0 0.000118544)
(6.95912e-05 0 0.000109115)
(8.02721e-05 0 9.81162e-05)
(8.95371e-05 0 8.57729e-05)
(9.7284e-05 0 7.23079e-05)
(0.000103445 0 5.79355e-05)
(0.000107978 0 4.28569e-05)
(0.000110868 0 2.72591e-05)
(0.000112115 0 1.13179e-05)
(0.000111735 0 -4.79736e-06)
(0.000109756 0 -2.09157e-05)
(0.00010622 0 -3.68574e-05)
(0.00010118 0 -5.24303e-05)
(9.47049e-05 0 -6.74275e-05)
(8.68768e-05 0 -8.16265e-05)
(7.77965e-05 0 -9.47902e-05)
(6.75827e-05 0 -0.000106671)
(5.63728e-05 0 -0.000117019)
(4.43229e-05 0 -0.000125591)
(3.16064e-05 0 -0.000132164)
(1.84109e-05 0 -0.00013655)
(4.93516e-06 0 -0.000138614)
(-8.61586e-06 0 -0.000138288)
(-2.20356e-05 0 -0.000135583)
(-3.51202e-05 0 -0.000130587)
(-4.76737e-05 0 -0.000123451)
(-5.95118e-05 0 -0.000114374)
(-7.04657e-05 0 -0.000103585)
(-8.03843e-05 0 -9.13301e-05)
(-8.91352e-05 0 -7.78607e-05)
(-9.66049e-05 0 -6.34217e-05)
(-0.000102698 0 -4.82463e-05)
(-0.000107335 0 -3.2553e-05)
(-0.000110452 0 -1.65445e-05)
(-0.000111999 0 -4.09198e-07)
(-0.000111939 0 1.56755e-05)
(-0.000110246 0 3.15404e-05)
(-0.000106909 0 4.70148e-05)
(-0.00010193 0 6.19205e-05)
(-9.53336e-05 0 7.60667e-05)
(-8.71658e-05 0 8.92485e-05)
(-7.75043e-05 0 0.000101248)
(-6.64609e-05 0 0.000111842)
(-5.41865e-05 0 0.000120808)
(-4.0873e-05 0 0.000127939)
(-2.67521e-05 0 0.000133056)
(-1.20899e-05 0 0.000136025)
(2.82228e-06 0 0.000136762)
(1.7681e-05 0 0.000135247)
(3.21854e-05 0 0.000131525)
(4.60523e-05 0 0.000125699)
(5.90272e-05 0 0.000117923)
(7.08927e-05 0 0.000108388)
(8.14722e-05 0 9.73078e-05)
(9.06295e-05 0 8.49066e-05)
(9.82662e-05 0 7.1407e-05)
(0.000104317 0 5.70219e-05)
(0.000108744 0 4.195e-05)
(0.000111532 0 2.63758e-05)
(0.000112683 0 1.0472e-05)
(0.000112215 0 -5.59453e-06)
(0.000110156 0 -2.16556e-05)
(0.000106549 0 -3.75338e-05)
(0.000101446 0 -5.30396e-05)
(9.49152e-05 0 -6.79684e-05)
(8.70402e-05 0 -8.20999e-05)
(7.79207e-05 0 -9.51993e-05)
(6.76744e-05 0 -0.000107021)
(5.64383e-05 0 -0.000117317)
(4.43673e-05 0 -0.000125844)
(3.16337e-05 0 -0.000132383)
(1.84243e-05 0 -0.000136746)
(4.93635e-06 0 -0.0001388)
(-9.75096e-06 0 -0.00012406)
(-2.49267e-05 0 -0.000121623)
(-3.9706e-05 0 -0.000117125)
(-5.38583e-05 0 -0.000110704)
(-6.71691e-05 0 -0.000102542)
(-7.94437e-05 0 -9.28488e-05)
(-9.051e-05 0 -8.18475e-05)
(-0.00010022 0 -6.97657e-05)
(-0.000108448 0 -5.68257e-05)
(-0.000115093 0 -4.3239e-05)
(-0.000120075 0 -2.92036e-05)
(-0.000123332 0 -1.49031e-05)
(-0.000124823 0 -5.08513e-07)
(-0.00012452 0 1.38198e-05)
(-0.000122413 0 2.79291e-05)
(-0.000118507 0 4.1667e-05)
(-0.000112823 0 5.48762e-05)
(-0.000105406 0 6.73908e-05)
(-9.63243e-05 0 7.90351e-05)
(-8.56743e-05 0 8.96245e-05)
(-7.35872e-05 0 9.89708e-05)
(-6.02299e-05 0 0.00010689)
(-4.5806e-05 0 0.000113209)
(-3.05539e-05 0 0.000117783)
(-1.47417e-05 0 0.000120496)
(1.34134e-06 0 0.000121279)
(1.73951e-05 0 0.00012011)
(3.31204e-05 0 0.000117019)
(4.82309e-05 0 0.000112084)
(6.24633e-05 0 0.000105425)
(7.55849e-05 0 9.7193e-05)
(8.73984e-05 0 8.75631e-05)
(9.77431e-05 0 7.67209e-05)
(0.000106494 0 6.48545e-05)
(0.00011356 0 5.21474e-05)
(0.000118875 0 3.87747e-05)
(0.000122402 0 2.49018e-05)
(0.000124121 0 1.06866e-05)
(0.00012403 0 -3.71645e-06)
(0.000122144 0 -1.81509e-05)
(0.000118492 0 -3.24516e-05)
(0.000113122 0 -4.64422e-05)
(0.0001061 0 -5.9933e-05)
(9.75123e-05 0 -7.27203e-05)
(8.74666e-05 0 -8.45873e-05)
(7.60946e-05 0 -9.53079e-05)
(6.35523e-05 0 -0.000104653)
(5.00188e-05 0 -0.0001124)
(3.56958e-05 0 -0.000118345)
(2.08039e-05 0 -0.000122314)
(5.57829e-06 0 -0.000124183)
(-9.73713e-06 0 -0.000123888)
(-2.4896e-05 0 -0.000121439)
(-3.96561e-05 0 -0.000116918)
(-5.37857e-05 0 -0.000110466)
(-6.70689e-05 0 -0.000102263)
(-7.93101e-05 0 -9.25218e-05)
(-9.0336e-05 0 -8.1467e-05)
(-9.99977e-05 0 -6.93277e-05)
(-0.00010817 0 -5.63281e-05)
(-0.000114751 0 -4.26816e-05)
(-0.000119659 0 -2.85883e-05)
(-0.000122835 0 -1.4234e-05)
(-0.000124235 0 2.08182e-07)
(-0.000123834 0 1.45757e-05)
(-0.000121623 0 2.87132e-05)
(-0.000117607 0 4.24661e-05)
(-0.000111811 0 5.56747e-05)
(-0.00010428 0 6.81709e-05)
(-9.50848e-05 0 7.97774e-05)
(-8.4327e-05 0 9.03087e-05)
(-7.21405e-05 0 9.95765e-05)
(-5.86959e-05 0 0.000107397)
(-4.42004e-05 0 0.000113602)
(-2.88955e-05 0 0.000118046)
(-1.30519e-05 0 0.00012062)
(3.03967e-06 0 0.00012126)
(1.90785e-05 0 0.000119948)
(3.47663e-05 0 0.000116719)
(4.98186e-05 0 0.000111658)
(6.39747e-05 0 0.000104888)
(7.70052e-05 0 9.65632e-05)
(8.87164e-05 0 8.68601e-05)
(9.89516e-05 0 7.5965e-05)
(0.000107589 0 6.40658e-05)
(0.00011454 0 5.1345e-05)
(0.000119743 0 3.79756e-05)
(0.000123162 0 2.4121e-05)
(0.000124777 0 9.93672e-06)
(0.000124591 0 -4.42518e-06)
(0.000122616 0 -1.88104e-05)
(0.000118884 0 -3.30561e-05)
(0.000113443 0 -4.69882e-05)
(0.000106358 0 -6.0419e-05)
(9.77154e-05 0 -7.31469e-05)
(8.76234e-05 0 -8.4957e-05)
(7.62127e-05 0 -9.56251e-05)
(6.36381e-05 0 -0.000104924)
(5.00782e-05 0 -0.000112632)
(3.57333e-05 0 -0.000118546)
(2.08228e-05 0 -0.000122495)
(5.58054e-06 0 -0.000124354)
(-1.07632e-05 0 -0.000107967)
(-2.75081e-05 0 -0.000105828)
(-4.37987e-05 0 -0.000101881)
(-5.93725e-05 0 -9.62492e-05)
(-7.39864e-05 0 -8.90952e-05)
(-8.74217e-05 0 -8.06046e-05)
(-9.94868e-05 0 -7.09756e-05)
(-0.000110018 0 -6.04094e-05)
(-0.000118882 0 -4.91025e-05)
(-0.000125969 0 -3.72418e-05)
(-0.0001312 0 -2.50026e-05)
(-0.000134514 0 -1.25477e-05)
(-0.000135877 0 -2.87026e-08)
(-0.000135272 0 1.24122e-05)
(-0.000132703 0 2.46392e-05)
(-0.000128192 0 3.65176e-05)
(-0.000121779 0 4.79106e-05)
(-0.000113528 0 5.86758e-05)
(-0.000103529 0 6.86647e-05)
(-9.19001e-05 0 7.77238e-05)
(-7.87916e-05 0 8.56985e-05)
(-6.4387e-05 0 9.24388e-05)
(-4.89031e-05 0 9.78072e-05)
(-3.25868e-05 0 0.000101686)
(-1.57105e-05 0 0.000103985)
(1.43556e-06 0 0.000104648)
(1.85522e-05 0 0.000103657)
(3.53411e-05 0 0.000101037)
(5.15144e-05 0 9.68495e-05)
(6.68037e-05 0 9.11898e-05)
(8.09668e-05 0 8.41792e-05)
(9.37925e-05 0 7.59579e-05)
(0.000105103 0 6.6677e-05)
(0.000114753 0 5.64914e-05)
(0.00012263 0 4.55544e-05)
(0.000128649 0 3.40143e-05)
(0.000132749 0 2.20134e-05)
(0.000134894 0 9.68974e-06)
(0.000135066 0 -2.8203e-06)
(0.000133265 0 -1.53776e-05)
(0.000129513 0 -2.78357e-05)
(0.000123849 0 -4.00383e-05)
(0.000116339 0 -5.18174e-05)
(0.000107071 0 -6.29926e-05)
(9.61596e-05 0 -7.33724e-05)
(8.37488e-05 0 -8.27568e-05)
(7.001e-05 0 -9.09432e-05)
(5.51434e-05 0 -9.77343e-05)
(3.9376e-05 0 -0.000102948)
(2.29578e-05 0 -0.000106432)
(6.15722e-06 0 -0.000108073)
(-1.07464e-05 0 -0.000107813)
(-2.74704e-05 0 -0.000105664)
(-4.37377e-05 0 -0.000101697)
(-5.92842e-05 0 -9.60382e-05)
(-7.38658e-05 0 -8.88492e-05)
(-8.72625e-05 0 -8.03174e-05)
(-9.92815e-05 0 -7.06424e-05)
(-0.000109759 0 -6.00268e-05)
(-0.00011856 0 -4.86688e-05)
(-0.000125576 0 -3.67571e-05)
(-0.000130725 0 -2.44688e-05)
(-0.000133951 0 -1.19685e-05)
(-0.000135216 0 5.90302e-07)
(-0.000134507 0 1.30635e-05)
(-0.000131828 0 2.53132e-05)
(-0.000127201 0 3.72027e-05)
(-0.00012067 0 4.85932e-05)
(-0.000112302 0 5.93409e-05)
(-0.000102188 0 6.92958e-05)
(-9.04499e-05 0 7.8304e-05)
(-7.72416e-05 0 8.62108e-05)
(-6.27502e-05 0 9.28674e-05)
(-4.71954e-05 0 9.81379e-05)
(-3.08273e-05 0 0.000101907)
(-1.39202e-05 0 0.000104089)
(3.2342e-06 0 0.000104631)
(2.03363e-05 0 0.00010352)
(3.70885e-05 0 0.000100785)
(5.32045e-05 0 9.64907e-05)
(6.84182e-05 0 9.07365e-05)
(8.24904e-05 0 8.36462e-05)
(9.52133e-05 0 7.53613e-05)
(0.000106412 0 6.60338e-05)
(0.000115947 0 5.58185e-05)
(0.000123705 0 4.48679e-05)
(0.000129606 0 3.33287e-05)
(0.000133592 0 2.13417e-05)
(0.000135628 0 9.04304e-06)
(0.000135697 0 -3.4329e-06)
(0.0001338 0 -1.59489e-05)
(0.00012996 0 -2.83605e-05)
(0.000124218 0 -4.05133e-05)
(0.000116638 0 -5.22412e-05)
(0.000107309 0 -6.33656e-05)
(9.63454e-05 0 -7.36965e-05)
(8.38902e-05 0 -8.30357e-05)
(7.0114e-05 0 -9.1182e-05)
(5.52162e-05 0 -9.79394e-05)
(3.94225e-05 0 -0.000103127)
(2.29816e-05 0 -0.000106593)
(6.1604e-06 0 -0.000108225)
(-1.16388e-05 0 -9.03912e-05)
(-2.97408e-05 0 -8.85875e-05)
(-4.73381e-05 0 -8.52606e-05)
(-6.41403e-05 0 -8.05165e-05)
(-7.98798e-05 0 -7.44931e-05)
(-9.43172e-05 0 -6.73484e-05)
(-0.000107244 0 -5.92508e-05)
(-0.000118485 0 -5.03707e-05)
(-0.000127897 0 -4.08747e-05)
(-0.000135366 0 -3.09214e-05)
(-0.000140811 0 -2.06591e-05)
(-0.000144174 0 -1.0226e-05)
(-0.000145428 0 2.4946e-07)
(-0.000144563 0 1.06465e-05)
(-0.000141596 0 2.0849e-05)
(-0.000136563 0 3.07427e-05)
(-0.000129521 0 4.02127e-05)
(-0.000120551 0 4.91412e-05)
(-0.000109763 0 5.74072e-05)
(-9.72903e-05 0 6.4887e-05)
(-8.33012e-05 0 7.14577e-05)
(-6.79926e-05 0 7.70009e-05)
(-5.15918e-05 0 8.14088e-05)
(-3.43529e-05 0 8.45898e-05)
(-1.65522e-05 0 8.64737e-05)
(1.51851e-06 0 8.70165e-05)
(1.95596e-05 0 8.62045e-05)
(3.72721e-05 0 8.40565e-05)
(5.43664e-05 0 8.06211e-05)
(7.05695e-05 0 7.59721e-05)
(8.56312e-05 0 7.02041e-05)
(9.93294e-05 0 6.34271e-05)
(0.000111472 0 5.57603e-05)
(0.000121896 0 4.73274e-05)
(0.000130473 0 3.82522e-05)
(0.000137097 0 2.86557e-05)
(0.000141692 0 1.86562e-05)
(0.000144205 0 8.36976e-06)
(0.000144602 0 -2.08769e-06)
(0.000142875 0 -1.25974e-05)
(0.000139034 0 -2.30352e-05)
(0.000133117 0 -3.32683e-05)
(0.000125185 0 -4.31546e-05)
(0.00011533 0 -5.25411e-05)
(0.000103672 0 -6.12655e-05)
(9.03649e-05 0 -6.91582e-05)
(7.5593e-05 0 -7.60476e-05)
(5.95748e-05 0 -8.1766e-05)
(4.25588e-05 0 -8.61587e-05)
(2.48209e-05 0 -8.90948e-05)
(6.65806e-06 0 -9.04781e-05)
(-1.16194e-05 0 -9.02596e-05)
(-2.96971e-05 0 -8.84474e-05)
(-4.72675e-05 0 -8.51045e-05)
(-6.40386e-05 0 -8.03374e-05)
(-7.97416e-05 0 -7.42849e-05)
(-9.41359e-05 0 -6.71061e-05)
(-0.000107012 0 -5.89703e-05)
(-0.000118194 0 -5.00494e-05)
(-0.000127537 0 -4.05113e-05)
(-0.000134929 0 -3.0516e-05)
(-0.000140287 0 -2.02135e-05)
(-0.000143556 0 -9.7433e-06)
(-0.000144706 0 7.64408e-07)
(-0.000143731 0 1.11873e-05)
(-0.000140648 0 2.14074e-05)
(-0.000135495 0 3.1309e-05)
(-0.000128332 0 4.07757e-05)
(-0.000119242 0 4.96885e-05)
(-0.000108336 0 5.79254e-05)
(-9.57532e-05 0 6.53624e-05)
(-8.16641e-05 0 7.18767e-05)
(-6.62688e-05 0 7.73508e-05)
(-4.97977e-05 0 8.16785e-05)
(-3.25075e-05 0 8.47703e-05)
(-1.46765e-05 0 8.65587e-05)
(3.40241e-06 0 8.7003e-05)
(2.14292e-05 0 8.6093e-05)
(3.91055e-05 0 8.38509e-05)
(5.61431e-05 0 8.03284e-05)
(7.2271e-05 0 7.56019e-05)
(8.72421e-05 0 6.9768e-05)
(0.000100837 0 6.2938e-05)
(0.000112867 0 5.52319e-05)
(0.000123173 0 4.67733e-05)
(0.000131628 0 3.76855e-05)
(0.000138131 0 2.80885e-05)
(0.000142607 0 1.80993e-05)
(0.000145004 0 7.83249e-06)
(0.000145293 0 -2.59759e-06)
(0.000143463 0 -1.30739e-05)
(0.000139529 0 -2.34736e-05)
(0.000133527 0 -3.36659e-05)
(0.00012552 0 -4.351e-05)
(0.000115598 0 -5.28545e-05)
(0.000103883 0 -6.15384e-05)
(9.05263e-05 0 -6.93937e-05)
(7.57127e-05 0 -7.62498e-05)
(5.96592e-05 0 -8.19402e-05)
(4.26131e-05 0 -8.63113e-05)
(2.48489e-05 0 -8.92327e-05)
(6.66203e-06 0 -9.0609e-05)
(-1.23539e-05 0 -7.1564e-05)
(-3.15645e-05 0 -7.01283e-05)
(-5.02286e-05 0 -6.7481e-05)
(-6.80333e-05 0 -6.37074e-05)
(-8.46911e-05 0 -5.89182e-05)
(-9.99458e-05 0 -5.32401e-05)
(-0.000113576 0 -4.68077e-05)
(-0.000125395 0 -3.97572e-05)
(-0.000135254 0 -3.22217e-05)
(-0.000143036 0 -2.43278e-05)
(-0.000148657 0 -1.61941e-05)
(-0.000152064 0 -7.93066e-06)
(-0.00015323 0 3.59945e-07)
(-0.000152156 0 8.58118e-06)
(-0.000148866 0 1.66392e-05)
(-0.000143408 0 2.44424e-05)
(-0.000135854 0 3.18993e-05)
(-0.000126299 0 3.89177e-05)
(-0.000114867 0 4.54037e-05)
(-0.000101707 0 5.12626e-05)
(-8.6999e-05 0 5.64009e-05)
(-7.09515e-05 0 6.07295e-05)
(-5.38e-05 0 6.41674e-05)
(-3.58042e-05 0 6.66463e-05)
(-1.72439e-05 0 6.81134e-05)
(1.58728e-06 0 6.85359e-05)
(2.03886e-05 0 6.79034e-05)
(3.88599e-05 0 6.623e-05)
(5.67094e-05 0 6.35522e-05)
(7.36603e-05 0 5.9925e-05)
(8.94564e-05 0 5.54193e-05)
(0.000103866 0 5.01176e-05)
(0.000116687 0 4.411e-05)
(0.000127743 0 3.74905e-05)
(0.000136888 0 3.03541e-05)
(0.000144005 0 2.2795e-05)
(0.000149002 0 1.49061e-05)
(0.000151812 0 6.77982e-06)
(0.000152392 0 -1.4906e-06)
(0.000150722 0 -9.80952e-06)
(0.000146807 0 -1.80776e-05)
(0.000140681 0 -2.61892e-05)
(0.000132405 0 -3.40307e-05)
(0.000122071 0 -4.14799e-05)
(0.000109804 0 -4.84073e-05)
(9.57653e-05 0 -5.46775e-05)
(8.01509e-05 0 -6.0153e-05)
(6.31931e-05 0 -6.46999e-05)
(4.51581e-05 0 -6.81943e-05)
(2.63427e-05 0 -7.05307e-05)
(7.06717e-06 0 -7.16318e-05)
(-1.23324e-05 0 -7.14578e-05)
(-3.15157e-05 0 -7.00155e-05)
(-5.01499e-05 0 -6.73555e-05)
(-6.79204e-05 0 -6.35639e-05)
(-8.45383e-05 0 -5.87519e-05)
(-9.97461e-05 0 -5.30469e-05)
(-0.000113321 0 -4.65846e-05)
(-0.000125077 0 -3.95022e-05)
(-0.000134863 0 -3.19337e-05)
(-0.000142563 0 -2.40071e-05)
(-0.000148093 0 -1.5842e-05)
(-0.000151399 0 -7.54986e-06)
(-0.000152458 0 7.65595e-07)
(-0.000151269 0 9.00648e-06)
(-0.000147859 0 1.70777e-05)
(-0.000142278 0 2.48862e-05)
(-0.000134599 0 3.23397e-05)
(-0.000124922 0 3.9345e-05)
(-0.000113371 0 4.58076e-05)
(-0.0001001 0 5.16325e-05)
(-8.52916e-05 0 5.67265e-05)
(-6.91576e-05 0 6.10011e-05)
(-5.19362e-05 0 6.43766e-05)
(-3.38895e-05 0 6.67862e-05)
(-1.52991e-05 0 6.81793e-05)
(3.54017e-06 0 6.85255e-05)
(2.23273e-05 0 6.7817e-05)
(4.07628e-05 0 6.60707e-05)
(5.8556e-05 0 6.33251e-05)
(7.54321e-05 0 5.96375e-05)
(9.11375e-05 0 5.50803e-05)
(0.000105444 0 4.97369e-05)
(0.000118151 0 4.36979e-05)
(0.000129086 0 3.70576e-05)
(0.000138108 0 2.99105e-05)
(0.000145101 0 2.23502e-05)
(0.000149974 0 1.44686e-05)
(0.000152665 0 6.35706e-06)
(0.000153131 0 -1.89241e-06)
(0.000151354 0 -1.01855e-05)
(0.000147341 0 -1.84242e-05)
(0.000141126 0 -2.6504e-05)
(0.000132769 0 -3.43125e-05)
(0.000122364 0 -4.17289e-05)
(0.000110035 0 -4.86245e-05)
(9.59436e-05 0 -5.48653e-05)
(8.02837e-05 0 -6.03147e-05)
(6.32872e-05 0 -6.48397e-05)
(4.5219e-05 0 -6.83169e-05)
(2.63742e-05 0 -7.06418e-05)
(7.07182e-06 0 -7.17373e-05)
(-1.28866e-05 0 -5.17548e-05)
(-3.29227e-05 0 -5.07128e-05)
(-5.23812e-05 0 -4.87918e-05)
(-7.09322e-05 0 -4.60542e-05)
(-8.82733e-05 0 -4.25808e-05)
(-0.000104136 0 -3.84638e-05)
(-0.000118289 0 -3.38014e-05)
(-0.00013054 0 -2.86926e-05)
(-0.000140732 0 -2.32342e-05)
(-0.000148747 0 -1.75185e-05)
(-0.000154501 0 -1.16315e-05)
(-0.000157941 0 -5.65339e-06)
(-0.000159045 0 3.41507e-07)
(-0.000157817 0 6.28295e-06)
(-0.000154288 0 1.21018e-05)
(-0.000148515 0 1.77308e-05)
(-0.000140579 0 2.31035e-05)
(-0.000130588 0 2.81538e-05)
(-0.000118675 0 3.28147e-05)
(-0.000105003 0 3.70194e-05)
(-8.97597e-05 0 4.07025e-05)
(-7.31614e-05 0 4.38019e-05)
(-5.54498e-05 0 4.62614e-05)
(-3.68888e-05 0 4.80336e-05)
(-1.77609e-05 0 4.90821e-05)
(1.63879e-06 0 4.93839e-05)
(2.10084e-05 0 4.89317e-05)
(4.00466e-05 0 4.77356e-05)
(5.84599e-05 0 4.58206e-05)
(7.59686e-05 0 4.32251e-05)
(9.23119e-05 0 3.99981e-05)
(0.000107252 0 3.61969e-05)
(0.000120578 0 3.18841e-05)
(0.000132104 0 2.71259e-05)
(0.000141673 0 2.19894e-05)
(0.000149157 0 1.65416e-05)
(0.000154453 0 1.08496e-05)
(0.000157483 0 4.98049e-06)
(0.000158196 0 -9.9711e-07)
(0.000156566 0 -7.01295e-06)
(0.000152595 0 -1.29949e-05)
(0.000146312 0 -1.88662e-05)
(0.000137779 0 -2.45443e-05)
(0.000127088 0 -2.99404e-05)
(0.000114368 0 -3.49602e-05)
(9.9785e-05 0 -3.95052e-05)
(8.35438e-05 0 -4.34754e-05)
(6.58869e-05 0 -4.67733e-05)
(4.70935e-05 0 -4.93083e-05)
(2.74758e-05 0 -5.10038e-05)
(7.37186e-06 0 -5.1803e-05)
(-1.28633e-05 0 -5.16767e-05)
(-3.28698e-05 0 -5.06299e-05)
(-5.2296e-05 0 -4.86998e-05)
(-7.08102e-05 0 -4.59492e-05)
(-8.81087e-05 0 -4.24594e-05)
(-0.000103922 0 -3.83232e-05)
(-0.000118017 0 -3.36393e-05)
(-0.000130201 0 -2.85076e-05)
(-0.000140317 0 -2.30257e-05)
(-0.000148246 0 -1.72865e-05)
(-0.000153906 0 -1.13772e-05)
(-0.000157242 0 -5.37868e-06)
(-0.000158234 0 6.33827e-07)
(-0.000156888 0 6.58905e-06)
(-0.000153236 0 1.24169e-05)
(-0.000147337 0 1.80493e-05)
(-0.000139275 0 2.34192e-05)
(-0.000129159 0 2.84596e-05)
(-0.000117128 0 3.31034e-05)
(-0.000103344 0 3.72835e-05)
(-8.8e-05 0 4.09347e-05)
(-7.13153e-05 0 4.39954e-05)
(-5.3534e-05 0 4.64103e-05)
(-3.49225e-05 0 4.81332e-05)
(-1.57647e-05 0 4.9129e-05)
(3.64304e-06 0 4.93765e-05)
(2.29986e-05 0 4.88703e-05)
(4.20012e-05 0 4.76222e-05)
(6.03585e-05 0 4.5659e-05)
(7.77927e-05 0 4.30203e-05)
(9.40455e-05 0 3.97563e-05)
(0.000108882 0 3.59249e-05)
(0.000122093 0 3.15895e-05)
(0.000133498 0 2.6816e-05)
(0.000142942 0 2.16713e-05)
(0.000150299 0 1.62222e-05)
(0.000155469 0 1.0535e-05)
(0.000158376 0 4.67612e-06)
(0.000158972 0 -1.28672e-06)
(0.000157232 0 -7.28425e-06)
(0.000153159 0 -1.32453e-05)
(0.000146783 0 -1.90939e-05)
(0.000138166 0 -2.47485e-05)
(0.000127401 0 -3.01211e-05)
(0.000114616 0 -3.51182e-05)
(9.99767e-05 0 -3.9642e-05)
(8.36872e-05 0 -4.35935e-05)
(6.59888e-05 0 -4.68755e-05)
(4.71597e-05 0 -4.93983e-05)
(2.75103e-05 0 -5.10855e-05)
(7.37709e-06 0 -5.18806e-05)
(-1.32173e-05 0 -3.12625e-05)
(-3.37659e-05 0 -3.06322e-05)
(-5.37179e-05 0 -2.94702e-05)
(-7.27324e-05 0 -2.78144e-05)
(-9.04984e-05 0 -2.57136e-05)
(-0.000106739 0 -2.32237e-05)
(-0.000121218 0 -2.04041e-05)
(-0.000133737 0 -1.73147e-05)
(-0.000144137 0 -1.40142e-05)
(-0.000152298 0 -1.05585e-05)
(-0.000158136 0 -6.99994e-06)
(-0.000161597 0 -3.387e-06)
(-0.000162662 0 2.35306e-07)
(-0.000161337 0 3.82439e-06)
(-0.000157658 0 7.33771e-06)
(-0.000151686 0 1.0734e-05)
(-0.00014351 0 1.39731e-05)
(-0.000133245 0 1.70149e-05)
(-0.000121032 0 1.98196e-05)
(-0.000107039 0 2.23474e-05)
(-9.14628e-05 0 2.45596e-05)
(-7.4523e-05 0 2.64198e-05)
(-5.64653e-05 0 2.7895e-05)
(-3.75561e-05 0 2.89575e-05)
(-1.8079e-05 0 2.95858e-05)
(1.67001e-06 0 2.97666e-05)
(2.13888e-05 0 2.94956e-05)
(4.07758e-05 0 2.87786e-05)
(5.95366e-05 0 2.76303e-05)
(7.739e-05 0 2.60733e-05)
(9.40726e-05 0 2.41361e-05)
(0.000109343 0 2.18524e-05)
(0.000122984 0 1.92592e-05)
(0.000134804 0 1.63954e-05)
(0.000144641 0 1.33009e-05)
(0.000152355 0 1.00161e-05)
(0.000157839 0 6.58125e-06)
(0.000161007 0 3.0373e-06)
(0.000161803 0 -5.73747e-07)
(0.000160198 0 -4.20876e-06)
(0.000156192 0 -7.82406e-06)
(0.000149811 0 -1.13732e-05)
(0.000141117 0 -1.48061e-05)
(0.000130204 0 -1.80689e-05)
(0.000117202 0 -2.11044e-05)
(0.000102281 0 -2.3853e-05)
(8.56497e-05 0 -2.62541e-05)
(6.75586e-05 0 -2.82486e-05)
(4.82945e-05 0 -2.97819e-05)
(2.81789e-05 0 -3.08074e-05)
(7.56094e-06 0 -3.12908e-05)
(-1.31927e-05 0 -3.12144e-05)
(-3.37099e-05 0 -3.05812e-05)
(-5.36276e-05 0 -2.94138e-05)
(-7.26035e-05 0 -2.77502e-05)
(-9.03248e-05 0 -2.56396e-05)
(-0.000106514 0 -2.31381e-05)
(-0.000120933 0 -2.03056e-05)
(-0.000133383 0 -1.72025e-05)
(-0.000143705 0 -1.38879e-05)
(-0.000151778 0 -1.04183e-05)
(-0.000157518 0 -6.84635e-06)
(-0.000160874 0 -3.22123e-06)
(-0.000161825 0 4.11542e-07)
(-0.00016038 0 4.00874e-06)
(-0.000156576 0 7.52729e-06)
(-0.000150476 0 1.09255e-05)
(-0.000142173 0 1.41626e-05)
(-0.000131783 0 1.71983e-05)
(-0.00011945 0 1.99925e-05)
(-0.000105346 0 2.25054e-05)
(-8.96693e-05 0 2.46984e-05)
(-7.26436e-05 0 2.65354e-05)
(-5.45166e-05 0 2.7984e-05)
(-3.55572e-05 0 2.90169e-05)
(-1.60505e-05 0 2.96138e-05)
(3.7066e-06 0 2.97622e-05)
(2.34115e-05 0 2.94589e-05)
(4.27631e-05 0 2.87109e-05)
(6.14682e-05 0 2.75338e-05)
(7.92475e-05 0 2.59508e-05)
(9.584e-05 0 2.39915e-05)
(0.000111007 0 2.16896e-05)
(0.000124533 0 1.90826e-05)
(0.000136232 0 1.62094e-05)
(0.000145942 0 1.31099e-05)
(0.000153528 0 9.82408e-06)
(0.000158884 0 6.39193e-06)
(0.000161928 0 2.85394e-06)
(0.000162606 0 -7.4837e-07)
(0.000160889 0 -4.3725e-06)
(0.000156777 0 -7.97533e-06)
(0.000150301 0 -1.15109e-05)
(0.000141521 0 -1.49298e-05)
(0.000130531 0 -1.81785e-05)
(0.000117462 0 -2.12004e-05)
(0.000102482 0 -2.39363e-05)
(8.58011e-05 0 -2.63262e-05)
(6.76666e-05 0 -2.83112e-05)
(4.83648e-05 0 -2.98371e-05)
(2.82157e-05 0 -3.08576e-05)
(7.56665e-06 0 -3.13386e-05)
(-1.33303e-05 0 -1.04367e-05)
(-3.40544e-05 0 -1.02263e-05)
(-5.41761e-05 0 -9.83828e-06)
(-7.33513e-05 0 -9.28539e-06)
(-9.12656e-05 0 -8.58387e-06)
(-0.00010764 0 -7.75236e-06)
(-0.000122234 0 -6.81069e-06)
(-0.000134849 0 -5.7789e-06)
(-0.000145323 0 -4.6766e-06)
(-0.000153536 0 -3.5225e-06)
(-0.000159402 0 -2.33409e-06)
(-0.00016287 0 -1.12762e-06)
(-0.000163917 0 8.18451e-08)
(-0.000162553 0 1.28008e-06)
(-0.000158814 0 2.45272e-06)
(-0.000152765 0 3.58589e-06)
(-0.000144497 0 4.66612e-06)
(-0.000134129 0 5.68007e-06)
(-0.000121806 0 6.61448e-06)
(-0.0001077 0 7.45621e-06)
(-9.20081e-05 0 8.19251e-06)
(-7.49538e-05 0 8.81138e-06)
(-5.67834e-05 0 9.30199e-06)
(-3.77638e-05 0 9.65522e-06)
(-1.81781e-05 0 9.86409e-06)
(1.67849e-06 0 9.92418e-06)
(2.15049e-05 0 9.83408e-06)
(4.10006e-05 0 9.5957e-06)
(5.98719e-05 0 9.2139e-06)
(7.78378e-05 0 8.69602e-06)
(9.46347e-05 0 8.05147e-06)
(0.00011002 0 7.2913e-06)
(0.000123773 0 6.42767e-06)
(0.000135702 0 5.47345e-06)
(0.000145638 0 4.44187e-06)
(0.000153441 0 3.34628e-06)
(0.000158998 0 2.20018e-06)
(0.00016222 0 1.01727e-06)
(0.000163051 0 -1.8831e-07)
(0.000161458 0 -1.40202e-06)
(0.00015744 0 -2.60926e-06)
(0.000151026 0 -3.79451e-06)
(0.000142275 0 -4.94098e-06)
(0.000131282 0 -6.03067e-06)
(0.00011818 0 -7.04444e-06)
(0.00010314 0 -7.96234e-06)
(8.63724e-05 0 -8.76416e-06)
(6.81306e-05 0 -9.43018e-06)
(4.87044e-05 0 -9.94215e-06)
(2.84186e-05 0 -1.02845e-05)
(7.62537e-06 0 -1.04459e-05)
(-1.33047e-05 0 -1.04204e-05)
(-3.39962e-05 0 -1.0209e-05)
(-5.40823e-05 0 -9.81924e-06)
(-7.32175e-05 0 -9.26376e-06)
(-9.10859e-05 0 -8.55897e-06)
(-0.000107407 0 -7.72362e-06)
(-0.00012194 0 -6.77767e-06)
(-0.000134484 0 -5.74132e-06)
(-0.00014488 0 -4.63435e-06)
(-0.000153004 0 -3.47561e-06)
(-0.000158771 0 -2.28278e-06)
(-0.000162132 0 -1.07228e-06)
(-0.000163065 0 1.40642e-07)
(-0.00016158 0 1.34155e-06)
(-0.000157716 0 2.51588e-06)
(-0.00015154 0 3.64963e-06)
(-0.000143144 0 4.72917e-06)
(-0.000132651 0 5.74105e-06)
(-0.000120209 0 6.67194e-06)
(-0.000105992 0 7.5087e-06)
(-9.02004e-05 0 8.23861e-06)
(-7.30608e-05 0 8.84975e-06)
(-5.48218e-05 0 9.3315e-06)
(-3.57524e-05 0 9.67494e-06)
(-1.61374e-05 0 9.87338e-06)
(3.72715e-06 0 9.92271e-06)
(2.35398e-05 0 9.82191e-06)
(4.30004e-05 0 9.57324e-06)
(6.18166e-05 0 9.18187e-06)
(7.97091e-05 0 8.65539e-06)
(9.64164e-05 0 8.00345e-06)
(0.000111698 0 7.23723e-06)
(0.000125338 0 6.36899e-06)
(0.000137145 0 5.41162e-06)
(0.000146955 0 4.3783e-06)
(0.00015463 0 3.28234e-06)
(0.000160059 0 2.13709e-06)
(0.000163157 0 9.56127e-07)
(0.000163868 0 -2.46574e-07)
(0.000162162 0 -1.45669e-06)
(0.000158039 0 -2.65981e-06)
(0.000151528 0 -3.84057e-06)
(0.000142689 0 -4.98238e-06)
(0.000131619 0 -6.06739e-06)
(0.000118448 0 -7.07664e-06)
(0.000103348 0 -7.99033e-06)
(8.65296e-05 0 -8.78841e-06)
(6.82431e-05 0 -9.45127e-06)
(4.87778e-05 0 -9.96079e-06)
(2.84571e-05 0 -1.03015e-05)
(7.63149e-06 0 -1.04621e-05)
)
;

boundaryField
{
    top
    {
        type            directionMixed;
        refValue        uniform (0 0 0);
        refGradient     uniform (0 0 0);
        valueFraction   uniform (0 0 0 0 0 1);
        value           nonuniform List<vector> 
102
(
(-1.33303e-05 0 0)
(-3.40544e-05 0 0)
(-5.41761e-05 0 0)
(-7.33513e-05 0 0)
(-9.12656e-05 0 0)
(-0.00010764 0 0)
(-0.000122234 0 0)
(-0.000134849 0 0)
(-0.000145323 0 0)
(-0.000153536 0 0)
(-0.000159402 0 0)
(-0.00016287 0 0)
(-0.000163917 0 0)
(-0.000162553 0 0)
(-0.000158814 0 0)
(-0.000152765 0 0)
(-0.000144497 0 0)
(-0.000134129 0 0)
(-0.000121806 0 0)
(-0.0001077 0 0)
(-9.20081e-05 0 0)
(-7.49538e-05 0 0)
(-5.67834e-05 0 0)
(-3.77638e-05 0 0)
(-1.81781e-05 0 0)
(1.67849e-06 0 0)
(2.15049e-05 0 0)
(4.10006e-05 0 0)
(5.98719e-05 0 0)
(7.78378e-05 0 0)
(9.46347e-05 0 0)
(0.00011002 0 0)
(0.000123773 0 0)
(0.000135702 0 0)
(0.000145638 0 0)
(0.000153441 0 0)
(0.000158998 0 0)
(0.00016222 0 0)
(0.000163051 0 0)
(0.000161458 0 0)
(0.00015744 0 0)
(0.000151026 0 0)
(0.000142275 0 0)
(0.000131282 0 0)
(0.00011818 0 0)
(0.00010314 0 0)
(8.63724e-05 0 0)
(6.81306e-05 0 0)
(4.87044e-05 0 0)
(2.84186e-05 0 0)
(7.62537e-06 0 0)
(-1.33047e-05 0 0)
(-3.39962e-05 0 0)
(-5.40823e-05 0 0)
(-7.32175e-05 0 0)
(-9.10859e-05 0 0)
(-0.000107407 0 0)
(-0.00012194 0 0)
(-0.000134484 0 0)
(-0.00014488 0 0)
(-0.000153004 0 0)
(-0.000158771 0 0)
(-0.000162132 0 0)
(-0.000163065 0 0)
(-0.00016158 0 0)
(-0.000157716 0 0)
(-0.00015154 0 0)
(-0.000143144 0 0)
(-0.000132651 0 0)
(-0.000120209 0 0)
(-0.000105992 0 0)
(-9.02004e-05 0 0)
(-7.30608e-05 0 0)
(-5.48218e-05 0 0)
(-3.57524e-05 0 0)
(-1.61374e-05 0 0)
(3.72715e-06 0 0)
(2.35398e-05 0 0)
(4.30004e-05 0 0)
(6.18166e-05 0 0)
(7.97091e-05 0 0)
(9.64164e-05 0 0)
(0.000111698 0 0)
(0.000125338 0 0)
(0.000137145 0 0)
(0.000146955 0 0)
(0.00015463 0 0)
(0.000160059 0 0)
(0.000163157 0 0)
(0.000163868 0 0)
(0.000162162 0 0)
(0.000158039 0 0)
(0.000151528 0 0)
(0.000142689 0 0)
(0.000131619 0 0)
(0.000118448 0 0)
(0.000103348 0 0)
(8.65296e-05 0 0)
(6.82431e-05 0 0)
(4.87778e-05 0 0)
(2.84571e-05 0 0)
(7.63149e-06 0 0)
)
;
    }
    bottom
    {
        type            fixedValue;
        value           uniform (0 0 0);
    }
    frontAndBack
    {
        type            empty;
    }
    left_cyc
    {
        type            cyclic;
    }
    right_cyc
    {
        type            cyclic;
    }
}


// ************************************************************************* //
