/*--------------------------------*- C++ -*----------------------------------*\
| =========                 |                                                 |
| \\      /  F ield         | OpenFOAM: The Open Source CFD Toolbox           |
|  \\    /   O peration     | Version:  2.3.0                                 |
|   \\  /    A nd           | Web:      www.OpenFOAM.org                      |
|    \\/     M anipulation  |                                                 |
\*---------------------------------------------------------------------------*/
FoamFile
{
    version     2.0;
    format      ascii;
    class       surfaceScalarField;
    location    "23000";
    object      phi;
}
// * * * * * * * * * * * * * * * * * * * * * * * * * * * * * * * * * * * * * //

dimensions      [0 3 -1 0 0 0 0];

internalField   nonuniform List<scalar> 
356
(
0.308006
0.0023613
0.313057
-0.00505093
0.327223
-0.014166
0.350368
-0.0231452
0.378471
-0.0281031
0.401348
-0.0228767
0.40171
-0.000362394
0.357456
0.0442544
0.24781
0.109645
0.0684679
0.179343
-0.13902
0.207488
-0.295724
0.156704
0.0849085
0.547172
-0.00587441
0.562172
-0.020051
0.584257
-0.036251
0.611311
-0.0502
0.636979
-0.0537703
0.648668
-0.0345658
0.626254
0.0220514
0.542159
0.128349
0.369027
0.282777
0.100589
0.447781
-0.204988
0.513065
-0.4426
0.394316
0.224271
0.57843
-0.0204812
0.596034
-0.0376552
0.615748
-0.0559641
0.63475
-0.0692021
0.647219
-0.0662394
0.643018
-0.030365
0.606253
0.0588166
0.515133
0.219469
0.346338
0.451572
0.0936692
0.70045
-0.190982
0.797715
-0.416582
0.619917
0.363495
0.517346
-0.0336173
0.530124
-0.0504329
0.541023
-0.0668626
0.54731
-0.0754891
0.544539
-0.0634684
0.525853
-0.011679
0.481235
0.103434
0.397709
0.302995
0.261377
0.587904
0.0698046
0.892022
-0.141875
1.0094
-0.316015
0.794057
0.480089
0.409282
-0.0403597
0.413225
-0.0543768
0.412819
-0.0664559
0.405979
-0.0686498
0.389964
-0.0474531
0.361174
0.0171115
0.31531
0.149297
0.247788
0.370517
0.155109
0.680583
0.0403362
1.00679
-0.0810364
1.13077
-0.189707
0.902728
0.564183
0.266831
-0.0391406
0.261454
-0.0489996
0.25082
-0.0558219
0.233835
-0.051665
0.209503
-0.0231209
0.177208
0.0494068
0.137363
0.189141
0.0922539
0.415627
0.0475209
0.725316
0.0110065
1.04331
-0.0203945
1.16217
-0.0611024
0.943436
0.610605
0.100804
-0.0308994
0.0881746
-0.03637
0.0707001
-0.0383474
0.0482549
-0.0292198
0.0213368
0.00379724
-0.00812592
0.0788694
-0.0360167
0.217032
-0.0544121
0.434022
-0.0507468
0.721651
-0.0152152
1.00778
0.0336898
1.11326
0.0573259
0.9198
0.617078
-0.072158
-0.0182264
-0.0888451
-0.0196829
-0.109495
-0.0176979
-0.133425
-0.00528917
-0.158707
0.0290794
-0.18116
0.101322
-0.193231
0.229103
-0.18257
0.423362
-0.133116
0.672197
-0.0367776
0.911439
0.07758
0.998906
0.157611
0.839769
0.58375
-0.23351
-0.0041005
-0.251387
-0.00180581
-0.272572
0.00348799
-0.295521
0.0176593
-0.316735
0.0502937
-0.329786
0.114373
-0.324106
0.223423
-0.284789
0.384044
-0.195777
0.583185
-0.0530005
0.768663
0.109594
0.836312
0.234614
0.714748
0.514153
-0.365496
0.00917893
-0.382421
0.0151194
-0.402147
0.0232133
-0.422271
0.0377839
-0.437922
0.0659449
-0.440715
0.117165
-0.418113
0.20082
-0.354551
0.320482
-0.236205
0.464839
-0.0634663
0.595924
0.128897
0.643949
0.284596
0.55905
0.416083
-0.449647
0.0202046
-0.463778
0.0292501
-0.479938
0.0393731
-0.495305
0.0531514
-0.504311
0.0749508
-0.497705
0.110559
-0.462469
0.165584
-0.383853
0.241866
-0.250924
0.331911
-0.0673949
0.412395
0.134258
0.442296
0.302818
0.39049
0.302273
-0.466665
0.0279841
-0.475797
0.0383816
-0.485435
0.0490117
-0.493213
0.0609291
-0.494239
0.0759773
-0.480267
0.0965874
-0.439786
0.125102
-0.36018
0.162261
-0.233023
0.204753
-0.0629491
0.242321
0.122713
0.256633
0.280785
0.232418
-0.410487
0.0305984
-0.411123
0.0390173
-0.409581
0.0474696
-0.404844
0.0561928
-0.394296
0.0654294
-0.373081
0.0753722
-0.334052
0.0860729
-0.26907
0.0972794
-0.172477
0.10816
-0.0470595
0.116904
0.0894352
0.120139
0.114725
-0.355414
0.018792
-0.339268
0.0228714
-0.318813
0.0270142
-0.293912
0.0312921
-0.264229
0.0357461
-0.229201
0.040344
-0.188066
0.0449376
-0.140008
0.0492213
-0.0845809
0.0527333
-0.0226422
0.054965
0.0419291
0.0555671
0.0544493
-0.343183
-0.32581
-0.304035
-0.277663
-0.246452
-0.210181
-0.168774
-0.122472
-0.0720386
-0.0188739
0.0350532
)
;

boundaryField
{
    top
    {
        type            calculated;
        value           nonuniform List<scalar> 
12
(
0.00569426
0.00549834
0.00523903
0.00491999
0.00453498
0.00407349
0.00353002
0.00291918
0.00230028
0.00180035
0.00163996
0.00192962
)
;
    }
    bottom
    {
        type            calculated;
        value           uniform 0;
    }
    frontAndBack
    {
        type            empty;
        value           nonuniform 0();
    }
    left_cyc
    {
        type            cyclic;
        value           nonuniform 0();
    }
    right_cyc
    {
        type            cyclic;
        value           nonuniform 0();
    }
    procBoundary0to1
    {
        type            processor;
        value           nonuniform List<scalar> 
16
(
-0.380633
-0.581962
-0.555806
-0.432609
-0.273801
-0.107525
0.0508533
0.190938
0.304211
0.382666
0.416629
0.391905
0.191153
0.207128
0.102205
0.0875729
)
;
    }
    procBoundary0to3throughleft_cyc
    {
        type            processorCyclic;
        value           nonuniform List<scalar> 
15
(
-0.310367
-0.538936
-0.563823
-0.50421
-0.402539
-0.26805
-0.109045
0.059485
0.219384
0.352217
0.438622
0.458886
0.407873
0.367221
0.356281
)
;
    }
}


// ************************************************************************* //
