/*--------------------------------*- C++ -*----------------------------------*\
| =========                 |                                                 |
| \\      /  F ield         | OpenFOAM: The Open Source CFD Toolbox           |
|  \\    /   O peration     | Version:  2.3.0                                 |
|   \\  /    A nd           | Web:      www.OpenFOAM.org                      |
|    \\/     M anipulation  |                                                 |
\*---------------------------------------------------------------------------*/
FoamFile
{
    version     2.0;
    format      ascii;
    class       volVectorField;
    location    "23000";
    object      U;
}
// * * * * * * * * * * * * * * * * * * * * * * * * * * * * * * * * * * * * * //

dimensions      [0 1 -1 0 0 0 0];

internalField   nonuniform List<vector> 
191
(
(72.6912 0 -6.0472)
(79.815 0 2.37777)
(78.2102 0 6.76726)
(72.6685 0 7.01548)
(67.032 0 5.6273)
(62.2988 0 4.17875)
(58.4568 0 3.08798)
(55.2981 0 2.35388)
(52.6292 0 1.86842)
(50.348 0 1.52877)
(48.4391 0 1.25183)
(46.9781 0 0.956995)
(37.2401 0 -20.6875)
(50.5616 0 -10.4696)
(61.7001 0 -0.995336)
(69.6723 0 3.27546)
(74.9681 0 4.26944)
(78.2289 0 4.15949)
(79.9634 0 3.80163)
(80.6729 0 3.44436)
(80.7518 0 3.0969)
(80.5385 0 2.69601)
(80.3403 0 2.14863)
(80.4677 0 1.32478)
(24.6769 0 -27.3627)
(30.6161 0 -18.8506)
(40.3496 0 -10.9521)
(51.3236 0 -6.0541)
(60.666 0 -3.07396)
(67.8984 0 -1.04203)
(72.9925 0 0.393614)
(76.4341 0 1.32716)
(78.7686 0 1.77529)
(80.4833 0 1.72851)
(81.9849 0 1.143)
(83.5993 0 -0.0635773)
(17.5863 0 -32.4446)
(21.9103 0 -26.1136)
(30.0814 0 -20.6851)
(40.2171 0 -16.1444)
(49.325 0 -11.7083)
(56.6626 0 -7.65786)
(62.0264 0 -4.37675)
(65.8378 0 -2.06395)
(68.6129 0 -0.739014)
(70.8027 0 -0.343039)
(72.7447 0 -0.817434)
(74.6521 0 -2.12546)
(9.04827 0 -40.9686)
(12.119 0 -36.342)
(15.7248 0 -31.8219)
(23.5176 0 -29.1772)
(31.8763 0 -25.2568)
(39.4356 0 -19.5466)
(45.4023 0 -13.658)
(49.7228 0 -8.726)
(52.8012 0 -5.21786)
(55.0699 0 -3.15123)
(56.8723 0 -2.35874)
(58.4198 0 -2.65134)
(59.7938 0 -3.86289)
(5.23205 0 -43.4737)
(7.28541 0 -39.4829)
(10.3314 0 -37.2512)
(16.7077 0 -36.6154)
(22.6559 0 -32.4413)
(27.8854 0 -25.4496)
(31.8185 0 -18.053)
(34.5681 0 -11.8539)
(36.4778 0 -7.46462)
(37.8547 0 -4.85259)
(38.897 0 -3.7277)
(39.6768 0 -3.7693)
(40.1621 0 -4.7007)
(1.81914 0 -44.8273)
(2.61178 0 -41.695)
(4.26047 0 -41.0786)
(7.66008 0 -41.4136)
(10.6443 0 -36.7388)
(13.1423 0 -28.7934)
(14.9036 0 -20.4069)
(16.0268 0 -13.4388)
(16.7182 0 -8.54074)
(17.1308 0 -5.59809)
(17.3227 0 -4.20535)
(17.2545 0 -3.94109)
(16.8207 0 -4.46294)
(-1.43521 0 -44.816)
(-2.16069 0 -42.0394)
(-3.33602 0 -42.1733)
(-3.82631 0 -42.8697)
(-4.1916 0 -37.9737)
(-4.54063 0 -29.6755)
(-4.81193 0 -20.9202)
(-5.10242 0 -13.6663)
(-5.42319 0 -8.57069)
(-5.79935 0 -5.46079)
(-6.29351 0 -3.8552)
(-7.01883 0 -3.27158)
(-8.11941 0 -3.34424)
(-4.7657 0 -43.3327)
(-7.04992 0 -39.7652)
(-11.4825 0 -39.6773)
(-16.3369 0 -40.4817)
(-20.1538 0 -35.9885)
(-23.2985 0 -28.2014)
(-25.4189 0 -19.8408)
(-26.8804 0 -12.8271)
(-27.9384 0 -7.84319)
(-28.803 0 -4.72981)
(-29.647 0 -2.99243)
(-30.6469 0 -2.12502)
(-31.9903 0 -1.7662)
(-8.45875 0 -40.4053)
(-12.053 0 -35.0172)
(-17.8092 0 -33.638)
(-27.0745 0 -34.0775)
(-34.1267 0 -30.7039)
(-39.8456 0 -24.4067)
(-43.6854 0 -17.2947)
(-46.2015 0 -11.1318)
(-47.8307 0 -6.64386)
(-48.9484 0 -3.7555)
(-49.8394 0 -2.02104)
(-50.7627 0 -0.938107)
(-51.9815 0 -0.168562)
(-12.8203 0 -36.3593)
(-17.2174 0 -30.1153)
(-21.9756 0 -25.3404)
(-33.0865 0 -24.9842)
(-42.5825 0 -23.2238)
(-50.2139 0 -18.9018)
(-55.5115 0 -13.5021)
(-58.9994 0 -8.65955)
(-61.1625 0 -5.06007)
(-62.4932 0 -2.68306)
(-63.3713 0 -1.14978)
(-64.1293 0 0.0376804)
(-65.0979 0 1.18337)
(-17.804 0 -31.1832)
(-23.2261 0 -25.2267)
(-27.9707 0 -18.0419)
(-35.0771 0 -13.1987)
(-43.4731 0 -12.9469)
(-51.0999 0 -11.8237)
(-57.1402 0 -8.80987)
(-61.3365 0 -5.70564)
(-63.9655 0 -3.30528)
(-65.5819 0 -1.68391)
(-66.6331 0 -0.552709)
(-67.4588 0 0.621646)
(-68.3153 0 2.06753)
(-22.7505 0 -24.581)
(-29.7741 0 -19.7092)
(-35.1432 0 -13.7693)
(-39.2233 0 -9.34215)
(-43.245 0 -6.56184)
(-48.5622 0 -4.47349)
(-52.6349 0 -2.90322)
(-55.35 0 -1.72313)
(-57.0637 0 -0.715616)
(-58.209 0 0.20721)
(-59.1582 0 1.1291)
(-60.1224 0 2.28337)
(-60.9207 0 3.78871)
(-26.4784 0 -15.4173)
(-34.4302 0 -12.2173)
(-40.4254 0 -8.5124)
(-44.6079 0 -5.49378)
(-47.9247 0 -3.51412)
(-50.7309 0 -2.35601)
(-52.9042 0 -1.59345)
(-54.5375 0 -0.958197)
(-55.6799 0 -0.354038)
(-56.3843 0 0.227797)
(-56.6956 0 0.803342)
(-56.5606 0 1.46577)
(-55.803 0 2.27561)
(-29.4114 0 -10.1298)
(-37.8868 0 -7.74525)
(-44.1287 0 -5.00766)
(-48.198 0 -2.6232)
(-50.82 0 -0.894258)
(-52.6235 0 0.217971)
(-53.9604 0 0.894783)
(-54.9662 0 1.35376)
(-55.6314 0 1.71682)
(-55.9232 0 2.0272)
(-55.8242 0 2.28937)
(-55.3031 0 2.51439)
(-54.2648 0 2.72952)
)
;

boundaryField
{
    top
    {
        type            directionMixed;
        refValue        uniform (0 0 0);
        refGradient     uniform (0 0 0);
        valueFraction   uniform (0 0 0 0 0 1);
        value           nonuniform List<vector> 
13
(
(-29.4114 0 0)
(-37.8868 0 0)
(-44.1287 0 0)
(-48.198 0 0)
(-50.82 0 0)
(-52.6235 0 0)
(-53.9604 0 0)
(-54.9662 0 0)
(-55.6314 0 0)
(-55.9232 0 0)
(-55.8242 0 0)
(-55.3031 0 0)
(-54.2648 0 0)
)
;
    }
    bottom
    {
        type            fixedValue;
        value           uniform (0 0 0);
    }
    frontAndBack
    {
        type            empty;
    }
    left_cyc
    {
        type            cyclic;
    }
    right_cyc
    {
        type            cyclic;
    }
    procBoundary3to0throughright_cyc
    {
        type            processorCyclic;
        value           nonuniform List<vector> 
15
(
(46.161 0 0.555088)
(81.2407 0 0.0799053)
(85.5579 0 -1.95183)
(76.611 0 -4.20503)
(60.965 0 -5.81329)
(40.2498 0 -6.25871)
(15.8918 0 -5.47827)
(-9.72543 0 -3.79681)
(-33.826 0 -1.68405)
(-53.69 0 0.444382)
(-66.5018 0 2.32131)
(-69.3674 0 3.6152)
(-61.4565 0 5.47454)
(-54.3614 0 3.11677)
(-52.6184 0 2.93217)
)
;
    }
    procBoundary3to2
    {
        type            processor;
        value           nonuniform List<vector> 
16
(
(58.1175 0 -15.068)
(24.7933 0 -23.7297)
(18.4977 0 -32.16)
(13.3986 0 -37.1013)
(13.3986 0 -37.1013)
(5.86661 0 -44.2478)
(3.40124 0 -46.7779)
(1.24257 0 -48.0399)
(-0.778806 0 -48.0827)
(-2.87187 0 -46.9275)
(-5.28246 0 -44.5114)
(-8.15474 0 -40.6765)
(-11.4391 0 -35.1399)
(-14.7103 0 -27.8832)
(-17.2411 0 -17.6758)
(-19.2894 0 -11.8872)
)
;
    }
}


// ************************************************************************* //
