/*--------------------------------*- C++ -*----------------------------------*\
| =========                 |                                                 |
| \\      /  F ield         | OpenFOAM: The Open Source CFD Toolbox           |
|  \\    /   O peration     | Version:  2.3.0                                 |
|   \\  /    A nd           | Web:      www.OpenFOAM.org                      |
|    \\/     M anipulation  |                                                 |
\*---------------------------------------------------------------------------*/
FoamFile
{
    version     2.0;
    format      ascii;
    class       surfaceScalarField;
    location    "10000";
    object      phi;
}
// * * * * * * * * * * * * * * * * * * * * * * * * * * * * * * * * * * * * * //

dimensions      [0 3 -1 0 0 0 0];

internalField   nonuniform List<scalar> 
353
(
-0.406262
0.0272466
-0.396305
-0.00995724
-0.369974
-0.0263306
-0.342554
-0.0274198
-0.32204
-0.020514
-0.310917
-0.0111236
-0.308511
-0.00240598
-0.312847
0.0043362
-0.321825
0.00897824
-0.334049
0.0122234
-0.348874
0.0148258
-0.366307
0.0174327
0.0206387
-0.639917
0.088067
-0.64832
-0.00155447
-0.630074
-0.0445764
-0.602801
-0.0546927
-0.576832
-0.0464831
-0.556908
-0.0310476
-0.544164
-0.0151498
-0.537785
-0.00204304
-0.536041
0.00723423
-0.536807
0.0129898
-0.537979
0.0159978
-0.537476
0.0169295
0.0162139
-0.623522
0.158794
-0.647392
0.0223156
-0.644726
-0.0472433
-0.629239
-0.0701797
-0.609499
-0.0662229
-0.590219
-0.0503271
-0.573493
-0.0318759
-0.559749
-0.015787
-0.548403
-0.00411155
-0.538006
0.00259229
-0.52646
0.00445188
-0.511111
0.00158073
-0.0061178
-0.499328
0.228188
-0.534304
0.0572913
-0.546969
-0.0345782
-0.546216
-0.070933
-0.538034
-0.0744051
-0.526259
-0.062102
-0.513196
-0.0449385
-0.500044
-0.0289391
-0.48713
-0.0170258
-0.474004
-0.0105339
-0.459365
-0.010187
-0.441073
-0.0167114
-0.0309557
-0.332049
0.288495
-0.37212
0.0973625
-0.39649
-0.0102084
-0.409259
-0.0581638
-0.413767
-0.069897
-0.412551
-0.063318
-0.407529
-0.0499614
-0.400091
-0.0363764
-0.39111
-0.0260068
-0.380872
-0.020772
-0.368939
-0.0221203
-0.35403
-0.0316198
-0.0509849
-0.15056
0.332785
-0.188419
0.135221
-0.218338
0.0197109
-0.240291
-0.0362103
-0.255138
-0.0550505
-0.263957
-0.0544991
-0.267869
-0.0460489
-0.267964
-0.0362812
-0.265215
-0.0287566
-0.260345
-0.0256414
-0.253637
-0.0288289
-0.244709
-0.0405478
-0.0633256
0.028028
0.355957
-0.00137852
0.164628
-0.030543
0.0488754
-0.0562272
-0.0105261
-0.07713
-0.0341477
-0.0930367
-0.0385925
-0.104213
-0.0348727
-0.111205
-0.0292893
-0.114762
-0.0251997
-0.115726
-0.0246767
-0.114821
-0.0297341
-0.11237
-0.0429985
-0.0676196
0.191495
0.354807
0.174627
0.181496
0.15047
0.0730321
0.125209
0.014735
0.102143
-0.0110818
0.082684
-0.0191335
0.067256
-0.0194447
0.0557591
-0.0177925
0.0477041
-0.0171446
0.042281
-0.0192536
0.0385447
-0.0259978
0.0356967
-0.0401505
0.329028
0.328528
0.326975
0.183549
0.310219
0.0897885
0.287811
0.0371427
0.265095
0.011634
0.244807
0.00115463
0.228059
-0.00269704
0.215047
-0.00477992
0.205367
-0.00746495
0.198119
-0.0120055
0.192083
-0.019962
-0.0340951
0.42906
0.279998
0.441772
0.170836
0.433582
0.0979794
0.415678
0.0550466
0.395209
0.032103
0.376134
0.020229
0.360268
0.0131694
0.348096
0.00739134
0.339241
0.00139036
0.33256
-0.00532417
0.326352
-0.0137545
-0.0265656
0.477522
0.21663
0.502029
0.14633
0.502346
0.0976619
0.490415
0.0669777
0.47426
0.048258
0.458468
0.0360212
0.445204
0.0264333
0.435151
0.017444
0.428031
0.00851047
0.422589
0.000117686
0.41668
-0.00784536
-0.0179083
0.455833
0.150347
0.486628
0.115535
0.494721
0.0895687
0.490773
0.0709264
0.48195
0.057081
0.47225
0.0457212
0.463456
0.0352266
0.456103
0.0247971
0.450059
0.0145548
0.444447
0.00572975
0.437524
-0.000922056
-0.0075074
0.291606
0.105189
0.347947
0.0940066
0.380622
0.0828599
0.397831
0.0723602
0.406125
0.0626318
0.409644
0.0535626
0.410429
0.0449354
0.409154
0.0365024
0.40591
0.0280403
0.400915
0.0195498
0.394831
0.0118139
0.388296
0.00561357
0.000113947
0.154183
0.0518607
0.20013
0.04806
0.239361
0.0436289
0.272724
0.038997
0.300934
0.0344225
0.324482
0.0300139
0.343642
0.0257762
0.358491
0.0216531
0.368955
0.0175759
0.374911
0.0135937
0.37667
0.0100548
0.375151
0.00713284
0.00436591
0.135749
0.180694
0.220611
0.255375
0.285126
0.310105
0.330546
0.346622
0.358446
0.366188
0.370335
0.371549
)
;

boundaryField
{
    top
    {
        type            calculated;
        value           nonuniform List<scalar> 
13
(
0.00248354
0.00311511
0.00371264
0.00423291
0.00467078
0.00503503
0.00533586
0.00557699
0.00575153
0.00585226
0.00590695
0.0059195
0.005798
)
;
    }
    bottom
    {
        type            calculated;
        value           uniform 0;
    }
    frontAndBack
    {
        type            empty;
        value           nonuniform 0();
    }
    left_cyc
    {
        type            cyclic;
        value           nonuniform 0();
    }
    right_cyc
    {
        type            cyclic;
        value           nonuniform 0();
    }
    procBoundary1to0
    {
        type            processor;
        value           nonuniform List<scalar> 
16
(
0.379015
0.579097
0.552796
0.429934
0.271743
0.106269
-0.0511993
-0.190345
-0.302748
-0.38053
-0.414155
-0.38955
-0.192296
-0.204499
-0.100856
-0.0863723
)
;
    }
    procBoundary1to2
    {
        type            processor;
        value           nonuniform List<scalar> 
16
(
-0.386946
-0.533051
-0.48878
-0.416235
-0.334001
-0.232368
-0.108076
0.0332607
-0.0651836
0.186028
0.318823
0.408023
0.427123
0.380674
0.370899
0.370117
)
;
    }
}


// ************************************************************************* //
