/*--------------------------------*- C++ -*----------------------------------*\
| =========                 |                                                 |
| \\      /  F ield         | OpenFOAM: The Open Source CFD Toolbox           |
|  \\    /   O peration     | Version:  2.3.0                                 |
|   \\  /    A nd           | Web:      www.OpenFOAM.org                      |
|    \\/     M anipulation  |                                                 |
\*---------------------------------------------------------------------------*/
FoamFile
{
    version     2.0;
    format      ascii;
    class       surfaceScalarField;
    location    "8000";
    object      phi;
}
// * * * * * * * * * * * * * * * * * * * * * * * * * * * * * * * * * * * * * //

dimensions      [0 3 -1 0 0 0 0];

internalField   nonuniform List<scalar> 
353
(
-0.406859
0.0279339
-0.397242
-0.00961693
-0.370942
-0.0262999
-0.343356
-0.027586
-0.32259
-0.020766
-0.311207
-0.0113834
-0.308575
-0.00263163
-0.312734
0.00415824
-0.321577
0.00884394
-0.333689
0.0121117
-0.34841
0.0147213
-0.365737
0.0173268
0.0205266
-0.640369
0.0896856
-0.64928
-0.000705101
-0.631209
-0.0443709
-0.603881
-0.0549142
-0.57773
-0.0469167
-0.557579
-0.0315351
-0.544612
-0.0155984
-0.538041
-0.00241281
-0.536151
0.0069539
-0.536828
0.0127885
-0.537973
0.0158664
-0.537519
0.0168725
0.0162493
-0.623618
0.161248
-0.647996
0.0236731
-0.645578
-0.0467893
-0.630157
-0.0703348
-0.610372
-0.066702
-0.590989
-0.0509179
-0.574139
-0.0324485
-0.560276
-0.0162761
-0.548833
-0.00448854
-0.538387
0.00234229
-0.526865
0.00434433
-0.511638
0.00164604
-0.00583312
-0.499088
0.231277
-0.534498
0.0590834
-0.547427
-0.0338605
-0.546816
-0.0709459
-0.538694
-0.0748239
-0.526926
-0.0626859
-0.513838
-0.0455366
-0.500646
-0.0294682
-0.487695
-0.0174394
-0.474556
-0.0107961
-0.459959
-0.0102532
-0.441793
-0.0165194
-0.0304259
-0.331555
0.291977
-0.371941
0.0994698
-0.396551
-0.00925068
-0.409498
-0.0579992
-0.414136
-0.0701856
-0.413012
-0.0638096
-0.408051
-0.0504983
-0.400651
-0.0368672
-0.391697
-0.0263936
-0.381491
-0.021002
-0.36962
-0.0221247
-0.354835
-0.0313047
-0.050235
-0.149917
0.336416
-0.18795
0.137502
-0.218047
0.0208466
-0.240174
-0.0358727
-0.255183
-0.0551765
-0.264149
-0.0548434
-0.268189
-0.0464581
-0.268391
-0.0366657
-0.265728
-0.0290561
-0.260936
-0.0257945
-0.254311
-0.02875
-0.245499
-0.0401162
-0.0623935
0.0287048
0.359493
-0.000725819
0.166933
-0.0299842
0.0501049
-0.0558071
-0.0100498
-0.0768696
-0.034114
-0.0929435
-0.0387694
-0.104284
-0.0351176
-0.111428
-0.0295215
-0.115119
-0.0253654
-0.116198
-0.0247152
-0.115397
-0.0295514
-0.113057
-0.0424559
-0.0665454
0.192088
0.358017
0.175351
0.18367
0.15119
0.0742666
0.125838
0.0153019
0.102632
-0.0109086
0.0830082
-0.0191451
0.0674039
-0.0195132
0.0557322
-0.0178499
0.0475159
-0.017149
0.0419536
-0.0191529
0.0381003
-0.0256981
0.035151
-0.0395065
0.329408
0.33121
0.327637
0.185441
0.31097
0.0909337
0.288524
0.0377481
0.265691
0.0119239
0.245244
0.00130188
0.228317
-0.00258659
0.215122
-0.00465442
0.205271
-0.00729812
0.197879
-0.0117605
0.191733
-0.0195523
-0.0333806
0.429095
0.282017
0.442211
0.172325
0.434195
0.0989499
0.416302
0.0556408
0.395742
0.0324833
0.376522
0.0205227
0.360482
0.0134526
0.348133
0.0076952
0.339113
0.00172125
0.332306
-0.00495315
0.326026
-0.0132721
-0.0258458
0.47709
0.217945
0.502057
0.147358
0.502603
0.098404
0.490727
0.0675171
0.474518
0.0486925
0.458613
0.0364272
0.445211
0.0268543
0.435016
0.0178907
0.42777
0.00896766
0.422251
0.000565668
0.416341
-0.00736245
-0.0172831
0.454814
0.151036
0.486037
0.116135
0.494364
0.0900771
0.490505
0.0713765
0.481685
0.0575118
0.471949
0.0461632
0.463108
0.0356955
0.455709
0.02529
0.449633
0.0150432
0.444035
0.00616408
0.437204
-0.000531149
-0.00707791
0.289457
0.105417
0.346217
0.0942753
0.379201
0.0831508
0.396613
0.0726649
0.405042
0.0629481
0.408662
0.0538911
0.409547
0.0452781
0.408382
0.0368606
0.40526
0.0284123
0.400384
0.0199187
0.39441
0.0121389
0.38799
0.00588829
0.000376962
0.151642
0.0519351
0.19776
0.0481572
0.237169
0.0437416
0.270715
0.0391195
0.299111
0.0345514
0.322855
0.0301475
0.342219
0.0259139
0.357285
0.0217949
0.367977
0.0177205
0.374162
0.0137337
0.376125
0.0101753
0.374778
0.00723569
0.00446222
0.133155
0.178242
0.218324
0.253271
0.283216
0.308398
0.329049
0.345341
0.357386
0.365342
0.369684
0.37107
)
;

boundaryField
{
    top
    {
        type            calculated;
        value           nonuniform List<scalar> 
13
(
0.00244915
0.00307008
0.00365942
0.0041732
0.00460581
0.00496576
0.00526328
0.00550228
0.00567615
0.00577761
0.00583339
0.00584954
0.00573389
)
;
    }
    bottom
    {
        type            calculated;
        value           uniform 0;
    }
    frontAndBack
    {
        type            empty;
        value           nonuniform 0();
    }
    left_cyc
    {
        type            cyclic;
        value           nonuniform 0();
    }
    right_cyc
    {
        type            cyclic;
        value           nonuniform 0();
    }
    procBoundary1to0
    {
        type            processor;
        value           nonuniform List<scalar> 
16
(
0.378925
0.578617
0.552055
0.429059
0.270854
0.105479
-0.0517823
-0.190611
-0.302601
-0.379903
-0.413018
-0.387904
-0.193003
-0.201871
-0.0981599
-0.083669
)
;
    }
    procBoundary1to2
    {
        type            processor;
        value           nonuniform List<scalar> 
16
(
-0.386264
-0.533241
-0.489556
-0.417201
-0.335026
-0.233341
-0.108905
0.032622
-0.0640164
0.185607
0.318491
0.407778
0.426998
0.380535
0.370693
0.369798
)
;
    }
}


// ************************************************************************* //
