/*--------------------------------*- C++ -*----------------------------------*\
| =========                 |                                                 |
| \\      /  F ield         | OpenFOAM: The Open Source CFD Toolbox           |
|  \\    /   O peration     | Version:  2.3.0                                 |
|   \\  /    A nd           | Web:      www.OpenFOAM.org                      |
|    \\/     M anipulation  |                                                 |
\*---------------------------------------------------------------------------*/
FoamFile
{
    version     2.0;
    format      ascii;
    class       surfaceScalarField;
    location    "13000";
    object      phi;
}
// * * * * * * * * * * * * * * * * * * * * * * * * * * * * * * * * * * * * * //

dimensions      [0 3 -1 0 0 0 0];

internalField   nonuniform List<scalar> 
353
(
-0.412224
0.0250727
-0.443055
0.0308316
-0.479452
0.0363971
-0.514976
0.0355239
-0.527785
0.0128085
-0.487776
-0.0400083
-0.39699
-0.0907868
-0.272352
-0.124638
-0.124882
-0.14747
0.0270438
-0.151925
0.178318
-0.151274
0.320115
-0.141797
-0.113613
-0.52195
0.0140522
-0.501268
0.0101496
-0.467342
0.00247064
-0.416427
-0.0153903
-0.345689
-0.0579301
-0.261007
-0.12469
-0.178975
-0.172819
-0.109951
-0.193662
-0.0505823
-0.206839
0.0102404
-0.212748
0.0705496
-0.211584
0.131871
-0.203118
-0.18811
-0.455549
-0.018912
-0.408991
-0.0364082
-0.348196
-0.0583245
-0.278535
-0.085051
-0.215674
-0.120791
-0.170406
-0.169957
-0.129853
-0.213372
-0.0850791
-0.238437
-0.0389748
-0.252943
0.00780149
-0.259524
0.054416
-0.258198
0.100285
-0.248987
-0.231527
-0.381172
-0.0537106
-0.333855
-0.0837248
-0.274382
-0.117798
-0.20977
-0.149663
-0.156248
-0.174313
-0.12223
-0.203976
-0.0936215
-0.24198
-0.0629412
-0.269117
-0.0293254
-0.286559
0.00582952
-0.294679
0.0406198
-0.292988
0.0732552
-0.281623
-0.305859
-0.0816831
-0.267541
-0.122042
-0.218687
-0.166652
-0.164045
-0.204305
-0.115804
-0.222555
-0.0851857
-0.234594
-0.0634596
-0.263706
-0.0424425
-0.290134
-0.0198371
-0.309164
0.00387466
-0.318391
0.0273154
-0.316429
-0.303623
-0.214587
-0.0994169
-0.189356
-0.147274
-0.155692
-0.200316
-0.115776
-0.244221
-0.0766425
-0.261688
-0.051606
-0.25963
-0.0371065
-0.278206
-0.0246804
-0.30256
-0.0116128
-0.322232
0.00220054
-0.332204
0.0158212
-0.33005
-0.316332
-0.101023
-0.106531
-0.0897646
-0.158532
-0.0734864
-0.216595
-0.0528733
-0.264834
-0.0311839
-0.283378
-0.0186385
-0.272175
-0.0131996
-0.283645
-0.00906284
-0.306697
-0.00442926
-0.326866
0.00077793
-0.337412
0.00583264
-0.335105
-0.320665
0.0309123
-0.104313
0.0288468
-0.156466
0.026705
-0.214453
0.0242417
-0.262371
0.0213817
-0.280518
0.0159974
-0.266791
0.0100103
-0.277657
0.00557973
-0.302266
0.00225346
-0.323539
-0.000531327
-0.334627
-0.00345179
-0.332184
-0.316959
0.178597
-0.0581617
0.168701
-0.0944177
0.154491
-0.142257
0.134164
-0.194125
0.107327
-0.235534
0.0768272
-0.250018
0.0512723
-0.241236
0.0336855
-0.260071
0.0206039
-0.289185
0.00912698
-0.312062
-0.00194243
-0.323557
-0.0131044
-0.321022
-0.305091
0.307889
-0.0473657
0.291429
-0.0779579
0.266442
-0.11727
0.230079
-0.157761
0.181727
-0.187182
0.127348
-0.195639
0.0847715
-0.19866
0.0588854
-0.234185
0.0374842
-0.267784
0.0169153
-0.291493
-0.0037202
-0.302922
-0.0243681
-0.300374
-0.284326
0.39395
-0.0334211
0.371647
-0.0556547
0.337799
-0.0834219
0.28962
-0.109582
0.22701
-0.124572
0.16385
-0.132479
0.11996
-0.15477
0.088095
-0.20232
0.0577297
-0.237418
0.0262925
-0.260056
-0.00590064
-0.270729
-0.03796
-0.268315
-0.253161
0.410219
-0.0166443
0.383632
-0.0290684
0.344955
-0.0447449
0.295211
-0.0598377
0.23989
-0.0692512
0.192856
-0.0854454
0.159753
-0.121667
0.122402
-0.164968
0.0811177
-0.196134
0.0370762
-0.216015
-0.00831271
-0.22534
-0.0534001
-0.223228
-0.209974
0.369619
-0.00565694
0.352356
-0.0118053
0.32629
-0.0186788
0.293779
-0.0273273
0.263782
-0.0392536
0.236574
-0.0582381
0.20233
-0.0874231
0.156737
-0.119375
0.104221
-0.143618
0.0477039
-0.159497
-0.0106858
-0.16695
-0.0686544
-0.165259
-0.154663
0.363708
0.00150156
0.353315
-0.00141227
0.339339
-0.00470262
0.321448
-0.00943605
0.299584
-0.0173895
0.272018
-0.0306726
0.233515
-0.0489201
0.182295
-0.0681553
0.122014
-0.0833369
0.0560569
-0.0935402
-0.0125335
-0.0983598
-0.0805281
-0.0972643
-0.0904226
0.366146
0.359863
0.351287
0.339665
0.32279
0.296531
0.256681
0.202233
0.136347
0.062914
-0.0140513
-0.0902126
)
;

boundaryField
{
    top
    {
        type            calculated;
        value           nonuniform List<scalar> 
13
(
0.00546676
0.00487054
0.00387339
0.00218661
-0.000515032
-0.00441374
-0.00906946
-0.0137079
-0.0174504
-0.0201074
-0.0213945
-0.021103
-0.0192933
)
;
    }
    bottom
    {
        type            calculated;
        value           uniform 0;
    }
    frontAndBack
    {
        type            empty;
        value           nonuniform 0();
    }
    left_cyc
    {
        type            cyclic;
        value           nonuniform 0();
    }
    right_cyc
    {
        type            cyclic;
        value           nonuniform 0();
    }
    procBoundary2to1
    {
        type            processor;
        value           nonuniform List<scalar> 
16
(
0.387151
0.532971
0.488513
0.415971
0.333831
0.232321
0.108137
-0.0331299
0.0654481
-0.185883
-0.318685
-0.407895
-0.426995
-0.380606
-0.370867
-0.370111
)
;
    }
    procBoundary2to3
    {
        type            processor;
        value           nonuniform List<scalar> 
16
(
0.433728
0.206368
0.143702
0.102691
-0.260963
0.0493157
0.02853
0.0101661
-0.007158
-0.0249721
-0.045133
-0.0691249
-0.0965873
-0.123966
-0.144769
-0.161342
)
;
    }
}


// ************************************************************************* //
