/*--------------------------------*- C++ -*----------------------------------*\
| =========                 |                                                 |
| \\      /  F ield         | OpenFOAM: The Open Source CFD Toolbox           |
|  \\    /   O peration     | Version:  2.3.0                                 |
|   \\  /    A nd           | Web:      www.OpenFOAM.org                      |
|    \\/     M anipulation  |                                                 |
\*---------------------------------------------------------------------------*/
FoamFile
{
    version     2.0;
    format      ascii;
    class       volVectorField;
    location    "13000";
    object      U;
}
// * * * * * * * * * * * * * * * * * * * * * * * * * * * * * * * * * * * * * //

dimensions      [0 1 -1 0 0 0 0];

internalField   nonuniform List<vector> 
191
(
(-59.8183 0 3.46701)
(-63.9992 0 4.71637)
(-69.1226 0 6.24067)
(-75.0073 0 7.2892)
(-79.7242 0 5.65706)
(-78.1783 0 -0.567154)
(-67.9698 0 -9.42769)
(-51.0732 0 -18.3289)
(-29.3457 0 -24.578)
(-7.17101 0 -25.7082)
(15.0594 0 -25.545)
(37.2047 0 -23.0122)
(57.8511 0 -15.2083)
(-79.4309 0 3.95773)
(-77.1853 0 4.2874)
(-73.2025 0 4.14643)
(-67.0316 0 2.25857)
(-57.8967 0 -4.08551)
(-45.7081 0 -14.9664)
(-32.4145 0 -22.2093)
(-21.1516 0 -24.2768)
(-12.0769 0 -25.9803)
(-3.07331 0 -26.8602)
(6.12318 0 -26.6799)
(15.1131 0 -25.4546)
(24.6331 0 -23.7547)
(-71.2675 0 -0.0859925)
(-65.3942 0 -1.70743)
(-57.2983 0 -4.00274)
(-47.3286 0 -7.50779)
(-36.1145 0 -13.4865)
(-28.5659 0 -22.3444)
(-22.5884 0 -29.4279)
(-16.2312 0 -33.1949)
(-9.35302 0 -35.095)
(-2.35613 0 -35.8874)
(4.69565 0 -35.7352)
(11.6757 0 -34.6085)
(18.4052 0 -32.2111)
(-60.2236 0 -5.52409)
(-54.1358 0 -9.10905)
(-46.0275 0 -13.3174)
(-36.5197 0 -17.7379)
(-26.3037 0 -22.3899)
(-20.4131 0 -28.2833)
(-16.2338 0 -34.3446)
(-11.886 0 -38.3122)
(-6.99886 0 -40.8023)
(-1.7852 0 -41.9573)
(3.5298 0 -41.7191)
(8.64502 0 -40.1022)
(13.3367 0 -37.1573)
(-48.3348 0 -10.4562)
(-43.4366 0 -15.8116)
(-36.8119 0 -21.7563)
(-28.9396 0 -26.894)
(-20.3055 0 -29.8685)
(-14.32 0 -32.9511)
(-11.0668 0 -38.1937)
(-8.03141 0 -42.306)
(-4.72712 0 -45.0835)
(-1.2154 0 -46.3955)
(2.37451 0 -46.1193)
(5.82039 0 -44.2863)
(-33.7682 0 -14.0097)
(-30.6204 0 -20.7534)
(-26.1716 0 -28.1907)
(-20.5946 0 -34.3354)
(-14.2163 0 -36.8529)
(-8.7389 0 -37.4339)
(-6.52898 0 -40.9438)
(-4.6655 0 -44.7612)
(-2.75882 0 -47.6834)
(-0.718691 0 -49.1338)
(1.37525 0 -48.8228)
(3.37608 0 -46.8191)
(-15.8199 0 -15.8399)
(-14.4918 0 -23.4687)
(-12.4224 0 -31.9626)
(-9.64604 0 -39)
(-6.21128 0 -41.6908)
(-3.16904 0 -40.474)
(-2.31763 0 -42.532)
(-1.67813 0 -46.0139)
(-1.04206 0 -48.987)
(-0.283691 0 -50.5274)
(0.515197 0 -50.1924)
(1.23631 0 -48.0827)
(4.79677 0 -16.1407)
(4.48231 0 -24.1165)
(4.18988 0 -33.0399)
(3.79169 0 -40.4696)
(3.65743 0 -43.3084)
(2.74752 0 -41.1572)
(1.87658 0 -42.5739)
(1.1397 0 -46.0085)
(0.558595 0 -49.0816)
(0.119804 0 -50.702)
(-0.277731 0 -50.3453)
(-0.767649 0 -48.1279)
(27.4085 0 -9.42598)
(26.1787 0 -15.1777)
(24.4469 0 -22.8545)
(21.9191 0 -31.3256)
(18.2801 0 -38.2591)
(14.3043 0 -40.8065)
(8.74136 0 -38.8286)
(6.15568 0 -40.7262)
(4.02128 0 -44.6824)
(2.20777 0 -47.9891)
(0.531743 0 -49.6914)
(-1.10899 0 -49.3166)
(-2.84364 0 -46.9752)
(47.1608 0 -8.03661)
(45.2184 0 -13.1564)
(42.2337 0 -19.8164)
(37.7159 0 -26.8792)
(31.2833 0 -32.348)
(23.7809 0 -34.1579)
(14.262 0 -33.6607)
(10.5624 0 -37.3554)
(7.22898 0 -42.0934)
(4.07661 0 -45.6356)
(0.991434 0 -47.3786)
(-2.09998 0 -46.993)
(-5.23366 0 -44.5613)
(60.3977 0 -6.16006)
(57.8035 0 -10.2365)
(53.7207 0 -15.439)
(47.6184 0 -20.6968)
(39.2827 0 -24.3318)
(29.0851 0 -24.986)
(20.0099 0 -25.9451)
(15.4948 0 -32.896)
(11.0498 0 -38.2485)
(6.3309 0 -41.8069)
(1.54254 0 -43.492)
(-3.3078 0 -43.113)
(-8.08174 0 -40.7257)
(63.0942 0 -4.02749)
(59.9561 0 -6.71102)
(55.1068 0 -9.96489)
(48.307 0 -12.5112)
(40.4807 0 -12.9785)
(31.5049 0 -14.6205)
(26.2902 0 -20.4756)
(21.39 0 -27.7658)
(15.425 0 -32.9226)
(8.93428 0 -36.1724)
(2.17895 0 -37.6915)
(-4.67077 0 -37.347)
(-11.3384 0 -35.1848)
(56.439 0 -1.02792)
(54.4233 0 -2.07815)
(51.2917 0 -3.36627)
(46.5936 0 -5.12749)
(41.6282 0 -7.43587)
(37.5831 0 -10.7437)
(33.2876 0 -15.9664)
(27.2959 0 -21.7346)
(19.7689 0 -26.0032)
(11.5029 0 -28.7576)
(2.80526 0 -30.0495)
(-6.01057 0 -29.7569)
(-14.5818 0 -27.9218)
(55.2094 0 -0.54411)
(53.9081 0 -1.15599)
(52.1059 0 -1.82008)
(49.7113 0 -2.69006)
(46.7362 0 -4.09338)
(43.1515 0 -6.50753)
(38.3949 0 -9.89015)
(31.6143 0 -13.5354)
(23.0932 0 -16.3863)
(13.5113 0 -18.2821)
(3.30347 0 -19.1744)
(-7.06288 0 -18.9713)
(-17.0927 0 -17.7028)
(55.3118 0 1.60896)
(54.5364 0 1.22023)
(53.4331 0 0.703201)
(51.9651 0 -0.107979)
(49.941 0 -1.4265)
(46.8795 0 -3.43225)
(42.0508 0 -6.03471)
(34.9204 0 -8.70932)
(25.7426 0 -10.8719)
(15.1513 0 -12.3659)
(3.71618 0 -13.0788)
(-7.92974 0 -12.9173)
(-19.1255 0 -11.9088)
)
;

boundaryField
{
    top
    {
        type            directionMixed;
        refValue        uniform (0 0 0);
        refGradient     uniform (0 0 0);
        valueFraction   uniform (0 0 0 0 0 1);
        value           nonuniform List<vector> 
13
(
(55.3118 0 0)
(54.5364 0 0)
(53.4331 0 0)
(51.9651 0 0)
(49.941 0 0)
(46.8795 0 0)
(42.0508 0 0)
(34.9204 0 0)
(25.7426 0 0)
(15.1513 0 0)
(3.71618 0 0)
(-7.92974 0 0)
(-19.1255 0 0)
)
;
    }
    bottom
    {
        type            fixedValue;
        value           uniform (0 0 0);
    }
    frontAndBack
    {
        type            empty;
    }
    left_cyc
    {
        type            cyclic;
    }
    right_cyc
    {
        type            cyclic;
    }
    procBoundary2to1
    {
        type            processor;
        value           nonuniform List<vector> 
16
(
(-56.4204 0 2.60201)
(-80.4834 0 3.58)
(-75.2846 0 1.02055)
(-64.5736 0 -2.84729)
(-51.8281 0 -6.40385)
(-35.9421 0 -8.93245)
(-16.6298 0 -10.1566)
(5.14217 0 -10.2248)
(5.14217 0 -10.2248)
(28.3611 0 -5.67654)
(48.4545 0 -4.61448)
(61.9861 0 -3.3799)
(65.0121 0 -2.15316)
(57.7343 0 -0.0817725)
(56.0512 0 0.0453797)
(55.7234 0 1.93528)
)
;
    }
    procBoundary2to3
    {
        type            processor;
        value           nonuniform List<vector> 
16
(
(72.522 0 -6.18618)
(37.0389 0 -20.7749)
(24.5899 0 -27.4612)
(17.5289 0 -32.5343)
(9.00712 0 -41.0283)
(9.00712 0 -41.0283)
(5.20946 0 -43.5289)
(1.81428 0 -44.8776)
(-1.42127 0 -44.8674)
(-4.73354 0 -43.3879)
(-8.40909 0 -40.4723)
(-12.7518 0 -36.4372)
(-17.7087 0 -31.2589)
(-22.6313 0 -24.6429)
(-26.345 0 -15.4594)
(-29.2679 0 -10.1619)
)
;
    }
}


// ************************************************************************* //
