/*--------------------------------*- C++ -*----------------------------------*\
| =========                 |                                                 |
| \\      /  F ield         | OpenFOAM: The Open Source CFD Toolbox           |
|  \\    /   O peration     | Version:  2.3.0                                 |
|   \\  /    A nd           | Web:      www.OpenFOAM.org                      |
|    \\/     M anipulation  |                                                 |
\*---------------------------------------------------------------------------*/
FoamFile
{
    version     2.0;
    format      ascii;
    class       volVectorField;
    location    "8000";
    object      U;
}
// * * * * * * * * * * * * * * * * * * * * * * * * * * * * * * * * * * * * * //

dimensions      [0 1 -1 0 0 0 0];

internalField   nonuniform List<vector> 
3060
(
(6.02177e-06 0 -4.11084e-06)
(1.54901e-05 0 -3.9747e-06)
(2.47274e-05 0 -3.72264e-06)
(3.36018e-05 0 -3.3609e-06)
(4.19921e-05 0 -2.89949e-06)
(4.97913e-05 0 -2.35531e-06)
(5.69078e-05 0 -1.75511e-06)
(6.32669e-05 0 -1.136e-06)
(6.88087e-05 0 -5.40656e-07)
(7.348e-05 0 -7.54443e-09)
(7.72201e-05 0 4.38691e-07)
(7.99421e-05 0 7.90854e-07)
(8.15168e-05 0 1.05547e-06)
(8.17639e-05 0 1.24514e-06)
(8.04708e-05 0 1.38185e-06)
(7.74365e-05 0 1.51906e-06)
(7.2558e-05 0 1.72392e-06)
(6.5923e-05 0 1.98298e-06)
(5.78228e-05 0 2.17829e-06)
(4.87808e-05 0 2.20419e-06)
(3.94237e-05 0 2.06614e-06)
(3.03275e-05 0 1.8129e-06)
(2.19155e-05 0 1.51804e-06)
(1.43407e-05 0 1.25496e-06)
(7.49187e-06 0 1.0741e-06)
(1.08164e-06 0 9.98786e-07)
(-5.25821e-06 0 1.03562e-06)
(-1.19062e-05 0 1.18145e-06)
(-1.91862e-05 0 1.42008e-06)
(-2.72811e-05 0 1.71106e-06)
(-3.61337e-05 0 1.98634e-06)
(-4.54003e-05 0 2.16898e-06)
(-5.45407e-05 0 2.20137e-06)
(-6.29233e-05 0 2.05474e-06)
(-6.99639e-05 0 1.80162e-06)
(-7.52845e-05 0 1.56977e-06)
(-7.87232e-05 0 1.40821e-06)
(-8.03246e-05 0 1.26356e-06)
(-8.02776e-05 0 1.07131e-06)
(-7.88001e-05 0 8.03325e-07)
(-7.60903e-05 0 4.46843e-07)
(-7.22965e-05 0 -4.64859e-09)
(-6.75229e-05 0 -5.44001e-07)
(-6.1845e-05 0 -1.1463e-06)
(-5.53282e-05 0 -1.77199e-06)
(-4.8043e-05 0 -2.37663e-06)
(-4.00734e-05 0 -2.92124e-06)
(-3.15195e-05 0 -3.37763e-06)
(-2.24966e-05 0 -3.72804e-06)
(-1.31331e-05 0 -3.96198e-06)
(-3.56772e-06 0 -4.07282e-06)
(6.05294e-06 0 -4.0562e-06)
(1.55799e-05 0 -3.91303e-06)
(2.48683e-05 0 -3.64826e-06)
(3.37818e-05 0 -3.26922e-06)
(4.21951e-05 0 -2.78795e-06)
(4.99968e-05 0 -2.22464e-06)
(5.70908e-05 0 -1.61045e-06)
(6.33971e-05 0 -9.86534e-07)
(6.88475e-05 0 -3.97161e-07)
(7.33758e-05 0 1.21148e-07)
(7.69007e-05 0 5.48129e-07)
(7.93076e-05 0 8.8077e-07)
(8.04358e-05 0 1.12811e-06)
(8.00755e-05 0 1.30417e-06)
(7.80141e-05 0 1.44497e-06)
(7.40836e-05 0 1.62259e-06)
(6.82938e-05 0 1.86983e-06)
(6.08589e-05 0 2.10794e-06)
(5.22187e-05 0 2.21002e-06)
(4.2986e-05 0 2.13454e-06)
(3.37799e-05 0 1.92078e-06)
(2.51023e-05 0 1.63398e-06)
(1.72243e-05 0 1.35104e-06)
(1.01332e-05 0 1.13377e-06)
(3.59951e-06 0 1.0154e-06)
(-2.72201e-06 0 1.00775e-06)
(-9.21293e-06 0 1.11151e-06)
(-1.6228e-05 0 1.31688e-06)
(-2.4019e-05 0 1.59423e-06)
(-3.2635e-05 0 1.8857e-06)
(-4.18477e-05 0 2.11552e-06)
(-5.11833e-05 0 2.21522e-06)
(-6.00407e-05 0 2.14132e-06)
(-6.78024e-05 0 1.91617e-06)
(-7.40009e-05 0 1.66278e-06)
(-7.84013e-05 0 1.47902e-06)
(-8.09663e-05 0 1.34976e-06)
(-8.18398e-05 0 1.20243e-06)
(-8.12273e-05 0 9.94203e-07)
(-7.93392e-05 0 7.07991e-07)
(-7.63418e-05 0 3.31573e-07)
(-7.23524e-05 0 -1.38634e-07)
(-6.74493e-05 0 -6.91001e-07)
(-6.16895e-05 0 -1.29661e-06)
(-5.51268e-05 0 -1.91483e-06)
(-4.78247e-05 0 -2.50366e-06)
(-3.98621e-05 0 -3.02845e-06)
(-3.13348e-05 0 -3.46521e-06)
(-2.23537e-05 0 -3.79916e-06)
(-1.30431e-05 0 -4.02156e-06)
(-3.53735e-06 0 -4.12674e-06)
(9.06862e-06 0 -1.65695e-05)
(2.33985e-05 0 -1.63607e-05)
(3.75645e-05 0 -1.5977e-05)
(5.14738e-05 0 -1.54344e-05)
(6.50432e-05 0 -1.47516e-05)
(7.81967e-05 0 -1.3945e-05)
(9.08558e-05 0 -1.30225e-05)
(0.000102925 0 -1.19781e-05)
(0.000114274 0 -1.07889e-05)
(0.000124727 0 -9.41381e-06)
(0.000134054 0 -7.79246e-06)
(0.000141975 0 -5.84381e-06)
(0.000148153 0 -3.46815e-06)
(0.000152193 0 -5.64309e-07)
(0.000153625 0 2.89432e-06)
(0.000151919 0 6.69686e-06)
(0.000146588 0 1.03528e-05)
(0.000137423 0 1.33986e-05)
(0.000124519 0 1.55716e-05)
(0.000108507 0 1.67704e-05)
(9.05016e-05 0 1.69912e-05)
(7.17165e-05 0 1.62948e-05)
(5.32032e-05 0 1.50348e-05)
(3.55657e-05 0 1.36968e-05)
(1.88811e-05 0 1.26859e-05)
(2.82912e-06 0 1.22405e-05)
(-1.31103e-05 0 1.24466e-05)
(-2.94843e-05 0 1.32619e-05)
(-4.67021e-05 0 1.45047e-05)
(-6.4844e-05 0 1.5823e-05)
(-8.34868e-05 0 1.67367e-05)
(-0.000101697 0 1.68165e-05)
(-0.000118283 0 1.5907e-05)
(-0.00013204 0 1.40024e-05)
(-0.000142143 0 1.11575e-05)
(-0.00014835 0 7.57497e-06)
(-0.000150784 0 3.67058e-06)
(-0.000149868 0 -8.05678e-09)
(-0.000146153 0 -3.14546e-06)
(-0.00014014 0 -5.71884e-06)
(-0.000132255 0 -7.82124e-06)
(-0.000122864 0 -9.55583e-06)
(-0.000112273 0 -1.10097e-05)
(-0.000100735 0 -1.22491e-05)
(-8.84469e-05 0 -1.33206e-05)
(-7.55542e-05 0 -1.42515e-05)
(-6.21652e-05 0 -1.50516e-05)
(-4.83679e-05 0 -1.57157e-05)
(-3.42457e-05 0 -1.62295e-05)
(-1.98873e-05 0 -1.65757e-05)
(-5.38937e-06 0 -1.67404e-05)
(9.14658e-06 0 -1.67158e-05)
(2.36182e-05 0 -1.65032e-05)
(3.79245e-05 0 -1.61121e-05)
(5.19709e-05 0 -1.55579e-05)
(6.56706e-05 0 -1.48575e-05)
(7.89403e-05 0 -1.40236e-05)
(9.16884e-05 0 -1.30579e-05)
(0.000103798 0 -1.19463e-05)
(0.000115112 0 -1.06566e-05)
(0.000125419 0 -9.13719e-06)
(0.000134453 0 -7.3164e-06)
(0.00014189 0 -5.10219e-06)
(0.000147352 0 -2.39021e-06)
(0.000150395 0 8.98408e-07)
(0.000150496 0 4.68076e-06)
(0.000147113 0 8.5556e-06)
(0.000139897 0 1.19776e-05)
(0.000128802 0 1.45913e-05)
(0.000114209 0 1.62387e-05)
(9.70815e-05 0 1.68919e-05)
(7.86487e-05 0 1.65655e-05)
(6.00652e-05 0 1.54996e-05)
(4.21444e-05 0 1.41581e-05)
(2.51698e-05 0 1.29995e-05)
(8.95612e-06 0 1.23313e-05)
(-6.95896e-06 0 1.22954e-05)
(-2.31306e-05 0 1.2901e-05)
(-4.00446e-05 0 1.40265e-05)
(-5.79374e-05 0 1.53889e-05)
(-7.66005e-05 0 1.65477e-05)
(-9.52949e-05 0 1.70296e-05)
(-0.000112903 0 1.65545e-05)
(-0.000128202 0 1.51004e-05)
(-0.000140171 0 1.26853e-05)
(-0.000148336 0 9.44804e-06)
(-0.000152693 0 5.70053e-06)
(-0.000153531 0 1.94786e-06)
(-0.000151371 0 -1.37411e-06)
(-0.000146734 0 -4.13255e-06)
(-0.000140067 0 -6.38727e-06)
(-0.000131751 0 -8.2421e-06)
(-0.000122106 0 -9.79262e-06)
(-0.0001114 0 -1.11144e-05)
(-9.98482e-05 0 -1.22628e-05)
(-8.76147e-05 0 -1.3274e-05)
(-7.48187e-05 0 -1.41664e-05)
(-6.15496e-05 0 -1.49419e-05)
(-4.78841e-05 0 -1.559e-05)
(-3.38995e-05 0 -1.6093e-05)
(-1.96815e-05 0 -1.64324e-05)
(-5.32527e-06 0 -1.65938e-05)
(1.01713e-05 0 -3.15123e-05)
(2.62333e-05 0 -3.11803e-05)
(4.20837e-05 0 -3.05662e-05)
(5.75941e-05 0 -2.96886e-05)
(7.26369e-05 0 -2.85679e-05)
(8.70828e-05 0 -2.72185e-05)
(0.000100798 0 -2.56408e-05)
(0.00011364 0 -2.38148e-05)
(0.00012546 0 -2.16984e-05)
(0.000136101 0 -1.92303e-05)
(0.000145404 0 -1.63333e-05)
(0.00015322 0 -1.29186e-05)
(0.000159415 0 -8.89175e-06)
(0.000163889 0 -4.16322e-06)
(0.000166563 0 1.34533e-06)
(0.0001673 0 7.71576e-06)
(0.000165648 0 1.49964e-05)
(0.000160685 0 2.28804e-05)
(0.000151426 0 3.02441e-05)
(0.000137192 0 3.54901e-05)
(0.000118378 0 3.80653e-05)
(9.64134e-05 0 3.83143e-05)
(7.3071e-05 0 3.6917e-05)
(4.96359e-05 0 3.48757e-05)
(2.66606e-05 0 3.315e-05)
(4.11131e-06 0 3.23477e-05)
(-1.8343e-05 0 3.26985e-05)
(-4.10734e-05 0 3.40898e-05)
(-6.42484e-05 0 3.60486e-05)
(-8.75486e-05 0 3.77169e-05)
(-0.000109936 0 3.80422e-05)
(-0.000129733 0 3.62225e-05)
(-0.000145302 0 3.17753e-05)
(-0.00015584 0 2.48493e-05)
(-0.000161758 0 1.6868e-05)
(-0.000164007 0 9.23069e-06)
(-0.000163597 0 2.47227e-06)
(-0.000161133 0 -3.39048e-06)
(-0.000156808 0 -8.43713e-06)
(-0.000150701 0 -1.27407e-05)
(-0.000142912 0 -1.63839e-05)
(-0.000133572 0 -1.94599e-05)
(-0.000122838 0 -2.20601e-05)
(-0.000110877 0 -2.42662e-05)
(-9.78578e-05 0 -2.61452e-05)
(-8.3941e-05 0 -2.7745e-05)
(-6.92806e-05 0 -2.90907e-05)
(-5.40217e-05 0 -3.01863e-05)
(-3.83036e-05 0 -3.10211e-05)
(-2.22629e-05 0 -3.15776e-05)
(-6.0355e-06 0 -3.18404e-05)
(1.02425e-05 0 -3.18013e-05)
(2.64347e-05 0 -3.14614e-05)
(4.2405e-05 0 -3.08313e-05)
(5.80175e-05 0 -2.99276e-05)
(7.31352e-05 0 -2.87667e-05)
(8.76176e-05 0 -2.73565e-05)
(0.000101317 0 -2.56878e-05)
(0.000114079 0 -2.37295e-05)
(0.000125738 0 -2.14285e-05)
(0.000136127 0 -1.87133e-05)
(0.00014508 0 -1.54993e-05)
(0.000152446 0 -1.16935e-05)
(0.000158099 0 -7.20451e-06)
(0.000161949 0 -1.95316e-06)
(0.000163909 0 4.13378e-06)
(0.000163711 0 1.11326e-05)
(0.000160613 0 1.89447e-05)
(0.000153583 0 2.68181e-05)
(0.000141735 0 3.31939e-05)
(0.000124949 0 3.69349e-05)
(0.000104303 0 3.81378e-05)
(8.15392e-05 0 3.73711e-05)
(5.82026e-05 0 3.55281e-05)
(3.51369e-05 0 3.3649e-05)
(1.25069e-05 0 3.24983e-05)
(-9.93473e-06 0 3.24498e-05)
(-3.25703e-05 0 3.35275e-05)
(-5.56807e-05 0 3.54095e-05)
(-7.91746e-05 0 3.73855e-05)
(-0.000102311 0 3.84398e-05)
(-0.00012363 0 3.76422e-05)
(-0.000141362 0 3.43901e-05)
(-0.000154288 0 2.84776e-05)
(-0.000162344 0 2.08222e-05)
(-0.000166346 0 1.30239e-05)
(-0.000167305 0 5.97337e-06)
(-0.000166041 0 -1.64427e-07)
(-0.000162892 0 -5.46336e-06)
(-0.000157964 0 -1.00022e-05)
(-0.000151336 0 -1.38613e-05)
(-0.00014312 0 -1.71327e-05)
(-0.000133454 0 -1.99104e-05)
(-0.000122492 0 -2.22803e-05)
(-0.000110391 0 -2.43161e-05)
(-9.73073e-05 0 -2.60744e-05)
(-8.33888e-05 0 -2.75916e-05)
(-6.87748e-05 0 -2.88822e-05)
(-5.35979e-05 0 -2.99414e-05)
(-3.79867e-05 0 -3.07524e-05)
(-2.20688e-05 0 -3.12946e-05)
(-5.97285e-06 0 -3.15508e-05)
(1.06549e-05 0 -4.81904e-05)
(2.7462e-05 0 -4.76796e-05)
(4.39983e-05 0 -4.67297e-05)
(6.00995e-05 0 -4.53601e-05)
(7.56026e-05 0 -4.35915e-05)
(9.03463e-05 0 -4.14383e-05)
(0.000104172 0 -3.89021e-05)
(0.000116924 0 -3.59674e-05)
(0.000128455 0 -3.26015e-05)
(0.000138629 0 -2.87576e-05)
(0.000147321 0 -2.43782e-05)
(0.000154423 0 -1.93983e-05)
(0.000159847 0 -1.3746e-05)
(0.000163519 0 -7.33773e-06)
(0.000165373 0 -5.74017e-08)
(0.000165334 0 8.26977e-06)
(0.000163316 0 1.77931e-05)
(0.000159217 0 2.83608e-05)
(0.000152751 0 3.94041e-05)
(0.000142921 0 4.99432e-05)
(0.000128116 0 5.80535e-05)
(0.000107917 0 6.18251e-05)
(8.38151e-05 0 6.19453e-05)
(5.78729e-05 0 6.02144e-05)
(3.14329e-05 0 5.83131e-05)
(4.97505e-06 0 5.73455e-05)
(-2.14431e-05 0 5.77334e-05)
(-4.78175e-05 0 5.92715e-05)
(-7.38693e-05 0 6.10985e-05)
(-9.86042e-05 0 6.16918e-05)
(-0.00012011 0 5.9212e-05)
(-0.000136546 0 5.23496e-05)
(-0.000147596 0 4.22255e-05)
(-0.000154743 0 3.1081e-05)
(-0.000159263 0 2.01526e-05)
(-0.000161615 0 1.0132e-05)
(-0.000161922 0 1.31052e-06)
(-0.000160273 0 -6.39953e-06)
(-0.000156748 0 -1.31804e-05)
(-0.000151416 0 -1.91575e-05)
(-0.000144352 0 -2.44146e-05)
(-0.000135644 0 -2.90217e-05)
(-0.000125404 0 -3.30436e-05)
(-0.000113761 0 -3.65392e-05)
(-0.000100862 0 -3.95586e-05)
(-8.68633e-05 0 -4.2138e-05)
(-7.19309e-05 0 -4.42974e-05)
(-5.62355e-05 0 -4.60392e-05)
(-3.99501e-05 0 -4.7353e-05)
(-2.32488e-05 0 -4.82221e-05)
(-6.30649e-06 0 -4.86307e-05)
(1.07012e-05 0 -4.85699e-05)
(2.7598e-05 0 -4.80411e-05)
(4.42084e-05 0 -4.70553e-05)
(6.03579e-05 0 -4.56294e-05)
(7.58725e-05 0 -4.3779e-05)
(9.05797e-05 0 -4.15119e-05)
(0.00010431 0 -3.88212e-05)
(0.000116899 0 -3.56826e-05)
(0.000128192 0 -3.20558e-05)
(0.000138047 0 -2.78882e-05)
(0.000146339 0 -2.31189e-05)
(0.000152962 0 -1.76819e-05)
(0.000157833 0 -1.15052e-05)
(0.000160879 0 -4.49783e-06)
(0.000162028 0 3.48176e-06)
(0.000161201 0 1.26166e-05)
(0.000158302 0 2.29192e-05)
(0.000153174 0 3.39838e-05)
(0.000145173 0 4.50207e-05)
(0.000132828 0 5.45434e-05)
(0.000114959 0 6.02464e-05)
(9.24107e-05 0 6.17574e-05)
(6.71826e-05 0 6.06726e-05)
(4.09886e-05 0 5.87984e-05)
(1.4594e-05 0 5.75048e-05)
(-1.18322e-05 0 5.74743e-05)
(-3.83006e-05 0 5.875e-05)
(-6.46852e-05 0 6.07413e-05)
(-9.03216e-05 0 6.21669e-05)
(-0.00011361 0 6.126e-05)
(-0.000132497 0 5.63283e-05)
(-0.00014588 0 4.73421e-05)
(-0.000154691 0 3.65361e-05)
(-0.000160483 0 2.55426e-05)
(-0.000164029 0 1.52059e-05)
(-0.000165525 0 5.99585e-06)
(-0.000165065 0 -2.04035e-06)
(-0.000162732 0 -9.08026e-06)
(-0.000158599 0 -1.52834e-05)
(-0.000152732 0 -2.07543e-05)
(-0.000145207 0 -2.55719e-05)
(-0.000136119 0 -2.98065e-05)
(-0.000125579 0 -3.35212e-05)
(-0.000113717 0 -3.67711e-05)
(-0.000100671 0 -3.95997e-05)
(-8.65917e-05 0 -4.20356e-05)
(-7.16349e-05 0 -4.40894e-05)
(-5.59605e-05 0 -4.5756e-05)
(-3.97303e-05 0 -4.70184e-05)
(-2.31076e-05 0 -4.78556e-05)
(-6.25716e-06 0 -4.82496e-05)
(1.07639e-05 0 -6.53964e-05)
(2.77269e-05 0 -6.46844e-05)
(4.43749e-05 0 -6.33567e-05)
(6.0518e-05 0 -6.14346e-05)
(7.59709e-05 0 -5.89415e-05)
(9.05542e-05 0 -5.58957e-05)
(0.000104097 0 -5.23041e-05)
(0.000116441 0 -4.81589e-05)
(0.000127441 0 -4.34374e-05)
(0.000136968 0 -3.81042e-05)
(0.000144911 0 -3.21151e-05)
(0.000151173 0 -2.54204e-05)
(0.000155672 0 -1.79652e-05)
(0.000158338 0 -9.68552e-06)
(0.000159116 0 -4.97146e-07)
(0.000157981 0 9.71021e-06)
(0.000154982 0 2.1024e-05)
(0.000150205 0 3.34074e-05)
(0.000143642 0 4.66789e-05)
(0.000135094 0 6.03463e-05)
(0.000123855 0 7.30938e-05)
(0.00010823 0 8.27092e-05)
(8.68555e-05 0 8.70681e-05)
(6.12915e-05 0 8.72903e-05)
(3.37317e-05 0 8.60527e-05)
(5.46631e-06 0 8.52209e-05)
(-2.28531e-05 0 8.54926e-05)
(-5.06553e-05 0 8.65354e-05)
(-7.69595e-05 0 8.6911e-05)
(-9.98562e-05 0 8.40874e-05)
(-0.000117231 0 7.59944e-05)
(-0.00012951 0 6.38694e-05)
(-0.0001386 0 5.01705e-05)
(-0.00014553 0 3.65274e-05)
(-0.000150595 0 2.36631e-05)
(-0.000153856 0 1.18249e-05)
(-0.000155239 0 1.1015e-06)
(-0.000154676 0 -8.56066e-06)
(-0.000152173 0 -1.72681e-05)
(-0.000147783 0 -2.51057e-05)
(-0.000141578 0 -3.21344e-05)
(-0.00013364 0 -3.84052e-05)
(-0.00012407 0 -4.39652e-05)
(-0.000112985 0 -4.88577e-05)
(-0.000100522 0 -5.31193e-05)
(-8.68351e-05 0 -5.67751e-05)
(-7.20935e-05 0 -5.98365e-05)
(-5.648e-05 0 -6.23001e-05)
(-4.01864e-05 0 -6.41519e-05)
(-2.34102e-05 0 -6.53729e-05)
(-6.35335e-06 0 -6.59457e-05)
(1.07796e-05 0 -6.58604e-05)
(2.77833e-05 0 -6.51188e-05)
(4.44539e-05 0 -6.37329e-05)
(6.05904e-05 0 -6.17211e-05)
(7.59965e-05 0 -5.91019e-05)
(9.04824e-05 0 -5.5887e-05)
(0.000103869 0 -5.2076e-05)
(0.000115989 0 -4.7654e-05)
(0.000126694 0 -4.25923e-05)
(0.000135852 0 -3.68524e-05)
(0.00014335 0 -3.03896e-05)
(0.000149093 0 -2.3156e-05)
(0.000153 0 -1.5099e-05)
(0.000155005 0 -6.15309e-06)
(0.000155062 0 3.77399e-06)
(0.000153183 0 1.4786e-05)
(0.000149449 0 2.69048e-05)
(0.000143915 0 4.00036e-05)
(0.000136469 0 5.37658e-05)
(0.000126694 0 6.72494e-05)
(0.000113294 0 7.85893e-05)
(9.43784e-05 0 8.528e-05)
(7.03706e-05 0 8.70057e-05)
(4.3535e-05 0 8.625e-05)
(1.55324e-05 0 8.53185e-05)
(-1.28237e-05 0 8.53426e-05)
(-4.09819e-05 0 8.63895e-05)
(-6.81888e-05 0 8.74768e-05)
(-9.28983e-05 0 8.64373e-05)
(-0.000112824 0 8.06689e-05)
(-0.000127104 0 6.99817e-05)
(-0.000137521 0 5.68182e-05)
(-0.000145519 0 4.31656e-05)
(-0.000151608 0 3.00976e-05)
(-0.00015593 0 1.79796e-05)
(-0.000158453 0 6.95576e-06)
(-0.000159093 0 -2.97597e-06)
(-0.00015782 0 -1.19192e-05)
(-0.000154672 0 -1.99784e-05)
(-0.000149707 0 -2.72311e-05)
(-0.000143 0 -3.3738e-05)
(-0.000134636 0 -3.95524e-05)
(-0.000124714 0 -4.47229e-05)
(-0.000113352 0 -4.92918e-05)
(-0.000100682 0 -5.32915e-05)
(-8.68522e-05 0 -5.67411e-05)
(-7.20258e-05 0 -5.96444e-05)
(-5.63758e-05 0 -6.19909e-05)
(-4.00832e-05 0 -6.37606e-05)
(-2.33348e-05 0 -6.49299e-05)
(-6.32137e-06 0 -6.54788e-05)
(1.05775e-05 0 -8.23451e-05)
(2.72324e-05 0 -8.14005e-05)
(4.35416e-05 0 -7.9637e-05)
(5.92984e-05 0 -7.70812e-05)
(7.43036e-05 0 -7.37637e-05)
(8.83682e-05 0 -6.97129e-05)
(0.000101317 0 -6.49492e-05)
(0.00011299 0 -5.94811e-05)
(0.000123246 0 -5.33043e-05)
(0.000131966 0 -4.64022e-05)
(0.000139046 0 -3.87485e-05)
(0.000144402 0 -3.03083e-05)
(0.000147963 0 -2.10391e-05)
(0.000149676 0 -1.08892e-05)
(0.000149507 0 2.03942e-07)
(0.000147456 0 1.23046e-05)
(0.000143583 0 2.54345e-05)
(0.000137993 0 3.95098e-05)
(0.00013079 0 5.4342e-05)
(0.000122046 0 6.96657e-05)
(0.000111656 0 8.49539e-05)
(9.89215e-05 0 9.8851e-05)
(8.20758e-05 0 0.000108893)
(5.97423e-05 0 0.000113389)
(3.35074e-05 0 0.000114189)
(5.55797e-06 0 0.000113977)
(-2.25943e-05 0 0.000113905)
(-4.95394e-05 0 0.000113431)
(-7.33916e-05 0 0.000110324)
(-9.19624e-05 0 0.000101971)
(-0.00010571 0 8.89111e-05)
(-0.000116572 0 7.36949e-05)
(-0.000125624 0 5.81111e-05)
(-0.000133091 0 4.28826e-05)
(-0.000138936 0 2.83304e-05)
(-0.000143058 0 1.46717e-05)
(-0.000145348 0 2.03304e-06)
(-0.000145728 0 -9.57434e-06)
(-0.000144182 0 -2.02013e-05)
(-0.00014074 0 -2.99038e-05)
(-0.000135455 0 -3.87277e-05)
(-0.000128398 0 -4.67101e-05)
(-0.000119658 0 -5.38815e-05)
(-0.000109341 0 -6.02658e-05)
(-9.75767e-05 0 -6.58786e-05)
(-8.45146e-05 0 -7.0725e-05)
(-7.03246e-05 0 -7.47985e-05)
(-5.51941e-05 0 -7.80815e-05)
(-3.93248e-05 0 -8.05493e-05)
(-2.29288e-05 0 -8.21755e-05)
(-6.22543e-06 0 -8.2938e-05)
(1.05614e-05 0 -8.28245e-05)
(2.72066e-05 0 -8.18371e-05)
(4.34872e-05 0 -7.99909e-05)
(5.91853e-05 0 -7.73097e-05)
(7.40913e-05 0 -7.38201e-05)
(8.80069e-05 0 -6.95454e-05)
(0.000100749 0 -6.45004e-05)
(0.000112152 0 -5.86888e-05)
(0.000122072 0 -5.21023e-05)
(0.000130386 0 -4.47231e-05)
(0.000136992 0 -3.65255e-05)
(0.000141807 0 -2.74773e-05)
(0.000144762 0 -1.75395e-05)
(0.00014581 0 -6.66355e-06)
(0.000144931 0 5.20762e-06)
(0.000142157 0 1.8116e-05)
(0.000137578 0 3.20233e-05)
(0.000131303 0 4.67744e-05)
(0.000123428 0 6.21345e-05)
(0.000113947 0 7.77209e-05)
(0.000102492 0 9.26048e-05)
(8.76858e-05 0 0.000104683)
(6.76416e-05 0 0.000111554)
(4.27553e-05 0 0.000113689)
(1.53483e-05 0 0.000113912)
(-1.28811e-05 0 0.000114037)
(-4.05467e-05 0 0.000114167)
(-6.60135e-05 0 0.000112701)
(-8.69544e-05 0 0.000106805)
(-0.000102533 0 9.55062e-05)
(-0.000114526 0 8.10414e-05)
(-0.00012446 0 6.56626e-05)
(-0.000132805 0 5.04324e-05)
(-0.000139598 0 3.57743e-05)
(-0.000144753 0 2.19294e-05)
(-0.000148162 0 9.0635e-06)
(-0.000149728 0 -2.77074e-06)
(-0.000149407 0 -1.36132e-05)
(-0.000147209 0 -2.35296e-05)
(-0.000143175 0 -3.25796e-05)
(-0.000137364 0 -4.08123e-05)
(-0.000129849 0 -4.82682e-05)
(-0.000120719 0 -5.49799e-05)
(-0.000110082 0 -6.09716e-05)
(-9.80627e-05 0 -6.62567e-05)
(-8.48079e-05 0 -7.08365e-05)
(-7.04811e-05 0 -7.46989e-05)
(-5.52617e-05 0 -7.78211e-05)
(-3.93417e-05 0 -8.01736e-05)
(-2.29224e-05 0 -8.17262e-05)
(-6.21194e-06 0 -8.24544e-05)
(1.01478e-05 0 -9.88184e-05)
(2.61135e-05 0 -9.76255e-05)
(4.17152e-05 0 -9.53981e-05)
(5.6737e-05 0 -9.21701e-05)
(7.09731e-05 0 -8.79825e-05)
(8.42314e-05 0 -8.28774e-05)
(9.63365e-05 0 -7.68917e-05)
(0.000107133 0 -7.00532e-05)
(0.000116485 0 -6.23777e-05)
(0.000124282 0 -5.38692e-05)
(0.000130431 0 -4.452e-05)
(0.00013486 0 -3.43128e-05)
(0.000137512 0 -2.32222e-05)
(0.000138353 0 -1.12167e-05)
(0.000137369 0 1.73627e-06)
(0.00013458 0 1.56573e-05)
(0.000130055 0 3.0524e-05)
(0.000123893 0 4.62365e-05)
(0.000116208 0 6.26113e-05)
(0.000107114 0 7.93801e-05)
(9.66966e-05 0 9.61456e-05)
(8.48806e-05 0 0.000112253)
(7.08812e-05 0 0.000126252)
(5.29856e-05 0 0.000135831)
(3.04556e-05 0 0.00014025)
(5.1843e-06 0 0.000141383)
(-2.04528e-05 0 0.00014063)
(-4.41654e-05 0 0.000137301)
(-6.36498e-05 0 0.000129335)
(-7.86806e-05 0 0.000116382)
(-9.09504e-05 0 0.000100551)
(-0.00010164 0 8.3687e-05)
(-0.000110976 0 6.664e-05)
(-0.000118899 0 4.98636e-05)
(-0.000125298 0 3.36663e-05)
(-0.000130057 0 1.82621e-05)
(-0.000133068 0 3.78479e-06)
(-0.000134251 0 -9.71471e-06)
(-0.000133574 0 -2.22391e-05)
(-0.000131044 0 -3.38088e-05)
(-0.000126695 0 -4.44457e-05)
(-0.000120583 0 -5.41674e-05)
(-0.000112783 0 -6.2985e-05)
(-0.000103393 0 -7.09013e-05)
(-9.25316e-05 0 -7.79099e-05)
(-8.03425e-05 0 -8.39939e-05)
(-6.69917e-05 0 -8.9126e-05)
(-5.26662e-05 0 -9.32712e-05)
(-3.75707e-05 0 -9.63905e-05)
(-2.19241e-05 0 -9.84468e-05)
(-5.95509e-06 0 -9.9411e-05)
(1.01016e-05 0 -9.92675e-05)
(2.60096e-05 0 -9.80188e-05)
(4.15352e-05 0 -9.56845e-05)
(5.6452e-05 0 -9.22961e-05)
(7.05444e-05 0 -8.7892e-05)
(8.36118e-05 0 -8.25104e-05)
(9.54724e-05 0 -7.61849e-05)
(0.000105966 0 -6.89399e-05)
(0.000114955 0 -6.07898e-05)
(0.000122326 0 -5.17384e-05)
(0.000127989 0 -4.17804e-05)
(0.000131871 0 -3.09032e-05)
(0.000133924 0 -1.90876e-05)
(0.000134118 0 -6.31153e-06)
(0.000132456 0 7.44299e-06)
(0.000128983 0 2.21687e-05)
(0.000123788 0 3.77949e-05)
(0.000116983 0 5.41662e-05)
(0.000108684 0 7.10479e-05)
(9.89959e-05 0 8.80983e-05)
(8.79426e-05 0 0.000104806)
(7.51195e-05 0 0.000120118)
(5.90725e-05 0 0.000131927)
(3.83373e-05 0 0.000138524)
(1.38919e-05 0 0.000141007)
(-1.18638e-05 0 0.000141294)
(-3.66637e-05 0 0.000139513)
(-5.8089e-05 0 0.000133871)
(-7.48105e-05 0 0.000122952)
(-8.80993e-05 0 0.000108197)
(-9.95214e-05 0 9.18227e-05)
(-0.0001096 0 7.50098e-05)
(-0.000118338 0 5.83105e-05)
(-0.000125639 0 4.20855e-05)
(-0.000131387 0 2.65777e-05)
(-0.00013547 0 1.19502e-05)
(-0.000137795 0 -1.71968e-06)
(-0.000138305 0 -1.44247e-05)
(-0.000136991 0 -2.61902e-05)
(-0.000133873 0 -3.70493e-05)
(-0.000128991 0 -4.70321e-05)
(-0.000122406 0 -5.61621e-05)
(-0.000114195 0 -6.44542e-05)
(-0.000104455 0 -7.19131e-05)
(-9.33048e-05 0 -7.85321e-05)
(-8.0884e-05 0 -8.4292e-05)
(-6.73538e-05 0 -8.91624e-05)
(-5.28942e-05 0 -9.31045e-05)
(-3.77012e-05 0 -9.60758e-05)
(-2.19837e-05 0 -9.80367e-05)
(-5.95959e-06 0 -9.89564e-05)
(9.52021e-06 0 -0.000114424)
(2.44867e-05 0 -0.000112974)
(3.90821e-05 0 -0.000110267)
(5.30875e-05 0 -0.000106346)
(6.62966e-05 0 -0.000101266)
(7.8519e-05 0 -9.50844e-05)
(8.95838e-05 0 -8.78589e-05)
(9.93422e-05 0 -7.96388e-05)
(0.000107669 0 -7.04627e-05)
(0.000114461 0 -6.03565e-05)
(0.00011964 0 -4.93338e-05)
(0.000123147 0 -3.73966e-05)
(0.000124944 0 -2.45388e-05)
(0.000125011 0 -1.07507e-05)
(0.000123355 0 3.97208e-06)
(0.000120011 0 1.96147e-05)
(0.00011505 0 3.61181e-05)
(0.000108572 0 5.33586e-05)
(0.000100691 0 7.11425e-05)
(9.15331e-05 0 8.92084e-05)
(8.12158e-05 0 0.00010721)
(6.98294e-05 0 0.000124667)
(5.72791e-05 0 0.000140727)
(4.27027e-05 0 0.000153769)
(2.49207e-05 0 0.000161927)
(4.37594e-06 0 0.000164883)
(-1.66127e-05 0 0.000163206)
(-3.55057e-05 0 0.000156578)
(-5.10375e-05 0 0.000144774)
(-6.40453e-05 0 0.000129255)
(-7.56614e-05 0 0.000111891)
(-8.61865e-05 0 9.37485e-05)
(-9.55505e-05 0 7.53957e-05)
(-0.000103641 0 5.72112e-05)
(-0.000110332 0 3.94851e-05)
(-0.000115503 0 2.2438e-05)
(-0.000119048 0 6.2233e-06)
(-0.000120886 0 -9.07282e-06)
(-0.000120972 0 -2.34144e-05)
(-0.000119295 0 -3.67902e-05)
(-0.00011587 0 -4.91971e-05)
(-0.000110737 0 -6.06308e-05)
(-0.000103956 0 -7.10806e-05)
(-9.56113e-05 0 -8.05265e-05)
(-8.58113e-05 0 -8.8938e-05)
(-7.469e-05 0 -9.62736e-05)
(-6.24061e-05 0 -0.000102483)
(-4.91418e-05 0 -0.00010751)
(-3.50996e-05 0 -0.000111299)
(-2.04987e-05 0 -0.000113798)
(-5.57017e-06 0 -0.000114971)
(9.44752e-06 0 -0.000114796)
(2.4314e-05 0 -0.000113278)
(3.87921e-05 0 -0.000110441)
(5.26535e-05 0 -0.000106327)
(6.56829e-05 0 -0.000100988)
(7.76826e-05 0 -9.44822e-05)
(8.84763e-05 0 -8.68635e-05)
(9.79115e-05 0 -7.81805e-05)
(0.000105861 0 -6.84719e-05)
(0.000112223 0 -5.77654e-05)
(0.000116919 0 -4.60784e-05)
(0.000119894 0 -3.34196e-05)
(0.000121115 0 -1.97924e-05)
(0.000120573 0 -5.20091e-06)
(0.000118287 0 1.03389e-05)
(0.000114312 0 2.67804e-05)
(0.000108736 0 4.40214e-05)
(0.00010167 0 6.18904e-05)
(9.32375e-05 0 8.015e-05)
(8.35628e-05 0 9.84889e-05)
(7.27512e-05 0 0.000116497)
(6.08359e-05 0 0.000133518)
(4.73064e-05 0 0.000148276)
(3.09204e-05 0 0.000158811)
(1.12723e-05 0 0.000164085)
(-9.85275e-06 0 0.000164575)
(-2.9861e-05 0 0.000160332)
(-4.67532e-05 0 0.000150795)
(-6.0675e-05 0 0.000136768)
(-7.28798e-05 0 0.000120227)
(-8.39951e-05 0 0.000102568)
(-9.4022e-05 0 8.45103e-05)
(-0.000102861 0 6.64877e-05)
(-0.000110389 0 4.88221e-05)
(-0.000116484 0 3.17567e-05)
(-0.000121033 0 1.54673e-05)
(-0.000123944 0 5.93066e-08)
(-0.000125154 0 -1.4422e-05)
(-0.000124637 0 -2.79685e-05)
(-0.000122394 0 -4.05871e-05)
(-0.000118448 0 -5.22871e-05)
(-0.000112843 0 -6.30728e-05)
(-0.000105643 0 -7.29395e-05)
(-9.69336e-05 0 -8.18704e-05)
(-8.68224e-05 0 -8.98363e-05)
(-7.54413e-05 0 -9.67955e-05)
(-6.29451e-05 0 -0.000102696)
(-4.95098e-05 0 -0.000107481)
(-3.53305e-05 0 -0.000111091)
(-2.06171e-05 0 -0.000113474)
(-5.59097e-06 0 -0.000114592)
(8.73172e-06 0 -0.000128896)
(2.24475e-05 0 -0.000127187)
(3.57947e-05 0 -0.000123998)
(4.85574e-05 0 -0.000119384)
(6.05337e-05 0 -0.000113413)
(7.15394e-05 0 -0.000106163)
(8.1412e-05 0 -9.77133e-05)
(9.00124e-05 0 -8.81363e-05)
(9.72267e-05 0 -7.7495e-05)
(0.000102965 0 -6.5839e-05)
(0.000107163 0 -5.32044e-05)
(0.000109777 0 -3.96146e-05)
(0.000110785 0 -2.50845e-05)
(0.000110187 0 -9.62702e-06)
(0.000108006 0 6.73685e-06)
(0.000104292 0 2.39627e-05)
(9.91211e-05 0 4.19631e-05)
(9.25955e-05 0 6.05933e-05)
(8.48331e-05 0 7.96454e-05)
(7.59664e-05 0 9.88483e-05)
(6.61364e-05 0 0.000117862)
(5.54876e-05 0 0.000136259)
(4.41594e-05 0 0.000153396)
(3.20188e-05 0 0.000168087)
(1.84588e-05 0 0.000178458)
(3.34604e-06 0 0.000182781)
(-1.20654e-05 0 0.000180386)
(-2.6194e-05 0 0.000171608)
(-3.86968e-05 0 0.000157849)
(-5.01736e-05 0 0.000141077)
(-6.09491e-05 0 0.000122724)
(-7.09248e-05 0 0.00010357)
(-7.99513e-05 0 8.40884e-05)
(-8.78849e-05 0 6.46421e-05)
(-9.45885e-05 0 4.55276e-05)
(-9.99378e-05 0 2.69787e-05)
(-0.000103825 0 9.16824e-06)
(-0.000106164 0 -7.79004e-06)
(-0.000106899 0 -2.3829e-05)
(-0.000106001 0 -3.8909e-05)
(-0.000103468 0 -5.30019e-05)
(-9.93202e-05 0 -6.60799e-05)
(-9.36033e-05 0 -7.81088e-05)
(-8.63865e-05 0 -8.9044e-05)
(-7.77648e-05 0 -9.88294e-05)
(-6.78601e-05 0 -0.000107398)
(-5.68207e-05 0 -0.000114673)
(-4.48199e-05 0 -0.000120577)
(-3.20535e-05 0 -0.000125033)
(-1.87353e-05 0 -0.000127976)
(-5.09315e-06 0 -0.000129357)
(8.6373e-06 0 -0.000129151)
(2.2218e-05 0 -0.000127363)
(3.54148e-05 0 -0.000124023)
(4.80031e-05 0 -0.000119186)
(5.97731e-05 0 -0.00011292)
(7.05346e-05 0 -0.000105302)
(8.01205e-05 0 -9.6412e-05)
(8.83893e-05 0 -8.63227e-05)
(9.52261e-05 0 -7.5099e-05)
(0.000100542 0 -6.27941e-05)
(0.000104276 0 -4.94498e-05)
(0.000106387 0 -3.5098e-05)
(0.000106861 0 -1.97658e-05)
(0.000105707 0 -3.48317e-06)
(0.00010296 0 1.37047e-05)
(9.86849e-05 0 3.17203e-05)
(9.29736e-05 0 5.04353e-05)
(8.59387e-05 0 6.9661e-05)
(7.77082e-05 0 8.9148e-05)
(6.84217e-05 0 0.000108583)
(5.82234e-05 0 0.000127582)
(4.7265e-05 0 0.000145621)
(3.55786e-05 0 0.000161781)
(2.26985e-05 0 0.000174438)
(8.14049e-06 0 0.00018165)
(-7.36555e-06 0 0.000182295)
(-2.21412e-05 0 0.000176294)
(-3.52749e-05 0 0.000164606)
(-4.71585e-05 0 0.000149124)
(-5.83176e-05 0 0.000131575)
(-6.87687e-05 0 0.000112968)
(-7.83626e-05 0 9.38679e-05)
(-8.69561e-05 0 7.46738e-05)
(-9.44097e-05 0 5.57073e-05)
(-0.000100594 0 3.72226e-05)
(-0.000105395 0 1.94112e-05)
(-0.000108718 0 2.40189e-06)
(-0.000110491 0 -1.37306e-05)
(-0.000110672 0 -2.89496e-05)
(-0.000109246 0 -4.32374e-05)
(-0.000106218 0 -5.65814e-05)
(-0.000101615 0 -6.8965e-05)
(-9.5485e-05 0 -8.03617e-05)
(-8.79008e-05 0 -9.07321e-05)
(-7.89576e-05 0 -0.000100023)
(-6.8776e-05 0 -0.000108168)
(-5.75013e-05 0 -0.000115093)
(-4.53019e-05 0 -0.000120718)
(-3.23671e-05 0 -0.000124968)
(-1.89028e-05 0 -0.000127776)
(-5.12779e-06 0 -0.000129093)
(7.81274e-06 0 -0.000142001)
(2.0074e-05 0 -0.000140038)
(3.19782e-05 0 -0.000136378)
(4.33175e-05 0 -0.000131087)
(5.38985e-05 0 -0.000124249)
(6.35477e-05 0 -0.000115964)
(7.21138e-05 0 -0.000106333)
(7.94705e-05 0 -9.54546e-05)
(8.55173e-05 0 -8.34167e-05)
(9.01794e-05 0 -7.0294e-05)
(9.34067e-05 0 -5.61461e-05)
(9.51725e-05 0 -4.10191e-05)
(9.54725e-05 0 -2.49497e-05)
(9.43241e-05 0 -7.97287e-06)
(9.17669e-05 0 9.86657e-06)
(8.78642e-05 0 2.84991e-05)
(8.27031e-05 0 4.78134e-05)
(7.63919e-05 0 6.7645e-05)
(6.90569e-05 0 8.77692e-05)
(6.08422e-05 0 0.000107899)
(5.19113e-05 0 0.00012768)
(4.24509e-05 0 0.000146671)
(3.26863e-05 0 0.000164269)
(2.28107e-05 0 0.000179452)
(1.27596e-05 0 0.000190486)
(2.38831e-06 0 0.00019528)
(-8.05258e-06 0 0.000192623)
(-1.81893e-05 0 0.000183148)
(-2.8055e-05 0 0.000168811)
(-3.77952e-05 0 0.00015156)
(-4.72834e-05 0 0.000132637)
(-5.6284e-05 0 0.000112743)
(-6.45972e-05 0 9.23525e-05)
(-7.20512e-05 0 7.18467e-05)
(-7.84945e-05 0 5.15369e-05)
(-8.37938e-05 0 3.16737e-05)
(-8.7834e-05 0 1.2449e-05)
(-9.05209e-05 0 -5.99957e-06)
(-9.17846e-05 0 -2.35785e-05)
(-9.15806e-05 0 -4.02225e-05)
(-8.98884e-05 0 -5.58789e-05)
(-8.67115e-05 0 -7.04962e-05)
(-8.20776e-05 0 -8.40154e-05)
(-7.60401e-05 0 -9.63662e-05)
(-6.86787e-05 0 -0.000107466)
(-6.01011e-05 0 -0.000117219)
(-5.04422e-05 0 -0.000125524)
(-3.9863e-05 0 -0.000132279)
(-2.85481e-05 0 -0.000137385)
(-1.67016e-05 0 -0.00014076)
(-4.5424e-06 0 -0.000142345)
(7.70211e-06 0 -0.000142109)
(1.9802e-05 0 -0.000140057)
(3.15315e-05 0 -0.000136227)
(4.26749e-05 0 -0.000130686)
(5.30329e-05 0 -0.000123521)
(6.24265e-05 0 -0.000114831)
(7.07013e-05 0 -0.000104719)
(7.77293e-05 0 -9.32872e-05)
(8.34103e-05 0 -8.0626e-05)
(8.76712e-05 0 -6.68158e-05)
(9.04655e-05 0 -5.19235e-05)
(9.17718e-05 0 -3.60056e-05)
(9.1593e-05 0 -1.91133e-05)
(8.99556e-05 0 -1.30111e-06)
(8.69107e-05 0 1.73599e-05)
(8.25345e-05 0 3.6766e-05)
(7.69271e-05 0 5.67663e-05)
(7.02084e-05 0 7.71539e-05)
(6.25163e-05 0 9.76627e-05)
(5.40075e-05 0 0.000117964)
(4.48595e-05 0 0.000137658)
(3.52831e-05 0 0.00015623)
(2.55096e-05 0 0.000172875)
(1.55945e-05 0 0.000186161)
(5.36415e-06 0 0.000194024)
(-5.10261e-06 0 0.00019473)
(-1.53951e-05 0 0.000188142)
(-2.53799e-05 0 0.000175828)
(-3.52334e-05 0 0.000159883)
(-4.49423e-05 0 0.000141848)
(-5.42852e-05 0 0.000122603)
(-6.30472e-05 0 0.000102693)
(-7.10484e-05 0 8.25327e-05)
(-7.81307e-05 0 6.24589e-05)
(-8.41546e-05 0 4.27417e-05)
(-8.89984e-05 0 2.35901e-05)
(-9.25589e-05 0 5.15368e-06)
(-9.4755e-05 0 -1.24681e-05)
(-9.55299e-05 0 -2.92138e-05)
(-9.48497e-05 0 -4.50425e-05)
(-9.27026e-05 0 -5.99197e-05)
(-8.90988e-05 0 -7.38067e-05)
(-8.40709e-05 0 -8.66543e-05)
(-7.76753e-05 0 -9.83989e-05)
(-6.99935e-05 0 -0.000108962)
(-6.11326e-05 0 -0.000118253)
(-5.12255e-05 0 -0.000126171)
(-4.04297e-05 0 -0.000132616)
(-2.89243e-05 0 -0.000137491)
(-1.69067e-05 0 -0.000140715)
(-4.58795e-06 0 -0.000142228)
(6.78789e-06 0 -0.000153558)
(1.74298e-05 0 -0.000151353)
(2.77344e-05 0 -0.000147242)
(3.75061e-05 0 -0.000141304)
(4.65651e-05 0 -0.000133643)
(5.47513e-05 0 -0.000124379)
(6.19279e-05 0 -0.000113636)
(6.79838e-05 0 -0.00010154)
(7.28337e-05 0 -8.82039e-05)
(7.64185e-05 0 -7.37285e-05)
(7.87042e-05 0 -5.81976e-05)
(7.9681e-05 0 -4.16805e-05)
(7.93611e-05 0 -2.42362e-05)
(7.7779e-05 0 -5.92156e-06)
(7.49904e-05 0 1.31966e-05)
(7.10728e-05 0 3.30263e-05)
(6.61248e-05 0 5.34349e-05)
(6.02646e-05 0 7.42385e-05)
(5.36293e-05 0 9.51934e-05)
(4.63764e-05 0 0.000115991)
(3.86882e-05 0 0.000136249)
(3.07794e-05 0 0.000155493)
(2.2911e-05 0 0.000173089)
(1.53698e-05 0 0.000188067)
(8.3135e-06 0 0.000198863)
(1.62502e-06 0 0.000203542)
(-4.99765e-06 0 0.000200928)
(-1.18793e-05 0 0.00019164)
(-1.92168e-05 0 0.000177519)
(-2.69397e-05 0 0.000160327)
(-3.47782e-05 0 0.00014121)
(-4.24528e-05 0 0.000120881)
(-4.9733e-05 0 9.98537e-05)
(-5.64254e-05 0 7.85382e-05)
(-6.23634e-05 0 5.72695e-05)
(-6.74023e-05 0 3.6318e-05)
(-7.14169e-05 0 1.58952e-05)
(-7.43018e-05 0 -3.83962e-06)
(-7.59735e-05 0 -2.27694e-05)
(-7.63713e-05 0 -4.08053e-05)
(-7.54578e-05 0 -5.7871e-05)
(-7.32188e-05 0 -7.38907e-05)
(-6.9665e-05 0 -8.87802e-05)
(-6.48325e-05 0 -0.000102443)
(-5.8785e-05 0 -0.000114768)
(-5.16134e-05 0 -0.000125634)
(-4.3437e-05 0 -0.000134911)
(-3.44014e-05 0 -0.000142471)
(-2.46763e-05 0 -0.000148195)
(-1.44517e-05 0 -0.000151982)
(-3.93258e-06 0 -0.000153761)
(6.6669e-06 0 -0.000153496)
(1.71301e-05 0 -0.000151192)
(2.72447e-05 0 -0.000146896)
(3.6809e-05 0 -0.000140688)
(4.56377e-05 0 -0.000132672)
(5.35671e-05 0 -0.000122971)
(6.04582e-05 0 -0.000111715)
(6.6199e-05 0 -9.90317e-05)
(7.07056e-05 0 -8.50408e-05)
(7.39216e-05 0 -6.98494e-05)
(7.58176e-05 0 -5.35505e-05)
(7.63894e-05 0 -3.62256e-05)
(7.56574e-05 0 -1.79497e-05)
(7.36649e-05 0 1.19892e-06)
(7.04787e-05 0 2.11256e-05)
(6.6188e-05 0 4.17035e-05)
(6.09035e-05 0 6.27606e-05)
(5.47554e-05 0 8.40705e-05)
(4.78937e-05 0 0.000105347)
(4.04914e-05 0 0.000126236)
(3.27503e-05 0 0.000146306)
(2.49132e-05 0 0.000165005)
(1.72687e-05 0 0.000181535)
(1.00548e-05 0 0.000194594)
(3.26771e-06 0 0.000202303)
(-3.33935e-06 0 0.000203007)
(-1.00985e-05 0 0.000196572)
(-1.72804e-05 0 0.000184507)
(-2.49307e-05 0 0.000168727)
(-3.28374e-05 0 0.000150628)
(-4.07118e-05 0 0.000131069)
(-4.83062e-05 0 0.000110629)
(-5.54151e-05 0 8.9756e-05)
(-6.18633e-05 0 6.88127e-05)
(-6.74989e-05 0 4.80899e-05)
(-7.21898e-05 0 2.78152e-05)
(-7.58226e-05 0 8.15834e-06)
(-7.83042e-05 0 -1.07597e-05)
(-7.95626e-05 0 -2.8855e-05)
(-7.95478e-05 0 -4.60647e-05)
(-7.82311e-05 0 -6.23323e-05)
(-7.56057e-05 0 -7.75967e-05)
(-7.16877e-05 0 -9.17853e-05)
(-6.65176e-05 0 -0.00010481)
(-6.0161e-05 0 -0.000116566)
(-5.27101e-05 0 -0.000126936)
(-4.42828e-05 0 -0.000135796)
(-3.50222e-05 0 -0.00014302)
(-2.50938e-05 0 -0.000148491)
(-1.46822e-05 0 -0.000152112)
(-3.98592e-06 0 -0.000153813)
(5.67699e-06 0 -0.000163417)
(1.4566e-05 0 -0.000160985)
(2.31449e-05 0 -0.000156455)
(3.12351e-05 0 -0.000149918)
(3.86737e-05 0 -0.000141494)
(4.53177e-05 0 -0.000131327)
(5.10474e-05 0 -0.000119566)
(5.57685e-05 0 -0.000106361)
(5.94125e-05 0 -9.18516e-05)
(6.19368e-05 0 -7.61648e-05)
(6.33235e-05 0 -5.94089e-05)
(6.35789e-05 0 -4.16762e-05)
(6.27314e-05 0 -2.3048e-05)
(6.08311e-05 0 -3.60245e-06)
(5.79484e-05 0 1.65726e-05)
(5.41741e-05 0 3.73645e-05)
(4.9618e-05 0 5.86213e-05)
(4.44083e-05 0 8.01399e-05)
(3.86911e-05 0 0.000101657)
(3.26332e-05 0 0.00012284)
(2.64258e-05 0 0.000143277)
(2.02901e-05 0 0.000162455)
(1.44828e-05 0 0.000179709)
(9.27587e-06 0 0.000194096)
(4.83629e-06 0 0.000204252)
(1.01576e-06 0 0.00020858)
(-2.69237e-06 0 0.000206134)
(-6.8636e-06 0 0.00019741)
(-1.17805e-05 0 0.00018391)
(-1.73598e-05 0 0.000167134)
(-2.33413e-05 0 0.000148151)
(-2.94558e-05 0 0.000127697)
(-3.54685e-05 0 0.000106324)
(-4.11775e-05 0 8.44764e-05)
(-4.6407e-05 0 6.25133e-05)
(-5.1003e-05 0 4.07269e-05)
(-5.48305e-05 0 1.93483e-05)
(-5.77733e-05 0 -1.44323e-06)
(-5.97347e-05 0 -2.15092e-05)
(-6.06392e-05 0 -4.07384e-05)
(-6.04336e-05 0 -5.90317e-05)
(-5.90871e-05 0 -7.62892e-05)
(-5.65934e-05 0 -9.24019e-05)
(-5.29719e-05 0 -0.000107246)
(-4.82685e-05 0 -0.000120685)
(-4.25568e-05 0 -0.000132567)
(-3.59379e-05 0 -0.000142737)
(-2.85392e-05 0 -0.00015104)
(-2.05122e-05 0 -0.000157335)
(-1.20287e-05 0 -0.000161504)
(-3.2754e-06 0 -0.000163464)
(5.55153e-06 0 -0.000163172)
(1.42536e-05 0 -0.000160635)
(2.26365e-05 0 -0.000155907)
(3.05167e-05 0 -0.00014908)
(3.77273e-05 0 -0.00014028)
(4.41228e-05 0 -0.000129652)
(4.95822e-05 0 -0.000117352)
(5.40117e-05 0 -0.000103535)
(5.73448e-05 0 -8.83489e-05)
(5.95424e-05 0 -7.1928e-05)
(6.05922e-05 0 -5.43915e-05)
(6.05067e-05 0 -3.58457e-05)
(5.93226e-05 0 -1.6389e-05)
(5.70992e-05 0 3.87731e-06)
(5.39174e-05 0 2.48367e-05)
(4.9879e-05 0 4.6341e-05)
(4.51054e-05 0 6.81985e-05)
(3.97362e-05 0 9.0163e-05)
(3.39307e-05 0 0.000111926)
(2.7871e-05 0 0.000133107)
(2.17671e-05 0 0.000153239)
(1.58629e-05 0 0.000171731)
(1.04336e-05 0 0.000187778)
(5.71476e-06 0 0.000200198)
(1.70701e-06 0 0.000207416)
(-1.9705e-06 0 0.000208091)
(-5.91483e-06 0 0.000202114)
(-1.05551e-05 0 0.000190706)
(-1.59415e-05 0 0.000175463)
(-2.18604e-05 0 0.000157633)
(-2.80377e-05 0 0.000138071)
(-3.42262e-05 0 0.000117396)
(-4.02128e-05 0 9.60894e-05)
(-4.58133e-05 0 7.45422e-05)
(-5.08664e-05 0 5.30679e-05)
(-5.52308e-05 0 3.19135e-05)
(-5.87832e-05 0 1.12679e-05)
(-6.14184e-05 0 -8.7283e-06)
(-6.3051e-05 0 -2.79703e-05)
(-6.36157e-05 0 -4.63742e-05)
(-6.3068e-05 0 -6.38621e-05)
(-6.13851e-05 0 -8.03504e-05)
(-5.8567e-05 0 -9.57427e-05)
(-5.46378e-05 0 -0.000109926)
(-4.96468e-05 0 -0.00012277)
(-4.36691e-05 0 -0.000134132)
(-3.6806e-05 0 -0.00014386)
(-2.91834e-05 0 -0.000151806)
(-2.09496e-05 0 -0.000157832)
(-1.22724e-05 0 -0.000161823)
(-3.33337e-06 0 -0.000163699)
(4.49607e-06 0 -0.000171458)
(1.15238e-05 0 -0.000168821)
(1.82759e-05 0 -0.000163912)
(2.45946e-05 0 -0.000156833)
(3.03376e-05 0 -0.000147726)
(3.53819e-05 0 -0.000136753)
(3.96275e-05 0 -0.000124087)
(4.29982e-05 0 -0.000109905)
(4.54433e-05 0 -9.43722e-05)
(4.69367e-05 0 -7.76396e-05)
(4.74764e-05 0 -5.98398e-05)
(4.70837e-05 0 -4.10886e-05)
(4.58015e-05 0 -2.14885e-05)
(4.36934e-05 0 -1.13861e-06)
(4.08425e-05 0 1.98536e-05)
(3.73507e-05 0 4.13566e-05)
(3.33367e-05 0 6.32006e-05)
(2.89351e-05 0 8.51653e-05)
(2.42969e-05 0 0.000106969)
(1.959e-05 0 0.000128257)
(1.50014e-05 0 0.000148594)
(1.0738e-05 0 0.000167442)
(7.02161e-06 0 0.000184121)
(4.06125e-06 0 0.000197738)
(1.95203e-06 0 0.000207133)
(4.96782e-07 0 0.000211058)
(-8.42974e-07 0 0.000208808)
(-2.67289e-06 0 0.000200752)
(-5.31637e-06 0 0.000188037)
(-8.75602e-06 0 0.000171897)
(-1.28023e-05 0 0.000153308)
(-1.72303e-05 0 0.000133009)
(-2.18255e-05 0 0.000111576)
(-2.63928e-05 0 8.94767e-05)
(-3.07567e-05 0 6.70949e-05)
(-3.47596e-05 0 4.47414e-05)
(-3.82601e-05 0 2.26654e-05)
(-4.11336e-05 0 1.06443e-06)
(-4.32729e-05 0 -1.99035e-05)
(-4.45897e-05 0 -4.01065e-05)
(-4.50167e-05 0 -5.94233e-05)
(-4.45085e-05 0 -7.77309e-05)
(-4.30429e-05 0 -9.48955e-05)
(-4.06226e-05 0 -0.000110768)
(-3.7276e-05 0 -0.000125184)
(-3.30581e-05 0 -0.000137965)
(-2.80501e-05 0 -0.000148929)
(-2.23589e-05 0 -0.000157897)
(-1.61146e-05 0 -0.000164706)
(-9.46678e-06 0 -0.000169219)
(-2.58014e-06 0 -0.000171341)
(4.37179e-06 0 -0.000171025)
(1.12131e-05 0 -0.000168278)
(1.77718e-05 0 -0.00016316)
(2.38867e-05 0 -0.000155779)
(2.94128e-05 0 -0.000146278)
(3.42257e-05 0 -0.000134826)
(3.82251e-05 0 -0.000121604)
(4.13363e-05 0 -0.000106794)
(4.35113e-05 0 -9.05716e-05)
(4.47285e-05 0 -7.30968e-05)
(4.49917e-05 0 -5.45149e-05)
(4.43292e-05 0 -3.49562e-05)
(4.27923e-05 0 -1.45423e-05)
(4.04539e-05 0 6.60411e-06)
(3.74072e-05 0 2.83457e-05)
(3.37641e-05 0 5.05154e-05)
(2.96537e-05 0 7.29033e-05)
(2.52214e-05 0 9.52451e-05)
(2.06294e-05 0 0.000117212)
(1.6058e-05 0 0.0001384)
(1.17077e-05 0 0.000158318)
(7.79732e-06 0 0.00017635)
(4.54964e-06 0 0.000191708)
(2.12701e-06 0 0.00020334)
(4.70638e-07 0 0.000209981)
(-8.36533e-07 0 0.000210619)
(-2.42132e-06 0 0.000205173)
(-4.74724e-06 0 0.000194559)
(-7.92025e-06 0 0.000180046)
(-1.18e-05 0 0.000162729)
(-1.61686e-05 0 0.000143436)
(-2.08068e-05 0 0.000122804)
(-2.55129e-05 0 0.000101343)
(-3.01049e-05 0 7.94662e-05)
(-3.44195e-05 0 5.75074e-05)
(-3.83101e-05 0 3.57319e-05)
(-4.16459e-05 0 1.43459e-05)
(-4.43127e-05 0 -6.49203e-06)
(-4.62132e-05 0 -2.66579e-05)
(-4.72694e-05 0 -4.60478e-05)
(-4.7423e-05 0 -6.45629e-05)
(-4.66364e-05 0 -8.20978e-05)
(-4.48943e-05 0 -9.85327e-05)
(-4.2205e-05 0 -0.00011373)
(-3.86008e-05 0 -0.000127535)
(-3.41392e-05 0 -0.000139777)
(-2.89026e-05 0 -0.000150282)
(-2.29972e-05 0 -0.000158876)
(-1.65514e-05 0 -0.000165403)
(-9.71197e-06 0 -0.000169729)
(-2.63972e-06 0 -0.000171763)
(3.25833e-06 0 -0.000177581)
(8.33729e-06 0 -0.000174766)
(1.31817e-05 0 -0.000169526)
(1.76585e-05 0 -0.00016198)
(2.16493e-05 0 -0.000152282)
(2.50542e-05 0 -0.000140617)
(2.77941e-05 0 -0.000127182)
(2.98131e-05 0 -0.000112177)
(3.10781e-05 0 -9.57902e-05)
(3.15794e-05 0 -7.81981e-05)
(3.133e-05 0 -5.9556e-05)
(3.03645e-05 0 -4.00013e-05)
(2.8738e-05 0 -1.96577e-05)
(2.65253e-05 0 1.35647e-06)
(2.38189e-05 0 2.29153e-05)
(2.07282e-05 0 4.48704e-05)
(1.73768e-05 0 6.7037e-05)
(1.39015e-05 0 8.91799e-05)
(1.04514e-05 0 0.000111002)
(7.18708e-06 0 0.000132136)
(4.27916e-06 0 0.000152131)
(1.90442e-06 0 0.00017044)
(2.33547e-07 0 0.000186396)
(-6.01978e-07 0 0.000199178)
(-5.91862e-07 0 0.000207817)
(2.74726e-08 0 0.00021136)
(7.50368e-07 0 0.000209298)
(1.01924e-06 0 0.000201894)
(4.97527e-07 0 0.000190006)
(-8.73219e-07 0 0.000174627)
(-2.9881e-06 0 0.000156628)
(-5.68263e-06 0 0.000136721)
(-8.77876e-06 0 0.000115488)
(-1.21018e-05 0 9.3408e-05)
(-1.54862e-05 0 7.08802e-05)
(-1.87778e-05 0 4.82304e-05)
(-2.18343e-05 0 2.57224e-05)
(-2.45267e-05 0 3.5695e-06)
(-2.67406e-05 0 -1.80532e-05)
(-2.83787e-05 0 -3.89946e-05)
(-2.93622e-05 0 -5.91129e-05)
(-2.96331e-05 0 -7.82631e-05)
(-2.91552e-05 0 -9.62878e-05)
(-2.79153e-05 0 -0.000113014)
(-2.59247e-05 0 -0.00012825)
(-2.3219e-05 0 -0.000141793)
(-1.98584e-05 0 -0.000153436)
(-1.59271e-05 0 -0.000162976)
(-1.15308e-05 0 -0.000170227)
(-6.79374e-06 0 -0.000175039)
(-1.85434e-06 0 -0.000177303)
(3.14045e-06 0 -0.000176966)
(8.04138e-06 0 -0.000174036)
(1.27031e-05 0 -0.000168581)
(1.69905e-05 0 -0.000160721)
(2.07835e-05 0 -0.000150619)
(2.39818e-05 0 -0.000138464)
(2.65075e-05 0 -0.000124462)
(2.83064e-05 0 -0.000108821)
(2.93493e-05 0 -9.17412e-05)
(2.96314e-05 0 -7.34084e-05)
(2.91718e-05 0 -5.39924e-05)
(2.80126e-05 0 -3.36464e-05)
(2.62174e-05 0 -1.25138e-05)
(2.38697e-05 0 9.26249e-06)
(2.10716e-05 0 3.15265e-05)
(1.79415e-05 0 5.40946e-05)
(1.46119e-05 0 7.67414e-05)
(1.12283e-05 0 9.91877e-05)
(7.94789e-06 0 0.00012109)
(4.9389e-06 0 0.00014203)
(2.37772e-06 0 0.000161503)
(4.41264e-07 0 0.000178897)
(-7.15141e-07 0 0.000193461)
(-1.01647e-06 0 0.000204284)
(-5.85501e-07 0 0.000210368)
(1.67433e-07 0 0.00021097)
(6.68221e-07 0 0.000206029)
(4.6963e-07 0 0.000196218)
(-5.9057e-07 0 0.000182524)
(-2.45913e-06 0 0.000165885)
(-4.9891e-06 0 0.00014708)
(-8.00624e-06 0 0.000126741)
(-1.13347e-05 0 0.000105388)
(-1.48061e-05 0 8.3449e-05)
(-1.82628e-05 0 6.12731e-05)
(-2.1559e-05 0 3.914e-05)
(-2.4561e-05 0 1.72705e-05)
(-2.71488e-05 0 -4.16108e-06)
(-2.92172e-05 0 -2.50136e-05)
(-3.06782e-05 0 -4.51646e-05)
(-3.14619e-05 0 -6.44952e-05)
(-3.15185e-05 0 -8.28791e-05)
(-3.08189e-05 0 -0.000100174)
(-2.93559e-05 0 -0.00011622)
(-2.71454e-05 0 -0.000130836)
(-2.42261e-05 0 -0.00014383)
(-2.06604e-05 0 -0.000155002)
(-1.65327e-05 0 -0.000164157)
(-1.19482e-05 0 -0.000171117)
(-7.02958e-06 0 -0.000175735)
(-1.91271e-06 0 -0.000177907)
(1.97505e-06 0 -0.000181708)
(5.0354e-06 0 -0.000178745)
(7.90853e-06 0 -0.000173233)
(1.04897e-05 0 -0.000165301)
(1.26875e-05 0 -0.000155122)
(1.44272e-05 0 -0.000142897)
(1.5653e-05 0 -0.000128846)
(1.63293e-05 0 -0.000113189)
(1.64414e-05 0 -9.61387e-05)
(1.59954e-05 0 -7.78916e-05)
(1.50175e-05 0 -5.8625e-05)
(1.35538e-05 0 -3.84966e-05)
(1.1669e-05 0 -1.76493e-05)
(9.44555e-06 0 3.78058e-06)
(6.98195e-06 0 2.56508e-05)
(4.39072e-06 0 4.77988e-05)
(1.79589e-06 0 7.00275e-05)
(-6.69021e-07 0 9.20911e-05)
(-2.86321e-06 0 0.000113684)
(-4.64133e-06 0 0.00013443)
(-5.85779e-06 0 0.000153879)
(-6.37467e-06 0 0.000171491)
(-6.07792e-06 0 0.000186633)
(-4.91044e-06 0 0.00019857)
(-2.93479e-06 0 0.000206501)
(-4.119e-07 0 0.000209704)
(2.20006e-06 0 0.00020781)
(4.40622e-06 0 0.000201009)
(5.8715e-06 0 0.000189936)
(6.47521e-06 0 0.000175386)
(6.24426e-06 0 0.00015812)
(5.27971e-06 0 0.000138801)
(3.71499e-06 0 0.000117995)
(1.69541e-06 0 9.61846e-05)
(-6.31835e-07 0 7.37711e-05)
(-3.12281e-06 0 5.10896e-05)
(-5.64012e-06 0 2.84144e-05)
(-8.05535e-06 0 5.9709e-06)
(-1.02514e-05 0 -1.60516e-05)
(-1.21254e-05 0 -3.7485e-05)
(-1.35908e-05 0 -5.81689e-05)
(-1.45797e-05 0 -7.7938e-05)
(-1.50439e-05 0 -9.66134e-05)
(-1.49561e-05 0 -0.000113999)
(-1.43106e-05 0 -0.00012988)
(-1.31236e-05 0 -0.000144032)
(-1.14334e-05 0 -0.000156221)
(-9.29952e-06 0 -0.000166225)
(-6.80075e-06 0 -0.000173839)
(-4.03281e-06 0 -0.000178896)
(-1.10431e-06 0 -0.000181276)
(1.86824e-06 0 -0.000180921)
(4.76617e-06 0 -0.000177841)
(7.47449e-06 0 -0.000172109)
(9.8875e-06 0 -0.000163859)
(1.19135e-05 0 -0.000153269)
(1.34785e-05 0 -0.00014055)
(1.45283e-05 0 -0.000125929)
(1.50304e-05 0 -0.000109636)
(1.49741e-05 0 -9.18967e-05)
(1.43708e-05 0 -7.29194e-05)
(1.32533e-05 0 -5.28962e-05)
(1.16751e-05 0 -3.20018e-05)
(9.70893e-06 0 -1.03993e-05)
(7.44581e-06 0 1.175e-05)
(4.99263e-06 0 3.4274e-05)
(2.46963e-06 0 5.69752e-05)
(7.7788e-09 0 7.96168e-05)
(-2.25357e-06 0 0.00010191)
(-4.1693e-06 0 0.000123502)
(-5.59205e-06 0 0.000143972)
(-6.37834e-06 0 0.000162818)
(-6.40055e-06 0 0.000179448)
(-5.57162e-06 0 0.000193172)
(-3.89474e-06 0 0.000203212)
(-1.54244e-06 0 0.000208788)
(1.09627e-06 0 0.000209355)
(3.51468e-06 0 0.000204871)
(5.29652e-06 0 0.000195824)
(6.23783e-06 0 0.00018298)
(6.3149e-06 0 0.000167131)
(5.60425e-06 0 0.000148985)
(4.22839e-06 0 0.000129151)
(2.32835e-06 0 0.000108144)
(5.02267e-08 0 8.63947e-05)
(-2.46149e-06 0 6.42605e-05)
(-5.06767e-06 0 4.20302e-05)
(-7.63704e-06 0 1.99358e-05)
(-1.00484e-05 0 -1.83577e-06)
(-1.21925e-05 0 -2.31286e-05)
(-1.39749e-05 0 -4.38032e-05)
(-1.53177e-05 0 -6.37226e-05)
(-1.61608e-05 0 -8.27409e-05)
(-1.64633e-05 0 -0.000100695)
(-1.62042e-05 0 -0.000117404)
(-1.53827e-05 0 -0.000132664)
(-1.4019e-05 0 -0.000146262)
(-1.2154e-05 0 -0.000157976)
(-9.84853e-06 0 -0.000167589)
(-7.18201e-06 0 -0.000174906)
(-4.24966e-06 0 -0.000179765)
(-1.15899e-06 0 -0.000182051)
(6.56539e-07 0 -0.000183776)
(1.64462e-06 0 -0.000180699)
(2.49857e-06 0 -0.000174981)
(3.14515e-06 0 -0.000166759)
(3.52267e-06 0 -0.00015622)
(3.58373e-06 0 -0.000143583)
(3.297e-06 0 -0.000129084)
(2.64821e-06 0 -0.000112965)
(1.64059e-06 0 -9.54564e-05)
(2.94975e-07 0 -7.67742e-05)
(-1.35048e-06 0 -5.71144e-05)
(-3.2407e-06 0 -3.66529e-05)
(-5.30433e-06 0 -1.55495e-05)
(-7.45472e-06 0 6.04362e-06)
(-9.59159e-06 0 2.79702e-05)
(-1.16036e-05 0 5.00567e-05)
(-1.33712e-05 0 7.20971e-05)
(-1.47692e-05 0 9.38395e-05)
(-1.56708e-05 0 0.000114975)
(-1.59518e-05 0 0.000135132)
(-1.54969e-05 0 0.000153866)
(-1.42102e-05 0 0.000170662)
(-1.20329e-05 0 0.000184935)
(-8.97205e-06 0 0.000196038)
(-5.14601e-06 0 0.000203316)
(-8.28883e-07 0 0.000206218)
(3.56451e-06 0 0.000204475)
(7.59428e-06 0 0.000198224)
(1.09328e-05 0 0.00018794)
(1.34141e-05 0 0.000174256)
(1.50003e-05 0 0.000157826)
(1.57334e-05 0 0.000139252)
(1.57001e-05 0 0.000119073)
(1.50114e-05 0 9.77554e-05)
(1.37905e-05 0 7.56988e-05)
(1.21649e-05 0 5.32389e-05)
(1.02621e-05 0 3.06551e-05)
(8.20471e-06 0 8.18094e-06)
(6.10789e-06 0 -1.39831e-05)
(4.07593e-06 0 -3.56553e-05)
(2.19938e-06 0 -5.66586e-05)
(5.53028e-07 0 -7.681e-05)
(-8.05378e-07 0 -9.59115e-05)
(-1.83591e-06 0 -0.000113747)
(-2.517e-06 0 -0.000130082)
(-2.84568e-06 0 -0.000144671)
(-2.83742e-06 0 -0.00015726)
(-2.52554e-06 0 -0.000167609)
(-1.95991e-06 0 -0.000175494)
(-1.2048e-06 0 -0.000180736)
(-3.35718e-07 0 -0.000183204)
(5.64766e-07 0 -0.000182836)
(1.4121e-06 0 -0.000179642)
(2.12508e-06 0 -0.000173702)
(2.63075e-06 0 -0.00016516)
(2.86831e-06 0 -0.00015421)
(2.79201e-06 0 -0.000141079)
(2.37304e-06 0 -0.000126014)
(1.60068e-06 0 -0.000109267)
(4.82688e-07 0 -9.10817e-05)
(-9.54571e-07 0 -7.16877e-05)
(-2.66651e-06 0 -5.12966e-05)
(-4.59089e-06 0 -3.0102e-05)
(-6.64872e-06 0 -8.28449e-06)
(-8.74561e-06 0 1.39789e-05)
(-1.07742e-05 0 3.65029e-05)
(-1.2617e-05 0 5.90797e-05)
(-1.41498e-05 0 8.1465e-05)
(-1.52448e-05 0 0.000103365)
(-1.5775e-05 0 0.000124429)
(-1.56195e-05 0 0.000144241)
(-1.46722e-05 0 0.000162314)
(-1.28555e-05 0 0.000178093)
(-1.01441e-05 0 0.000190959)
(-6.60414e-06 0 0.000200255)
(-2.44247e-06 0 0.000205371)
(1.97493e-06 0 0.000205906)
(6.19994e-06 0 0.000201828)
(9.84691e-06 0 0.000193498)
(1.26845e-05 0 0.000181509)
(1.4628e-05 0 0.000166521)
(1.56913e-05 0 0.000149168)
(1.59452e-05 0 0.000130018)
(1.54917e-05 0 0.000109567)
(1.44492e-05 0 8.82393e-05)
(1.29432e-05 0 6.63913e-05)
(1.11005e-05 0 4.43157e-05)
(9.04504e-06 0 2.22513e-05)
(6.89452e-06 0 3.94457e-07)
(4.7577e-06 0 -2.10871e-05)
(2.7316e-06 0 -4.20394e-05)
(8.98962e-07 0 -6.23094e-05)
(-6.73021e-07 0 -8.17335e-05)
(-1.93362e-06 0 -0.000100131)
(-2.84914e-06 0 -0.0001173)
(-3.40334e-06 0 -0.000133021)
(-3.59751e-06 0 -0.000147059)
(-3.45044e-06 0 -0.000159173)
(-2.99776e-06 0 -0.000169129)
(-2.29078e-06 0 -0.000176716)
(-1.3945e-06 0 -0.000181758)
(-3.84598e-07 0 -0.000184132)
(-6.87106e-07 0 -0.000183737)
(-1.80912e-06 0 -0.000180587)
(-3.00701e-06 0 -0.000174734)
(-4.31974e-06 0 -0.000166326)
(-5.77689e-06 0 -0.000155561)
(-7.39678e-06 0 -0.000142672)
(-9.18526e-06 0 -0.000127911)
(-1.1135e-05 0 -0.000111533)
(-1.32252e-05 0 -9.37855e-05)
(-1.54214e-05 0 -7.49006e-05)
(-1.76753e-05 0 -5.50893e-05)
(-1.99251e-05 0 -3.45428e-05)
(-2.2096e-05 0 -1.34353e-05)
(-2.41006e-05 0 8.06795e-06)
(-2.58408e-05 0 2.97998e-05)
(-2.72109e-05 0 5.15786e-05)
(-2.81001e-05 0 7.31935e-05)
(-2.83965e-05 0 9.43913e-05)
(-2.79915e-05 0 0.000114867)
(-2.67858e-05 0 0.000134257)
(-2.4697e-05 0 0.000152139)
(-2.16712e-05 0 0.000168029)
(-1.76992e-05 0 0.000181396)
(-1.28412e-05 0 0.000191684)
(-7.25625e-06 0 0.000198356)
(-1.22492e-06 0 0.000200989)
(4.87241e-06 0 0.000199384)
(1.06383e-05 0 0.000193641)
(1.57538e-05 0 0.000184118)
(2.00212e-05 0 0.00017132)
(2.33517e-05 0 0.000155802)
(2.5735e-05 0 0.000138102)
(2.72129e-05 0 0.000118718)
(2.78603e-05 0 9.80948e-05)
(2.77729e-05 0 7.6618e-05)
(2.70576e-05 0 5.46183e-05)
(2.58268e-05 0 3.23748e-05)
(2.41932e-05 0 1.01252e-05)
(2.22654e-05 0 -1.19227e-05)
(2.01448e-05 0 -3.35765e-05)
(1.79224e-05 0 -5.46461e-05)
(1.56768e-05 0 -7.49332e-05)
(1.34726e-05 0 -9.42245e-05)
(1.13607e-05 0 -0.000112287)
(9.37737e-06 0 -0.000128871)
(7.54449e-06 0 -0.000143711)
(5.86973e-06 0 -0.000156541)
(4.34697e-06 0 -0.000167103)
(2.95721e-06 0 -0.00017516)
(1.67004e-06 0 -0.00018052)
(4.45931e-07 0 -0.000183046)
(-7.60626e-07 0 -0.000182669)
(-1.99685e-06 0 -0.000179401)
(-3.30706e-06 0 -0.000173328)
(-4.72869e-06 0 -0.000164603)
(-6.28937e-06 0 -0.000153431)
(-8.00489e-06 0 -0.000140055)
(-9.87786e-06 0 -0.000124737)
(-1.1897e-05 0 -0.000107746)
(-1.40366e-05 0 -8.93415e-05)
(-1.62567e-05 0 -6.97703e-05)
(-1.85028e-05 0 -4.92599e-05)
(-2.07066e-05 0 -2.80195e-05)
(-2.27863e-05 0 -6.24447e-06)
(-2.46478e-05 0 1.58756e-05)
(-2.61876e-05 0 3.81456e-05)
(-2.72954e-05 0 6.03512e-05)
(-2.78586e-05 0 8.22451e-05)
(-2.77654e-05 0 0.000103535)
(-2.69111e-05 0 0.000123878)
(-2.52046e-05 0 0.000142871)
(-2.2578e-05 0 0.000160055)
(-1.9001e-05 0 0.000174921)
(-1.45014e-05 0 0.000186922)
(-9.19338e-06 0 0.00019551)
(-3.30666e-06 0 0.000200206)
(2.81272e-06 0 0.000200709)
(8.76159e-06 0 0.000196998)
(1.41797e-05 0 0.000189341)
(1.88186e-05 0 0.000178201)
(2.25475e-05 0 0.000164125)
(2.53272e-05 0 0.000147669)
(2.71803e-05 0 0.000129351)
(2.81695e-05 0 0.00010964)
(2.83825e-05 0 8.89437e-05)
(2.79216e-05 0 6.76095e-05)
(2.6897e-05 0 4.59285e-05)
(2.54204e-05 0 2.41419e-05)
(2.36018e-05 0 2.45168e-06)
(2.15451e-05 0 -1.89656e-05)
(1.9346e-05 0 -3.99444e-05)
(1.70886e-05 0 -6.0318e-05)
(1.48445e-05 0 -7.99084e-05)
(1.26719e-05 0 -9.85193e-05)
(1.06155e-05 0 -0.000115934)
(8.7063e-06 0 -0.000131916)
(6.96153e-06 0 -0.000146215)
(5.38506e-06 0 -0.000158575)
(3.96773e-06 0 -0.000168749)
(2.68814e-06 0 -0.000176509)
(1.51405e-06 0 -0.000181671)
(4.04517e-07 0 -0.000184102)
(-2.04517e-06 0 -0.000181562)
(-5.29835e-06 0 -0.00017838)
(-8.56474e-06 0 -0.00017247)
(-1.18467e-05 0 -0.000163989)
(-1.51397e-05 0 -0.000153143)
(-1.84319e-05 0 -0.000140174)
(-2.17029e-05 0 -0.000125346)
(-2.49238e-05 0 -0.000108925)
(-2.80567e-05 0 -9.117e-05)
(-3.10545e-05 0 -7.23242e-05)
(-3.38609e-05 0 -5.26107e-05)
(-3.64097e-05 0 -3.22321e-05)
(-3.86252e-05 0 -1.13739e-05)
(-4.04227e-05 0 9.78856e-06)
(-4.17103e-05 0 3.10807e-05)
(-4.23913e-05 0 5.23162e-05)
(-4.23679e-05 0 7.3283e-05)
(-4.15451e-05 0 9.37314e-05)
(-3.98359e-05 0 0.000113365)
(-3.71681e-05 0 0.000131838)
(-3.34927e-05 0 0.000148752)
(-2.87952e-05 0 0.000163665)
(-2.31106e-05 0 0.000176105)
(-1.65414e-05 0 0.000185595)
(-9.27644e-06 0 0.000191698)
(-1.59879e-06 0 0.000194086)
(6.13681e-06 0 0.00019261)
(1.3564e-05 0 0.000187342)
(2.03718e-05 0 0.000178557)
(2.63407e-05 0 0.000166659)
(3.13418e-05 0 0.000152113)
(3.53204e-05 0 0.000135391)
(3.82768e-05 0 0.000116948)
(4.02502e-05 0 9.71959e-05)
(4.13066e-05 0 7.6502e-05)
(4.15294e-05 0 5.51852e-05)
(4.10127e-05 0 3.35196e-05)
(3.98546e-05 0 1.17425e-05)
(3.81535e-05 0 -9.93458e-06)
(3.60041e-05 0 -3.13123e-05)
(3.34946e-05 0 -5.21906e-05)
(3.0704e-05 0 -7.23602e-05)
(2.77019e-05 0 -9.15955e-05)
(2.45478e-05 0 -0.000109652)
(2.12918e-05 0 -0.000126266)
(1.7974e-05 0 -0.000141163)
(1.46253e-05 0 -0.000154063)
(1.12676e-05 0 -0.000164696)
(7.91414e-06 0 -0.000172817)
(4.57026e-06 0 -0.000178225)
(1.23478e-06 0 -0.000180774)
(-2.09802e-06 0 -0.000180394)
(-5.43526e-06 0 -0.000177096)
(-8.78173e-06 0 -0.00017097)
(-1.21371e-05 0 -0.000162178)
(-1.5494e-05 0 -0.000150934)
(-1.8837e-05 0 -0.00013749)
(-2.21421e-05 0 -0.000122122)
(-2.53758e-05 0 -0.000105108)
(-2.84955e-05 0 -8.6722e-05)
(-3.14487e-05 0 -6.72215e-05)
(-3.41734e-05 0 -4.68467e-05)
(-3.65974e-05 0 -2.58185e-05)
(-3.86392e-05 0 -4.34315e-06)
(-4.02088e-05 0 1.73803e-05)
(-4.12101e-05 0 3.91507e-05)
(-4.15444e-05 0 6.0751e-05)
(-4.11141e-05 0 8.19354e-05)
(-3.98275e-05 0 0.000102419)
(-3.76047e-05 0 0.000121869)
(-3.43857e-05 0 0.000139908)
(-3.01402e-05 0 0.000156111)
(-2.48803e-05 0 0.000170017)
(-1.86782e-05 0 0.000181151)
(-1.16849e-05 0 0.000189059)
(-4.14491e-06 0 0.000193363)
(3.61148e-06 0 0.000193835)
(1.12139e-05 0 0.00019046)
(1.83217e-05 0 0.000183441)
(2.46757e-05 0 0.000173141)
(3.01108e-05 0 0.000160013)
(3.45441e-05 0 0.000144536)
(3.79551e-05 0 0.000127176)
(4.03684e-05 0 0.000108365)
(4.18399e-05 0 8.84876e-05)
(4.24464e-05 0 6.78771e-05)
(4.22777e-05 0 4.68172e-05)
(4.14299e-05 0 2.55467e-05)
(4.00009e-05 0 4.2699e-06)
(3.80863e-05 0 -1.68313e-05)
(3.57766e-05 0 -3.75829e-05)
(3.31541e-05 0 -5.78079e-05)
(3.02922e-05 0 -7.73168e-05)
(2.72543e-05 0 -9.59019e-05)
(2.40945e-05 0 -0.000113335)
(2.08573e-05 0 -0.000129367)
(1.75784e-05 0 -0.000143738)
(1.42844e-05 0 -0.000156179)
(1.09933e-05 0 -0.000166432)
(7.71534e-06 0 -0.000174263)
(4.45285e-06 0 -0.000179475)
(1.20207e-06 0 -0.000181931)
(-3.40562e-06 0 -0.000177237)
(-8.79234e-06 0 -0.000174067)
(-1.41261e-05 0 -0.000168185)
(-1.93708e-05 0 -0.00015975)
(-2.44869e-05 0 -0.000148975)
(-2.94312e-05 0 -0.000136109)
(-3.41568e-05 0 -0.000121419)
(-3.86134e-05 0 -0.000105179)
(-4.27467e-05 0 -8.76548e-05)
(-4.64985e-05 0 -6.90964e-05)
(-4.98056e-05 0 -4.97342e-05)
(-5.25997e-05 0 -2.97785e-05)
(-5.48069e-05 0 -9.42208e-06)
(-5.63481e-05 0 1.11531e-05)
(-5.71405e-05 0 3.17685e-05)
(-5.71002e-05 0 5.22366e-05)
(-5.61452e-05 0 7.23477e-05)
(-5.42002e-05 0 9.18597e-05)
(-5.12021e-05 0 0.00011049)
(-4.71067e-05 0 0.000127915)
(-4.1898e-05 0 0.000143766)
(-3.55981e-05 0 0.000157647)
(-2.82797e-05 0 0.000169142)
(-2.00794e-05 0 0.000177849)
(-1.12077e-05 0 0.000183412)
(-1.94847e-06 0 0.000185574)
(7.36244e-06 0 0.00018422)
(1.6381e-05 0 0.000179405)
(2.48029e-05 0 0.000171341)
(3.2393e-05 0 0.000160351)
(3.89916e-05 0 0.000146823)
(4.45064e-05 0 0.000131168)
(4.89001e-05 0 0.000113789)
(5.21773e-05 0 9.50655e-05)
(5.43741e-05 0 7.53392e-05)
(5.55484e-05 0 5.49125e-05)
(5.57728e-05 0 3.40499e-05)
(5.51284e-05 0 1.29845e-05)
(5.36997e-05 0 -8.07216e-06)
(5.15716e-05 0 -2.89176e-05)
(4.88261e-05 0 -4.93459e-05)
(4.55404e-05 0 -6.91405e-05)
(4.17865e-05 0 -8.80683e-05)
(3.76314e-05 0 -0.000105877)
(3.31372e-05 0 -0.000122297)
(2.83618e-05 0 -0.000137045)
(2.33594e-05 0 -0.000149835)
(1.81799e-05 0 -0.000160391)
(1.28698e-05 0 -0.000168463)
(7.47162e-06 0 -0.000173841)
(2.02422e-06 0 -0.000176377)
(-3.43621e-06 0 -0.000175999)
(-8.87445e-06 0 -0.000172718)
(-1.42537e-05 0 -0.000166626)
(-1.95342e-05 0 -0.00015789)
(-2.46725e-05 0 -0.000146731)
(-2.96211e-05 0 -0.000133407)
(-3.43289e-05 0 -0.000118199)
(-3.8741e-05 0 -0.000101393)
(-4.27982e-05 0 -8.32685e-05)
(-4.64374e-05 0 -6.40923e-05)
(-4.95901e-05 0 -4.41112e-05)
(-5.21831e-05 0 -2.35537e-05)
(-5.41379e-05 0 -2.63296e-06)
(-5.53714e-05 0 1.84466e-05)
(-5.57987e-05 0 3.94814e-05)
(-5.53356e-05 0 6.02556e-05)
(-5.39027e-05 0 8.05286e-05)
(-5.14307e-05 0 0.000100027)
(-4.78665e-05 0 0.000118437)
(-4.31812e-05 0 0.000135407)
(-3.73799e-05 0 0.00015055)
(-3.05129e-05 0 0.00016346)
(-2.26889e-05 0 0.000173727)
(-1.40868e-05 0 0.000180976)
(-4.96113e-06 0 0.000184908)
(4.36981e-06 0 0.000185349)
(1.35591e-05 0 0.000182287)
(2.2281e-05 0 0.000175879)
(3.02695e-05 0 0.000166412)
(3.73339e-05 0 0.000154257)
(4.33553e-05 0 0.000139825)
(4.82754e-05 0 0.000123528)
(5.20832e-05 0 0.000105756)
(5.48029e-05 0 8.6866e-05)
(5.64842e-05 0 6.7172e-05)
(5.71942e-05 0 4.69453e-05)
(5.70104e-05 0 2.64189e-05)
(5.60155e-05 0 5.79535e-06)
(5.42936e-05 0 -1.47413e-05)
(5.19266e-05 0 -3.50123e-05)
(4.89925e-05 0 -5.48337e-05)
(4.55636e-05 0 -7.40085e-05)
(4.17068e-05 0 -9.23216e-05)
(3.7484e-05 0 -0.000109537)
(3.29525e-05 0 -0.0001254)
(2.81653e-05 0 -0.000139642)
(2.31719e-05 0 -0.00015199)
(1.80183e-05 0 -0.00016218)
(1.27468e-05 0 -0.000169969)
(7.39597e-06 0 -0.000175158)
(2.001e-06 0 -0.000177604)
(-4.75464e-06 0 -0.000170769)
(-1.22557e-05 0 -0.000167659)
(-1.96354e-05 0 -0.000161892)
(-2.68181e-05 0 -0.000153628)
(-3.37283e-05 0 -0.000143082)
(-4.02915e-05 0 -0.000130504)
(-4.64343e-05 0 -0.000116164)
(-5.20852e-05 0 -0.000100335)
(-5.71745e-05 0 -8.32849e-05)
(-6.16337e-05 0 -6.52654e-05)
(-6.53944e-05 0 -4.65095e-05)
(-6.83878e-05 0 -2.72307e-05)
(-7.0544e-05 0 -7.62535e-06)
(-7.1792e-05 0 1.21223e-05)
(-7.20605e-05 0 3.18329e-05)
(-7.12809e-05 0 5.13211e-05)
(-6.93896e-05 0 7.03834e-05)
(-6.63329e-05 0 8.87887e-05)
(-6.20727e-05 0 0.000106272)
(-5.65935e-05 0 0.000122534)
(-4.99106e-05 0 0.000137244)
(-4.20795e-05 0 0.000150047)
(-3.32055e-05 0 0.000160586)
(-2.34524e-05 0 0.000168522)
(-1.30466e-05 0 0.000173566)
(-2.27198e-06 0 0.000175515)
(8.54928e-06 0 0.000174279)
(1.90892e-05 0 0.000169901)
(2.90487e-05 0 0.000162545)
(3.81816e-05 0 0.000152471)
(4.63038e-05 0 0.000139999)
(5.32915e-05 0 0.000125483)
(5.90736e-05 0 0.000109278)
(6.36222e-05 0 9.17222e-05)
(6.69434e-05 0 7.31312e-05)
(6.90687e-05 0 5.37867e-05)
(7.00475e-05 0 3.39398e-05)
(6.99412e-05 0 1.38158e-05)
(6.88184e-05 0 -6.37772e-06)
(6.67512e-05 0 -2.64386e-05)
(6.38132e-05 0 -4.61594e-05)
(6.00774e-05 0 -6.53206e-05)
(5.56165e-05 0 -8.36865e-05)
(5.05033e-05 0 -0.000101002)
(4.48111e-05 0 -0.000116997)
(3.86149e-05 0 -0.000131385)
(3.19912e-05 0 -0.000143881)
(2.50185e-05 0 -0.000154206)
(1.77767e-05 0 -0.000162109)
(1.03459e-05 0 -0.000167379)
(2.80654e-06 0 -0.000169866)
(-4.76215e-06 0 -0.000169495)
(-1.22811e-05 0 -0.000166278)
(-1.96707e-05 0 -0.00016031)
(-2.68506e-05 0 -0.000151759)
(-3.37406e-05 0 -0.000140847)
(-4.02611e-05 0 -0.000127834)
(-4.63341e-05 0 -0.000113002)
(-5.18835e-05 0 -9.6639e-05)
(-5.68348e-05 0 -7.90256e-05)
(-6.11149e-05 0 -6.04296e-05)
(-6.46509e-05 0 -4.11009e-05)
(-6.73703e-05 0 -2.12706e-05)
(-6.91997e-05 0 -1.15472e-06)
(-7.00659e-05 0 1.90412e-05)
(-6.98973e-05 0 3.9115e-05)
(-6.86268e-05 0 5.88553e-05)
(-6.61958e-05 0 7.80308e-05)
(-6.25586e-05 0 9.63827e-05)
(-5.76897e-05 0 0.00011362)
(-5.1591e-05 0 0.000129422)
(-4.43005e-05 0 0.000143443)
(-3.59021e-05 0 0.000155326)
(-2.65347e-05 0 0.000164725)
(-1.63988e-05 0 0.000171331)
(-5.7557e-06 0 0.000174905)
(5.08519e-06 0 0.000175314)
(1.57939e-05 0 0.000172548)
(2.60554e-05 0 0.00016673)
(3.55995e-05 0 0.000158088)
(4.42161e-05 0 0.000146928)
(5.17571e-05 0 0.000133595)
(5.81312e-05 0 0.000118449)
(6.32941e-05 0 0.000101838)
(6.72393e-05 0 8.4087e-05)
(6.9989e-05 0 6.54861e-05)
(7.15861e-05 0 4.62912e-05)
(7.20871e-05 0 2.67255e-05)
(7.15576e-05 0 6.98675e-06)
(7.00669e-05 0 -1.27423e-05)
(6.76865e-05 0 -3.22818e-05)
(6.44871e-05 0 -5.14448e-05)
(6.05384e-05 0 -7.00311e-05)
(5.59089e-05 0 -8.78224e-05)
(5.06669e-05 0 -0.00010458)
(4.48812e-05 0 -0.000120048)
(3.86222e-05 0 -0.000133957)
(3.19616e-05 0 -0.000146032)
(2.49732e-05 0 -0.000156007)
(1.77321e-05 0 -0.00016364)
(1.03136e-05 0 -0.000168729)
(2.79319e-06 0 -0.000171129)
(-6.07626e-06 0 -0.000162188)
(-1.56478e-05 0 -0.000159186)
(-2.50284e-05 0 -0.000153623)
(-3.4103e-05 0 -0.000145657)
(-4.27602e-05 0 -0.000135502)
(-5.0894e-05 0 -0.000123403)
(-5.84052e-05 0 -0.000109625)
(-6.52019e-05 0 -9.44387e-05)
(-7.11997e-05 0 -7.81063e-05)
(-7.63206e-05 0 -6.08765e-05)
(-8.04923e-05 0 -4.29801e-05)
(-8.36469e-05 0 -2.46287e-05)
(-8.57201e-05 0 -6.0178e-06)
(-8.66505e-05 0 1.26697e-05)
(-8.63808e-05 0 3.12576e-05)
(-8.48589e-05 0 4.95658e-05)
(-8.20413e-05 0 6.74e-05)
(-7.78972e-05 0 8.45431e-05)
(-7.2414e-05 0 0.000100751)
(-6.56043e-05 0 0.000115753)
(-5.75134e-05 0 0.000129252)
(-4.82267e-05 0 0.000140942)
(-3.78776e-05 0 0.000150515)
(-2.66516e-05 0 0.000157689)
(-1.47871e-05 0 0.000162231)
(-2.56781e-06 0 0.000163977)
(9.69412e-06 0 0.000162858)
(2.16821e-05 0 0.000158905)
(3.31011e-05 0 0.000152248)
(4.36966e-05 0 0.000143095)
(5.32653e-05 0 0.000131713)
(6.16567e-05 0 0.000118398)
(6.87698e-05 0 0.000103459)
(7.45463e-05 0 8.7196e-05)
(7.89632e-05 0 6.98929e-05)
(8.2025e-05 0 5.18086e-05)
(8.3757e-05 0 3.31775e-05)
(8.41997e-05 0 1.42137e-05)
(8.34036e-05 0 -4.88207e-06)
(8.14265e-05 0 -2.39123e-05)
(7.83314e-05 0 -4.2672e-05)
(7.41859e-05 0 -6.09438e-05)
(6.90619e-05 0 -7.84941e-05)
(6.30365e-05 0 -9.50716e-05)
(5.61936e-05 0 -0.000110408)
(4.86241e-05 0 -0.000124225)
(4.04265e-05 0 -0.000136239)
(3.17072e-05 0 -0.000146177)
(2.25791e-05 0 -0.00015379)
(1.31604e-05 0 -0.00015887)
(3.57276e-06 0 -0.000161269)
(-6.06064e-06 0 -0.000160912)
(-1.56164e-05 0 -0.000157809)
(-2.49715e-05 0 -0.000152057)
(-3.4005e-05 0 -0.00014382)
(-4.26e-05 0 -0.00013332)
(-5.06449e-05 0 -0.000120813)
(-5.80356e-05 0 -0.000106576)
(-6.46754e-05 0 -9.08918e-05)
(-7.04752e-05 0 -7.40372e-05)
(-7.53531e-05 0 -5.62762e-05)
(-7.92332e-05 0 -3.78557e-05)
(-8.20449e-05 0 -1.90048e-05)
(-8.37218e-05 0 6.27037e-08)
(-8.42022e-05 0 1.91443e-05)
(-8.34299e-05 0 3.80426e-05)
(-8.13567e-05 0 5.65543e-05)
(-7.79455e-05 0 7.44606e-05)
(-7.31758e-05 0 9.15207e-05)
(-6.70494e-05 0 0.000107469)
(-5.95978e-05 0 0.000122017)
(-5.08897e-05 0 0.000134861)
(-4.10383e-05 0 0.000145694)
(-3.02077e-05 0 0.000154223)
(-1.86151e-05 0 0.000160196)
(-6.52655e-06 0 0.000163423)
(5.75487e-06 0 0.000163798)
(1.79112e-05 0 0.000161316)
(2.96355e-05 0 0.000156072)
(4.06548e-05 0 0.00014825)
(5.07438e-05 0 0.000138099)
(5.97309e-05 0 0.00012591)
(6.74958e-05 0 0.000111991)
(7.3964e-05 0 9.6648e-05)
(7.90996e-05 0 8.01713e-05)
(8.28973e-05 0 6.28255e-05)
(8.53749e-05 0 4.48474e-05)
(8.6567e-05 0 2.64475e-05)
(8.65198e-05 0 7.81564e-06)
(8.52869e-05 0 -1.08701e-05)
(8.29268e-05 0 -2.94324e-05)
(7.95015e-05 0 -4.76855e-05)
(7.50765e-05 0 -6.54303e-05)
(6.97204e-05 0 -8.245e-05)
(6.35071e-05 0 -9.85094e-05)
(5.65161e-05 0 -0.000113355)
(4.88339e-05 0 -0.000126722)
(4.05541e-05 0 -0.000138341)
(3.17779e-05 0 -0.00014795)
(2.26128e-05 0 -0.000155309)
(1.31713e-05 0 -0.000160219)
(3.56927e-06 0 -0.000162536)
(-7.35222e-06 0 -0.000151552)
(-1.89219e-05 0 -0.000148707)
(-3.02319e-05 0 -0.000143436)
(-4.11279e-05 0 -0.000135896)
(-5.14633e-05 0 -0.000126291)
(-6.1102e-05 0 -0.000114859)
(-6.99195e-05 0 -0.000101856)
(-7.78046e-05 0 -8.75406e-05)
(-8.46588e-05 0 -7.21662e-05)
(-9.03957e-05 0 -5.59728e-05)
(-9.49398e-05 0 -3.91832e-05)
(-9.82252e-05 0 -2.20029e-05)
(-0.000100194 0 -4.62161e-06)
(-0.000100796 0 1.27831e-05)
(-9.99884e-05 0 3.00414e-05)
(-9.77369e-05 0 4.69818e-05)
(-9.40189e-05 0 6.34218e-05)
(-8.88266e-05 0 7.91615e-05)
(-8.21731e-05 0 9.39795e-05)
(-7.40983e-05 0 0.000107634)
(-6.4675e-05 0 0.000119866)
(-5.40157e-05 0 0.000130411)
(-4.22775e-05 0 0.00013901)
(-2.96637e-05 0 0.000145431)
(-1.64217e-05 0 0.000149482)
(-2.83506e-06 0 0.000151033)
(1.07909e-05 0 0.000150029)
(2.41478e-05 0 0.000146493)
(3.69429e-05 0 0.00014053)
(4.89157e-05 0 0.000132306)
(5.98474e-05 0 0.000122039)
(6.95651e-05 0 0.000109979)
(7.79413e-05 0 9.63879e-05)
(8.48896e-05 0 8.1529e-05)
(9.03591e-05 0 6.56528e-05)
(9.43279e-05 0 4.8993e-05)
(9.6797e-05 0 3.17652e-05)
(9.77849e-05 0 1.41693e-05)
(9.73235e-05 0 -3.60439e-06)
(9.5455e-05 0 -2.13664e-05)
(9.2231e-05 0 -3.89188e-05)
(8.77123e-05 0 -5.6051e-05)
(8.1969e-05 0 -7.2537e-05)
(7.50821e-05 0 -8.81341e-05)
(6.71446e-05 0 -0.000102584)
(5.82627e-05 0 -0.000115618)
(4.85561e-05 0 -0.000126964)
(3.81577e-05 0 -0.000136359)
(2.72129e-05 0 -0.000143562)
(1.5877e-05 0 -0.000148372)
(4.3125e-06 0 -0.000150644)
(-7.31412e-06 0 -0.000150306)
(-1.88354e-05 0 -0.000147367)
(-3.00855e-05 0 -0.000141921)
(-4.09035e-05 0 -0.00013413)
(-5.11364e-05 0 -0.000124207)
(-6.0642e-05 0 -0.000112398)
(-6.92905e-05 0 -9.89718e-05)
(-7.69658e-05 0 -8.41994e-05)
(-8.35652e-05 0 -6.83479e-05)
(-8.89989e-05 0 -5.16716e-05)
(-9.31887e-05 0 -3.4409e-05)
(-9.6067e-05 0 -1.6782e-05)
(-9.75756e-05 0 1.00265e-06)
(-9.76652e-05 0 1.87495e-05)
(-9.62961e-05 0 3.62697e-05)
(-9.34397e-05 0 5.33711e-05)
(-8.90813e-05 0 6.98501e-05)
(-8.32255e-05 0 8.54866e-05)
(-7.59009e-05 0 0.000100042)
(-6.71672e-05 0 0.000113262)
(-5.71209e-05 0 0.000124883)
(-4.59009e-05 0 0.000134644)
(-3.36922e-05 0 0.000142301)
(-2.0725e-05 0 0.000147649)
(-7.26941e-06 0 0.000150534)
(6.37611e-06 0 0.000150875)
(1.9902e-05 0 0.000148667)
(3.30068e-05 0 0.000143986)
(4.54155e-05 0 0.00013698)
(5.68914e-05 0 0.000127851)
(6.7243e-05 0 0.000116843)
(7.63255e-05 0 0.000104216)
(8.40369e-05 0 9.02342e-05)
(9.03137e-05 0 7.51538e-05)
(9.51235e-05 0 5.92111e-05)
(9.84593e-05 0 4.26217e-05)
(0.000100333 0 2.55806e-05)
(0.000100771 0 8.26693e-06)
(9.98094e-05 0 -9.14916e-06)
(9.74933e-05 0 -2.64964e-05)
(9.38749e-05 0 -4.35945e-05)
(8.90139e-05 0 -6.025e-05)
(8.29789e-05 0 -7.6253e-05)
(7.58478e-05 0 -9.1376e-05)
(6.77102e-05 0 -0.000105375)
(5.86678e-05 0 -0.000117995)
(4.88355e-05 0 -0.000128976)
(3.83406e-05 0 -0.000138066)
(2.73225e-05 0 -0.000145033)
(1.59299e-05 0 -0.000149685)
(4.31852e-06 0 -0.000151881)
(-8.56207e-06 0 -0.000138947)
(-2.20259e-05 0 -0.000136306)
(-3.51633e-05 0 -0.000131417)
(-4.77825e-05 0 -0.000124426)
(-5.97034e-05 0 -0.000115527)
(-7.07608e-05 0 -0.000104946)
(-8.08067e-05 0 -9.29224e-05)
(-8.97115e-05 0 -7.96994e-05)
(-9.73637e-05 0 -6.55152e-05)
(-0.000103669 0 -5.05955e-05)
(-0.00010855 0 -3.51505e-05)
(-0.000111943 0 -1.93744e-05)
(-0.000113797 0 -3.44688e-06)
(-0.000114073 0 1.24641e-05)
(-0.000112743 0 2.81986e-05)
(-0.000109792 0 4.35964e-05)
(-0.000105216 0 5.84897e-05)
(-9.90319e-05 0 7.26974e-05)
(-9.12768e-05 0 8.60228e-05)
(-8.20162e-05 0 9.82542e-05)
(-7.13487e-05 0 0.000109169)
(-5.94103e-05 0 0.000118544)
(-4.63782e-05 0 0.000126162)
(-3.247e-05 0 0.000131833)
(-1.79404e-05 0 0.000135402)
(-3.07326e-06 0 0.000136764)
(1.18307e-05 0 0.000135874)
(2.6468e-05 0 0.000132752)
(4.05477e-05 0 0.000127479)
(5.38039e-05 0 0.00012019)
(6.60053e-05 0 0.000111063)
(7.69604e-05 0 0.000100304)
(8.65185e-05 0 8.8134e-05)
(9.45677e-05 0 7.47781e-05)
(0.000101031 0 6.04547e-05)
(0.000105861 0 4.53708e-05)
(0.000109035 0 2.97206e-05)
(0.000110549 0 1.36873e-05)
(0.000110417 0 -2.55204e-06)
(0.000108666 0 -1.88198e-05)
(0.000105334 0 -3.49293e-05)
(0.000100476 0 -5.06817e-05)
(9.4159e-05 0 -6.58639e-05)
(8.64677e-05 0 -8.02471e-05)
(7.75032e-05 0 -9.35887e-05)
(6.73859e-05 0 -0.000105636)
(5.62553e-05 0 -0.000116133)
(4.42698e-05 0 -0.000124833)
(3.16054e-05 0 -0.000131509)
(1.84528e-05 0 -0.00013597)
(5.01401e-06 0 -0.000138078)
(-8.50272e-06 0 -0.000137763)
(-2.18873e-05 0 -0.000135037)
(-3.49326e-05 0 -0.000129988)
(-4.74392e-05 0 -0.000122769)
(-5.92199e-05 0 -0.000113581)
(-7.01028e-05 0 -0.000102659)
(-7.99345e-05 0 -9.02522e-05)
(-8.85804e-05 0 -7.66171e-05)
(-9.59252e-05 0 -6.20041e-05)
(-0.000101872 0 -4.66527e-05)
(-0.000106341 0 -3.07876e-05)
(-0.000109268 0 -1.46179e-05)
(-0.000110603 0 1.66089e-06)
(-0.000110311 0 1.78649e-05)
(-0.000108367 0 3.38172e-05)
(-0.000104763 0 4.93396e-05)
(-9.95071e-05 0 6.42465e-05)
(-9.26273e-05 0 7.83403e-05)
(-8.41784e-05 0 9.14107e-05)
(-7.4246e-05 0 0.000103237)
(-6.29518e-05 0 0.000113595)
(-5.0457e-05 0 0.000122264)
(-3.69637e-05 0 0.000129046)
(-2.27127e-05 0 0.000133772)
(-7.97765e-06 0 0.000136321)
(6.94595e-06 0 0.000136626)
(2.17539e-05 0 0.000134684)
(3.61484e-05 0 0.000130558)
(4.98524e-05 0 0.000124365)
(6.262e-05 0 0.000116271)
(7.42438e-05 0 0.000106476)
(8.45577e-05 0 9.51967e-05)
(9.34355e-05 0 8.26597e-05)
(0.000100788 0 6.90848e-05)
(0.000106557 0 5.468e-05)
(0.000110712 0 3.9638e-05)
(0.000113241 0 2.41359e-05)
(0.000114152 0 8.33931e-06)
(0.000113463 0 -7.59244e-06)
(0.000111205 0 -2.34978e-05)
(0.000107419 0 -3.92061e-05)
(0.000102161 0 -5.45342e-05)
(9.54973e-05 0 -6.92839e-05)
(8.75096e-05 0 -8.32407e-05)
(7.82966e-05 0 -9.61753e-05)
(6.79744e-05 0 -0.000107848)
(5.66774e-05 0 -0.000118014)
(4.45583e-05 0 -0.000126437)
(3.17864e-05 0 -0.000132898)
(1.85452e-05 0 -0.000137215)
(5.02894e-06 0 -0.000139254)
(-9.68349e-06 0 -0.000124497)
(-2.49025e-05 0 -0.000122105)
(-3.97324e-05 0 -0.000117679)
(-5.39463e-05 0 -0.000111356)
(-6.73328e-05 0 -0.000103313)
(-7.96998e-05 0 -9.37558e-05)
(-9.08776e-05 0 -8.29052e-05)
(-0.00010072 0 -7.09836e-05)
(-0.000109103 0 -5.82083e-05)
(-0.000115927 0 -4.4786e-05)
(-0.000121111 0 -3.09091e-05)
(-0.000124594 0 -1.6756e-05)
(-0.000126333 0 -2.49168e-06)
(-0.000126298 0 1.17292e-05)
(-0.000124478 0 2.576e-05)
(-0.000120873 0 3.94546e-05)
(-0.000115501 0 5.2662e-05)
(-0.000108399 0 6.52221e-05)
(-9.96291e-05 0 7.69637e-05)
(-8.9279e-05 0 8.77054e-05)
(-7.74705e-05 0 9.72597e-05)
(-6.43602e-05 0 0.00010544)
(-5.01418e-05 0 0.000112069)
(-3.50449e-05 0 0.000116992)
(-1.93301e-05 0 0.000120084)
(-3.2822e-06 0 0.000121261)
(1.28005e-05 0 0.000120487)
(2.86175e-05 0 0.000117776)
(4.38778e-05 0 0.000113193)
(5.83112e-05 0 0.000106848)
(7.16761e-05 0 9.88821e-05)
(8.37652e-05 0 8.94653e-05)
(9.44081e-05 0 7.87805e-05)
(0.00010347 0 6.70165e-05)
(0.000110851 0 5.43596e-05)
(0.000116478 0 4.09894e-05)
(0.000120308 0 2.70771e-05)
(0.000122315 0 1.27867e-05)
(0.000122495 0 -1.72085e-06)
(0.000120859 0 -1.62831e-05)
(0.000117435 0 -3.07289e-05)
(0.00011227 0 -4.48759e-05)
(0.000105429 0 -5.85288e-05)
(9.69991e-05 0 -7.14782e-05)
(8.70892e-05 0 -8.35022e-05)
(7.58324e-05 0 -9.43698e-05)
(6.33863e-05 0 -0.000103848)
(4.99328e-05 0 -0.000111709)
(3.56762e-05 0 -0.000117745)
(2.08406e-05 0 -0.000121781)
(5.66439e-06 0 -0.000123689)
(-9.60458e-06 0 -0.000123404)
(-2.47162e-05 0 -0.000120937)
(-3.94245e-05 0 -0.000116369)
(-5.34941e-05 0 -0.000109843)
(-6.67059e-05 0 -0.000101543)
(-7.88609e-05 0 -9.16834e-05)
(-8.97835e-05 0 -8.04941e-05)
(-9.93223e-05 0 -6.82087e-05)
(-0.000107351 0 -5.50563e-05)
(-0.000113765 0 -4.12558e-05)
(-0.000118485 0 -2.70129e-05)
(-0.00012145 0 -1.25194e-05)
(-0.000122618 0 2.04551e-06)
(-0.000121965 0 1.65133e-05)
(-0.000119485 0 3.07223e-05)
(-0.000115187 0 4.45111e-05)
(-0.0001091 0 5.77141e-05)
(-0.000101275 0 7.01578e-05)
(-9.17928e-05 0 8.16608e-05)
(-8.07607e-05 0 9.20354e-05)
(-6.83231e-05 0 0.000101094)
(-5.46599e-05 0 0.000108655)
(-3.99877e-05 0 0.000114556)
(-2.45561e-05 0 0.000118662)
(-8.64181e-06 0 0.000120875)
(7.46083e-06 0 0.000121143)
(2.34506e-05 0 0.000119464)
(3.90315e-05 0 0.000115887)
(5.39244e-05 0 0.000110507)
(6.78758e-05 0 0.000103459)
(8.06654e-05 0 9.49046e-05)
(9.2109e-05 0 8.50236e-05)
(0.000102059 0 7.4004e-05)
(0.000110404 0 6.20322e-05)
(0.000117061 0 4.92873e-05)
(0.000121977 0 3.59376e-05)
(0.000125119 0 2.21406e-05)
(0.000126475 0 8.04549e-06)
(0.000126047 0 -6.20183e-06)
(0.000123851 0 -2.0453e-05)
(0.000119921 0 -3.45511e-05)
(0.000114304 0 -4.83279e-05)
(0.000107066 0 -6.16014e-05)
(9.82928e-05 0 -7.41752e-05)
(8.80905e-05 0 -8.58397e-05)
(7.65883e-05 0 -9.63754e-05)
(6.39388e-05 0 -0.000105559)
(5.03178e-05 0 -0.000113174)
(3.59226e-05 0 -0.00011902)
(2.0969e-05 0 -0.000122928)
(5.68742e-06 0 -0.000124774)
(-1.06928e-05 0 -0.000108357)
(-2.74913e-05 0 -0.000106257)
(-4.38436e-05 0 -0.000102373)
(-5.9491e-05 0 -9.68252e-05)
(-7.41938e-05 0 -8.97739e-05)
(-8.77361e-05 0 -8.14014e-05)
(-9.99288e-05 0 -7.19023e-05)
(-0.00011061 0 -6.14737e-05)
(-0.000119648 0 -5.0308e-05)
(-0.000126933 0 -3.85876e-05)
(-0.000132386 0 -2.64832e-05)
(-0.000135946 0 -1.41528e-05)
(-0.000137577 0 -1.74281e-06)
(-0.000137261 0 1.06094e-05)
(-0.000134997 0 2.27733e-05)
(-0.000130803 0 3.46196e-05)
(-0.000124715 0 4.60163e-05)
(-0.00011679 0 5.68256e-05)
(-0.00010711 0 6.69024e-05)
(-9.57854e-05 0 7.60955e-05)
(-8.29568e-05 0 8.42502e-05)
(-6.87985e-05 0 9.12145e-05)
(-5.3518e-05 0 9.68462e-05)
(-3.73543e-05 0 0.000101021)
(-2.05735e-05 0 0.000103638)
(-3.46173e-06 0 0.000104633)
(1.36833e-05 0 0.000103974)
(3.0562e-05 0 0.000101674)
(4.68828e-05 0 9.77847e-05)
(6.23709e-05 0 9.23916e-05)
(7.67764e-05 0 8.56087e-05)
(8.98792e-05 0 7.75716e-05)
(0.000101492 0 6.84289e-05)
(0.00011146 0 5.83356e-05)
(0.000119663 0 4.74467e-05)
(0.000126006 0 3.59139e-05)
(0.000130425 0 2.38841e-05)
(0.000132876 0 1.15003e-05)
(0.000133338 0 -1.09581e-06)
(0.000131808 0 -1.376e-05)
(0.000128304 0 -2.63405e-05)
(0.000122866 0 -3.86759e-05)
(0.000115557 0 -5.05932e-05)
(0.000106465 0 -6.19073e-05)
(9.57078e-05 0 -7.24219e-05)
(8.34285e-05 0 -8.19329e-05)
(6.9801e-05 0 -9.02336e-05)
(5.50282e-05 0 -9.71231e-05)
(3.93399e-05 0 -0.000102417)
(2.29898e-05 0 -0.000105958)
(6.24987e-06 0 -0.000107632)
(-1.05964e-05 0 -0.000107382)
(-2.72624e-05 0 -0.000105217)
(-4.34668e-05 0 -0.00010121)
(-5.89418e-05 0 -9.54875e-05)
(-7.34394e-05 0 -8.82146e-05)
(-8.67365e-05 0 -7.95812e-05)
(-9.86378e-05 0 -6.97907e-05)
(-0.000108977 0 -5.90498e-05)
(-0.000117617 0 -4.75611e-05)
(-0.00012445 0 -3.55181e-05)
(-0.000129393 0 -2.31029e-05)
(-0.000132389 0 -1.04852e-05)
(-0.000133405 0 2.17623e-06)
(-0.000132427 0 1.4732e-05)
(-0.000129463 0 2.70387e-05)
(-0.00012454 0 3.89544e-05)
(-0.000117708 0 5.03354e-05)
(-0.000109038 0 6.10335e-05)
(-9.86304e-05 0 7.08959e-05)
(-8.66155e-05 0 7.97672e-05)
(-7.31557e-05 0 8.74934e-05)
(-5.84471e-05 0 9.39284e-05)
(-4.2718e-05 0 9.89418e-05)
(-2.62255e-05 0 0.000102426)
(-9.24921e-06 0 0.000104304)
(7.91607e-06 0 0.000104533)
(2.49703e-05 0 0.000103113)
(4.16178e-05 0 0.000100084)
(5.75768e-05 0 9.55204e-05)
(7.25879e-05 0 8.95299e-05)
(8.64197e-05 0 8.22421e-05)
(9.88733e-05 0 7.38027e-05)
(0.000109783 0 6.4365e-05)
(0.000119017 0 5.40831e-05)
(0.000126472 0 4.3107e-05)
(0.000132072 0 3.15799e-05)
(0.000135768 0 1.96378e-05)
(0.000137527 0 7.41181e-06)
(0.000137336 0 -4.96885e-06)
(0.000135201 0 -1.73722e-05)
(0.000131144 0 -2.96587e-05)
(0.000125208 0 -4.16793e-05)
(0.000117458 0 -5.32726e-05)
(0.000107982 0 -6.42649e-05)
(9.68934e-05 0 -7.44706e-05)
(8.4333e-05 0 -8.36958e-05)
(7.04695e-05 0 -9.17432e-05)
(5.54992e-05 0 -9.84202e-05)
(3.96444e-05 0 -0.000103549)
(2.31505e-05 0 -0.000106979)
(6.28009e-06 0 -0.000108601)
(-1.15659e-05 0 -9.07249e-05)
(-2.97306e-05 0 -8.89541e-05)
(-4.73992e-05 0 -8.56794e-05)
(-6.42853e-05 0 -8.10054e-05)
(-8.01251e-05 0 -7.50674e-05)
(-9.4682e-05 0 -6.80208e-05)
(-0.00010775 0 -6.00309e-05)
(-0.000119156 0 -5.12648e-05)
(-0.000128757 0 -4.18855e-05)
(-0.000136441 0 -3.20476e-05)
(-0.000142125 0 -2.18959e-05)
(-0.000145753 0 -1.15644e-05)
(-0.000147291 0 -1.17723e-06)
(-0.000146731 0 9.1488e-06)
(-0.000144084 0 1.9302e-05)
(-0.000139382 0 2.91725e-05)
(-0.000132675 0 3.86491e-05)
(-0.00012404 0 4.76176e-05)
(-0.000113577 0 5.59593e-05)
(-0.000101412 0 6.35521e-05)
(-8.77046e-05 0 7.02727e-05)
(-7.26418e-05 0 7.60008e-05)
(-5.6443e-05 0 8.06249e-05)
(-3.93551e-05 0 8.40475e-05)
(-2.16485e-05 0 8.61914e-05)
(-3.61155e-06 0 8.70042e-05)
(1.44576e-05 0 8.64625e-05)
(3.22588e-05 0 8.45759e-05)
(4.94989e-05 0 8.13841e-05)
(6.58994e-05 0 7.69538e-05)
(8.12033e-05 0 7.13737e-05)
(9.51797e-05 0 6.47499e-05)
(0.000107627 0 5.71995e-05)
(0.000118376 0 4.88458e-05)
(0.000127287 0 3.98137e-05)
(0.000134247 0 3.02269e-05)
(0.000139174 0 2.02069e-05)
(0.000142007 0 9.87366e-06)
(0.000142711 0 -6.5262e-07)
(0.000141271 0 -1.12489e-05)
(0.000137697 0 -2.17864e-05)
(0.000132022 0 -3.21284e-05)
(0.000124308 0 -4.21284e-05)
(0.000114646 0 -5.16295e-05)
(0.000103157 0 -6.04653e-05)
(8.99945e-05 0 -6.8463e-05)
(7.53469e-05 0 -7.54472e-05)
(5.94343e-05 0 -8.12474e-05)
(4.25085e-05 0 -8.57062e-05)
(2.48489e-05 0 -8.86903e-05)
(6.75634e-06 0 -9.01021e-05)
(-1.14544e-05 0 -8.98915e-05)
(-2.94647e-05 0 -8.80662e-05)
(-4.69627e-05 0 -8.46897e-05)
(-6.36522e-05 0 -7.98702e-05)
(-7.92606e-05 0 -7.3748e-05)
(-9.35439e-05 0 -6.6485e-05)
(-0.00010629 0 -5.82537e-05)
(-0.00011732 0 -4.92293e-05)
(-0.000126489 0 -3.95834e-05)
(-0.000133682 0 -2.94801e-05)
(-0.000138819 0 -1.90736e-05)
(-0.000141843 0 -8.50774e-06)
(-0.000142729 0 2.08301e-06)
(-0.000141471 0 1.25717e-05)
(-0.000138091 0 2.28362e-05)
(-0.000132631 0 3.27562e-05)
(-0.000125156 0 4.22117e-05)
(-0.000115758 0 5.10805e-05)
(-0.000104554 0 5.92385e-05)
(-9.16926e-05 0 6.65607e-05)
(-7.73516e-05 0 7.29251e-05)
(-6.17402e-05 0 7.82168e-05)
(-4.50963e-05 0 8.23339e-05)
(-2.76832e-05 0 8.51927e-05)
(-9.78393e-06 0 8.67333e-05)
(8.30572e-06 0 8.69232e-05)
(2.62854e-05 0 8.57616e-05)
(4.38585e-05 0 8.32798e-05)
(6.07409e-05 0 7.9537e-05)
(7.66676e-05 0 7.46162e-05)
(9.13985e-05 0 6.86191e-05)
(0.000104723 0 6.16601e-05)
(0.00011646 0 5.38606e-05)
(0.00012646 0 4.53441e-05)
(0.000134602 0 3.62319e-05)
(0.000140794 0 2.66415e-05)
(0.000144967 0 1.66864e-05)
(0.000147074 0 6.47709e-06)
(0.000147088 0 -3.87623e-06)
(0.000145005 0 -1.42608e-05)
(0.000140839 0 -2.45583e-05)
(0.000134628 0 -3.4642e-05)
(0.000126436 0 -4.43751e-05)
(0.000116354 0 -5.36105e-05)
(0.000104501 0 -6.21907e-05)
(9.10272e-05 0 -6.99515e-05)
(7.61155e-05 0 -7.67255e-05)
(5.99796e-05 0 -8.23491e-05)
(4.28634e-05 0 -8.66711e-05)
(2.50374e-05 0 -8.9563e-05)
(6.79279e-06 0 -9.09304e-05)
(-1.22793e-05 0 -7.18334e-05)
(-3.15599e-05 0 -7.04236e-05)
(-5.03034e-05 0 -6.78176e-05)
(-6.82008e-05 0 -6.40992e-05)
(-8.49682e-05 0 -5.93772e-05)
(-0.000100353 0 -5.37762e-05)
(-0.000114135 0 -4.74284e-05)
(-0.000126131 0 -4.04672e-05)
(-0.000136192 0 -3.3023e-05)
(-0.000144202 0 -2.52193e-05)
(-0.000150077 0 -1.71715e-05)
(-0.000153761 0 -8.98682e-06)
(-0.000155226 0 -7.64319e-07)
(-0.000154469 0 7.40268e-06)
(-0.000151511 0 1.5424e-05)
(-0.000146395 0 2.3211e-05)
(-0.000139185 0 3.06754e-05)
(-0.000129972 0 3.77273e-05)
(-0.000118869 0 4.42746e-05)
(-0.00010602 0 5.02233e-05)
(-9.15942e-05 0 5.54797e-05)
(-7.57924e-05 0 5.9953e-05)
(-5.8842e-05 0 6.35594e-05)
(-4.0996e-05 0 6.6226e-05)
(-2.2529e-05 0 6.78948e-05)
(-3.73118e-06 0 6.85264e-05)
(1.50979e-05 0 6.81034e-05)
(3.36571e-05 0 6.66326e-05)
(5.16515e-05 0 6.4144e-05)
(6.87991e-05 0 6.06872e-05)
(8.48369e-05 0 5.63286e-05)
(9.95261e-05 0 5.11475e-05)
(0.000112655 0 4.52323e-05)
(0.000124039 0 3.86767e-05)
(0.000133525 0 3.15762e-05)
(0.000140987 0 2.4027e-05)
(0.000146326 0 1.61241e-05)
(0.000149469 0 7.96299e-06)
(0.000150368 0 -3.59925e-07)
(0.000148999 0 -8.74546e-06)
(0.000145364 0 -1.70909e-05)
(0.000139494 0 -2.52871e-05)
(0.000131449 0 -3.32172e-05)
(0.000121321 0 -4.0756e-05)
(0.000109235 0 -4.77707e-05)
(9.53531e-05 0 -5.41232e-05)
(7.98735e-05 0 -5.96733e-05)
(6.30312e-05 0 -6.42845e-05)
(4.50955e-05 0 -6.78308e-05)
(2.63669e-05 0 -7.02051e-05)
(7.16995e-06 0 -7.13287e-05)
(-1.2155e-05 0 -7.1161e-05)
(-3.1263e-05 0 -6.97085e-05)
(-4.98168e-05 0 -6.70223e-05)
(-6.74974e-05 0 -6.31894e-05)
(-8.40118e-05 0 -5.83228e-05)
(-9.90993e-05 0 -5.25518e-05)
(-0.000112534 0 -4.60147e-05)
(-0.000124128 0 -3.88512e-05)
(-0.000133728 0 -3.11986e-05)
(-0.000141218 0 -2.31878e-05)
(-0.000146514 0 -1.49419e-05)
(-0.000149564 0 -6.57557e-06)
(-0.000150346 0 1.80383e-06)
(-0.000148863 0 1.00948e-05)
(-0.000145146 0 1.81989e-05)
(-0.000139249 0 2.60198e-05)
(-0.000131253 0 3.34625e-05)
(-0.000121261 0 4.04315e-05)
(-0.000109409 0 4.68307e-05)
(-9.5857e-05 0 5.25647e-05)
(-8.07967e-05 0 5.75409e-05)
(-6.44471e-05 0 6.16731e-05)
(-4.70539e-05 0 6.48847e-05)
(-2.88853e-05 0 6.71135e-05)
(-1.02274e-05 0 6.83146e-05)
(8.62262e-06 0 6.84637e-05)
(2.73632e-05 0 6.75604e-05)
(4.56964e-05 0 6.56281e-05)
(6.33357e-05 0 6.27114e-05)
(8.00114e-05 0 5.88723e-05)
(9.54768e-05 0 5.41872e-05)
(0.000109511 0 4.87419e-05)
(0.000121923 0 4.26284e-05)
(0.000132547 0 3.59408e-05)
(0.00014125 0 2.87726e-05)
(0.000147924 0 2.12154e-05)
(0.000152485 0 1.33585e-05)
(0.000154874 0 5.29041e-06)
(0.000155054 0 -2.90013e-06)
(0.00015301 0 -1.11223e-05)
(0.000148753 0 -1.92816e-05)
(0.000142317 0 -2.72768e-05)
(0.000133764 0 -3.49987e-05)
(0.000123187 0 -4.23296e-05)
(0.000110711 0 -4.91441e-05)
(9.64926e-05 0 -5.53106e-05)
(8.07259e-05 0 -6.06956e-05)
(6.36388e-05 0 -6.5168e-05)
(4.54928e-05 0 -6.86067e-05)
(2.6579e-05 0 -7.09084e-05)
(7.21167e-06 0 -7.1997e-05)
(-1.2811e-05 0 -5.19532e-05)
(-3.29232e-05 0 -5.09299e-05)
(-5.24676e-05 0 -4.90386e-05)
(-7.11181e-05 0 -4.63407e-05)
(-8.85763e-05 0 -4.29156e-05)
(-0.000104577 0 -3.88541e-05)
(-0.000118891 0 -3.42524e-05)
(-0.000131327 0 -2.92077e-05)
(-0.000141731 0 -2.38147e-05)
(-0.000149985 0 -1.81633e-05)
(-0.000156002 0 -1.23377e-05)
(-0.00015973 0 -6.41549e-06)
(-0.000161142 0 -4.6884e-07)
(-0.000160241 0 5.43447e-06)
(-0.000157052 0 1.1228e-05)
(-0.000151628 0 1.68466e-05)
(-0.000144043 0 2.2226e-05)
(-0.000134398 0 2.73015e-05)
(-0.000122819 0 3.20073e-05)
(-0.000109459 0 3.62773e-05)
(-9.44981e-05 0 4.00454e-05)
(-7.81451e-05 0 4.32486e-05)
(-6.06338e-05 0 4.58285e-05)
(-4.22218e-05 0 4.77345e-05)
(-2.31865e-05 0 4.89265e-05)
(-3.81993e-06 0 4.93772e-05)
(1.55773e-05 0 4.90741e-05)
(3.47029e-05 0 4.80222e-05)
(5.32603e-05 0 4.62421e-05)
(7.09649e-05 0 4.37683e-05)
(8.75498e-05 0 4.06467e-05)
(0.00010277 0 3.69322e-05)
(0.000116405 0 3.26865e-05)
(0.000128263 0 2.79751e-05)
(0.000138178 0 2.28656e-05)
(0.000146013 0 1.74261e-05)
(0.000151657 0 1.17253e-05)
(0.000155029 0 5.83221e-06)
(0.00015607 0 -1.82278e-07)
(0.000154751 0 -6.24525e-06)
(0.00015107 0 -1.22821e-05)
(0.000145054 0 -1.82137e-05)
(0.000136762 0 -2.39551e-05)
(0.000126286 0 -2.94153e-05)
(0.000113756 0 -3.44977e-05)
(9.93391e-05 0 -3.91017e-05)
(8.3241e-05 0 -4.31255e-05)
(6.57073e-05 0 -4.64695e-05)
(4.70206e-05 0 -4.9042e-05)
(2.74966e-05 0 -5.07647e-05)
(7.47778e-06 0 -5.15801e-05)
(-1.26764e-05 0 -5.14584e-05)
(-3.26012e-05 0 -5.04043e-05)
(-5.19405e-05 0 -4.84554e-05)
(-7.03581e-05 0 -4.56753e-05)
(-8.75462e-05 0 -4.21463e-05)
(-0.000103232 0 -3.79627e-05)
(-0.000117179 0 -3.32252e-05)
(-0.000129192 0 -2.80355e-05)
(-0.000139114 0 -2.24935e-05)
(-0.000146825 0 -1.66942e-05)
(-0.000152242 0 -1.07273e-05)
(-0.000155313 0 -4.67604e-06)
(-0.00015602 0 1.38173e-06)
(-0.000154371 0 7.37205e-06)
(-0.000150405 0 1.32225e-05)
(-0.000144184 0 1.88626e-05)
(-0.000135799 0 2.42236e-05)
(-0.000125366 0 2.92368e-05)
(-0.000113031 0 3.38343e-05)
(-9.89651e-05 0 3.79486e-05)
(-8.3369e-05 0 4.15152e-05)
(-6.64693e-05 0 4.4474e-05)
(-4.85171e-05 0 4.6772e-05)
(-2.97844e-05 0 4.83661e-05)
(-1.05595e-05 0 4.92252e-05)
(8.85885e-06 0 4.93326e-05)
(2.81682e-05 0 4.86877e-05)
(4.70693e-05 0 4.73072e-05)
(6.52736e-05 0 4.5222e-05)
(8.25082e-05 0 4.24751e-05)
(9.85213e-05 0 3.91193e-05)
(0.000113085 0 3.52144e-05)
(0.000126 0 3.08247e-05)
(0.00013709 0 2.60163e-05)
(0.000146211 0 2.08553e-05)
(0.000153243 0 1.54072e-05)
(0.000158093 0 9.73669e-06)
(0.000160691 0 3.9081e-06)
(0.000160993 0 -2.01313e-06)
(0.000158977 0 -7.96037e-06)
(0.000154651 0 -1.38648e-05)
(0.000148045 0 -1.96531e-05)
(0.000139223 0 -2.52458e-05)
(0.000128278 0 -3.05572e-05)
(0.000115337 0 -3.5496e-05)
(0.000100564 0 -3.99667e-05)
(8.41607e-05 0 -4.38718e-05)
(6.63654e-05 0 -4.71161e-05)
(4.74523e-05 0 -4.96112e-05)
(2.77278e-05 0 -5.12817e-05)
(7.52386e-06 0 -5.2072e-05)
(-1.31417e-05 0 -3.13846e-05)
(-3.37713e-05 0 -3.07656e-05)
(-5.3814e-05 0 -2.96215e-05)
(-7.29333e-05 0 -2.79896e-05)
(-9.08218e-05 0 -2.59179e-05)
(-0.000107206 0 -2.34613e-05)
(-0.000121852 0 -2.0678e-05)
(-0.000134563 0 -1.7627e-05)
(-0.000145181 0 -1.43657e-05)
(-0.000153587 0 -1.09485e-05)
(-0.000159694 0 -7.42655e-06)
(-0.00016345 0 -3.84694e-06)
(-0.000164829 0 -2.53307e-07)
(-0.000163837 0 3.31325e-06)
(-0.000160503 0 6.81183e-06)
(-0.000154884 0 1.02025e-05)
(-0.000147063 0 1.34462e-05)
(-0.000137146 0 1.65037e-05)
(-0.000125267 0 1.93359e-05)
(-0.000111587 0 2.19031e-05)
(-9.62931e-05 0 2.41666e-05)
(-7.95978e-05 0 2.60891e-05)
(-6.17394e-05 0 2.76364e-05)
(-4.29782e-05 0 2.87789e-05)
(-2.35931e-05 0 2.9493e-05)
(-3.8769e-06 0 2.97626e-05)
(1.58694e-05 0 2.95806e-05)
(3.53431e-05 0 2.89497e-05)
(5.42471e-05 0 2.78821e-05)
(7.22954e-05 0 2.63979e-05)
(8.92188e-05 0 2.4524e-05)
(0.000104768 0 2.22926e-05)
(0.000118719 0 1.97399e-05)
(0.000130873 0 1.69047e-05)
(0.000141056 0 1.3827e-05)
(0.000149125 0 1.05478e-05)
(0.000154962 0 7.1082e-06)
(0.000158477 0 3.55034e-06)
(0.000159607 0 -8.2504e-08)
(0.00015832 0 -3.74549e-06)
(0.000154609 0 -7.39345e-06)
(0.000148501 0 -1.09785e-05)
(0.000140055 0 -1.44493e-05)
(0.000129364 0 -1.77504e-05)
(0.000116558 0 -2.08235e-05)
(0.000101809 0 -2.36074e-05)
(8.53269e-05 0 -2.60407e-05)
(6.73647e-05 0 -2.8063e-05)
(4.82127e-05 0 -2.96187e-05)
(2.81962e-05 0 -3.06606e-05)
(7.6684e-06 0 -3.11538e-05)
(-1.29992e-05 0 -3.10802e-05)
(-3.34298e-05 0 -3.04427e-05)
(-5.32557e-05 0 -2.9264e-05)
(-7.213e-05 0 -2.75827e-05)
(-8.97357e-05 0 -2.54485e-05)
(-0.000105792 0 -2.29187e-05)
(-0.000120057 0 -2.00541e-05)
(-0.000132331 0 -1.69162e-05)
(-0.000142453 0 -1.35657e-05)
(-0.000150302 0 -1.00601e-05)
(-0.000155794 0 -6.45383e-06)
(-0.000158879 0 -2.79733e-06)
(-0.000159539 0 8.62314e-07)
(-0.000157787 0 4.48018e-06)
(-0.000153664 0 8.01174e-06)
(-0.000147239 0 1.1414e-05)
(-0.00013861 0 1.46452e-05)
(-0.000127902 0 1.76642e-05)
(-0.000115265 0 2.04302e-05)
(-0.000100879 0 2.29033e-05)
(-8.4951e-05 0 2.50455e-05)
(-6.77112e-05 0 2.68214e-05)
(-4.94143e-05 0 2.81999e-05)
(-3.03346e-05 0 2.9156e-05)
(-1.07612e-05 0 2.96713e-05)
(9.00644e-06 0 2.9736e-05)
(2.86655e-05 0 2.935e-05)
(4.79164e-05 0 2.85228e-05)
(6.64695e-05 0 2.72728e-05)
(8.40503e-05 0 2.5625e-05)
(0.000100404 0 2.36105e-05)
(0.000115299 0 2.12643e-05)
(0.000128528 0 1.86244e-05)
(0.000139911 0 1.57298e-05)
(0.000149296 0 1.26199e-05)
(0.000156554 0 9.33414e-06)
(0.000161586 0 5.91147e-06)
(0.000164316 0 2.39123e-06)
(0.000164694 0 -1.18641e-06)
(0.000162696 0 -4.78063e-06)
(0.000158326 0 -8.34976e-06)
(0.000151614 0 -1.18493e-05)
(0.000142623 0 -1.52311e-05)
(0.000131448 0 -1.84432e-05)
(0.000118217 0 -2.14302e-05)
(0.000103098 0 -2.41342e-05)
(8.62982e-05 0 -2.64962e-05)
(6.80618e-05 0 -2.84586e-05)
(4.86713e-05 0 -2.99679e-05)
(2.84425e-05 0 -3.09785e-05)
(7.71804e-06 0 -3.14565e-05)
(-1.32559e-05 0 -1.04781e-05)
(-3.40645e-05 0 -1.02714e-05)
(-5.42805e-05 0 -9.88933e-06)
(-7.3564e-05 0 -9.34439e-06)
(-9.16043e-05 0 -8.65254e-06)
(-0.000108126 0 -7.8321e-06)
(-0.00012289 0 -6.90254e-06)
(-0.0001357 0 -5.88351e-06)
(-0.000146396 0 -4.79421e-06)
(-0.000154857 0 -3.65288e-06)
(-0.000160996 0 -2.4766e-06)
(-0.000164759 0 -1.28117e-06)
(-0.000166124 0 -8.11797e-08)
(-0.000165094 0 1.10964e-06)
(-0.000161703 0 2.27748e-06)
(-0.000156007 0 3.40889e-06)
(-0.000148094 0 4.49076e-06)
(-0.000138074 0 5.51005e-06)
(-0.000126084 0 6.45369e-06)
(-0.000112289 0 7.30863e-06)
(-9.68773e-05 0 8.06203e-06)
(-8.00656e-05 0 8.70163e-06)
(-6.20928e-05 0 9.21618e-06)
(-4.32198e-05 0 9.59598e-06)
(-2.37253e-05 0 9.8333e-06)
(-3.90116e-06 0 9.92286e-06)
(1.59525e-05 0 9.86227e-06)
(3.55341e-05 0 9.65248e-06)
(5.45472e-05 0 9.29744e-06)
(7.27065e-05 0 8.80376e-06)
(8.97422e-05 0 8.18026e-06)
(0.000105405 0 7.43752e-06)
(0.000119467 0 6.58746e-06)
(0.000131727 0 5.64284e-06)
(0.00014201 0 4.61695e-06)
(0.000150167 0 3.52334e-06)
(0.000156078 0 2.37578e-06)
(0.000159649 0 1.18834e-06)
(0.000160815 0 -2.44205e-08)
(0.000159542 0 -1.24737e-06)
(0.000155823 0 -2.46541e-06)
(0.000149684 0 -3.66256e-06)
(0.000141184 0 -4.82158e-06)
(0.000130416 0 -5.924e-06)
(0.000117514 0 -6.95023e-06)
(0.000102649 0 -7.8799e-06)
(8.60348e-05 0 -8.69241e-06)
(6.79256e-05 0 -9.36766e-06)
(4.86151e-05 0 -9.88711e-06)
(2.84319e-05 0 -1.0235e-05)
(7.7326e-06 0 -1.03996e-05)
(-1.31079e-05 0 -1.0375e-05)
(-3.37091e-05 0 -1.01622e-05)
(-5.36998e-05 0 -9.76867e-06)
(-7.27299e-05 0 -9.20729e-06)
(-9.04792e-05 0 -8.49469e-06)
(-0.000106664 0 -7.64992e-06)
(-0.00012104 0 -6.69329e-06)
(-0.000133405 0 -5.64542e-06)
(-0.000143597 0 -4.52651e-06)
(-0.000151494 0 -3.35587e-06)
(-0.000157011 0 -2.15166e-06)
(-0.000160099 0 -9.30791e-07)
(-0.00016074 0 2.91014e-07)
(-0.000158947 0 1.4987e-06)
(-0.000154763 0 2.67727e-06)
(-0.00014826 0 3.81228e-06)
(-0.000139539 0 4.88974e-06)
(-0.000128729 0 5.89593e-06)
(-0.000115984 0 6.81736e-06)
(-0.000101486 0 7.64085e-06)
(-8.54452e-05 0 8.3538e-06)
(-6.80933e-05 0 8.94463e-06)
(-4.9686e-05 0 9.40314e-06)
(-3.04974e-05 0 9.72106e-06)
(-1.08165e-05 0 9.89243e-06)
(9.05857e-06 0 9.91402e-06)
(2.88258e-05 0 9.78578e-06)
(4.81868e-05 0 9.51088e-06)
(6.68524e-05 0 9.09527e-06)
(8.45481e-05 0 8.54724e-06)
(0.000101018 0 7.87695e-06)
(0.00011603 0 7.09594e-06)
(0.000129374 0 6.21668e-06)
(0.000140867 0 5.25208e-06)
(0.000150352 0 4.21522e-06)
(0.000157699 0 3.11917e-06)
(0.000162803 0 1.97697e-06)
(0.000165585 0 8.01818e-07)
(0.000165994 0 -3.92744e-07)
(0.000164006 0 -1.59297e-06)
(0.000159621 0 -2.78493e-06)
(0.000152872 0 -3.95374e-06)
(0.00014382 0 -5.08326e-06)
(0.000132561 0 -6.15611e-06)
(0.000119226 0 -7.15376e-06)
(0.000103983 0 -8.05685e-06)
(8.70424e-05 0 -8.84569e-06)
(6.86506e-05 0 -9.50102e-06)
(4.90933e-05 0 -1.0005e-05)
(2.86895e-05 0 -1.03424e-05)
(7.78508e-06 0 -1.0502e-05)
)
;

boundaryField
{
    top
    {
        type            directionMixed;
        refValue        uniform (0 0 0);
        refGradient     uniform (0 0 0);
        valueFraction   uniform (0 0 0 0 0 1);
        value           nonuniform List<vector> 
102
(
(-1.32559e-05 0 0)
(-3.40645e-05 0 0)
(-5.42805e-05 0 0)
(-7.3564e-05 0 0)
(-9.16043e-05 0 0)
(-0.000108126 0 0)
(-0.00012289 0 0)
(-0.0001357 0 0)
(-0.000146396 0 0)
(-0.000154857 0 0)
(-0.000160996 0 0)
(-0.000164759 0 0)
(-0.000166124 0 0)
(-0.000165094 0 0)
(-0.000161703 0 0)
(-0.000156007 0 0)
(-0.000148094 0 0)
(-0.000138074 0 0)
(-0.000126084 0 0)
(-0.000112289 0 0)
(-9.68773e-05 0 0)
(-8.00656e-05 0 0)
(-6.20928e-05 0 0)
(-4.32198e-05 0 0)
(-2.37253e-05 0 0)
(-3.90116e-06 0 0)
(1.59525e-05 0 0)
(3.55341e-05 0 0)
(5.45472e-05 0 0)
(7.27065e-05 0 0)
(8.97422e-05 0 0)
(0.000105405 0 0)
(0.000119467 0 0)
(0.000131727 0 0)
(0.00014201 0 0)
(0.000150167 0 0)
(0.000156078 0 0)
(0.000159649 0 0)
(0.000160815 0 0)
(0.000159542 0 0)
(0.000155823 0 0)
(0.000149684 0 0)
(0.000141184 0 0)
(0.000130416 0 0)
(0.000117514 0 0)
(0.000102649 0 0)
(8.60348e-05 0 0)
(6.79256e-05 0 0)
(4.86151e-05 0 0)
(2.84319e-05 0 0)
(7.7326e-06 0 0)
(-1.31079e-05 0 0)
(-3.37091e-05 0 0)
(-5.36998e-05 0 0)
(-7.27299e-05 0 0)
(-9.04792e-05 0 0)
(-0.000106664 0 0)
(-0.00012104 0 0)
(-0.000133405 0 0)
(-0.000143597 0 0)
(-0.000151494 0 0)
(-0.000157011 0 0)
(-0.000160099 0 0)
(-0.00016074 0 0)
(-0.000158947 0 0)
(-0.000154763 0 0)
(-0.00014826 0 0)
(-0.000139539 0 0)
(-0.000128729 0 0)
(-0.000115984 0 0)
(-0.000101486 0 0)
(-8.54452e-05 0 0)
(-6.80933e-05 0 0)
(-4.9686e-05 0 0)
(-3.04974e-05 0 0)
(-1.08165e-05 0 0)
(9.05857e-06 0 0)
(2.88258e-05 0 0)
(4.81868e-05 0 0)
(6.68524e-05 0 0)
(8.45481e-05 0 0)
(0.000101018 0 0)
(0.00011603 0 0)
(0.000129374 0 0)
(0.000140867 0 0)
(0.000150352 0 0)
(0.000157699 0 0)
(0.000162803 0 0)
(0.000165585 0 0)
(0.000165994 0 0)
(0.000164006 0 0)
(0.000159621 0 0)
(0.000152872 0 0)
(0.00014382 0 0)
(0.000132561 0 0)
(0.000119226 0 0)
(0.000103983 0 0)
(8.70424e-05 0 0)
(6.86506e-05 0 0)
(4.90933e-05 0 0)
(2.86895e-05 0 0)
(7.78508e-06 0 0)
)
;
    }
    bottom
    {
        type            fixedValue;
        value           uniform (0 0 0);
    }
    frontAndBack
    {
        type            empty;
    }
    left_cyc
    {
        type            cyclic;
    }
    right_cyc
    {
        type            cyclic;
    }
}


// ************************************************************************* //
