/*--------------------------------*- C++ -*----------------------------------*\
| =========                 |                                                 |
| \\      /  F ield         | OpenFOAM: The Open Source CFD Toolbox           |
|  \\    /   O peration     | Version:  2.3.0                                 |
|   \\  /    A nd           | Web:      www.OpenFOAM.org                      |
|    \\/     M anipulation  |                                                 |
\*---------------------------------------------------------------------------*/
FoamFile
{
    version     2.0;
    format      ascii;
    class       surfaceScalarField;
    location    "25000";
    object      phi;
}
// * * * * * * * * * * * * * * * * * * * * * * * * * * * * * * * * * * * * * //

dimensions      [0 3 -1 0 0 0 0];

internalField   nonuniform List<scalar> 
353
(
-0.406498
0.025713
-0.395718
-0.0107806
-0.369148
-0.0265698
-0.341839
-0.0273086
-0.321584
-0.0202556
-0.310735
-0.0108485
-0.308557
-0.00217814
-0.313056
0.004499
-0.32214
0.00908392
-0.334438
0.0122975
-0.349327
0.0148899
-0.366832
0.017505
0.0207377
-0.640966
0.0844464
-0.648184
-0.00356211
-0.62941
-0.0453445
-0.602033
-0.0546853
-0.576184
-0.0461049
-0.556461
-0.030571
-0.543917
-0.0147222
-0.537696
-0.00172243
-0.536051
0.00743911
-0.536854
0.0131001
-0.538002
0.0160383
-0.537415
0.0169182
0.016164
-0.625001
0.153358
-0.647758
0.0191958
-0.644496
-0.0486068
-0.628756
-0.0704258
-0.608963
-0.0658974
-0.589731
-0.0498031
-0.573087
-0.0313659
-0.559421
-0.0153892
-0.548123
-0.00385816
-0.537723
0.00269942
-0.526106
0.00442122
-0.510604
0.00141682
-0.00641343
-0.50097
0.221468
-0.535072
0.0532973
-0.547199
-0.0364796
-0.546136
-0.0714885
-0.537792
-0.0742411
-0.525947
-0.0616484
-0.512866
-0.0444472
-0.499718
-0.0285375
-0.486806
-0.0167699
-0.473659
-0.0104478
-0.458951
-0.0102863
-0.440522
-0.0170126
-0.0314734
-0.333617
0.281089
-0.373141
0.0928206
-0.397102
-0.0125186
-0.40958
-0.0590098
-0.413885
-0.0699364
-0.412531
-0.0630023
-0.40742
-0.0495587
-0.399928
-0.0360292
-0.390911
-0.0257869
-0.380637
-0.0207217
-0.368647
-0.0222759
-0.353639
-0.0320209
-0.0516662
-0.15182
0.325265
-0.189471
0.130472
-0.219164
0.0171739
-0.240903
-0.0372702
-0.255563
-0.055277
-0.264226
-0.0543391
-0.268016
-0.0457693
-0.268019
-0.0360259
-0.265204
-0.0286022
-0.260286
-0.0256389
-0.253533
-0.0290287
-0.244546
-0.0410084
-0.0641015
0.0272552
0.348827
-0.00226349
0.15999
-0.0313938
0.0463043
-0.0569668
-0.0116972
-0.0777355
-0.0345083
-0.0935084
-0.0385661
-0.104562
-0.0347152
-0.111451
-0.0291373
-0.114929
-0.0251247
-0.115839
-0.0247284
-0.114899
-0.0299687
-0.112421
-0.0434867
-0.0684322
0.191309
0.348508
0.17403
0.177269
0.149729
0.0706052
0.124473
0.0135592
0.101481
-0.0115168
0.0821228
-0.0192077
0.0668004
-0.0193928
0.0554011
-0.0177381
0.047425
-0.0171485
0.0420543
-0.0193578
0.0383429
-0.0262574
0.0354987
-0.0406425
0.329455
0.323398
0.326724
0.180001
0.309649
0.08768
0.287143
0.036065
0.264451
0.011175
0.244242
0.00100111
0.227592
-0.00274215
0.214673
-0.00481904
0.205068
-0.0075438
0.197864
-0.0121539
0.191838
-0.0202312
-0.0345648
0.430023
0.276239
0.441858
0.168166
0.433204
0.0963348
0.415116
0.0541523
0.394629
0.031662
0.37562
0.0200108
0.359849
0.0130287
0.347773
0.00725654
0.338992
0.00123743
0.332344
-0.0055058
0.326122
-0.0140098
-0.0269771
0.478823
0.214278
0.502375
0.144613
0.502156
0.0965543
0.48999
0.0663176
0.473786
0.0478658
0.458041
0.0357563
0.444861
0.0262085
0.434896
0.0172215
0.427842
0.00829119
0.422418
-8.12046e-05
0.416466
-0.00805795
-0.0182208
0.457178
0.149229
0.487117
0.114675
0.494714
0.0889568
0.490536
0.0704959
0.481645
0.056757
0.471957
0.0454445
0.463204
0.0349609
0.455895
0.0245305
0.449881
0.0143049
0.444262
0.00553828
0.437278
-0.00107445
-0.00769909
0.293548
0.104879
0.34909
0.0936866
0.381208
0.0825564
0.398083
0.0720823
0.4062
0.0623784
0.409629
0.0533279
0.410362
0.0447121
0.40904
0.0362828
0.405752
0.0278187
0.400723
0.0193339
0.394627
0.0116342
0.388084
0.00546823
-2.96229e-05
0.155462
0.0517621
0.201209
0.0479393
0.240266
0.0434994
0.27348
0.038868
0.30156
0.0342988
0.324991
0.0298965
0.344039
0.0256639
0.358779
0.0215436
0.36913
0.0174677
0.374972
0.0134916
0.376636
0.00997031
0.375045
0.0070585
0.00429004
0.136962
0.181771
0.221545
0.256171
0.285792
0.310649
0.330974
0.34694
0.358658
0.366302
0.370369
0.371515
)
;

boundaryField
{
    top
    {
        type            calculated;
        value           nonuniform List<scalar> 
13
(
0.00249891
0.00313007
0.00372522
0.00424258
0.0046777
0.00503957
0.00533832
0.00557743
0.00574974
0.00584842
0.0059025
0.00591258
0.00578646
)
;
    }
    bottom
    {
        type            calculated;
        value           uniform 0;
    }
    frontAndBack
    {
        type            empty;
        value           nonuniform 0();
    }
    left_cyc
    {
        type            cyclic;
        value           nonuniform 0();
    }
    right_cyc
    {
        type            cyclic;
        value           nonuniform 0();
    }
    procBoundary1to0
    {
        type            processor;
        value           nonuniform List<scalar> 
16
(
0.380785
0.582232
0.556089
0.43286
0.273996
0.107645
-0.0508176
-0.19099
-0.304345
-0.382864
-0.416861
-0.39213
-0.191041
-0.207386
-0.102345
-0.0876987
)
;
    }
    procBoundary1to2
    {
        type            processor;
        value           nonuniform List<scalar> 
16
(
-0.38757
-0.532841
-0.488027
-0.415462
-0.333446
-0.232111
-0.10809
0.0330532
-0.0659867
0.18576
0.318535
0.40771
0.426757
0.380415
0.370726
0.370019
)
;
    }
}


// ************************************************************************* //
