/*--------------------------------*- C++ -*----------------------------------*\
| =========                 |                                                 |
| \\      /  F ield         | OpenFOAM: The Open Source CFD Toolbox           |
|  \\    /   O peration     | Version:  2.3.0                                 |
|   \\  /    A nd           | Web:      www.OpenFOAM.org                      |
|    \\/     M anipulation  |                                                 |
\*---------------------------------------------------------------------------*/
FoamFile
{
    version     2.0;
    format      ascii;
    class       surfaceScalarField;
    location    "15000";
    object      phi;
}
// * * * * * * * * * * * * * * * * * * * * * * * * * * * * * * * * * * * * * //

dimensions      [0 3 -1 0 0 0 0];

internalField   nonuniform List<scalar> 
353
(
-0.406402
0.0263757
-0.395975
-0.0104268
-0.369505
-0.02647
-0.342144
-0.0273613
-0.321771
-0.0203725
-0.310798
-0.0109729
-0.308516
-0.00228242
-0.312938
0.00442251
-0.32197
0.00903168
-0.334228
0.012258
-0.349082
0.0148534
-0.366545
0.0174633
0.0206821
-0.640529
0.0860124
-0.648258
-0.00269758
-0.629709
-0.045019
-0.602374
-0.0546971
-0.576468
-0.0462781
-0.556654
-0.0307871
-0.544019
-0.0149171
-0.537726
-0.00187091
-0.536035
0.00734127
-0.536822
0.0130443
-0.537983
0.0160148
-0.53744
0.0169206
0.0161883
-0.624384
0.155711
-0.647623
0.0205413
-0.644617
-0.0480248
-0.628985
-0.0703296
-0.609213
-0.0660497
-0.589958
-0.0500416
-0.573278
-0.031598
-0.559577
-0.0155718
-0.548259
-0.00397614
-0.537864
0.00264888
-0.526287
0.00443745
-0.510868
0.00150183
-0.00625582
-0.500282
0.224377
-0.534762
0.0550216
-0.547123
-0.0356647
-0.546194
-0.0712584
-0.53792
-0.0743236
-0.526105
-0.0618565
-0.513032
-0.044671
-0.499883
-0.028721
-0.486972
-0.0168869
-0.473838
-0.0104846
-0.45917
-0.0102313
-0.440816
-0.0168522
-0.0311943
-0.332955
0.284297
-0.372717
0.0947836
-0.396856
-0.0115252
-0.409463
-0.0586524
-0.413857
-0.0699292
-0.412564
-0.063149
-0.407493
-0.0497425
-0.400027
-0.0361873
-0.391028
-0.0258857
-0.380774
-0.0207388
-0.368816
-0.0221893
-0.353863
-0.0318049
-0.0512962
-0.151282
0.328526
-0.189025
0.132527
-0.218819
0.0182685
-0.240655
-0.0368169
-0.255398
-0.0551853
-0.264132
-0.054415
-0.267978
-0.0458966
-0.268025
-0.036141
-0.265241
-0.0286695
-0.260348
-0.0256317
-0.253619
-0.0289181
-0.244665
-0.040759
-0.0636781
0.0275948
0.351923
-0.00187932
0.162002
-0.0310286
0.0474178
-0.0566542
-0.0111913
-0.0774857
-0.0343539
-0.0933214
-0.0385793
-0.104433
-0.0347848
-0.111371
-0.0292033
-0.114887
-0.0251538
-0.115824
-0.0246946
-0.114902
-0.0298402
-0.112439
-0.0432219
-0.0679876
0.191406
0.351249
0.174301
0.179107
0.150058
0.0716607
0.124795
0.0140719
0.101766
-0.0113249
0.0823581
-0.0191717
0.0669843
-0.019411
0.0555373
-0.0177564
0.0475224
-0.0171389
0.0421257
-0.0192979
0.0384017
-0.0261162
0.0355554
-0.0403755
0.329295
0.325635
0.326854
0.181548
0.309913
0.0886016
0.287445
0.0365397
0.264738
0.0113824
0.24449
0.00107702
0.227791
-0.00271236
0.214825
-0.0047909
0.205183
-0.0074965
0.197956
-0.0120714
0.191925
-0.0200848
-0.0343095
0.429634
0.277882
0.441847
0.169335
0.43339
0.0970583
0.415379
0.0545512
0.394896
0.0318658
0.375853
0.0201196
0.360035
0.0131055
0.347912
0.00733195
0.339094
0.00132196
0.332428
-0.00540594
0.326214
-0.0138701
-0.0267525
0.478282
0.21531
0.502248
0.145369
0.50226
0.0970464
0.490194
0.066617
0.474009
0.0480509
0.45824
0.0358885
0.44502
0.0263255
0.435013
0.0173392
0.427927
0.0084082
0.422494
2.68608e-05
0.416564
-0.00794079
-0.0180494
0.456605
0.149723
0.486917
0.115058
0.49473
0.0892333
0.490651
0.0706953
0.48179
0.0569122
0.472097
0.0455815
0.463327
0.0350956
0.455999
0.0246675
0.449972
0.0144349
0.444358
0.00564032
0.437409
-0.00099088
-0.00759446
0.292691
0.105018
0.348583
0.093831
0.380946
0.0826948
0.397968
0.0722107
0.406166
0.0624974
0.409639
0.05344
0.410399
0.0448206
0.409104
0.0363912
0.405842
0.0279295
0.400834
0.0194429
0.394748
0.011726
0.388214
0.00554347
4.52042e-05
0.154871
0.0518067
0.200708
0.047994
0.239844
0.0435584
0.273128
0.0389273
0.301269
0.0343562
0.324757
0.0299517
0.34386
0.0257174
0.358655
0.0215965
0.369064
0.0175205
0.374965
0.013542
0.376679
0.0100122
0.375127
0.00709543
0.00432763
0.136397
0.181269
0.221109
0.255799
0.285482
0.310398
0.33078
0.346802
0.358574
0.366268
0.370378
0.37156
)
;

boundaryField
{
    top
    {
        type            calculated;
        value           nonuniform List<scalar> 
13
(
0.00249157
0.00312264
0.00371856
0.00423694
0.00467303
0.00503574
0.00533524
0.00557511
0.00574833
0.00584791
0.00590223
0.00591349
0.00578966
)
;
    }
    bottom
    {
        type            calculated;
        value           uniform 0;
    }
    frontAndBack
    {
        type            empty;
        value           nonuniform 0();
    }
    left_cyc
    {
        type            cyclic;
        value           nonuniform 0();
    }
    right_cyc
    {
        type            cyclic;
        value           nonuniform 0();
    }
    procBoundary1to0
    {
        type            processor;
        value           nonuniform List<scalar> 
16
(
0.380026
0.580892
0.554686
0.431615
0.273035
0.107053
-0.050992
-0.190732
-0.303681
-0.381882
-0.41571
-0.391018
-0.191594
-0.206114
-0.10166
-0.0870824
)
;
    }
    procBoundary1to2
    {
        type            processor;
        value           nonuniform List<scalar> 
16
(
-0.387227
-0.532946
-0.488424
-0.415877
-0.333761
-0.232283
-0.108129
0.0331145
-0.0655468
0.185859
0.318657
0.407861
0.426954
0.380574
0.370844
0.370098
)
;
    }
}


// ************************************************************************* //
