/*--------------------------------*- C++ -*----------------------------------*\
| =========                 |                                                 |
| \\      /  F ield         | OpenFOAM: The Open Source CFD Toolbox           |
|  \\    /   O peration     | Version:  2.3.0                                 |
|   \\  /    A nd           | Web:      www.OpenFOAM.org                      |
|    \\/     M anipulation  |                                                 |
\*---------------------------------------------------------------------------*/
FoamFile
{
    version     2.0;
    format      ascii;
    class       volScalarField;
    location    "10000";
    object      p;
}
// * * * * * * * * * * * * * * * * * * * * * * * * * * * * * * * * * * * * * //

dimensions      [0 2 -2 0 0 0 0];

internalField   nonuniform List<scalar> 
3060
(
0
-3.18392
-9.14338
-17.8165
-29.1332
-43.0318
-59.4666
-78.3982
-99.7642
-123.441
-149.219
-176.777
-205.667
-235.284
-264.805
-293.211
-319.439
-342.573
-361.862
-376.866
-387.771
-395.083
-399.589
-402.129
-403.382
-403.763
-403.419
-402.237
-399.842
-395.587
-388.64
-378.189
-363.682
-344.866
-322.107
-296.135
-267.86
-238.37
-208.725
-179.784
-152.19
-126.415
-102.798
-81.5608
-62.8347
-46.6872
-33.1599
-22.2988
-14.1635
-8.81858
-6.31847
-6.69328
-9.93796
-16.0151
-24.8663
-36.4267
-50.6402
-67.4637
-86.8523
-108.726
-132.931
-159.217
-187.215
-216.408
-246.106
-275.386
-303.16
-328.374
-350.168
-367.869
-381.281
-390.75
-396.913
-400.607
-402.635
-403.573
-403.728
-403.144
-401.606
-398.627
-393.472
-385.291
-373.355
-357.227
-336.871
-312.851
-285.959
-257.156
-227.517
-198.021
-169.426
-142.295
-117.039
-93.9492
-73.2103
-54.9266
-39.1511
-25.9223
-15.2901
-7.3199
-2.08097
0.369389
34.2502
31.7285
26.9725
19.9681
10.6897
-0.893508
-14.8
-31.0089
-49.4337
-69.9077
-92.1759
-115.875
-140.496
-165.359
-189.78
-213.425
-236.175
-257.274
-275.301
-289.23
-299.318
-306.203
-310.635
-313.296
-314.699
-315.151
-314.763
-313.45
-310.933
-306.727
-300.167
-290.501
-277.073
-259.516
-238.706
-216.09
-192.543
-168.232
-143.449
-118.876
-95.2182
-73.0121
-52.6399
-34.3691
-18.3732
-4.74072
6.50864
15.3965
21.9573
26.2201
28.2006
27.9043
25.3304
20.4715
13.3081
3.80855
-8.06044
-22.3127
-38.913
-57.7517
-78.6317
-101.258
-125.214
-149.917
-174.632
-198.749
-222.085
-244.351
-264.455
-280.963
-293.352
-302.137
-308.013
-311.721
-313.885
-314.939
-315.108
-314.425
-312.732
-309.667
-304.664
-297.016
-285.984
-270.963
-251.994
-230.342
-207.323
-183.471
-158.881
-134.009
-109.569
-86.2011
-64.3711
-44.4115
-26.5528
-10.9402
2.35892
13.3369
22.0179
28.4323
32.6034
34.5417
63.2668
60.705
55.9022
48.9017
39.7767
28.6453
15.6805
1.10548
-14.8315
-31.8918
-49.8707
-68.6034
-87.9718
-107.922
-128.403
-148.936
-168.159
-184.787
-198.806
-210.643
-219.735
-225.511
-228.838
-230.672
-231.585
-231.866
-231.614
-230.753
-229.027
-225.915
-220.511
-211.861
-200.326
-186.619
-170.399
-151.528
-131.179
-110.792
-90.9409
-71.6896
-53.0859
-35.2493
-18.3528
-2.61164
11.7256
24.4032
35.1941
43.9245
50.4771
54.78
56.7912
56.4897
53.879
48.9854
41.8573
32.5769
21.2755
8.14202
-6.5859
-22.651
-39.8115
-57.8628
-76.644
-96.0538
-116.056
-136.526
-156.651
-174.895
-190.402
-203.544
-214.435
-222.192
-226.897
-229.576
-231.039
-231.725
-231.838
-231.408
-230.291
-228.139
-224.275
-217.684
-207.767
-195.358
-180.715
-163.352
-143.628
-123.011
-102.654
-82.8525
-63.6425
-45.093
-27.3363
-10.548
5.05732
19.2352
31.7407
42.362
50.941
57.3725
61.5927
63.5637
110.976
108.499
103.869
97.154
88.4563
77.9233
65.7511
52.1783
37.4644
21.8585
5.56988
-11.2486
-28.5005
-46.1165
-63.9057
-81.232
-97.0585
-111.024
-123.426
-133.386
-140.508
-145.543
-148.086
-149.041
-149.352
-149.414
-149.336
-149.037
-148.184
-145.936
-141.238
-134.456
-124.973
-112.907
-99.2479
-83.7573
-66.6694
-49.018
-31.5184
-14.3935
2.28314
18.4131
33.8391
48.345
61.6739
73.5589
83.7566
92.0681
98.3454
102.487
104.428
104.137
101.618
96.9133
90.0948
81.2759
70.6177
58.3317
44.6703
29.9012
14.2733
-2.01147
-18.8117
-36.0413
-53.6139
-71.2178
-87.9796
-102.966
-116.221
-127.734
-136.432
-142.68
-146.724
-148.488
-149.141
-149.365
-149.405
-149.296
-148.872
-147.623
-144.45
-138.855
-131.078
-120.361
-107.531
-93.1104
-76.8081
-59.2621
-41.4829
-23.9529
-6.80751
9.8841
26.0117
41.4068
55.8477
69.0793
80.8446
90.9147
99.1064
105.285
109.356
111.263
158.063
155.843
151.697
145.691
137.921
128.518
117.644
105.489
92.2604
78.1666
63.4105
48.1873
32.6981
17.1767
1.94429
-12.5286
-25.7947
-37.955
-49.1557
-58.0929
-63.9008
-67.1142
-68.3155
-68.4171
-68.1643
-68.02
-68.1083
-68.3398
-68.3312
-67.3575
-64.5383
-59.211
-50.791
-39.86
-27.8724
-14.8194
-0.542
14.5389
29.9272
45.2846
60.368
74.9693
88.8867
101.911
113.827
124.423
133.507
140.913
146.512
150.21
151.944
151.684
149.435
145.235
139.154
131.297
121.803
110.843
98.6178
85.3403
71.225
56.4787
41.3032
25.9118
10.5651
-4.36185
-18.3436
-31.0803
-42.843
-53.2903
-60.8692
-65.4975
-67.737
-68.3912
-68.2712
-68.0585
-68.03
-68.2213
-68.4485
-68.1281
-66.5016
-62.6507
-56.0621
-46.3655
-34.8587
-22.4502
-8.85061
5.87409
21.2212
36.7609
52.2013
67.3213
81.9235
95.8112
108.78
120.619
131.126
140.116
147.436
152.964
156.612
158.321
199.405
197.385
193.617
188.17
181.145
172.671
162.906
152.03
140.236
127.721
114.682
101.309
87.802
74.3823
61.3256
48.9945
37.808
28.0553
19.9317
13.6007
9.34845
8.14445
9.22945
11.1336
12.3962
12.7928
12.5083
11.3924
9.47245
8.11249
8.80783
12.5943
18.653
26.5105
36.0247
46.9881
59.1287
72.0265
85.3022
98.6682
111.894
124.774
137.111
148.702
159.345
168.842
177.011
183.694
188.759
192.111
193.685
193.449
191.408
187.602
182.105
175.022
166.49
156.676
145.767
133.962
121.465
108.476
95.1928
81.8262
68.6175
55.8752
44.0038
33.3997
24.2928
16.9087
11.3322
8.34469
8.3423
9.99033
11.7886
12.6559
12.7633
12.1711
10.6544
8.82094
8.18092
10.1869
15.0946
21.8845
30.4582
40.603
52.1244
64.6863
77.869
91.3354
104.827
118.132
131.053
143.398
154.971
165.574
175.019
183.128
189.752
194.768
198.085
199.64
237.821
235.997
232.599
227.698
221.391
213.807
205.097
195.43
184.986
173.952
162.517
150.871
139.209
127.745
116.724
106.433
97.1803
89.2335
82.8817
78.5482
76.7441
78.1976
82.5299
87.4923
91.0335
92.2037
91.3404
88.1055
83.1769
78.5038
76.504
77.8601
81.8658
87.9449
95.6654
104.715
114.829
125.693
137.012
148.532
160.033
171.311
182.171
192.419
201.863
210.32
217.616
223.602
228.151
231.166
232.583
232.37
230.533
227.111
222.178
215.838
208.223
199.492
189.821
179.395
168.408
157.053
145.527
134.036
122.81
112.11
102.245
93.5174
86.1874
80.6093
77.2186
76.6953
79.5559
84.5407
89.1805
91.7773
92.1097
90.3418
86.2761
81.2403
77.495
76.9299
79.4693
84.3682
91.1745
99.4857
109.038
119.551
130.713
142.25
153.927
165.537
176.885
187.782
198.041
207.475
215.906
223.17
229.12
233.637
236.628
238.033
273.746
272.102
269.045
264.645
259
252.237
244.503
235.96
226.78
217.143
207.228
197.217
187.296
177.662
168.531
160.145
152.761
146.628
142.023
139.316
139.008
142.054
149.111
157.72
164.259
166.821
164.881
158.793
150.214
142.641
138.98
138.872
141.27
145.621
151.539
158.733
166.952
175.931
185.423
195.206
205.076
214.839
224.311
233.304
241.637
249.133
255.628
260.975
265.05
267.757
269.03
268.839
267.188
264.118
259.702
254.043
247.272
239.542
231.02
221.884
212.319
202.51
192.644
182.917
173.536
164.729
156.753
149.867
144.325
140.443
138.631
139.542
144.31
152.528
160.724
165.822
166.588
162.898
155.559
146.974
140.869
138.82
139.823
143.064
148.101
154.584
162.255
170.862
180.145
189.873
199.836
209.839
219.699
229.233
238.263
246.611
254.107
260.59
265.92
269.978
272.671
273.937
308.025
306.548
303.805
299.866
294.831
288.824
281.989
274.484
266.476
258.135
249.633
241.141
232.834
224.888
217.492
210.852
205.183
200.707
197.675
196.409
197.325
201.103
208.708
219.085
227.895
231.543
228.761
220.48
209.972
201.761
197.471
196.195
197.178
199.976
204.253
209.747
216.231
223.484
231.296
239.472
247.83
256.19
264.375
272.21
279.52
286.134
291.893
296.654
300.294
302.717
303.858
303.687
302.208
299.461
295.519
290.485
284.489
277.678
270.215
262.272
254.025
245.648
237.321
229.222
221.537
214.463
208.215
203.016
199.096
196.736
196.292
198.261
203.518
212.664
223.037
230.096
231.203
226.001
216.341
206.346
199.79
196.851
196.555
198.317
201.754
206.564
212.508
219.366
226.924
234.981
243.354
251.864
260.34
268.61
276.503
283.849
290.482
296.247
301.007
304.641
307.059
308.196
341.265
339.943
337.491
333.98
329.509
324.202
318.199
311.654
304.729
297.586
290.389
283.298
276.471
270.069
264.254
259.197
255.075
252.07
250.387
250.277
252.056
256.146
263.11
272.603
281.367
285.202
282.262
273.939
264.235
256.807
252.333
250.256
250.122
251.599
254.427
258.391
263.306
268.991
275.27
281.975
288.943
296.01
303.01
309.776
316.142
321.943
327.023
331.243
334.481
336.642
337.662
337.509
336.188
333.739
330.236
325.779
320.497
314.534
308.048
301.205
294.172
287.115
280.2
273.59
267.45
261.949
257.264
253.577
251.079
249.994
250.6
253.25
258.448
266.648
276.438
283.663
284.839
279.419
270.019
261.002
254.831
251.395
250.144
250.692
252.742
256.057
260.44
265.712
271.696
278.225
285.135
292.269
299.468
306.569
313.411
319.829
325.664
330.765
334.996
338.238
340.4
341.419
373.905
372.728
370.551
367.444
363.503
358.852
353.626
347.977
342.058
336.026
330.033
324.229
318.757
313.759
309.372
305.736
302.988
301.266
300.719
301.516
303.852
307.945
313.986
321.621
328.725
331.937
329.464
322.681
314.91
308.579
304.218
301.653
300.659
301.035
302.604
305.215
308.726
312.997
317.885
323.247
328.941
334.816
340.72
346.496
351.984
357.027
361.473
365.187
368.047
369.962
370.867
370.731
369.559
367.391
364.298
360.382
355.767
350.594
345.016
339.191
333.28
327.437
321.816
316.564
311.824
307.738
304.448
302.094
300.82
300.783
302.166
305.177
310.043
316.861
324.691
330.636
331.63
327.121
319.56
312.226
306.701
303.088
301.173
300.745
301.614
303.618
306.611
310.456
315.016
320.151
325.723
331.59
337.607
343.625
349.488
355.041
360.13
364.609
368.342
371.214
373.135
374.042
406.226
405.191
403.28
400.562
397.131
393.107
388.622
383.821
378.849
373.856
368.982
364.366
360.136
356.414
353.316
350.948
349.411
348.798
349.201
350.71
353.411
357.361
362.517
368.454
373.737
376.112
374.28
369.247
363.271
357.959
353.841
350.978
349.321
348.782
349.27
350.693
352.954
355.952
359.578
363.713
368.232
373.002
377.884
382.729
387.387
391.71
395.551
398.779
401.277
402.954
403.748
403.629
402.601
400.703
398.006
394.606
390.627
386.203
381.481
376.613
371.746
367.028
362.597
358.584
355.11
352.294
350.242
349.054
348.824
349.646
351.61
354.797
359.242
364.811
370.746
375.148
375.886
372.552
366.892
361.072
356.214
352.592
350.21
348.997
348.868
349.731
351.494
354.063
357.335
361.201
365.544
370.239
375.158
380.159
385.1
389.833
394.211
398.092
401.347
403.862
405.549
406.347
438.383
437.489
435.844
433.511
430.585
427.177
423.415
419.433
415.371
411.364
407.545
404.036
400.953
398.398
396.464
395.23
394.76
395.106
396.308
398.39
401.347
405.125
409.555
414.203
418.081
419.775
418.47
414.801
410.184
405.695
401.827
398.768
396.584
395.281
394.838
395.216
396.363
398.214
400.688
403.691
407.116
410.848
414.758
418.712
422.57
426.191
429.439
432.188
434.327
435.769
436.453
436.35
435.465
433.836
431.528
428.638
425.28
421.584
417.688
413.733
409.857
406.193
402.867
399.992
397.672
395.998
395.046
394.877
395.541
397.072
399.487
402.765
406.821
411.41
415.91
419.09
419.615
417.226
413.016
408.357
404.071
400.497
397.766
395.915
394.939
394.81
395.485
396.908
399.013
401.715
404.92
408.521
412.401
416.435
420.489
424.427
428.109
431.402
434.183
436.344
437.798
438.487
470.426
469.678
468.304
466.367
463.953
461.167
458.128
454.96
451.789
448.741
445.932
443.474
441.463
439.987
439.115
438.901
439.377
440.561
442.447
445.004
448.165
451.803
455.694
459.439
462.356
463.582
462.642
459.909
456.24
452.355
448.687
445.475
442.856
440.903
439.649
439.103
439.249
440.053
441.464
443.409
445.8
448.536
451.504
454.584
457.649
460.569
463.22
465.483
467.256
468.457
469.027
468.942
468.204
466.848
464.938
462.564
459.832
456.862
453.781
450.718
447.799
445.143
442.859
441.046
439.787
439.15
439.182
439.912
441.349
443.481
446.263
449.61
453.364
457.243
460.751
463.092
463.468
461.726
458.511
454.676
450.822
447.291
444.278
441.892
440.187
439.188
438.894
439.284
440.32
441.943
444.08
446.64
449.522
452.614
455.795
458.942
461.926
464.626
466.924
468.722
469.936
470.513
502.33
501.735
500.647
499.124
497.244
495.103
492.806
490.464
488.19
486.092
484.274
482.83
481.842
481.378
481.489
482.205
483.533
485.459
487.942
490.911
494.255
497.808
501.329
504.474
506.771
507.701
506.996
504.866
501.823
498.352
494.814
491.46
488.463
485.942
483.971
482.593
481.827
481.665
482.078
483.014
484.405
486.166
488.2
490.402
492.661
494.862
496.895
498.653
500.043
500.99
501.443
501.375
500.79
499.722
498.228
496.39
494.303
492.076
489.821
487.653
485.68
484.007
482.727
481.921
481.654
481.972
482.897
484.432
486.552
489.206
492.309
495.73
499.278
502.677
505.534
507.335
507.615
506.286
503.716
500.433
496.875
493.357
490.097
487.246
484.903
483.13
481.961
481.405
481.447
482.054
483.169
484.719
486.62
488.774
491.076
493.417
495.683
497.766
499.561
500.977
501.94
502.399
534.007
533.577
532.796
531.715
530.403
528.942
527.422
525.938
524.583
523.451
522.625
522.182
522.189
522.695
523.734
525.313
527.42
530.017
533.035
536.375
539.899
543.423
546.713
549.48
551.396
552.147
551.584
549.826
547.175
543.965
540.488
536.986
533.647
530.615
527.995
525.857
524.244
523.169
522.626
522.581
522.984
523.767
524.853
526.154
527.576
529.025
530.405
531.626
532.607
533.284
533.609
533.561
533.141
532.38
531.329
530.059
528.653
527.202
525.802
524.549
523.534
522.843
522.55
522.721
523.401
524.616
526.368
528.637
531.373
534.496
537.892
541.408
544.841
547.935
550.385
551.856
552.077
550.998
548.828
545.894
542.517
538.973
535.481
532.213
529.297
526.823
524.851
523.412
522.514
522.143
522.259
522.809
523.722
524.922
526.319
527.821
529.334
530.765
532.024
533.032
533.725
534.058
565.326
565.074
564.626
564.023
563.322
562.588
561.894
561.313
560.919
560.782
560.968
561.535
562.529
563.986
565.917
568.317
571.154
574.372
577.883
581.571
585.282
588.831
591.998
594.546
596.239
596.887
596.407
594.864
592.443
589.373
585.895
582.228
578.564
575.059
571.836
568.985
566.566
564.611
563.13
562.11
561.517
561.302
561.408
561.767
562.308
562.957
563.639
564.282
564.822
565.205
565.393
565.364
565.124
564.695
564.123
563.464
562.784
562.156
561.656
561.356
561.327
561.635
562.336
563.473
565.077
567.155
569.691
572.646
575.952
579.511
583.192
586.83
590.224
593.147
595.361
596.64
596.827
595.893
593.955
591.223
587.934
584.322
580.6
576.945
573.5
570.375
567.648
565.369
563.561
562.228
561.349
560.887
560.791
561.002
561.452
562.069
562.78
563.512
564.193
564.76
565.161
565.356
596.112
596.055
595.969
595.886
595.846
595.895
596.084
596.463
597.08
597.984
599.217
600.817
602.812
605.218
608.032
611.231
614.772
618.583
622.566
626.594
630.51
634.131
637.259
639.697
641.274
641.867
641.429
639.999
637.691
634.672
631.135
627.281
623.294
619.333
615.531
611.99
608.783
605.958
603.538
601.529
599.914
598.665
597.746
597.112
596.717
596.509
596.439
596.457
596.518
596.581
596.618
596.612
596.567
596.501
596.448
596.449
596.55
596.802
597.255
597.959
598.96
600.301
602.016
604.131
606.658
609.586
612.886
616.503
620.357
624.338
628.307
632.097
635.518
638.369
640.463
641.642
641.811
640.953
639.138
636.501
633.225
629.509
625.547
621.517
617.567
613.818
610.361
607.259
604.551
602.253
600.364
598.863
597.719
596.894
596.344
596.019
595.872
595.85
595.906
595.993
596.074
596.119
626.158
626.314
626.621
627.1
627.772
628.663
629.797
631.197
632.887
634.887
637.217
639.89
642.914
646.288
649.993
653.994
658.233
662.632
667.084
671.459
675.6
679.337
682.49
684.896
686.425
686.993
686.573
685.186
682.911
679.872
676.229
672.16
667.837
663.42
659.041
654.812
650.814
647.106
643.727
640.697
638.02
635.687
633.687
632
630.606
629.481
628.603
627.946
627.487
627.203
627.076
627.095
627.262
627.59
628.099
628.811
629.751
630.944
632.413
634.179
636.265
638.686
641.455
644.576
648.044
651.831
655.896
660.174
664.574
668.981
673.253
677.228
680.73
683.584
685.637
686.777
686.939
686.115
684.348
681.732
678.41
674.551
670.332
665.923
661.473
657.107
652.924
648.996
645.375
642.091
639.159
636.576
634.334
632.417
630.805
629.476
628.408
627.577
626.957
626.525
626.259
626.14
655.224
655.609
656.34
657.422
658.857
660.647
662.787
665.274
668.1
671.259
674.742
678.54
682.638
687.016
691.639
696.46
701.414
706.412
711.347
716.087
720.483
724.374
727.604
730.034
731.56
732.122
731.701
730.313
728.012
724.897
721.103
716.786
712.105
707.213
702.242
697.306
692.494
687.875
683.499
679.403
675.61
672.136
668.991
666.187
663.73
661.627
659.885
658.505
657.488
656.829
656.525
656.571
656.967
657.719
658.83
660.305
662.142
664.337
666.886
669.78
673.012
676.571
680.445
684.616
689.059
693.734
698.585
703.54
708.502
713.352
717.953
722.149
725.781
728.694
730.765
731.904
732.069
731.251
729.482
726.832
723.415
719.376
714.875
710.071
705.107
700.111
695.185
690.41
685.847
681.54
677.518
673.801
670.402
667.329
664.591
662.194
660.145
658.448
657.105
656.115
655.475
655.179
683.044
683.672
684.853
686.574
688.817
691.557
694.76
698.393
702.418
706.798
711.496
716.476
721.702
727.131
732.714
738.392
744.09
749.717
755.162
760.297
764.98
769.067
772.416
774.911
776.466
777.035
776.601
775.178
772.808
769.571
765.582
760.979
755.906
750.508
744.913
739.237
733.572
727.998
722.576
717.359
712.391
707.711
703.36
699.375
695.795
692.659
690.003
687.857
686.248
685.192
684.699
684.773
685.413
686.614
688.366
690.648
693.433
696.688
700.377
704.462
708.903
713.661
718.698
723.973
729.44
735.044
740.719
746.384
751.939
757.265
762.229
766.686
770.491
773.512
775.641
776.809
776.981
776.152
774.346
771.618
768.064
763.807
758.992
753.763
748.259
742.603
736.902
731.243
725.695
720.315
715.149
710.239
705.62
701.33
697.404
693.879
690.794
688.181
686.072
684.491
683.454
682.971
709.332
710.215
711.863
714.251
717.335
721.063
725.375
730.203
735.479
741.135
747.105
753.324
759.732
766.265
772.858
779.439
785.925
792.221
798.216
803.785
808.797
813.12
816.629
819.225
820.833
821.416
820.961
819.477
817
813.598
809.37
804.437
798.929
792.982
786.72
780.256
773.69
767.108
760.585
754.19
747.989
742.048
736.433
731.215
726.464
722.25
718.641
715.697
713.47
712
711.311
711.415
712.309
713.979
716.397
719.52
723.293
727.654
732.534
737.862
743.568
749.584
755.842
762.277
768.822
775.407
781.955
788.376
794.567
800.412
805.782
810.544
814.567
817.736
819.959
821.177
821.361
820.508
818.637
815.795
812.062
807.547
802.377
796.684
790.599
784.243
777.723
771.131
764.548
758.041
751.677
745.516
739.622
734.059
728.893
724.194
720.029
716.463
713.557
711.359
709.909
709.23
733.787
734.928
737.054
740.121
744.062
748.8
754.244
760.296
766.857
773.827
781.111
788.616
796.254
803.94
811.593
819.128
826.453
833.467
840.059
846.111
851.498
856.102
859.812
862.54
864.224
864.829
864.343
862.776
860.158
856.549
852.034
846.72
840.728
834.18
827.198
819.895
812.375
804.733
797.057
789.434
781.954
774.707
767.791
761.306
755.354
750.038
745.455
741.697
738.84
736.947
736.058
736.191
737.344
739.493
742.591
746.573
751.356
756.848
762.949
769.556
776.568
783.885
791.412
799.057
806.732
814.35
821.823
829.052
835.932
842.347
848.174
853.29
857.578
860.936
863.284
864.571
864.772
863.884
861.923
858.931
854.978
850.159
844.586
838.381
831.667
824.562
817.173
809.599
801.929
794.247
786.635
779.179
771.969
765.096
758.659
752.757
747.488
742.95
739.231
736.405
734.533
733.654
756.097
757.495
760.096
763.836
768.63
774.373
780.945
788.221
796.071
804.365
812.978
821.791
830.688
839.564
848.317
856.85
865.061
872.844
880.086
886.672
892.486
897.419
901.372
904.267
906.047
906.681
906.157
904.484
901.691
897.83
892.978
887.231
880.699
873.497
865.742
857.55
849.029
840.285
831.419
822.538
813.754
805.185
796.958
789.201
782.048
775.632
770.08
765.511
762.029
759.715
758.627
758.79
760.201
762.826
766.6
771.435
777.224
783.844
791.168
799.06
807.389
816.026
824.847
833.735
842.578
851.274
859.72
867.808
875.43
882.469
888.807
894.331
898.932
902.521
905.026
906.401
906.622
905.688
903.613
900.435
896.218
891.045
885.018
878.249
870.854
862.949
854.644
846.043
837.248
828.357
819.47
810.699
802.158
793.968
786.256
779.152
772.784
767.279
762.751
759.302
757.011
755.934
775.95
777.596
780.652
785.04
790.654
797.364
805.026
813.487
822.59
832.178
842.098
852.204
862.358
872.429
882.3
891.857
900.989
909.58
917.517
924.687
930.977
936.286
940.524
943.617
945.513
946.182
945.614
943.815
940.814
936.66
931.423
925.192
918.069
910.165
901.596
892.478
882.928
873.063
863.001
852.864
842.789
832.92
823.41
814.417
806.1
798.621
792.136
786.788
782.704
779.986
778.706
778.898
780.557
783.639
788.063
793.72
800.478
808.19
816.699
825.842
835.461
845.398
855.502
865.633
875.656
885.45
894.898
903.884
912.291
920.002
926.903
932.884
937.846
941.706
944.397
945.876
946.122
945.131
942.918
939.52
934.995
929.421
922.89
915.509
907.389
898.646
889.392
879.741
869.806
859.701
849.547
839.476
829.629
820.154
811.204
802.937
795.51
789.073
783.769
779.72
777.027
775.759
793.045
794.918
798.394
803.38
809.749
817.353
826.024
835.585
845.855
856.655
867.807
879.143
890.502
901.732
912.698
923.272
933.327
942.743
951.4
959.184
965.986
971.707
976.26
979.576
981.604
982.315
981.696
979.755
976.521
972.042
966.385
959.634
951.888
943.257
933.856
923.808
913.237
902.273
891.049
879.708
868.406
857.311
846.599
836.452
827.055
818.593
811.244
805.177
800.538
797.447
795.99
796.209
798.097
801.6
806.623
813.039
820.694
829.417
839.027
849.339
860.168
871.333
882.661
893.987
905.157
916.031
926.478
936.37
945.581
953.993
961.489
967.964
973.322
977.482
980.382
981.98
982.252
981.196
978.827
975.182
970.317
964.305
957.237
949.214
940.346
930.751
920.548
909.86
898.811
887.533
876.166
864.862
853.786
843.108
833.006
823.66
815.252
807.956
801.935
797.334
794.27
792.827
807.093
809.165
813.007
818.513
825.542
833.926
843.479
854.005
865.303
877.174
889.423
901.863
914.314
926.607
938.589
950.117
961.052
971.264
980.626
989.021
996.339
1002.48
1007.36
1010.91
1013.08
1013.83
1013.16
1011.07
1007.59
1002.78
996.693
989.418
981.053
971.709
961.506
950.572
939.041
927.056
914.768
902.334
889.931
877.745
865.97
854.807
844.463
835.14
827.038
820.342
815.219
811.803
810.192
810.434
812.521
816.392
821.939
829.017
837.455
847.063
857.64
868.982
880.883
893.144
905.572
917.985
930.21
942.09
953.479
964.236
974.228
983.328
991.418
998.393
1004.16
1008.63
1011.74
1013.47
1013.76
1012.64
1010.11
1006.21
1000.99
994.532
986.923
978.264
968.668
958.254
947.151
935.49
923.412
911.062
898.597
886.19
874.022
862.282
851.167
840.876
831.611
823.564
816.919
811.836
808.448
806.852
817.848
820.08
824.216
830.141
837.7
846.711
856.973
868.276
880.404
893.143
906.287
919.634
932.992
946.179
959.027
971.378
983.08
993.994
1003.99
1012.93
1020.72
1027.25
1032.44
1036.2
1038.5
1039.3
1038.58
1036.35
1032.65
1027.52
1021.04
1013.29
1004.36
994.38
983.468
971.761
959.403
946.549
933.364
920.024
906.716
893.639
881.003
869.021
857.913
847.898
839.189
831.989
826.476
822.799
821.063
821.324
823.572
827.739
833.706
841.317
850.385
860.705
872.062
884.235
897.006
910.162
923.498
936.816
949.931
962.671
974.875
986.389
997.071
1006.79
1015.42
1022.85
1028.99
1033.75
1037.07
1038.91
1039.23
1038.04
1035.35
1031.21
1025.67
1018.8
1010.7
1001.47
991.221
980.088
968.201
955.706
942.753
929.504
916.131
902.819
889.761
877.161
865.229
854.178
844.223
835.574
828.426
822.955
819.308
817.587
825.04
827.387
831.733
837.955
845.89
855.345
866.109
877.96
890.673
904.028
917.807
931.803
945.818
959.662
973.154
986.123
998.41
1009.86
1020.34
1029.72
1037.89
1044.73
1050.15
1054.1
1056.5
1057.33
1056.57
1054.24
1050.35
1044.97
1038.17
1030.04
1020.68
1010.2
998.748
986.453
973.473
959.973
946.13
932.133
918.177
904.468
891.221
878.66
867.013
856.508
847.371
839.812
834.022
830.158
828.334
828.608
830.971
835.348
841.615
849.603
859.117
869.941
881.848
894.609
907.997
921.791
935.777
949.753
963.524
976.906
989.723
1001.81
1013.03
1023.23
1032.28
1040.07
1046.51
1051.5
1054.99
1056.92
1057.26
1056.02
1053.21
1048.87
1043.07
1035.87
1027.38
1017.7
1006.95
995.268
982.789
969.667
956.066
942.159
928.131
914.172
900.484
887.275
874.766
863.178
852.735
843.658
836.154
830.408
826.575
824.767
828.623
831.028
835.483
841.858
849.986
859.666
870.683
882.808
895.814
909.473
923.565
937.882
952.222
966.396
980.214
993.499
1006.08
1017.81
1028.54
1038.14
1046.5
1053.49
1059.05
1063.08
1065.54
1066.39
1065.61
1063.21
1059.24
1053.73
1046.77
1038.44
1028.86
1018.13
1006.39
993.8
980.503
966.676
952.503
938.18
923.905
909.884
896.336
883.486
871.569
860.817
851.461
843.719
837.787
833.826
831.956
832.237
834.659
839.146
845.566
853.748
863.488
874.565
886.748
899.801
913.494
927.601
941.909
956.211
970.313
984.019
997.15
1009.54
1021.02
1031.46
1040.73
1048.71
1055.3
1060.42
1063.98
1065.96
1066.32
1065.05
1062.17
1057.74
1051.8
1044.44
1035.75
1025.84
1014.83
1002.87
990.084
976.643
962.714
948.479
934.126
919.848
905.848
892.338
879.541
867.683
856.995
847.7
840.013
834.125
830.196
828.342
)
;

boundaryField
{
    top
    {
        type            calculated;
        value           nonuniform List<scalar> 
102
(
828.892
831.331
835.845
842.301
850.527
860.32
871.458
883.712
896.85
910.644
924.873
939.326
953.804
968.122
982.082
995.504
1008.22
1020.07
1030.92
1040.62
1049.06
1056.14
1061.75
1065.83
1068.32
1069.18
1068.39
1065.96
1061.94
1056.37
1049.34
1040.92
1031.23
1020.38
1008.53
995.798
982.362
968.39
954.072
939.61
925.197
911.039
897.354
884.371
872.325
861.452
851.986
844.149
838.139
834.126
832.229
832.514
834.97
839.516
846.019
854.3
864.154
875.354
887.667
900.855
914.684
928.929
943.375
957.818
972.065
985.915
999.183
1011.7
1023.31
1033.86
1043.23
1051.3
1057.96
1063.13
1066.74
1068.74
1069.1
1067.82
1064.91
1060.43
1054.42
1046.98
1038.2
1028.18
1017.06
1004.97
992.054
978.474
964.403
950.025
935.535
921.12
906.984
893.34
880.411
868.426
857.618
848.214
840.433
834.469
830.487
828.607
)
;
    }
    bottom
    {
        type            calculated;
        value           nonuniform List<scalar> 
102
(
-38.8513
-42.0479
-48.0306
-56.7371
-68.0968
-82.0473
-98.5426
-117.543
-138.986
-162.748
-188.618
-216.277
-245.277
-275.008
-304.647
-333.175
-359.527
-382.787
-402.203
-417.33
-428.353
-435.772
-440.37
-442.982
-444.283
-444.682
-444.324
-443.099
-440.635
-436.29
-429.238
-418.67
-404.039
-385.097
-362.211
-336.113
-307.715
-278.106
-248.344
-219.292
-191.596
-165.727
-142.024
-120.71
-101.916
-85.708
-72.1297
-61.2271
-53.0602
-47.6943
-45.1841
-45.5605
-48.8181
-54.9191
-63.8045
-75.409
-89.6758
-106.562
-126.021
-147.974
-172.267
-198.649
-226.751
-256.057
-285.873
-315.273
-343.17
-368.51
-390.432
-408.259
-421.793
-431.377
-437.641
-441.421
-443.511
-444.485
-444.644
-444.034
-442.442
-439.386
-434.134
-425.843
-413.787
-397.534
-377.052
-352.906
-325.891
-296.967
-267.211
-237.601
-208.899
-181.669
-156.323
-133.15
-112.336
-93.986
-78.1521
-64.8737
-54.2011
-46.2
-40.9406
-38.4804
)
;
    }
    frontAndBack
    {
        type            empty;
    }
    left_cyc
    {
        type            cyclic;
    }
    right_cyc
    {
        type            cyclic;
    }
}


// ************************************************************************* //
