/*--------------------------------*- C++ -*----------------------------------*\
| =========                 |                                                 |
| \\      /  F ield         | OpenFOAM: The Open Source CFD Toolbox           |
|  \\    /   O peration     | Version:  2.3.0                                 |
|   \\  /    A nd           | Web:      www.OpenFOAM.org                      |
|    \\/     M anipulation  |                                                 |
\*---------------------------------------------------------------------------*/
FoamFile
{
    version     2.0;
    format      ascii;
    class       volVectorField;
    location    "10000";
    object      U;
}
// * * * * * * * * * * * * * * * * * * * * * * * * * * * * * * * * * * * * * //

dimensions      [0 1 -1 0 0 0 0];

internalField   nonuniform List<vector> 
3060
(
(1.70307 0 -2.35442)
(4.32615 0 -2.26497)
(6.82599 0 -2.09681)
(9.12859 0 -1.84948)
(11.1621 0 -1.52375)
(12.8599 0 -1.12519)
(14.1668 0 -0.670259)
(15.0493 0 -0.194217)
(15.5094 0 0.246044)
(15.5996 0 0.587222)
(15.4131 0 0.789959)
(15.052 0 0.863094)
(14.5658 0 0.849067)
(13.9631 0 0.789485)
(13.2174 0 0.710616)
(12.2955 0 0.628601)
(11.1808 0 0.571424)
(9.87892 0 0.562366)
(8.41271 0 0.57611)
(6.85059 0 0.561113)
(5.30722 0 0.50235)
(3.88776 0 0.412485)
(2.66422 0 0.312286)
(1.65962 0 0.223294)
(0.841816 0 0.161252)
(0.138683 0 0.134093)
(-0.541402 0 0.144353)
(-1.29327 0 0.191076)
(-2.19989 0 0.269101)
(-3.31367 0 0.366188)
(-4.63623 0 0.462461)
(-6.11323 0 0.535754)
(-7.65251 0 0.569933)
(-9.13672 0 0.563596)
(-10.4714 0 0.55787)
(-11.6182 0 0.594591)
(-12.562 0 0.666142)
(-13.3097 0 0.739857)
(-13.8889 0 0.793746)
(-14.3271 0 0.803586)
(-14.6235 0 0.732983)
(-14.7417 0 0.543775)
(-14.5959 0 0.224938)
(-14.1024 0 -0.193046)
(-13.2054 0 -0.652498)
(-11.8993 0 -1.09579)
(-10.2152 0 -1.48495)
(-8.20747 0 -1.80111)
(-5.94318 0 -2.03705)
(-3.49589 0 -2.19091)
(-0.942041 0 -2.26241)
(1.64042 0 -2.25118)
(4.17304 0 -2.15734)
(6.57821 0 -1.9812)
(8.78007 0 -1.7232)
(10.7063 0 -1.38619)
(12.2926 0 -0.979788)
(13.4896 0 -0.527366)
(14.2747 0 -0.072783)
(14.6663 0 0.323446)
(14.7312 0 0.608155)
(14.5582 0 0.762353)
(14.2216 0 0.807309)
(13.7459 0 0.782279)
(13.125 0 0.72091)
(12.3259 0 0.645195)
(11.3266 0 0.579965)
(10.1265 0 0.556269)
(8.74546 0 0.567641)
(7.23477 0 0.565291)
(5.70103 0 0.519294)
(4.25811 0 0.437637)
(2.98919 0 0.338926)
(1.93428 0 0.245334)
(1.0766 0 0.174954)
(0.35322 0 0.13788)
(-0.323739 0 0.137875)
(-1.04965 0 0.174943)
(-1.91251 0 0.245397)
(-2.97575 0 0.339319)
(-4.25726 0 0.438875)
(-5.71871 0 0.522034)
(-7.27886 0 0.569917)
(-8.82532 0 0.573309)
(-10.2505 0 0.560544)
(-11.5028 0 0.582682)
(-12.5646 0 0.650146)
(-13.436 0 0.733235)
(-14.1387 0 0.808475)
(-14.7083 0 0.858846)
(-15.1623 0 0.853517)
(-15.4825 0 0.748586)
(-15.6048 0 0.506508)
(-15.4204 0 0.132327)
(-14.8473 0 -0.324176)
(-13.8466 0 -0.799219)
(-12.4278 0 -1.24124)
(-10.6316 0 -1.62084)
(-8.51724 0 -1.9253)
(-6.15318 0 -2.15088)
(-3.61205 0 -2.29738)
(-0.968209 0 -2.36526)
(1.40434 0 -3.67932)
(3.58098 0 -3.57413)
(5.69352 0 -3.3789)
(7.70809 0 -3.09875)
(9.59925 0 -2.74313)
(11.354 0 -2.32851)
(12.975 0 -1.88122)
(14.4802 0 -1.4377)
(15.8944 0 -1.03725)
(17.2308 0 -0.704483)
(18.4707 0 -0.431489)
(19.5567 0 -0.177864)
(20.4155 0 0.107615)
(20.9765 0 0.46844)
(21.1707 0 0.926411)
(20.9216 0 1.45976)
(20.1353 0 1.97727)
(18.7773 0 2.37965)
(16.8863 0 2.63034)
(14.5477 0 2.70659)
(11.9335 0 2.61609)
(9.25323 0 2.37575)
(6.69668 0 2.0414)
(4.38015 0 1.70431)
(2.3134 0 1.45014)
(0.415429 0 1.33284)
(-1.44493 0 1.37366)
(-3.40779 0 1.56437)
(-5.58186 0 1.86614)
(-8.00223 0 2.20564)
(-10.5984 0 2.4877)
(-13.2037 0 2.63595)
(-15.6123 0 2.6223)
(-17.6269 0 2.43006)
(-19.1262 0 2.07209)
(-20.0606 0 1.57588)
(-20.4279 0 1.01856)
(-20.3126 0 0.510533)
(-19.7997 0 0.0980329)
(-18.9627 0 -0.228842)
(-17.8764 0 -0.507903)
(-16.6173 0 -0.787336)
(-15.2486 0 -1.10897)
(-13.7997 0 -1.48784)
(-12.2665 0 -1.9075)
(-10.6291 0 -2.33279)
(-8.87059 0 -2.72767)
(-6.98823 0 -3.06452)
(-4.99457 0 -3.32533)
(-2.91481 0 -3.4995)
(-0.782685 0 -3.58135)
(1.36372 0 -3.56848)
(3.48532 0 -3.46126)
(5.54479 0 -3.26288)
(7.51032 0 -2.98014)
(9.35972 0 -2.62539)
(11.0844 0 -2.21909)
(12.6915 0 -1.79151)
(14.2002 0 -1.37983)
(15.6283 0 -1.01611)
(16.9719 0 -0.708908)
(18.1915 0 -0.434341)
(19.2176 0 -0.146838)
(19.9744 0 0.200315)
(20.3865 0 0.639607)
(20.3802 0 1.16892)
(19.8647 0 1.72168)
(18.7731 0 2.18445)
(17.1273 0 2.49983)
(14.9896 0 2.64338)
(12.5058 0 2.61164)
(9.88324 0 2.42172)
(7.32182 0 2.11495)
(4.96604 0 1.77671)
(2.85668 0 1.49932)
(0.934445 0 1.34698)
(-0.922113 0 1.3497)
(-2.85456 0 1.50758)
(-4.98448 0 1.79106)
(-7.37187 0 2.13678)
(-9.97759 0 2.45341)
(-12.6594 0 2.65603)
(-15.2191 0 2.70331)
(-17.4493 0 2.57832)
(-19.1997 0 2.28378)
(-20.4042 0 1.84451)
(-21.0356 0 1.31058)
(-21.1546 0 0.79166)
(-20.8531 0 0.360364)
(-20.2036 0 0.0234377)
(-19.2756 0 -0.24854)
(-18.1401 0 -0.502446)
(-16.8693 0 -0.788893)
(-15.5114 0 -1.14114)
(-14.0744 0 -1.55689)
(-12.5398 0 -2.00546)
(-10.8833 0 -2.447)
(-9.09063 0 -2.84756)
(-7.16365 0 -3.18374)
(-5.11921 0 -3.44128)
(-2.98542 0 -3.61214)
(-0.797823 0 -3.69209)
(1.33313 0 -5.85145)
(3.40525 0 -5.70336)
(5.43217 0 -5.43053)
(7.39067 0 -5.04379)
(9.26329 0 -4.56103)
(11.0391 0 -4.00918)
(12.7122 0 -3.42488)
(14.2772 0 -2.85046)
(15.7216 0 -2.32146)
(17.0204 0 -1.84884)
(18.1403 0 -1.41075)
(19.0508 0 -0.964591)
(19.7338 0 -0.468406)
(20.1858 0 0.109174)
(20.4151 0 0.786951)
(20.4355 0 1.57304)
(20.2371 0 2.47501)
(19.7394 0 3.49721)
(18.7928 0 4.53176)
(17.2395 0 5.27649)
(15.001 0 5.5588)
(12.2261 0 5.42727)
(9.21063 0 4.99463)
(6.21622 0 4.44597)
(3.36351 0 3.98782)
(0.636013 0 3.76455)
(-2.05781 0 3.83615)
(-4.82283 0 4.17965)
(-7.71835 0 4.68844)
(-10.693 0 5.17629)
(-13.5429 0 5.43314)
(-15.9689 0 5.3159)
(-17.7439 0 4.74681)
(-18.8591 0 3.77751)
(-19.4594 0 2.7143)
(-19.7048 0 1.75106)
(-19.7085 0 0.907185)
(-19.5004 0 0.171818)
(-19.0702 0 -0.460942)
(-18.4067 0 -1.00463)
(-17.511 0 -1.48525)
(-16.3988 0 -1.93986)
(-15.0994 0 -2.40887)
(-13.647 0 -2.91787)
(-12.0706 0 -3.46394)
(-10.3878 0 -4.01788)
(-8.6078 0 -4.53979)
(-6.73895 0 -4.99284)
(-4.79327 0 -5.34904)
(-2.78853 0 -5.58957)
(-0.747689 0 -5.70331)
(1.30306 0 -5.68539)
(3.33661 0 -5.53657)
(5.32742 0 -5.2633)
(7.25379 0 -4.87862)
(9.09952 0 -4.40372)
(10.8539 0 -3.86917)
(12.5091 0 -3.31353)
(14.0541 0 -2.7755)
(15.4684 0 -2.27846)
(16.7205 0 -1.81693)
(17.7763 0 -1.35931)
(18.6101 0 -0.864767)
(19.2098 0 -0.298885)
(19.5782 0 0.361014)
(19.7285 0 1.1254)
(19.6651 0 2.00037)
(19.3381 0 2.99716)
(18.6137 0 4.06412)
(17.3311 0 4.94912)
(15.3673 0 5.39097)
(12.797 0 5.39568)
(9.88548 0 5.0583)
(6.91843 0 4.54332)
(4.05905 0 4.06396)
(1.32224 0 3.78757)
(-1.37004 0 3.79758)
(-4.12463 0 4.09408)
(-7.019 0 4.59443)
(-10.0378 0 5.13283)
(-13.0178 0 5.49775)
(-15.6719 0 5.52525)
(-17.7285 0 5.11881)
(-19.1015 0 4.26303)
(-19.9098 0 3.20843)
(-20.3125 0 2.21632)
(-20.4468 0 1.34719)
(-20.3701 0 0.591051)
(-20.0813 0 -0.0583059)
(-19.5664 0 -0.611353)
(-18.8201 0 -1.09037)
(-17.8498 0 -1.52991)
(-16.6775 0 -1.97369)
(-15.3356 0 -2.46106)
(-13.8562 0 -3.00499)
(-12.2607 0 -3.58626)
(-10.559 0 -4.16576)
(-8.75582 0 -4.70187)
(-6.85824 0 -5.16051)
(-4.87893 0 -5.51741)
(-2.83708 0 -5.75679)
(-0.75716 0 -5.86947)
(1.27426 0 -7.94451)
(3.25814 0 -7.76811)
(5.20716 0 -7.44445)
(7.10275 0 -6.98815)
(8.92932 0 -6.42118)
(10.6736 0 -5.77296)
(12.3221 0 -5.07856)
(13.8575 0 -4.3737)
(15.2551 0 -3.68553)
(16.4846 0 -3.02233)
(17.5163 0 -2.3697)
(18.3299 0 -1.69808)
(18.9166 0 -0.976271)
(19.2763 0 -0.179625)
(19.4144 0 0.708181)
(19.3373 0 1.69833)
(19.0486 0 2.80083)
(18.5628 0 4.01259)
(17.8925 0 5.3015)
(16.9551 0 6.61533)
(15.5081 0 7.75515)
(13.3289 0 8.27217)
(10.49 0 8.12167)
(7.30294 0 7.60486)
(4.0394 0 7.07607)
(0.795739 0 6.79646)
(-2.43109 0 6.8761)
(-5.66049 0 7.27394)
(-8.85635 0 7.79678)
(-11.8339 0 8.11727)
(-14.2676 0 7.88768)
(-15.9654 0 6.94996)
(-17.0344 0 5.65356)
(-17.7535 0 4.33234)
(-18.2664 0 3.07056)
(-18.5856 0 1.90665)
(-18.6913 0 0.854768)
(-18.5781 0 -0.0928718)
(-18.2418 0 -0.945911)
(-17.6772 0 -1.7167)
(-16.8836 0 -2.42508)
(-15.8684 0 -3.09812)
(-14.6502 0 -3.76363)
(-13.2573 0 -4.43828)
(-11.7215 0 -5.11877)
(-10.0703 0 -5.78268)
(-8.32459 0 -6.39708)
(-6.50068 0 -6.9279)
(-4.61361 0 -7.3459)
(-2.67984 0 -7.62913)
(-0.718006 0 -7.76343)
(1.25148 0 -7.74226)
(3.20766 0 -7.56664)
(5.13053 0 -7.24516)
(7.00202 0 -6.79408)
(8.80622 0 -6.23744)
(10.528 0 -5.60615)
(12.1504 0 -4.93474)
(13.6505 0 -4.25431)
(14.9992 0 -3.58277)
(16.1648 0 -2.91758)
(17.1213 0 -2.23782)
(17.8531 0 -1.51486)
(18.3554 0 -0.723239)
(18.6306 0 0.154659)
(18.6841 0 1.12973)
(18.5194 0 2.21177)
(18.1452 0 3.40525)
(17.5816 0 4.68742)
(16.7886 0 6.0158)
(15.5765 0 7.26403)
(13.6758 0 8.02014)
(11.0641 0 8.0713)
(7.99782 0 7.65953)
(4.78226 0 7.14263)
(1.55385 0 6.81884)
(-1.67522 0 6.83943)
(-4.92633 0 7.20386)
(-8.18505 0 7.76089)
(-11.3113 0 8.21351)
(-13.9943 0 8.20476)
(-15.9681 0 7.48681)
(-17.245 0 6.26015)
(-18.0927 0 4.94423)
(-18.7102 0 3.67221)
(-19.1446 0 2.4881)
(-19.376 0 1.41691)
(-19.3947 0 0.455643)
(-19.1966 0 -0.406183)
(-18.7751 0 -1.18057)
(-18.126 0 -1.886)
(-17.2513 0 -2.54929)
(-16.1629 0 -3.20234)
(-14.8841 0 -3.87196)
(-13.4458 0 -4.56655)
(-11.8773 0 -5.27182)
(-10.201 0 -5.9572)
(-8.4329 0 -6.58641)
(-6.58597 0 -7.1256)
(-4.67402 0 -7.54734)
(-2.71346 0 -7.83169)
(-0.723583 0 -7.96601)
(1.21142 0 -9.87953)
(3.09879 0 -9.68204)
(4.95624 0 -9.31998)
(6.76682 0 -8.80966)
(8.51464 0 -8.17442)
(10.1839 0 -7.44343)
(11.7571 0 -6.64894)
(13.2127 0 -5.82121)
(14.5243 0 -4.98161)
(15.6633 0 -4.13635)
(16.6042 0 -3.27545)
(17.3297 0 -2.37881)
(17.8323 0 -1.42514)
(18.1114 0 -0.397678)
(18.171 0 0.714099)
(18.0175 0 1.91554)
(17.6602 0 3.20984)
(17.1133 0 4.6006)
(16.3874 0 6.08644)
(15.4829 0 7.64144)
(14.3773 0 9.16632)
(12.8845 0 10.4408)
(10.6536 0 11.0299)
(7.70213 0 10.8938)
(4.36659 0 10.489)
(0.889775 0 10.2285)
(-2.5996 0 10.2862)
(-5.99059 0 10.6002)
(-9.11228 0 10.8651)
(-11.6529 0 10.5968)
(-13.394 0 9.54367)
(-14.5975 0 8.06998)
(-15.5419 0 6.49519)
(-16.3035 0 4.95675)
(-16.8802 0 3.50561)
(-17.2672 0 2.1499)
(-17.4498 0 0.887184)
(-17.4176 0 -0.285331)
(-17.1644 0 -1.37056)
(-16.6865 0 -2.37517)
(-15.9841 0 -3.31161)
(-15.0636 0 -4.19744)
(-13.9408 0 -5.05087)
(-12.6398 0 -5.88281)
(-11.1898 0 -6.69029)
(-9.61874 0 -7.45563)
(-7.95084 0 -8.1513)
(-6.20604 0 -8.74674)
(-4.40196 0 -9.21375)
(-2.55564 0 -9.52979)
(-0.684554 0 -9.67962)
(1.19321 0 -9.656)
(3.05936 0 -9.46007)
(4.89593 0 -9.10129)
(6.68563 0 -8.59697)
(8.41141 0 -7.9714)
(10.0552 0 -7.25383)
(11.596 0 -6.47464)
(13.0086 0 -5.65935)
(14.264 0 -4.82197)
(15.3341 0 -3.96128)
(16.1965 0 -3.06356)
(16.8384 0 -2.1101)
(17.2551 0 -1.08446)
(17.4478 0 0.0241878)
(17.421 0 1.22112)
(17.1816 0 2.50889)
(16.7416 0 3.8906)
(16.1149 0 5.36726)
(15.3032 0 6.92416)
(14.3036 0 8.48938)
(12.9918 0 9.89309)
(11.039 0 10.7479)
(8.3059 0 10.8252)
(5.08574 0 10.5025)
(1.65562 0 10.2387)
(-1.84089 0 10.2714)
(-5.29433 0 10.5983)
(-8.55646 0 10.9789)
(-11.3418 0 10.9535)
(-13.3471 0 10.1398)
(-14.7031 0 8.76192)
(-15.7439 0 7.21408)
(-16.6003 0 5.67192)
(-17.2773 0 4.21098)
(-17.7739 0 2.8467)
(-18.0767 0 1.57798)
(-18.1726 0 0.40124)
(-18.0535 0 -0.68696)
(-17.7134 0 -1.69311)
(-17.1495 0 -2.62942)
(-16.3639 0 -3.5142)
(-15.3666 0 -4.36918)
(-14.1774 0 -5.21263)
(-12.8235 0 -6.05037)
(-11.3333 0 -6.87165)
(-9.73179 0 -7.65194)
(-8.03933 0 -8.35979)
(-6.27272 0 -8.96341)
(-4.44765 0 -9.43505)
(-2.58024 0 -9.75321)
(-0.687788 0 -9.90361)
(1.14163 0 -11.7233)
(2.92028 0 -11.5058)
(4.67076 0 -11.1065)
(6.37632 0 -10.5424)
(8.02026 0 -9.83657)
(9.58511 0 -9.01688)
(11.0515 0 -8.11276)
(12.3971 0 -7.151)
(13.5969 0 -6.15082)
(14.6258 0 -5.12005)
(15.4622 0 -4.05476)
(16.0915 0 -2.94312)
(16.5067 0 -1.77107)
(16.7069 0 -0.526582)
(16.6949 0 0.798482)
(16.476 0 2.20801)
(16.0582 0 3.70204)
(15.453 0 5.2763)
(14.6754 0 6.92066)
(13.7415 0 8.62013)
(12.6586 0 10.3458)
(11.3896 0 11.9979)
(9.74607 0 13.3051)
(7.37224 0 13.8948)
(4.30869 0 13.8957)
(0.905955 0 13.7704)
(-2.54909 0 13.7645)
(-5.78173 0 13.7923)
(-8.47879 0 13.4591)
(-10.3815 0 12.401)
(-11.7548 0 10.8284)
(-12.8804 0 9.09218)
(-13.8455 0 7.35336)
(-14.6535 0 5.65978)
(-15.29 0 4.02891)
(-15.7395 0 2.47369)
(-15.9891 0 1.00106)
(-16.0301 0 -0.386605)
(-15.8575 0 -1.69028)
(-15.4684 0 -2.91456)
(-14.8636 0 -4.06781)
(-14.0493 0 -5.16098)
(-13.0387 0 -6.20421)
(-11.8525 0 -7.20169)
(-10.5158 0 -8.14755)
(-9.05469 0 -9.02511)
(-7.49335 0 -9.80992)
(-5.85314 0 -10.4744)
(-4.15326 0 -10.992)
(-2.41168 0 -11.3411)
(-0.646031 0 -11.5063)
(1.12606 0 -11.4803)
(2.88692 0 -11.2642)
(4.61895 0 -10.8676)
(6.30448 0 -10.3078)
(7.92529 0 -9.60796)
(9.46171 0 -8.79533)
(10.8916 0 -7.89709)
(12.1901 0 -6.93601)
(13.3311 0 -5.926)
(14.2902 0 -4.86995)
(15.0487 0 -3.76154)
(15.5952 0 -2.58993)
(15.9255 0 -1.34465)
(16.0397 0 -0.0183102)
(15.9415 0 1.39263)
(15.6366 0 2.88824)
(15.1349 0 4.46512)
(14.4502 0 6.1147)
(13.5983 0 7.82283)
(12.5914 0 9.56837)
(11.414 0 11.2836)
(9.93456 0 12.7587)
(7.82027 0 13.6139)
(4.94077 0 13.7996)
(1.6202 0 13.7534)
(-1.84769 0 13.7973)
(-5.1878 0 13.926)
(-8.0992 0 13.8097)
(-10.2479 0 13.0063)
(-11.7584 0 11.5658)
(-12.9666 0 9.87538)
(-14.0081 0 8.15157)
(-14.9008 0 6.46541)
(-15.6328 0 4.83868)
(-16.1881 0 3.28546)
(-16.5525 0 1.81415)
(-16.7154 0 0.427698)
(-16.6698 0 -0.874965)
(-16.4109 0 -2.09885)
(-15.9368 0 -3.25321)
(-15.2497 0 -4.35091)
(-14.3588 0 -5.40592)
(-13.2807 0 -6.42848)
(-12.0384 0 -7.41951)
(-10.6573 0 -8.36782)
(-9.1618 0 -9.25166)
(-7.57343 0 -10.043)
(-5.9109 0 -10.7126)
(-4.19135 0 -11.2335)
(-2.43145 0 -11.5842)
(-0.648056 0 -11.7498)
(1.06285 0 -13.4494)
(2.71798 0 -13.2125)
(4.34508 0 -12.777)
(5.92705 0 -12.1597)
(7.44654 0 -11.3832)
(8.88536 0 -10.4739)
(10.2239 0 -9.45927)
(11.4408 0 -8.36402)
(12.5136 0 -7.20671)
(13.421 0 -5.99717)
(14.1449 0 -4.73645)
(14.6729 0 -3.41919)
(14.9986 0 -2.03747)
(15.1208 0 -0.583928)
(15.0416 0 0.946255)
(14.766 0 2.55437)
(14.3014 0 4.23796)
(13.6579 0 5.9905)
(12.8485 0 7.80023)
(11.8887 0 9.64895)
(10.7927 0 11.5108)
(9.56784 0 13.3466)
(8.15561 0 15.0478)
(6.34008 0 16.323)
(3.83502 0 16.9473)
(0.833616 0 17.0945)
(-2.25369 0 16.9759)
(-5.0196 0 16.5145)
(-7.11529 0 15.4657)
(-8.65247 0 13.8681)
(-9.9257 0 12.0374)
(-11.0531 0 10.1513)
(-12.0439 0 8.26492)
(-12.8846 0 6.40661)
(-13.5601 0 4.59723)
(-14.0567 0 2.85165)
(-14.3633 0 1.17914)
(-14.472 0 -0.415105)
(-14.378 0 -1.92929)
(-14.0789 0 -3.36485)
(-13.5756 0 -4.72585)
(-12.874 0 -6.01749)
(-11.9855 0 -7.24346)
(-10.9274 0 -8.40253)
(-9.72104 0 -9.48592)
(-8.38959 0 -10.4768)
(-6.95574 0 -11.3524)
(-5.44074 0 -12.087)
(-3.86433 0 -12.6558)
(-2.24522 0 -13.0379)
(-0.601595 0 -13.2184)
(1.04857 0 -13.19)
(2.68733 0 -12.9538)
(4.29668 0 -12.5193)
(5.85834 0 -11.9033)
(7.35337 0 -11.128)
(8.76164 0 -10.2187)
(10.0615 0 -9.20061)
(11.2299 0 -8.09535)
(12.2441 0 -6.91759)
(13.0833 0 -5.67391)
(13.732 0 -4.36386)
(14.1802 0 -2.98302)
(14.4236 0 -1.5263)
(14.4622 0 0.00975349)
(14.2992 0 1.62575)
(13.9401 0 3.31896)
(13.3937 0 5.08318)
(12.6718 0 6.90777)
(11.7889 0 8.77621)
(10.7598 0 10.6657)
(9.59624 0 12.5446)
(8.26966 0 14.3389)
(6.61674 0 15.816)
(4.32298 0 16.6891)
(1.4292 0 17.0332)
(-1.67486 0 17.0854)
(-4.5811 0 16.8367)
(-6.89292 0 16.0369)
(-8.5653 0 14.6102)
(-9.91299 0 12.852)
(-11.1016 0 11.0029)
(-12.1618 0 9.14148)
(-13.082 0 7.30114)
(-13.8475 0 5.50535)
(-14.4433 0 3.77057)
(-14.8571 0 2.10697)
(-15.0795 0 0.519873)
(-15.104 0 -0.989264)
(-14.9262 0 -2.42275)
(-14.5447 0 -3.78622)
(-13.9622 0 -5.08742)
(-13.1866 0 -6.33394)
(-12.2319 0 -7.52972)
(-11.1173 0 -8.67148)
(-9.86489 0 -9.74684)
(-8.49683 0 -10.7353)
(-7.034 0 -11.6109)
(-5.49561 0 -12.3462)
(-3.89955 0 -12.9156)
(-2.26306 0 -13.2979)
(-0.60322 0 -13.4782)
(0.974889 0 -15.0445)
(2.49187 0 -14.788)
(3.98038 0 -14.3157)
(5.42299 0 -13.644)
(6.80206 0 -12.7952)
(8.09944 0 -11.7947)
(9.29621 0 -10.6689)
(10.3728 0 -9.44173)
(11.3099 0 -8.13216)
(12.0893 0 -6.75237)
(12.6964 0 -5.3076)
(13.121 0 -3.79767)
(13.3577 0 -2.21962)
(13.4053 0 -0.570071)
(13.266 0 1.15274)
(12.9445 0 2.94758)
(12.4478 0 4.80942)
(11.7853 0 6.72903)
(10.9689 0 8.69246)
(10.012 0 10.6809)
(8.92851 0 12.6717)
(7.73213 0 14.6379)
(6.42652 0 16.5314)
(4.92923 0 18.2097)
(3.03191 0 19.3835)
(0.685822 0 19.8564)
(-1.75548 0 19.6034)
(-3.87611 0 18.6414)
(-5.51644 0 17.0883)
(-6.87906 0 15.2144)
(-8.10562 0 13.2335)
(-9.21956 0 11.2149)
(-10.2067 0 9.18836)
(-11.0539 0 7.17675)
(-11.7475 0 5.2005)
(-12.2751 0 3.27617)
(-12.6268 0 1.41586)
(-12.795 0 -0.372398)
(-12.7749 0 -2.0841)
(-12.5642 0 -3.71775)
(-12.1636 0 -5.27363)
(-11.5781 0 -6.75221)
(-10.817 0 -8.15201)
(-9.89475 0 -9.46725)
(-8.82917 0 -10.6862)
(-7.64032 0 -11.791)
(-6.34879 0 -12.7592)
(-4.97482 0 -13.566)
(-3.53801 0 -14.1877)
(-2.05734 0 -14.6039)
(-0.551457 0 -14.8002)
(0.961146 0 -14.7693)
(2.46203 0 -14.5124)
(3.93267 0 -14.0388)
(5.35436 0 -13.3648)
(6.70795 0 -12.5117)
(7.97369 0 -11.5041)
(9.13117 0 -10.3663)
(10.1598 0 -9.11967)
(11.04 0 -7.78057)
(11.7547 0 -6.35898)
(12.2908 0 -4.85932)
(12.6401 0 -3.28229)
(12.799 0 -1.62731)
(12.7676 0 0.105577)
(12.549 0 1.91418)
(12.1488 0 3.79305)
(11.5749 0 5.73306)
(10.8383 0 7.72092)
(9.95176 0 9.73892)
(8.92888 0 11.7657)
(7.78291 0 13.7779)
(6.5257 0 15.7399)
(5.10772 0 17.5557)
(3.35033 0 18.97)
(1.10727 0 19.7433)
(-1.35057 0 19.7999)
(-3.59831 0 19.128)
(-5.36372 0 17.7891)
(-6.79321 0 16.0268)
(-8.066 0 14.1058)
(-9.23318 0 12.1293)
(-10.2835 0 10.1366)
(-11.2033 0 8.15276)
(-11.979 0 6.19947)
(-12.5972 0 4.29428)
(-13.0468 0 2.44981)
(-13.3191 0 0.674122)
(-13.4076 0 -1.02884)
(-13.3083 0 -2.65877)
(-13.0199 0 -4.21802)
(-12.5446 0 -5.71006)
(-11.889 0 -7.13736)
(-11.0648 0 -8.49882)
(-10.0876 0 -9.78742)
(-8.97609 0 -10.989)
(-7.74982 0 -12.083)
(-6.4282 0 -13.0445)
(-5.02992 0 -13.8472)
(-3.57297 0 -14.4661)
(-2.07492 0 -14.8805)
(-0.553169 0 -15.0757)
(0.878278 0 -16.4944)
(2.24354 0 -16.218)
(3.58002 0 -15.7082)
(4.87021 0 -14.9814)
(6.0966 0 -14.0597)
(7.24165 0 -12.9681)
(8.28775 0 -11.7327)
(9.21749 0 -10.3777)
(10.0143 0 -8.9232)
(10.6635 0 -7.38371)
(11.1532 0 -5.76808)
(11.4756 0 -4.08039)
(11.6266 0 -2.32173)
(11.6058 0 -0.492236)
(11.4158 0 1.40707)
(11.0614 0 3.37259)
(10.5498 0 5.3971)
(9.89014 0 7.46918)
(9.09365 0 9.57285)
(8.17337 0 11.6879)
(7.14349 0 13.7911)
(6.01941 0 15.8587)
(4.82289 0 17.8597)
(3.55346 0 19.7112)
(2.13678 0 21.1712)
(0.504301 0 21.859)
(-1.18715 0 21.5147)
(-2.70421 0 20.2614)
(-4.02372 0 18.4734)
(-5.24178 0 16.4693)
(-6.38874 0 14.3818)
(-7.44466 0 12.2508)
(-8.39189 0 10.0983)
(-9.21623 0 7.94695)
(-9.90427 0 5.81836)
(-10.4443 0 3.73092)
(-10.8266 0 1.69902)
(-11.0437 0 -0.266942)
(-11.0903 0 -2.16005)
(-10.9636 0 -3.97606)
(-10.6637 0 -5.71191)
(-10.194 0 -7.36407)
(-9.56211 0 -8.9268)
(-8.77934 0 -10.3904)
(-7.86044 0 -11.7404)
(-6.82245 0 -12.9573)
(-5.68364 0 -14.0179)
(-4.46277 0 -14.8978)
(-3.1787 0 -15.5733)
(-1.85024 0 -16.0245)
(-0.496163 0 -16.2369)
(0.864753 0 -16.2034)
(2.21374 0 -15.9253)
(3.53204 0 -15.4117)
(4.80085 0 -14.6786)
(6.00134 0 -13.7473)
(7.11468 0 -12.6419)
(8.12217 0 -11.3868)
(9.00577 0 -10.0042)
(9.74897 0 -8.51245)
(10.3378 0 -6.92463)
(10.762 0 -5.24922)
(11.0151 0 -3.4912)
(11.0946 0 -1.6538)
(11.0014 0 0.25975)
(10.7388 0 2.24464)
(10.3128 0 4.29303)
(9.73157 0 6.39345)
(9.00527 0 8.53039)
(8.14616 0 10.6844)
(7.16798 0 12.8333)
(6.08517 0 14.9549)
(4.91769 0 17.0256)
(3.67856 0 18.9912)
(2.31569 0 20.6718)
(0.737268 0 21.7106)
(-0.963866 0 21.7682)
(-2.54199 0 20.8327)
(-3.90733 0 19.2307)
(-5.15282 0 17.3234)
(-6.33172 0 15.2994)
(-7.4319 0 13.2194)
(-8.43331 0 11.1104)
(-9.32116 0 8.99614)
(-10.0815 0 6.89907)
(-10.7016 0 4.83839)
(-11.1711 0 2.82883)
(-11.4811 0 0.880636)
(-11.6252 0 -1.00003)
(-11.5991 0 -2.8104)
(-11.401 0 -4.54987)
(-11.0322 0 -6.21822)
(-10.4978 0 -7.81373)
(-9.80688 0 -9.33118)
(-8.97208 0 -10.7602)
(-8.00874 0 -12.0847)
(-6.93377 0 -13.2832)
(-5.76467 0 -14.3308)
(-4.51903 0 -15.2014)
(-3.21441 0 -15.8706)
(-1.86829 0 -16.3177)
(-0.498197 0 -16.528)
(0.77384 0 -17.7862)
(1.9753 0 -17.4898)
(3.14817 0 -16.9424)
(4.27524 0 -16.1607)
(5.33961 0 -15.1667)
(6.32476 0 -13.986)
(7.21473 0 -12.6449)
(7.99439 0 -11.1684)
(8.64993 0 -9.57823)
(9.16962 0 -7.89137)
(9.54448 0 -6.11978)
(9.76878 0 -4.27109)
(9.84015 0 -2.34985)
(9.75931 0 -0.359241)
(9.52966 0 1.69714)
(9.15689 0 3.81349)
(8.64868 0 5.98057)
(8.01464 0 8.18502)
(7.26629 0 10.409)
(6.41722 0 12.6303)
(5.48337 0 14.8234)
(4.48389 0 16.9611)
(3.44683 0 19.011)
(2.40828 0 20.9005)
(1.37933 0 22.4181)
(0.340724 0 23.1579)
(-0.704606 0 22.7919)
(-1.73806 0 21.474)
(-2.77153 0 19.6386)
(-3.80941 0 17.5879)
(-4.82117 0 15.4346)
(-5.7728 0 13.2166)
(-6.64252 0 10.9595)
(-7.41345 0 8.68894)
(-8.07124 0 6.42845)
(-8.60375 0 4.1984)
(-9.00085 0 2.01517)
(-9.25438 0 -0.108746)
(-9.35828 0 -2.16419)
(-9.30877 0 -4.14437)
(-9.10468 0 -6.04324)
(-8.74795 0 -7.85384)
(-8.24387 0 -9.56679)
(-7.60117 0 -11.169)
(-6.83165 0 -12.6432)
(-5.94949 0 -13.9679)
(-4.97057 0 -15.1189)
(-3.9119 0 -16.071)
(-2.79115 0 -16.8003)
(-1.62648 0 -17.2865)
(-0.436372 0 -17.5152)
(0.760553 0 -17.4792)
(1.94561 0 -17.1797)
(3.10019 0 -16.6259)
(4.2059 0 -15.8341)
(5.24469 0 -14.8257)
(6.19903 0 -13.6251)
(7.05218 0 -12.2575)
(7.78863 0 -10.7466)
(8.39479 0 -9.11272)
(8.85963 0 -7.37208)
(9.17534 0 -5.53663)
(9.33754 0 -3.61494)
(9.34519 0 -1.61357)
(9.20019 0 0.461368)
(8.90697 0 2.60263)
(8.47222 0 4.80019)
(7.9046 0 7.04051)
(7.2148 0 9.30611)
(6.41553 0 11.5756)
(5.52177 0 13.8247)
(4.55127 0 16.0278)
(3.52853 0 18.1584)
(2.49009 0 20.1675)
(1.45869 0 21.9016)
(0.421947 0 23.0011)
(-0.623633 0 23.0578)
(-1.6579 0 22.0615)
(-2.68815 0 20.4091)
(-3.72901 0 18.463)
(-4.75937 0 16.3848)
(-5.74314 0 14.229)
(-6.65556 0 12.0253)
(-7.47858 0 9.80071)
(-8.19694 0 7.57984)
(-8.79763 0 5.38379)
(-9.26966 0 3.2292)
(-9.60395 0 1.12825)
(-9.79333 0 -0.91084)
(-9.83272 0 -2.88302)
(-9.71941 0 -4.78497)
(-9.45349 0 -6.6133)
(-9.03824 0 -8.36277)
(-8.4803 0 -10.0247)
(-7.78947 0 -11.5857)
(-6.97813 0 -13.0274)
(-6.06052 0 -14.3272)
(-5.05203 0 -15.4593)
(-3.9688 0 -16.3975)
(-2.82747 0 -17.1169)
(-1.64503 0 -17.5967)
(-0.438775 0 -17.8223)
(0.662466 0 -18.9085)
(1.68952 0 -18.5924)
(2.6889 0 -18.0082)
(3.64415 0 -17.1729)
(4.53938 0 -16.1092)
(5.35949 0 -14.8433)
(6.09037 0 -13.4024)
(6.71918 0 -11.813)
(7.23477 0 -10.0985)
(7.62814 0 -8.27831)
(7.89286 0 -6.36728)
(8.02542 0 -4.37608)
(8.02522 0 -2.31229)
(7.89441 0 -0.181785)
(7.63756 0 2.00945)
(7.26144 0 4.25351)
(6.77471 0 6.53926)
(6.18792 0 8.85142)
(5.51359 0 11.17)
(4.76662 0 13.4704)
(3.96508 0 15.7233)
(3.1318 0 17.8952)
(2.29894 0 19.9437)
(1.513 0 21.7894)
(0.818269 0 23.2375)
(0.21744 0 23.9315)
(-0.361861 0 23.5864)
(-1.01388 0 22.3348)
(-1.76543 0 20.5565)
(-2.58279 0 18.5218)
(-3.4153 0 16.3438)
(-4.22408 0 14.0714)
(-4.98316 0 11.7386)
(-5.67281 0 9.37547)
(-6.27708 0 7.00854)
(-6.78265 0 4.66045)
(-7.17835 0 2.3496)
(-7.45496 0 0.0904594)
(-7.60525 0 -2.10569)
(-7.62414 0 -4.22969)
(-7.509 0 -6.27276)
(-7.26 0 -8.22493)
(-6.88026 0 -10.0736)
(-6.37599 0 -11.8027)
(-5.75625 0 -13.3922)
(-5.03253 0 -14.8184)
(-4.21833 0 -16.0555)
(-3.32867 0 -17.0772)
(-2.37971 0 -17.8587)
(-1.38851 0 -18.3793)
(-0.372722 0 -18.6239)
(0.649664 0 -18.5854)
(1.66056 0 -18.265)
(2.64204 0 -17.672)
(3.57659 0 -16.8231)
(4.44736 0 -15.7405)
(5.23847 0 -14.4495)
(5.93527 0 -12.9765)
(6.52476 0 -11.3469)
(6.99605 0 -9.58351)
(7.34082 0 -7.70522)
(7.5537 0 -5.72715)
(7.63237 0 -3.66107)
(7.57746 0 -1.51647)
(7.39228 0 0.697927)
(7.08253 0 2.97255)
(6.65601 0 5.29532)
(6.12245 0 7.65074)
(5.49359 0 10.0192)
(4.78338 0 12.3771)
(4.00869 0 14.6967)
(3.19053 0 16.9471)
(2.35764 0 19.0922)
(1.55324 0 21.0732)
(0.827257 0 22.7429)
(0.201325 0 23.7831)
(-0.373183 0 23.8382)
(-0.995573 0 22.8998)
(-1.71793 0 21.3138)
(-2.52166 0 19.4002)
(-3.35858 0 17.3126)
(-4.18581 0 15.1147)
(-4.97444 0 12.8455)
(-5.70317 0 10.5373)
(-6.35493 0 8.21799)
(-6.9155 0 5.91103)
(-7.37293 0 3.63509)
(-7.71718 0 1.40427)
(-7.9401 0 -0.771285)
(-8.03549 0 -2.88434)
(-7.99942 0 -4.92912)
(-7.83047 0 -6.89943)
(-7.53002 0 -8.78698)
(-7.1024 0 -10.58)
(-6.55478 0 -12.2625)
(-5.89679 0 -13.8137)
(-5.14011 0 -15.2093)
(-4.29794 0 -16.4225)
(-3.38471 0 -17.426)
(-2.41575 0 -18.1944)
(-1.40712 0 -18.7064)
(-0.375409 0 -18.9469)
(0.544989 0 -19.8512)
(1.38839 0 -19.5162)
(2.20586 0 -18.897)
(2.98215 0 -18.0112)
(3.70282 0 -16.8821)
(4.35449 0 -15.537)
(4.92505 0 -14.0046)
(5.40398 0 -12.3128)
(5.78262 0 -10.4872)
(6.05446 0 -8.54949)
(6.21547 0 -6.51709)
(6.26421 0 -4.40348)
(6.20186 0 -2.21886)
(6.03208 0 0.0283932)
(5.7608 0 2.33008)
(5.396 0 4.67629)
(4.94748 0 7.05403)
(4.4269 0 9.44605)
(3.84795 0 11.8301)
(3.22683 0 14.1786)
(2.58317 0 16.4579)
(1.94164 0 18.6275)
(1.33516 0 20.6342)
(0.808163 0 22.3897)
(0.405156 0 23.7174)
(0.12539 0 24.333)
(-0.125975 0 24.0227)
(-0.472322 0 22.8853)
(-0.951991 0 21.2145)
(-1.53052 0 19.2393)
(-2.15893 0 17.0755)
(-2.79888 0 14.7841)
(-3.42258 0 12.4081)
(-4.00854 0 9.98274)
(-4.53931 0 7.53822)
(-5.0003 0 5.09962)
(-5.37912 0 2.68745)
(-5.66533 0 0.318128)
(-5.85037 0 -1.99504)
(-5.92775 0 -4.24064)
(-5.89328 0 -6.4074)
(-5.7453 0 -8.48262)
(-5.48486 0 -10.4508)
(-5.11579 0 -12.2931)
(-4.64462 0 -13.9867)
(-4.08032 0 -15.5059)
(-3.43396 0 -16.8229)
(-2.71843 0 -17.9097)
(-1.94808 0 -18.7405)
(-1.13842 0 -19.2935)
(-0.305769 0 -19.5534)
(0.53306 0 -19.5125)
(1.36113 0 -19.1721)
(2.16173 0 -18.542)
(2.91872 0 -17.6395)
(3.61687 0 -16.4876)
(4.2422 0 -15.113)
(4.78228 0 -13.5438)
(5.22657 0 -11.8074)
(5.56672 0 -9.92882)
(5.79694 0 -7.92977)
(5.91413 0 -5.8282)
(5.91799 0 -3.63872)
(5.81089 0 -1.37352)
(5.59766 0 0.95627)
(5.28539 0 3.33886)
(4.88315 0 5.76021)
(4.40191 0 8.20285)
(3.85462 0 10.645)
(3.25657 0 13.0603)
(2.62616 0 15.4172)
(1.9863 0 17.6787)
(1.36718 0 19.7985)
(0.81062 0 21.706)
(0.365722 0 23.2597)
(0.0535887 0 24.1984)
(-0.191797 0 24.2515)
(-0.49982 0 23.4122)
(-0.939542 0 21.9432)
(-1.49303 0 20.1066)
(-2.1129 0 18.0488)
(-2.75778 0 15.8445)
(-3.39743 0 13.5425)
(-4.00877 0 11.1811)
(-4.57322 0 8.79209)
(-5.07534 0 6.40174)
(-5.50202 0 4.03084)
(-5.8421 0 1.69539)
(-6.08628 0 -0.592554)
(-6.22712 0 -2.82371)
(-6.25929 0 -4.99001)
(-6.17979 0 -7.08273)
(-5.98815 0 -9.09087)
(-5.68652 0 -11)
(-5.27964 0 -12.7913)
(-4.77463 0 -14.4421)
(-4.18071 0 -15.9261)
(-3.50885 0 -17.2147)
(-2.77154 0 -18.2797)
(-1.98248 0 -19.0945)
(-1.15635 0 -19.6371)
(-0.308577 0 -19.8919)
(0.422149 0 -20.6055)
(1.07383 0 -20.2532)
(1.70217 0 -19.6019)
(2.29361 0 -18.6699)
(2.83556 0 -17.4816)
(3.31661 0 -16.0655)
(3.72684 0 -14.452)
(4.05801 0 -12.6706)
(4.3038 0 -10.749)
(4.46002 0 -8.71118)
(4.52476 0 -6.57704)
(4.4985 0 -4.36249)
(4.38409 0 -2.08018)
(4.18665 0 0.259254)
(3.91341 0 2.64551)
(3.57349 0 5.06681)
(3.17776 0 7.50833)
(2.73883 0 9.95091)
(2.27124 0 12.37)
(1.79188 0 14.7351)
(1.3207 0 17.0085)
(0.881884 0 19.1438)
(0.505449 0 21.0798)
(0.227677 0 22.7241)
(0.0800831 0 23.9224)
(0.0508257 0 24.4588)
(0.047619 0 24.1834)
(-0.0451084 0 23.1653)
(-0.272153 0 21.6185)
(-0.612665 0 19.7299)
(-1.02845 0 17.6123)
(-1.48601 0 15.335)
(-1.95867 0 12.9482)
(-2.42479 0 10.4921)
(-2.86629 0 8.00026)
(-3.26771 0 5.50024)
(-3.61567 0 3.01461)
(-3.8986 0 0.561694)
(-4.10673 0 -1.84329)
(-4.23221 0 -4.18679)
(-4.26934 0 -6.45524)
(-4.21477 0 -8.63338)
(-4.06759 0 -10.7032)
(-3.82949 0 -12.643)
(-3.50463 0 -14.4277)
(-3.09956 0 -16.0291)
(-2.62297 0 -17.4175)
(-2.08547 0 -18.5631)
(-1.49928 0 -19.4388)
(-0.877949 0 -20.0216)
(-0.235977 0 -20.2954)
(0.411552 0 -20.2524)
(1.04941 0 -19.8937)
(1.66262 0 -19.2296)
(2.23691 0 -18.2783)
(2.75905 0 -17.064)
(3.21724 0 -15.6149)
(3.60135 0 -13.9609)
(3.90325 0 -12.1314)
(4.11703 0 -10.1539)
(4.23916 0 -8.05265)
(4.26868 0 -5.84822)
(4.20716 0 -3.55785)
(4.05861 0 -1.19617)
(3.82933 0 1.22341)
(3.52772 0 3.68704)
(3.16405 0 6.17877)
(2.75036 0 8.67922)
(2.30057 0 11.1645)
(1.8308 0 13.6055)
(1.35997 0 15.9669)
(0.910938 0 18.2063)
(0.512059 0 20.2697)
(0.198773 0 22.0791)
(0.00804508 0 23.5036)
(-0.0520215 0 24.3381)
(-0.0497091 0 24.389)
(-0.105433 0 23.651)
(-0.290079 0 22.3114)
(-0.598425 0 20.5754)
(-0.995165 0 18.5776)
(-1.44544 0 16.3993)
(-1.92099 0 14.0965)
(-2.39892 0 11.713)
(-2.8602 0 9.28452)
(-3.28864 0 6.83979)
(-3.67024 0 4.40183)
(-3.99289 0 1.98852)
(-4.24618 0 -0.386288)
(-4.42149 0 -2.71135)
(-4.51214 0 -4.97647)
(-4.51364 0 -7.17059)
(-4.42376 0 -9.28028)
(-4.24269 0 -11.2886)
(-3.97297 0 -13.1744)
(-3.61939 0 -14.9127)
(-3.18884 0 -16.4751)
(-2.69003 0 -17.8317)
(-2.13332 0 -18.9524)
(-1.53045 0 -19.8096)
(-0.894321 0 -20.3803)
(-0.238701 0 -20.6483)
(0.294592 0 -21.1637)
(0.747489 0 -20.7963)
(1.18048 0 -20.1168)
(1.58218 0 -19.1446)
(1.94217 0 -17.9051)
(2.25132 0 -16.4283)
(2.50201 0 -14.746)
(2.68826 0 -12.8898)
(2.80599 0 -10.8893)
(2.85307 0 -8.77046)
(2.8295 0 -6.55559)
(2.73744 0 -4.26283)
(2.5812 0 -1.90703)
(2.36715 0 0.499068)
(2.10361 0 2.94323)
(1.80062 0 5.41193)
(1.4698 0 7.88868)
(1.12432 0 10.3526)
(0.778969 0 12.7771)
(0.450437 0 15.1292)
(0.157668 0 17.3681)
(-0.077636 0 19.4433)
(-0.230805 0 21.29)
(-0.275987 0 22.8175)
(-0.196796 0 23.8948)
(-0.0147853 0 24.3622)
(0.188604 0 24.1173)
(0.315641 0 23.2073)
(0.319685 0 21.7841)
(0.206558 0 19.9965)
(0.0013733 0 17.9491)
(-0.269627 0 15.7144)
(-0.583191 0 13.3469)
(-0.919133 0 10.8904)
(-1.2598 0 8.38113)
(-1.58957 0 5.84898)
(-1.89454 0 3.31832)
(-2.16242 0 0.809183)
(-2.38247 0 -1.66144)
(-2.54573 0 -4.07803)
(-2.6452 0 -6.42486)
(-2.67601 0 -8.68439)
(-2.63558 0 -10.8361)
(-2.52361 0 -12.8561)
(-2.34215 0 -14.7167)
(-2.09541 0 -16.3876)
(-1.7897 0 -17.837)
(-1.43321 0 -19.0334)
(-1.03575 0 -19.948)
(-0.608523 0 -20.5569)
(-0.163729 0 -20.8429)
(0.285806 0 -20.798)
(0.727093 0 -20.4232)
(1.14743 0 -19.7295)
(1.53484 0 -18.7359)
(1.87849 0 -17.4679)
(2.16895 0 -15.9553)
(2.39855 0 -14.2298)
(2.56152 0 -12.3231)
(2.65421 0 -10.2647)
(2.67522 0 -8.08144)
(2.62545 0 -5.79621)
(2.50812 0 -3.42866)
(2.32869 0 -0.995701)
(2.09472 0 1.48715)
(1.81567 0 4.00413)
(1.50271 0 6.53756)
(1.16856 0 9.06632)
(0.827592 0 11.5646)
(0.495934 0 14.001)
(0.191876 0 16.3372)
(-0.0636106 0 18.5269)
(-0.246388 0 20.5118)
(-0.329767 0 22.2123)
(-0.291215 0 23.512)
(-0.135951 0 24.2537)
(0.0720918 0 24.3024)
(0.231754 0 23.654)
(0.276956 0 22.4385)
(0.200017 0 20.8129)
(0.0219228 0 18.8962)
(-0.231322 0 16.7705)
(-0.535821 0 14.496)
(-0.870664 0 12.1203)
(-1.21757 0 9.6818)
(-1.56039 0 7.21177)
(-1.88479 0 4.73508)
(-2.17803 0 2.27132)
(-2.42892 0 -0.163966)
(-2.62786 0 -2.55776)
(-2.76704 0 -4.89788)
(-2.84064 0 -7.17113)
(-2.84495 0 -9.36184)
(-2.77839 0 -11.4508)
(-2.64157 0 -13.4146)
(-2.43714 0 -15.2263)
(-2.16975 0 -16.8554)
(-1.84581 0 -18.2703)
(-1.47341 0 -19.4393)
(-1.06205 0 -20.3335)
(-0.622418 0 -20.9289)
(-0.16615 0 -21.2084)
(0.162906 0 -21.5191)
(0.410879 0 -21.1392)
(0.643196 0 -20.4366)
(0.851048 0 -19.4316)
(1.0266 0 -18.1507)
(1.16322 0 -16.6254)
(1.25567 0 -14.8889)
(1.30028 0 -12.9746)
(1.29501 0 -10.9138)
(1.23965 0 -8.73471)
(1.13582 0 -6.46142)
(0.987082 0 -4.1142)
(0.798919 0 -1.7099)
(0.578663 0 0.736846)
(0.335388 0 3.21204)
(0.0796921 0 5.70061)
(-0.176487 0 8.18464)
(-0.419969 0 10.6418)
(-0.636367 0 13.044)
(-0.810078 0 15.3565)
(-0.924273 0 17.5368)
(-0.961012 0 19.5327)
(-0.902064 0 21.279)
(-0.731908 0 22.6913)
(-0.447104 0 23.6611)
(-0.0754649 0 24.0712)
(0.313172 0 23.8519)
(0.638272 0 23.0352)
(0.854107 0 21.7287)
(0.954523 0 20.0487)
(0.952522 0 18.0888)
(0.86633 0 15.9197)
(0.714481 0 13.5978)
(0.514485 0 11.1688)
(0.282586 0 8.67072)
(0.0337942 0 6.13499)
(-0.218088 0 3.58746)
(-0.460488 0 1.04962)
(-0.682151 0 -1.45998)
(-0.873342 0 -3.92407)
(-1.02608 0 -6.32496)
(-1.1343 0 -8.64301)
(-1.19396 0 -10.8556)
(-1.20309 0 -12.9364)
(-1.16175 0 -14.8559)
(-1.07197 0 -16.5815)
(-0.937673 0 -18.0797)
(-0.764479 0 -19.3171)
(-0.559552 0 -20.2635)
(-0.331356 0 -20.8936)
(-0.0893504 0 -21.1898)
(0.156394 0 -21.1432)
(0.395636 0 -20.7553)
(0.61843 0 -20.0374)
(0.81555 0 -19.0094)
(0.978859 0 -17.6981)
(1.10159 0 -16.135)
(1.17856 0 -14.3534)
(1.20636 0 -12.3871)
(1.18347 0 -10.2676)
(1.11038 0 -8.0239)
(0.989627 0 -5.68114)
(0.825803 0 -3.2611)
(0.625503 0 -0.782769)
(0.397208 0 1.73644)
(0.151093 0 4.27905)
(-0.101216 0 6.82589)
(-0.346801 0 9.35435)
(-0.571526 0 11.8372)
(-0.760052 0 14.2413)
(-0.895789 0 16.5267)
(-0.960898 0 18.6449)
(-0.936719 0 20.5365)
(-0.805706 0 22.1251)
(-0.558196 0 23.3103)
(-0.209328 0 23.973)
(0.183163 0 24.0195)
(0.536441 0 23.4466)
(0.791052 0 22.3443)
(0.929808 0 20.8311)
(0.960962 0 19.0093)
(0.901322 0 16.9572)
(0.769199 0 14.7359)
(0.582268 0 12.3948)
(0.357029 0 9.97426)
(0.108751 0 7.50702)
(-0.148503 0 5.01947)
(-0.401885 0 2.53264)
(-0.639814 0 0.0635344)
(-0.852078 0 -2.37325)
(-1.03006 0 -4.76369)
(-1.16692 0 -7.09269)
(-1.2577 0 -9.34254)
(-1.29939 0 -11.492)
(-1.29086 0 -13.5156)
(-1.23285 0 -15.3845)
(-1.12783 0 -17.0665)
(-0.979945 0 -18.5281)
(-0.794814 0 -19.7362)
(-0.57942 0 -20.6606)
(-0.341894 0 -21.2763)
(-0.0912602 0 -21.5653)
(0.0276712 0 -21.6659)
(0.0654614 0 -21.2766)
(0.0925996 0 -20.557)
(0.103276 0 -19.528)
(0.0925389 0 -18.2173)
(0.0564821 0 -16.6574)
(-0.00762083 0 -14.8831)
(-0.101207 0 -12.9292)
(-0.224324 0 -10.8286)
(-0.375531 0 -8.61128)
(-0.551811 0 -6.30304)
(-0.748508 0 -3.92594)
(-0.959305 0 -1.49861)
(-1.17626 0 0.962604)
(-1.38995 0 3.44221)
(-1.58965 0 5.92382)
(-1.7636 0 8.38837)
(-1.89914 0 10.8125)
(-1.98296 0 13.1673)
(-2.00124 0 15.4172)
(-1.94 0 17.5192)
(-1.7857 0 19.4214)
(-1.52666 0 21.0613)
(-1.15644 0 22.363)
(-0.681398 0 23.2381)
(-0.13274 0 23.6006)
(0.429478 0 23.4029)
(0.938347 0 22.6667)
(1.3502 0 21.4683)
(1.65048 0 19.8984)
(1.84221 0 18.0376)
(1.93595 0 15.9526)
(1.945 0 13.6988)
(1.88345 0 11.3223)
(1.7654 0 8.86185)
(1.60455 0 6.34968)
(1.41399 0 3.81261)
(1.20605 0 1.27325)
(0.992015 0 -1.24858)
(0.781973 0 -3.73411)
(0.584509 0 -6.16391)
(0.406542 0 -8.51651)
(0.253252 0 -10.7673)
(0.128064 0 -12.8883)
(0.0326787 0 -14.8478)
(-0.0328565 0 -16.6117)
(-0.0700535 0 -18.1445)
(-0.0818711 0 -19.4115)
(-0.0725779 0 -20.3812)
(-0.0475735 0 -21.0271)
(-0.0131474 0 -21.3307)
(0.0238427 0 -21.283)
(0.0563777 0 -20.8853)
(0.0777173 0 -20.1495)
(0.0817854 0 -19.0964)
(0.0634678 0 -17.754)
(0.0188357 0 -16.155)
(-0.0546898 0 -14.3346)
(-0.158208 0 -12.328)
(-0.291232 0 -10.1688)
(-0.451598 0 -7.8876)
(-0.635409 0 -5.51164)
(-0.837009 0 -3.06454)
(-1.04902 0 -0.567103)
(-1.26242 0 1.96157)
(-1.46678 0 4.50257)
(-1.65049 0 7.03548)
(-1.801 0 9.53666)
(-1.90503 0 11.9779)
(-1.94875 0 14.3253)
(-1.91802 0 16.5382)
(-1.79884 0 18.5681)
(-1.5784 0 20.357)
(-1.24754 0 21.8343)
(-0.8068 0 22.9158)
(-0.277781 0 23.5113)
(0.287679 0 23.5555)
(0.821149 0 23.0462)
(1.26945 0 22.0456)
(1.60927 0 20.6434)
(1.83882 0 18.925)
(1.9665 0 16.9624)
(2.00471 0 14.8152)
(1.96719 0 12.5325)
(1.86794 0 10.1554)
(1.72065 0 7.71733)
(1.53849 0 5.24573)
(1.33388 0 2.76264)
(1.11833 0 0.286231)
(0.902225 0 -2.16753)
(0.694612 0 -4.58305)
(0.502992 0 -6.94349)
(0.333227 0 -9.22937)
(0.189517 0 -11.4176)
(0.0744404 0 -13.4812)
(-0.0109783 0 -15.3893)
(-0.0671771 0 -17.1084)
(-0.0959562 0 -18.6033)
(-0.100377 0 -19.8398)
(-0.0846462 0 -20.7864)
(-0.0539732 0 -21.417)
(-0.0143615 0 -21.7132)
(-0.110494 0 -21.599)
(-0.287194 0 -21.2041)
(-0.468847 0 -20.4745)
(-0.657899 0 -19.4315)
(-0.856129 0 -18.104)
(-1.06454 0 -16.5252)
(-1.28326 0 -14.7312)
(-1.5115 0 -12.7579)
(-1.74746 0 -10.6395)
(-1.98821 0 -8.40723)
(-2.22961 0 -6.08846)
(-2.4662 0 -3.70671)
(-2.69119 0 -1.28214)
(-2.8964 0 1.1675)
(-3.07246 0 3.62544)
(-3.20901 0 6.07428)
(-3.29493 0 8.49417)
(-3.31862 0 10.8612)
(-3.26836 0 13.1462)
(-3.13261 0 15.3137)
(-2.90067 0 17.3214)
(-2.56357 0 19.1195)
(-2.11572 0 20.6499)
(-1.55818 0 21.8461)
(-0.904332 0 22.6372)
(-0.186954 0 22.9596)
(0.541449 0 22.7804)
(1.22399 0 22.1146)
(1.81929 0 21.0167)
(2.30725 0 19.5569)
(2.68309 0 17.8034)
(2.95056 0 15.8171)
(3.11776 0 13.6504)
(3.19504 0 11.3484)
(3.1938 0 8.94966)
(3.12592 0 6.48642)
(3.00325 0 3.98598)
(2.83731 0 1.47161)
(2.63897 0 -1.0359)
(2.41822 0 -3.51657)
(2.18382 0 -5.94954)
(1.94321 0 -8.31176)
(1.7024 0 -10.5771)
(1.466 0 -12.7159)
(1.23729 0 -14.695)
(1.0183 0 -16.4788)
(0.809915 0 -18.0307)
(0.611936 0 -19.3146)
(0.423193 0 -20.2978)
(0.24165 0 -20.9531)
(0.064562 0 -21.2612)
(-0.111294 0 -21.2128)
(-0.289285 0 -20.8092)
(-0.472531 0 -20.0628)
(-0.663605 0 -18.9951)
(-0.86432 0 -17.6352)
(-1.07559 0 -16.0168)
(-1.29733 0 -14.1764)
(-1.52836 0 -12.1505)
(-1.76631 0 -9.97424)
(-2.00756 0 -7.67973)
(-2.2471 0 -5.29573)
(-2.47855 0 -2.84749)
(-2.69411 0 -0.35735)
(-2.88465 0 2.15421)
(-3.03991 0 4.66714)
(-3.14883 0 7.16014)
(-3.19975 0 9.60895)
(-3.18078 0 11.985)
(-3.08012 0 14.2544)
(-2.88658 0 16.3769)
(-2.59028 0 18.3055)
(-2.18403 0 19.9854)
(-1.66589 0 21.3537)
(-1.04405 0 22.3406)
(-0.344069 0 22.878)
(0.387144 0 22.9199)
(1.09169 0 22.4648)
(1.72159 0 21.5563)
(2.2499 0 20.2619)
(2.66731 0 18.6523)
(2.97501 0 16.7914)
(3.17974 0 14.7353)
(3.29108 0 12.5317)
(3.32002 0 10.2209)
(3.2782 0 7.8365)
(3.17735 0 5.40626)
(3.02897 0 2.95281)
(2.84398 0 0.495202)
(2.63252 0 -1.94953)
(2.40365 0 -4.36447)
(2.16516 0 -6.73131)
(1.92349 0 -9.02907)
(1.68372 0 -11.2332)
(1.44966 0 -13.3152)
(1.22391 0 -15.2429)
(1.00799 0 -16.9815)
(0.802436 0 -18.4949)
(0.606863 0 -19.7475)
(0.420053 0 -20.7071)
(0.240031 0 -21.3466)
(0.0641933 0 -21.647)
(-0.250861 0 -21.3145)
(-0.645248 0 -20.9182)
(-1.03828 0 -20.1863)
(-1.42872 0 -19.1407)
(-1.81493 0 -17.8106)
(-2.19487 0 -16.2303)
(-2.56601 0 -14.4361)
(-2.92536 0 -12.465)
(-3.26936 0 -10.3519)
(-3.59379 0 -8.12914)
(-3.89361 0 -5.82504)
(-4.16286 0 -3.46435)
(-4.39458 0 -1.06841)
(-4.58075 0 1.34389)
(-4.71246 0 3.75483)
(-4.78011 0 6.14631)
(-4.77371 0 8.49802)
(-4.68315 0 10.786)
(-4.49868 0 12.9813)
(-4.21142 0 15.0496)
(-3.81412 0 16.9503)
(-3.30221 0 18.6365)
(-2.67557 0 20.0559)
(-1.94128 0 21.1516)
(-1.11765 0 21.8668)
(-0.237966 0 22.1545)
(0.65089 0 21.9917)
(1.49923 0 21.3888)
(2.26781 0 20.3851)
(2.93294 0 19.0347)
(3.4839 0 17.3944)
(3.91861 0 15.5181)
(4.24029 0 13.4544)
(4.45542 0 11.2463)
(4.57247 0 8.93102)
(4.60105 0 6.54026)
(4.55133 0 4.10124)
(4.43357 0 1.63754)
(4.25778 0 -0.829486)
(4.03338 0 -3.27896)
(3.76897 0 -5.68891)
(3.47213 0 -8.03509)
(3.1494 0 -10.2901)
(2.80636 0 -12.4232)
(2.44769 0 -14.4001)
(2.07732 0 -16.1843)
(1.69848 0 -17.7381)
(1.31383 0 -19.0248)
(0.925459 0 -20.0109)
(0.534943 0 -20.6685)
(0.143405 0 -20.9778)
(-0.248373 0 -20.9291)
(-0.639722 0 -20.524)
(-1.02978 0 -19.7751)
(-1.41732 0 -18.7046)
(-1.80062 0 -17.342)
(-2.17744 0 -15.722)
(-2.54497 0 -13.8819)
(-2.89981 0 -11.859)
(-3.23781 0 -9.68959)
(-3.55408 0 -7.40682)
(-3.84278 0 -5.04064)
(-4.09709 0 -2.61752)
(-4.30915 0 -0.160996)
(-4.47012 0 2.30738)
(-4.57037 0 4.76677)
(-4.59981 0 7.19535)
(-4.54816 0 9.56866)
(-4.40534 0 11.8584)
(-4.16198 0 14.0312)
(-3.81008 0 16.0485)
(-3.34388 0 17.8657)
(-2.76136 0 19.4327)
(-2.06657 0 20.6944)
(-1.27333 0 21.5939)
(-0.409505 0 22.0798)
(0.481868 0 22.1195)
(1.35042 0 21.7117)
(2.15229 0 20.8874)
(2.85848 0 19.6977)
(3.45417 0 18.2)
(3.93458 0 16.4501)
(4.30128 0 14.4992)
(4.55969 0 12.3923)
(4.71761 0 10.1683)
(4.78422 0 7.86003)
(4.76941 0 5.49499)
(4.68329 0 3.09602)
(4.5358 0 0.682687)
(4.33637 0 -1.72719)
(4.09366 0 -4.11569)
(3.81543 0 -6.46334)
(3.50835 0 -8.74795)
(3.17812 0 -10.9438)
(2.82954 0 -13.0214)
(2.46664 0 -14.9476)
(2.09282 0 -16.6869)
(1.71094 0 -18.2022)
(1.32338 0 -19.4574)
(0.932086 0 -20.4196)
(0.538581 0 -21.0612)
(0.143991 0 -21.3627)
(-0.392536 0 -20.8097)
(-1.00645 0 -20.4167)
(-1.61218 0 -19.691)
(-2.20459 0 -18.6549)
(-2.77843 0 -17.3378)
(-3.32848 0 -15.7742)
(-3.84952 0 -14.0007)
(-4.3364 0 -12.0546)
(-4.78389 0 -9.97109)
(-5.18663 0 -7.78299)
(-5.53889 0 -5.51938)
(-5.83447 0 -3.20574)
(-6.06653 0 -0.864245)
(-6.22756 0 1.48538)
(-6.30947 0 3.82482)
(-6.30383 0 6.13557)
(-6.20211 0 8.39725)
(-5.99606 0 10.5862)
(-5.67823 0 12.6745)
(-5.24257 0 14.6292)
(-4.68532 0 16.4123)
(-4.00609 0 17.981)
(-3.20952 0 19.2889)
(-2.30749 0 20.2882)
(-1.32173 0 20.9338)
(-0.285494 0 21.1909)
(0.758549 0 21.0431)
(1.76588 0 20.4976)
(2.69914 0 19.583)
(3.53233 0 18.3408)
(4.25024 0 16.8178)
(4.84585 0 15.0608)
(5.31791 0 13.1136)
(5.66911 0 11.0163)
(5.9048 0 8.80408)
(6.03206 0 6.5076)
(6.05902 0 4.15348)
(5.99431 0 1.76517)
(5.84666 0 -0.635702)
(5.62458 0 -3.02776)
(5.33611 0 -5.38828)
(4.98868 0 -7.6922)
(4.58912 0 -9.91134)
(4.14373 0 -12.0142)
(3.65846 0 -13.9659)
(3.13902 0 -15.7296)
(2.59101 0 -17.2672)
(2.01996 0 -18.5416)
(1.43136 0 -19.5189)
(0.8306 0 -20.171)
(0.222919 0 -20.4779)
(-0.386592 0 -20.4296)
(-0.992908 0 -20.0278)
(-1.5909 0 -19.2852)
(-2.17527 0 -18.2243)
(-2.74062 0 -16.8751)
(-3.28143 0 -15.2725)
(-3.79215 0 -13.454)
(-4.26717 0 -11.4577)
(-4.70072 0 -9.31996)
(-5.08676 0 -7.07476)
(-5.41886 0 -4.75272)
(-5.69004 0 -2.38112)
(-5.8927 0 0.015685)
(-6.01865 0 2.41544)
(-6.0593 0 4.79686)
(-6.00591 0 7.13796)
(-5.84994 0 9.41452)
(-5.58347 0 11.5989)
(-5.19983 0 13.6592)
(-4.69429 0 15.5589)
(-4.06508 0 17.2568)
(-3.31483 0 18.7081)
(-2.45252 0 19.8656)
(-1.49608 0 20.6834)
(-0.474672 0 21.1227)
(0.571694 0 21.1599)
(1.59805 0 20.7943)
(2.56375 0 20.0482)
(3.43869 0 18.9601)
(4.20407 0 17.5762)
(4.85023 0 15.9444)
(5.37409 0 14.1103)
(5.77711 0 12.1154)
(6.06375 0 9.99638)
(6.24054 0 7.78474)
(6.31518 0 5.50721)
(6.29606 0 3.18643)
(6.19172 0 0.84214)
(6.01051 0 -1.50738)
(5.76038 0 -3.84353)
(5.44866 0 -6.146)
(5.082 0 -8.39177)
(4.66647 0 -10.5544)
(4.20766 0 -12.6037)
(3.71091 0 -14.5062)
(3.1814 0 -16.2258)
(2.62431 0 -17.7254)
(2.04486 0 -18.9687)
(1.44828 0 -19.9222)
(0.839793 0 -20.5585)
(0.224524 0 -20.8575)
(-0.534417 0 -20.0835)
(-1.36802 0 -19.6986)
(-2.18625 0 -18.9882)
(-2.97985 0 -17.9744)
(-3.73988 0 -16.6867)
(-4.45784 0 -15.1592)
(-5.12584 0 -13.4282)
(-5.73655 0 -11.5306)
(-6.28319 0 -9.50172)
(-6.75936 0 -7.37415)
(-7.15883 0 -5.1772)
(-7.47536 0 -2.93671)
(-7.70251 0 -0.675309)
(-7.83353 0 1.58684)
(-7.8615 0 3.83112)
(-7.77944 0 6.03897)
(-7.58059 0 8.19029)
(-7.25885 0 10.2621)
(-6.80926 0 12.2279)
(-6.22876 0 14.0568)
(-5.517 0 15.7138)
(-4.6775 0 17.1607)
(-3.71905 0 18.3573)
(-2.65731 0 19.2637)
(-1.51642 0 19.8447)
(-0.329279 0 20.0742)
(0.864626 0 19.9403)
(2.02459 0 19.4481)
(3.11483 0 18.6186)
(4.10793 0 17.4835)
(4.98523 0 16.0809)
(5.73558 0 14.4504)
(6.35367 0 12.6312)
(6.83851 0 10.6595)
(7.19227 0 8.56811)
(7.41929 0 6.38607)
(7.52541 0 4.13902)
(7.51733 0 1.84991)
(7.40218 0 -0.45974)
(7.18723 0 -2.76841)
(6.87969 0 -5.05302)
(6.48656 0 -7.28811)
(6.01472 0 -9.44519)
(5.47103 0 -11.4925)
(4.86259 0 -13.3954)
(4.19681 0 -15.1168)
(3.48162 0 -16.619)
(2.72547 0 -17.8652)
(1.93731 0 -18.8215)
(1.12648 0 -19.46)
(0.30252 0 -19.7606)
(-0.524944 0 -19.7133)
(-1.3463 0 -19.3197)
(-2.15192 0 -18.5928)
(-2.93231 0 -17.5548)
(-3.67822 0 -16.2358)
(-4.38083 0 -14.6705)
(-5.03182 0 -12.8961)
(-5.62341 0 -10.9505)
(-6.14829 0 -8.87)
(-6.59945 0 -6.68868)
(-6.97002 0 -4.43737)
(-7.25311 0 -2.14368)
(-7.44165 0 0.16763)
(-7.52841 0 2.474)
(-7.50615 0 4.75406)
(-7.3678 0 6.98601)
(-7.10685 0 9.14626)
(-6.7178 0 11.2083)
(-6.19682 0 13.1421)
(-5.54251 0 14.9138)
(-4.75689 0 16.4862)
(-3.84671 0 17.8201)
(-2.82501 0 18.8755)
(-1.71275 0 19.616)
(-0.53976 0 20.012)
(0.65634 0 20.0467)
(1.83453 0 19.7195)
(2.9567 0 19.0467)
(3.99225 0 18.0574)
(4.91946 0 16.7884)
(5.72471 0 15.2801)
(6.40081 0 13.5724)
(6.94541 0 11.7027)
(7.35968 0 9.7049)
(7.6473 0 7.60864)
(7.8136 0 5.43948)
(7.86491 0 3.2195)
(7.80808 0 0.968246)
(7.6501 0 -1.29585)
(7.39786 0 -3.55383)
(7.05801 0 -5.78496)
(6.63692 0 -7.96576)
(6.14082 0 -10.0695)
(5.57597 0 -12.0658)
(4.94886 0 -13.9214)
(4.26641 0 -15.6003)
(3.53609 0 -17.0656)
(2.76599 0 -18.2814)
(1.96472 0 -19.2145)
(1.14134 0 -19.8374)
(0.305166 0 -20.1303)
(-0.675158 0 -19.1365)
(-1.72656 0 -18.7648)
(-2.75517 0 -18.0791)
(-3.74756 0 -17.1012)
(-4.69097 0 -15.8598)
(-5.57365 0 -14.3882)
(-6.385 0 -12.722)
(-7.11559 0 -10.8972)
(-7.75714 0 -8.94828)
(-8.30231 0 -6.90735)
(-8.74449 0 -4.80338)
(-9.07756 0 -2.66207)
(-9.29568 0 -0.506064)
(-9.39311 0 1.64439)
(-9.36432 0 3.77074)
(-9.20401 0 5.85468)
(-8.90746 0 7.87669)
(-8.47088 0 9.81492)
(-7.89197 0 11.6444)
(-7.17069 0 13.337)
(-6.31007 0 14.861)
(-5.31722 0 16.183)
(-4.20451 0 17.2687)
(-2.99065 0 18.0855)
(-1.7014 0 18.6057)
(-0.369159 0 18.8099)
(0.969023 0 18.6892)
(2.27531 0 18.2473)
(3.51528 0 17.4996)
(4.66062 0 16.4704)
(5.69007 0 15.1902)
(6.58899 0 13.6923)
(7.34838 0 12.0107)
(7.96375 0 10.1778)
(8.43404 0 8.22333)
(8.76078 0 6.17448)
(8.94729 0 4.05546)
(8.99812 0 1.88842)
(8.91857 0 -0.305595)
(8.71444 0 -2.50528)
(8.39183 0 -4.68762)
(7.95713 0 -6.82722)
(7.4171 0 -8.89581)
(6.77906 0 -10.862)
(6.05111 0 -12.6917)
(5.24234 0 -14.3486)
(4.36295 0 -15.7958)
(3.4243 0 -16.9972)
(2.43884 0 -17.9199)
(1.41992 0 -18.5362)
(0.381486 0 -18.8265)
(-0.662177 0 -18.7808)
(-1.69673 0 -18.4008)
(-2.70794 0 -17.6991)
(-3.68199 0 -16.698)
(-4.60576 0 -15.4265)
(-5.46709 0 -13.9189)
(-6.25491 0 -12.2115)
(-6.95933 0 -10.3412)
(-7.57155 0 -8.34393)
(-8.0837 0 -6.25303)
(-8.48863 0 -4.09907)
(-8.77969 0 -1.9095)
(-8.95057 0 0.291)
(-8.99525 0 2.47996)
(-8.90805 0 4.63627)
(-8.68384 0 6.73868)
(-8.31835 0 8.76456)
(-7.80867 0 10.6889)
(-7.15391 0 12.4839)
(-6.35596 0 14.1189)
(-5.42045 0 15.561)
(-4.35778 0 16.7762)
(-3.18432 0 17.7316)
(-1.92326 0 18.3981)
(-0.604723 0 18.7535)
(0.735569 0 18.7856)
(2.05956 0 18.4939)
(3.33116 0 17.8904)
(4.51965 0 16.9972)
(5.6012 0 15.8437)
(6.55893 0 14.4631)
(7.38202 0 12.8896)
(8.06457 0 11.1566)
(8.60449 0 9.29452)
(9.00251 0 7.33085)
(9.2614 0 5.28963)
(9.38525 0 3.19197)
(9.37899 0 1.05695)
(9.24798 0 -1.09715)
(8.99784 0 -3.25143)
(8.6343 0 -5.38506)
(8.16328 0 -7.47459)
(7.59102 0 -9.49343)
(6.92429 0 -11.4117)
(6.17067 0 -13.1966)
(5.33877 0 -14.813)
(4.43832 0 -16.225)
(3.48025 0 -17.3973)
(2.47662 0 -18.2976)
(1.44039 0 -18.8989)
(0.385154 0 -19.1818)
(-0.813158 0 -17.9718)
(-2.07803 0 -17.6185)
(-3.31266 0 -16.9671)
(-4.49938 0 -16.0386)
(-5.62168 0 -14.8606)
(-6.66458 0 -13.4651)
(-7.6148 0 -11.8863)
(-8.46085 0 -10.1585)
(-9.19301 0 -8.31501)
(-9.80306 0 -6.3868)
(-10.2841 0 -4.40195)
(-10.6303 0 -2.38552)
(-10.8364 0 -0.359746)
(-10.898 0 1.65549)
(-10.811 0 3.64204)
(-10.5721 0 5.58214)
(-10.1786 0 7.45717)
(-9.62926 0 9.24667)
(-8.92451 0 10.9277)
(-8.06734 0 12.4749)
(-7.06401 0 13.8603)
(-5.92496 0 15.0551)
(-4.66564 0 16.0306)
(-3.30714 0 16.7605)
(-1.87633 0 17.2231)
(-0.405089 0 17.4037)
(1.07146 0 17.2957)
(2.51765 0 16.9018)
(3.90017 0 16.2332)
(5.19019 0 15.3087)
(6.36445 0 14.1525)
(7.40539 0 12.7921)
(8.30071 0 11.2565)
(9.04258 0 9.57385)
(9.62677 0 7.77109)
(10.0519 0 5.87284)
(10.3187 0 3.90169)
(10.4294 0 1.87864)
(10.3872 0 -0.176047)
(10.1964 0 -2.24167)
(9.86179 0 -4.29572)
(9.389 0 -6.31338)
(8.78456 0 -8.26712)
(8.05615 0 -10.1265)
(7.21283 0 -11.8586)
(6.26528 0 -13.4286)
(5.22595 0 -14.801)
(4.10907 0 -15.941)
(2.93054 0 -16.8171)
(1.70771 0 -17.4026)
(0.458946 0 -17.6784)
(-0.796784 0 -17.635)
(-2.04038 0 -17.2739)
(-3.25298 0 -16.6075)
(-4.41646 0 -15.657)
(-5.51383 0 -14.4507)
(-6.52961 0 -13.0213)
(-7.45006 0 -11.4039)
(-8.26321 0 -9.63382)
(-8.95883 0 -7.74563)
(-9.52827 0 -5.77161)
(-9.96418 0 -3.74138)
(-10.2603 0 -1.68174)
(-10.4112 0 0.383201)
(-10.4122 0 2.4315)
(-10.2594 0 4.44267)
(-9.94977 0 6.39633)
(-9.4814 0 8.27111)
(-8.8541 0 10.0439)
(-8.06996 0 11.6894)
(-7.1341 0 13.1803)
(-6.05548 0 14.488)
(-4.84778 0 15.5838)
(-3.53007 0 16.4409)
(-2.1272 0 17.0363)
(-0.669359 0 17.3531)
(0.809248 0 17.3823)
(2.2728 0 17.1238)
(3.68681 0 16.5865)
(5.02064 0 15.7872)
(6.24896 0 14.7491)
(7.35225 0 13.4993)
(8.3165 0 12.0667)
(9.13251 0 10.4802)
(9.79497 0 8.76698)
(10.3017 0 6.95175)
(10.6527 0 5.05676)
(10.8498 0 3.10192)
(10.8958 0 1.10552)
(10.7942 0 -0.914688)
(10.5492 0 -2.94015)
(10.1656 0 -4.9504)
(9.64856 0 -6.92247)
(9.00429 0 -8.83047)
(8.24002 0 -10.6455)
(7.36435 0 -12.3359)
(6.38748 0 -13.8679)
(5.3214 0 -15.2071)
(4.17985 0 -16.3197)
(2.97828 0 -17.1746)
(1.73356 0 -17.7459)
(0.463581 0 -18.0148)
(-0.946574 0 -16.5949)
(-2.41777 0 -16.2653)
(-3.85138 0 -15.6578)
(-5.22562 0 -14.7922)
(-6.52031 0 -13.6946)
(-7.71729 0 -12.3951)
(-8.8007 0 -10.9258)
(-9.75708 0 -9.31899)
(-10.5753 0 -7.60607)
(-11.2463 0 -5.81625)
(-11.763 0 -3.97617)
(-12.1197 0 -2.10975)
(-12.3121 0 -0.238317)
(-12.337 0 1.61901)
(-12.192 0 3.44483)
(-11.8755 0 5.22226)
(-11.3875 0 6.93386)
(-10.7289 0 8.56082)
(-9.90315 0 10.0825)
(-8.91611 0 11.4764)
(-7.77713 0 12.7186)
(-6.49965 0 13.7846)
(-5.10171 0 14.6507)
(-3.60627 0 15.296)
(-2.04095 0 15.7036)
(-0.437134 0 15.862)
(1.17149 0 15.7663)
(2.75087 0 15.4185)
(4.26857 0 14.8269)
(5.69546 0 14.006)
(7.00674 0 12.9749)
(8.18243 0 11.756)
(9.20732 0 10.3735)
(10.0704 0 8.8517)
(10.7645 0 7.21401)
(11.2853 0 5.48258)
(11.6307 0 3.67803)
(11.8006 0 1.8199)
(11.7964 0 -0.0726357)
(11.6202 0 -1.97985)
(11.2758 0 -3.88021)
(10.7678 0 -5.74999)
(10.1026 0 -7.56296)
(9.28805 0 -9.29029)
(8.33423 0 -10.9008)
(7.25332 0 -12.3617)
(6.05993 0 -13.6396)
(4.77108 0 -14.7018)
(3.40606 0 -15.5185)
(1.98609 0 -16.0646)
(0.533882 0 -16.322)
(-0.927004 0 -16.2814)
(-2.37278 0 -15.9446)
(-3.78005 0 -15.323)
(-5.12645 0 -14.4371)
(-6.39124 0 -13.3134)
(-7.55572 0 -11.9826)
(-8.60352 0 -10.4779)
(-9.52069 0 -8.83244)
(-10.2956 0 -7.07886)
(-10.9189 0 -5.24769)
(-11.3831 0 -3.36705)
(-11.6823 0 -1.46249)
(-11.8121 0 0.442919)
(-11.7693 0 2.32821)
(-11.5517 0 4.17386)
(-11.1586 0 5.96068)
(-10.5905 0 7.66889)
(-9.8499 0 9.27747)
(-8.94193 0 10.7639)
(-7.87479 0 12.1044)
(-6.66052 0 13.2746)
(-5.31563 0 14.2506)
(-3.86142 0 15.0109)
(-2.32392 0 15.5373)
(-0.733323 0 15.817)
(0.877331 0 15.8433)
(2.47387 0 15.6162)
(4.02305 0 15.1424)
(5.4944 0 14.435)
(6.86151 0 13.512)
(8.10275 0 12.3955)
(9.20137 0 11.1094)
(10.1451 0 9.6781)
(10.9256 0 8.12535)
(11.5378 0 6.47311)
(11.979 0 4.74151)
(12.2485 0 2.94892)
(12.3468 0 1.11257)
(12.2758 0 -0.750613)
(12.038 0 -2.62282)
(11.6369 0 -4.48438)
(11.0773 0 -6.31329)
(10.3652 0 -8.08489)
(9.50808 0 -9.77178)
(8.51564 0 -11.3441)
(7.39962 0 -12.7701)
(6.17415 0 -14.0173)
(4.85573 0 -15.0541)
(3.4631 0 -15.8513)
(2.01695 0 -16.3842)
(0.5394 0 -16.635)
(-1.07336 0 -15.0145)
(-2.74059 0 -14.7136)
(-4.3632 0 -14.1592)
(-5.91545 0 -13.3696)
(-7.37365 0 -12.3689)
(-8.71665 0 -11.1847)
(-9.92612 0 -9.84641)
(-10.9867 0 -8.38385)
(-11.8859 0 -6.82576)
(-12.6139 0 -5.1991)
(-13.1634 0 -3.52855)
(-13.5289 0 -1.83635)
(-13.7071 0 -0.142426)
(-13.6959 0 1.53531)
(-13.4945 0 3.18057)
(-13.1036 0 4.77763)
(-12.525 0 6.31051)
(-11.7626 0 7.76231)
(-10.8223 0 9.11486)
(-9.7129 0 10.3487)
(-8.44654 0 11.4437)
(-7.03929 0 12.3795)
(-5.51136 0 13.137)
(-3.88717 0 13.6995)
(-2.19486 0 14.0538)
(-0.465419 0 14.1911)
(1.26846 0 14.1076)
(2.97382 0 13.8045)
(4.61888 0 13.2884)
(6.17426 0 12.5703)
(7.614 0 11.6653)
(8.91614 0 10.5914)
(10.0629 0 9.36837)
(11.0405 0 8.0166)
(11.8388 0 6.55624)
(12.4507 0 5.00667)
(12.8714 0 3.38631)
(13.0985 0 1.71297)
(13.1311 0 0.00437576)
(12.9699 0 -1.72107)
(12.617 0 -3.44328)
(12.0763 0 -5.14016)
(11.354 0 -6.78734)
(10.4581 0 -8.35815)
(9.39971 0 -9.82387)
(8.19234 0 -11.1543)
(6.85273 0 -12.3187)
(5.40053 0 -13.2871)
(3.85826 0 -14.032)
(2.25085 0 -14.5303)
(0.605157 0 -14.7653)
(-1.05086 0 -14.7283)
(-2.68891 0 -14.4208)
(-4.28125 0 -13.8537)
(-5.80148 0 -13.0457)
(-7.22527 0 -12.0214)
(-8.53086 0 -10.809)
(-9.69938 0 -9.43885)
(-10.715 0 -7.94168)
(-11.5647 0 -6.34737)
(-12.2385 0 -4.68412)
(-12.7287 0 -2.97799)
(-13.03 0 -1.25272)
(-13.1388 0 0.47017)
(-13.0534 0 2.17113)
(-12.7736 0 3.83198)
(-12.3006 0 5.43505)
(-11.6375 0 6.96238)
(-10.7897 0 8.39529)
(-9.7649 0 9.71418)
(-8.57435 0 10.8988)
(-7.23286 0 11.9287)
(-5.75934 0 12.7846)
(-4.17686 0 13.449)
(-2.5124 0 13.908)
(-0.796096 0 14.1517)
(0.939796 0 14.175)
(2.66225 0 13.9779)
(4.33891 0 13.5658)
(5.93944 0 12.9486)
(7.43664 0 12.1406)
(8.80723 0 11.1593)
(10.0321 0 10.0243)
(11.0964 0 8.75591)
(11.9888 0 7.37423)
(12.7014 0 5.89836)
(13.229 0 4.34612)
(13.5682 0 2.73411)
(13.7175 0 1.07819)
(13.6767 0 -0.605839)
(13.4469 0 -2.30129)
(13.0305 0 -3.98975)
(12.4315 0 -5.65068)
(11.6557 0 -7.26118)
(10.7111 0 -8.79591)
(9.60832 0 -10.2273)
(8.36055 0 -11.5263)
(6.98399 0 -12.6631)
(5.49775 0 -13.6085)
(3.92373 0 -14.3358)
(2.28624 0 -14.8221)
(0.611451 0 -15.0511)
(-1.19134 0 -13.243)
(-3.041 0 -12.9756)
(-4.83944 0 -12.483)
(-6.55728 0 -11.7819)
(-8.16756 0 -10.8935)
(-9.64633 0 -9.84272)
(-10.973 0 -8.65582)
(-12.1304 0 -7.35931)
(-13.1047 0 -5.97893)
(-13.8856 0 -4.53882)
(-14.4652 0 -3.06117)
(-14.8387 0 -1.56601)
(-15.0032 0 -0.0713929)
(-14.9579 0 1.40642)
(-14.7036 0 2.85258)
(-14.243 0 4.25285)
(-13.5801 0 5.59299)
(-12.7211 0 6.85819)
(-11.6746 0 8.03288)
(-10.452 0 9.10074)
(-9.0679 0 10.0451)
(-7.54069 0 10.8495)
(-5.89234 0 11.4987)
(-4.14837 0 11.9796)
(-2.33736 0 12.2819)
(-0.490087 0 12.3988)
(1.36136 0 12.3272)
(3.1847 0 12.0681)
(4.94849 0 11.6265)
(6.62314 0 11.011)
(8.18174 0 10.2331)
(9.60074 0 9.3072)
(10.8602 0 8.24921)
(11.9439 0 7.07585)
(12.8389 0 5.80397)
(13.5354 0 4.45007)
(14.0264 0 3.03022)
(14.3069 0 1.56022)
(14.374 0 0.0560151)
(14.2268 0 -1.46567)
(13.8661 0 -2.98668)
(13.2951 0 -4.48706)
(12.5195 0 -5.94485)
(11.548 0 -7.33612)
(10.3921 0 -8.63513)
(9.067 0 -9.81487)
(7.5912 0 -10.8479)
(5.98687 0 -11.7075)
(4.2795 0 -12.3689)
(2.4975 0 -12.8116)
(0.671554 0 -13.0204)
(-1.16625 0 -12.9875)
(-2.98342 0 -12.7143)
(-4.74814 0 -12.2106)
(-6.43028 0 -11.4932)
(-8.00215 0 -10.5841)
(-9.43916 0 -9.50864)
(-10.7201 0 -8.29386)
(-11.8273 0 -6.96719)
(-12.7468 0 -5.55538)
(-13.4676 0 -4.0837)
(-13.982 0 -2.57559)
(-14.285 0 -1.05242)
(-14.3741 0 0.466346)
(-14.2489 0 1.963)
(-13.9109 0 3.42108)
(-13.3635 0 4.82472)
(-12.6122 0 6.15806)
(-11.6649 0 7.40492)
(-10.532 0 8.54868)
(-9.22741 0 9.57245)
(-7.76832 0 10.4596)
(-6.17569 0 11.1947)
(-4.47402 0 11.764)
(-2.69103 0 12.1566)
(-0.856917 0 12.3649)
(0.996552 0 12.3851)
(2.83703 0 12.2172)
(4.63268 0 11.8653)
(6.35324 0 11.3373)
(7.97088 0 10.6443)
(9.46101 0 9.80007)
(10.8026 0 8.82029)
(11.9784 0 7.7215)
(12.9747 0 6.52037)
(13.7808 0 5.23304)
(14.3889 0 3.87486)
(14.7934 0 2.46046)
(14.9906 0 1.00403)
(14.9784 0 -0.48006)
(14.7565 0 -1.97664)
(14.3261 0 -3.46898)
(13.6907 0 -4.93852)
(12.8559 0 -6.36462)
(11.8301 0 -7.72453)
(10.6248 0 -8.99362)
(9.25452 0 -10.1459)
(7.73745 0 -11.1547)
(6.09513 0 -11.994)
(4.35236 0 -12.6399)
(2.53684 0 -13.072)
(0.678503 0 -13.2756)
(-1.29835 0 -11.2951)
(-3.31346 0 -11.0657)
(-5.27138 0 -10.6431)
(-7.1394 0 -10.0416)
(-8.88763 0 -9.27998)
(-10.4896 0 -8.37938)
(-11.9226 0 -7.3625)
(-13.1679 0 -6.25219)
(-14.2107 0 -5.07062)
(-15.0396 0 -3.83865)
(-15.647 0 -2.57546)
(-16.0278 0 -1.29844)
(-16.1801 0 -0.0232907)
(-16.1041 0 1.23579)
(-15.8022 0 2.46575)
(-15.2785 0 3.65415)
(-14.5393 0 4.7887)
(-13.593 0 5.85689)
(-12.4506 0 6.84579)
(-11.1256 0 7.74213)
(-9.63505 0 8.53253)
(-7.99905 0 9.20405)
(-6.24103 0 9.74481)
(-4.38745 0 10.1447)
(-2.46727 0 10.3957)
(-0.511256 0 10.4925)
(1.44877 0 10.4329)
(3.3808 0 10.2175)
(5.25349 0 9.85007)
(7.03696 0 9.33718)
(8.70355 0 8.68782)
(10.2284 0 7.91304)
(11.5897 0 7.02532)
(12.7691 0 6.03801)
(13.7514 0 4.96476)
(14.5245 0 3.81922)
(15.0788 0 2.61491)
(15.4073 0 1.36536)
(15.5053 0 0.0844749)
(15.3703 0 -1.21312)
(15.0021 0 -2.51162)
(14.4031 0 -3.7937)
(13.5789 0 -5.04034)
(12.5383 0 -6.23083)
(11.2937 0 -7.34297)
(9.86145 0 -8.35346)
(8.26187 0 -9.23866)
(6.51935 0 -9.9755)
(4.66204 0 -10.5428)
(2.72148 0 -10.9225)
(0.731847 0 -11.1016)
(-1.27103 0 -11.0734)
(-3.25086 0 -10.839)
(-5.17214 0 -10.407)
(-7.00132 0 -9.79184)
(-8.70774 0 -9.01262)
(-10.2642 0 -8.09115)
(-11.6474 0 -7.05077)
(-12.8382 0 -5.91511)
(-13.8212 0 -4.70722)
(-14.5851 0 -3.44896)
(-15.1219 0 -2.16056)
(-15.427 0 -0.860593)
(-15.4987 0 0.434061)
(-15.3378 0 1.70795)
(-14.9474 0 2.94666)
(-14.3329 0 4.13646)
(-13.502 0 5.2638)
(-12.4647 0 6.31513)
(-11.2342 0 7.27679)
(-9.82649 0 8.13516)
(-8.26084 0 8.87706)
(-6.55989 0 9.49034)
(-4.74931 0 9.96445)
(-2.85746 0 10.291)
(-0.914705 0 10.4643)
(1.04735 0 10.4812)
(2.99667 0 10.3419)
(4.90163 0 10.0497)
(6.73188 0 9.61048)
(8.45906 0 9.03291)
(10.0575 0 8.32766)
(11.5047 0 7.50695)
(12.7813 0 6.58392)
(13.8714 0 5.57194)
(14.762 0 4.48424)
(15.4429 0 3.33361)
(15.9064 0 2.13248)
(16.1468 0 0.893157)
(16.1604 0 -0.37179)
(15.9454 0 -1.64903)
(15.5021 0 -2.92398)
(14.8334 0 -4.1805)
(13.9448 0 -5.4007)
(12.8452 0 -6.56491)
(11.5468 0 -7.65188)
(10.0654 0 -8.63916)
(8.42083 0 -9.50387)
(6.63693 0 -10.2236)
(4.74111 0 -10.7776)
(2.76413 0 -11.1484)
(0.739319 0 -11.3231)
(-1.39239 0 -9.18338)
(-3.5529 0 -8.99587)
(-5.65096 0 -8.65066)
(-7.65097 0 -8.1595)
(-9.52045 0 -7.53767)
(-11.2307 0 -6.80263)
(-12.7574 0 -5.97296)
(-14.0802 0 -5.06738)
(-15.1833 0 -4.10406)
(-16.0551 0 -3.10012)
(-16.6872 0 -2.07132)
(-17.0753 0 -1.032)
(-17.2176 0 0.00494502)
(-17.1153 0 1.02776)
(-16.7721 0 2.02551)
(-16.1936 0 2.98785)
(-15.388 0 3.90469)
(-14.3655 0 4.76596)
(-13.139 0 5.56141)
(-11.7244 0 6.28069)
(-10.1401 0 6.91352)
(-8.408 0 7.45009)
(-6.55258 0 7.88144)
(-4.6011 0 8.19996)
(-2.58293 0 8.39972)
(-0.529014 0 8.47672)
(1.52882 0 8.42913)
(3.55855 0 8.25751)
(5.52872 0 7.96466)
(7.40909 0 7.55546)
(9.17129 0 7.03662)
(10.7893 0 6.41642)
(12.2401 0 5.70432)
(13.5033 0 4.91052)
(14.5619 0 4.04564)
(15.4015 0 3.12045)
(16.0108 0 2.14581)
(16.3807 0 1.13278)
(16.5051 0 0.0928647)
(16.38 0 -0.961744)
(16.0043 0 -2.018)
(15.38 0 -3.06165)
(14.5124 0 -4.07707)
(13.4106 0 -5.04726)
(12.0876 0 -5.95399)
(10.5608 0 -6.77816)
(8.85222 0 -7.5004)
(6.988 0 -8.1018)
(4.99871 0 -8.56494)
(2.9186 0 -8.87507)
(0.784908 0 -9.02138)
(-1.36326 0 -8.99835)
(-3.48624 0 -8.80689)
(-5.5453 0 -8.45407)
(-7.50394 0 -7.9519)
(-9.32884 0 -7.31597)
(-10.9906 0 -6.56421)
(-12.4641 0 -5.71575)
(-13.7286 0 -4.78995)
(-14.7681 0 -3.80572)
(-15.5705 0 -2.78098)
(-16.1278 0 -1.73238)
(-16.4356 0 -0.675156)
(-16.4928 0 0.376778)
(-16.3013 0 1.41063)
(-15.8656 0 2.41443)
(-15.1928 0 3.3768)
(-14.2925 0 4.28676)
(-13.1768 0 5.13346)
(-11.8607 0 5.90615)
(-10.3624 0 6.5943)
(-8.7027 0 7.18786)
(-6.90568 0 7.67766)
(-4.998 0 8.05581)
(-3.00859 0 8.31606)
(-0.968089 0 8.45409)
(1.09181 0 8.46768)
(3.13906 0 8.35693)
(5.14201 0 8.1243)
(7.07007 0 7.77431)
(8.8944 0 7.3134)
(10.5884 0 6.74959)
(12.1284 0 6.0921)
(13.4933 0 5.35092)
(14.6654 0 4.53638)
(15.6298 0 3.65882)
(16.3742 0 2.72844)
(16.8889 0 1.7553)
(17.1666 0 0.749544)
(17.2021 0 -0.278344)
(16.9925 0 -1.31724)
(16.5372 0 -2.35511)
(15.8387 0 -3.37864)
(14.9025 0 -4.37313)
(13.7378 0 -5.32241)
(12.3572 0 -6.20904)
(10.778 0 -7.01464)
(9.02141 0 -7.72045)
(7.11306 0 -8.30808)
(5.08275 0 -8.76057)
(2.96387 0 -9.06348)
(0.792769 0 -9.20622)
(-1.47192 0 -7.00582)
(-3.75538 0 -6.86236)
(-5.97194 0 -6.59826)
(-8.08353 0 -6.22256)
(-10.0555 0 -5.74696)
(-11.8573 0 -5.18484)
(-13.4631 0 -4.55043)
(-14.8516 0 -3.85807)
(-16.006 0 -3.12171)
(-16.9142 0 -2.35449)
(-17.568 0 -1.56856)
(-17.9628 0 -0.774947)
(-18.0975 0 0.016395)
(-17.974 0 0.796376)
(-17.5968 0 1.5564)
(-16.973 0 2.28835)
(-16.1119 0 2.98448)
(-15.0256 0 3.63711)
(-13.7287 0 4.23864)
(-12.2383 0 4.78145)
(-10.5746 0 5.25809)
(-8.76049 0 5.66154)
(-6.82152 0 5.98541)
(-4.78556 0 6.22431)
(-2.68246 0 6.37401)
(-0.543431 0 6.43165)
(1.59947 0 6.39592)
(3.71402 0 6.26719)
(5.76848 0 6.04748)
(7.73219 0 5.74023)
(9.57615 0 5.3502)
(11.2735 0 4.88327)
(12.7999 0 4.34621)
(14.1336 0 3.74639)
(15.2561 0 3.09158)
(16.1513 0 2.38979)
(16.8061 0 1.64922)
(17.2101 0 0.878367)
(17.3557 0 0.0861679)
(17.238 0 -0.717831)
(16.8551 0 -1.52356)
(16.2087 0 -2.32005)
(15.3038 0 -3.0953)
(14.1498 0 -3.83624)
(12.7603 0 -4.52889)
(11.1534 0 -5.15859)
(9.3524 0 -5.71051)
(7.38508 0 -6.17015)
(5.28397 0 -6.52418)
(3.08563 0 -6.76128)
(0.829867 0 -6.87315)
(-1.44141 0 -6.85555)
(-3.68569 0 -6.70916)
(-5.8615 0 -6.43945)
(-7.92981 0 -6.0556)
(-9.85509 0 -5.5696)
(-11.6061 0 -4.99516)
(-13.1561 0 -4.34693)
(-14.4834 0 -3.63977)
(-15.571 0 -2.88816)
(-16.4066 0 -2.10588)
(-16.9819 0 -1.3057)
(-17.2928 0 -0.499349)
(-17.3388 0 0.302462)
(-17.1225 0 1.08982)
(-16.6495 0 1.85337)
(-15.9283 0 2.58429)
(-14.97 0 3.27418)
(-13.7884 0 3.91488)
(-12.4003 0 4.49844)
(-10.8252 0 5.01719)
(-9.08547 0 5.46387)
(-7.20619 0 5.83194)
(-5.21485 0 6.11581)
(-3.14097 0 6.31104)
(-1.01556 0 6.41458)
(1.12944 0 6.42483)
(3.26179 0 6.3419)
(5.34958 0 6.16753)
(7.36192 0 5.90497)
(9.26945 0 5.55878)
(11.0449 0 5.13466)
(12.6634 0 4.63919)
(14.1027 0 4.07955)
(15.3437 0 3.46325)
(16.3697 0 2.7979)
(17.1669 0 2.09114)
(17.7241 0 1.35066)
(18.0324 0 0.584291)
(18.0854 0 -0.199735)
(17.8795 0 -0.992711)
(17.4134 0 -1.78532)
(16.6892 0 -2.56732)
(15.7125 0 -3.32737)
(14.4924 0 -4.05305)
(13.0425 0 -4.73095)
(11.3806 0 -5.34697)
(9.52922 0 -5.88675)
(7.51569 0 -6.33621)
(5.37166 0 -6.68234)
(3.13281 0 -6.91408)
(0.837977 0 -7.0233)
(-1.53421 0 -4.28621)
(-3.91398 0 -4.19792)
(-6.2233 0 -4.03546)
(-8.42215 0 -3.80448)
(-10.4742 0 -3.51226)
(-12.3475 0 -3.16711)
(-14.0151 0 -2.77784)
(-15.4547 0 -2.35331)
(-16.6492 0 -1.90211)
(-17.5861 0 -1.43232)
(-18.257 0 -0.95141)
(-18.6576 0 -0.466105)
(-18.7871 0 0.0175288)
(-18.6478 0 0.493973)
(-18.245 0 0.957877)
(-17.5865 0 1.40423)
(-16.683 0 1.82829)
(-15.5475 0 2.22543)
(-14.1958 0 2.59106)
(-12.6464 0 2.92066)
(-10.9204 0 3.20981)
(-9.04167 0 3.45437)
(-7.03636 0 3.65056)
(-4.93298 0 3.79522)
(-2.76179 0 3.88585)
(-0.554353 0 3.92075)
(1.65696 0 3.89911)
(3.83961 0 3.82118)
(5.9615 0 3.68812)
(7.99156 0 3.50198)
(9.90024 0 3.26556)
(11.66 0 2.9823)
(13.2455 0 2.65618)
(14.6341 0 2.29158)
(15.806 0 1.89312)
(16.7439 0 1.46559)
(17.4335 0 1.01396)
(17.8632 0 0.543409)
(18.0246 0 0.0594504)
(17.9119 0 -0.431989)
(17.5229 0 -0.924771)
(16.8587 0 -1.41223)
(15.9245 0 -1.88701)
(14.7295 0 -2.3411)
(13.2878 0 -2.76588)
(11.6183 0 -3.15234)
(9.74486 0 -3.49128)
(7.69674 0 -3.77374)
(5.50793 0 -3.99144)
(3.21678 0 -4.13731)
(0.865172 0 -4.20616)
(-1.50278 0 -4.19533)
(-3.8423 0 -4.10524)
(-6.10972 0 -3.93933)
(-8.26404 0 -3.70334)
(-10.268 0 -3.40473)
(-12.0888 0 -3.05202)
(-13.6988 0 -2.65427)
(-15.0753 0 -2.22066)
(-16.2007 0 -1.76012)
(-17.0625 0 -1.28112)
(-17.6524 0 -0.791496)
(-17.9664 0 -0.298411)
(-18.0044 0 0.191622)
(-17.7695 0 0.672526)
(-17.2682 0 1.1385)
(-16.51 0 1.58412)
(-15.507 0 2.00427)
(-14.2744 0 2.39403)
(-12.8302 0 2.74865)
(-11.1949 0 3.06356)
(-9.39212 0 3.33448)
(-7.44761 0 3.55756)
(-5.38958 0 3.72951)
(-3.24804 0 3.84773)
(-1.05441 0 3.91041)
(1.15903 0 3.91662)
(3.35973 0 3.86642)
(5.51548 0 3.76085)
(7.59499 0 3.60184)
(9.56846 0 3.3921)
(11.408 0 3.13496)
(13.088 0 2.83431)
(14.5853 0 2.4944)
(15.8795 0 2.11967)
(16.953 0 1.71468)
(17.7907 0 1.28402)
(18.3801 0 0.832339)
(18.7114 0 0.364462)
(18.7775 0 -0.114524)
(18.5737 0 -0.599234)
(18.0988 0 -1.08401)
(17.3543 0 -1.56261)
(16.3457 0 -2.0281)
(15.0825 0 -2.47283)
(13.5784 0 -2.88858)
(11.852 0 -3.26664)
(9.92665 0 -3.59813)
(7.83091 0 -3.87434)
(5.59792 0 -4.08717)
(3.26514 0 -4.22975)
(0.873397 0 -4.29697)
(-1.58992 0 -3.26313)
(-4.05571 0 -3.19763)
(-6.4476 0 -3.07686)
(-8.72375 0 -2.90463)
(-10.8463 0 -2.68595)
(-12.7821 0 -2.42661)
(-14.5031 0 -2.13286)
(-15.9868 0 -1.81115)
(-17.2156 0 -1.46786)
(-18.1767 0 -1.10917)
(-18.8621 0 -0.740913)
(-19.2677 0 -0.36853)
(-19.3929 0 0.00297426)
(-19.2405 0 0.368956)
(-18.8161 0 0.724818)
(-18.1285 0 1.06631)
(-17.189 0 1.38951)
(-16.0117 0 1.69075)
(-14.613 0 1.96661)
(-13.0124 0 2.21386)
(-11.2318 0 2.42955)
(-9.29564 0 2.611)
(-7.23085 0 2.75588)
(-5.06646 0 2.86226)
(-2.83323 0 2.92866)
(-0.563211 0 2.9541)
(1.71075 0 2.9381)
(3.95563 0 2.88084)
(6.13885 0 2.78302)
(8.2288 0 2.6459)
(10.1954 0 2.4712)
(12.0103 0 2.26109)
(13.6476 0 2.01816)
(15.0839 0 1.74533)
(16.2982 0 1.44587)
(17.2726 0 1.12333)
(17.9918 0 0.781556)
(18.4433 0 0.424706)
(18.6178 0 0.0573229)
(18.5092 0 -0.315668)
(18.1148 0 -0.689253)
(17.4354 0 -1.05807)
(16.4759 0 -1.41634)
(15.2455 0 -1.75788)
(13.7584 0 -2.07623)
(12.0338 0 -2.36475)
(10.0965 0 -2.61684)
(7.97655 0 -2.82617)
(5.70934 0 -2.98699)
(3.33488 0 -3.09449)
(0.896983 0 -3.14517)
(-1.55807 0 -3.13722)
(-3.98327 0 -3.07095)
(-6.33286 0 -2.94864)
(-8.56395 0 -2.7742)
(-10.6377 0 -2.55273)
(-12.5201 0 -2.29017)
(-14.1826 0 -1.99294)
(-15.6018 0 -1.66768)
(-16.76 0 -1.321)
(-17.6443 0 -0.959284)
(-18.2467 0 -0.588621)
(-18.5635 0 -0.21468)
(-18.5949 0 0.157281)
(-18.3444 0 0.522268)
(-17.8192 0 0.87546)
(-17.0294 0 1.21242)
(-15.9882 0 1.52907)
(-14.7117 0 1.82166)
(-13.2186 0 2.08669)
(-11.5306 0 2.321)
(-9.67172 0 2.52175)
(-7.66872 0 2.68644)
(-5.55035 0 2.81304)
(-3.34719 0 2.89994)
(-1.09116 0 2.94603)
(1.18497 0 2.95075)
(3.44815 0 2.9141)
(5.66571 0 2.8367)
(7.80587 0 2.71967)
(9.83831 0 2.56462)
(11.7345 0 2.37359)
(13.4683 0 2.14901)
(15.0157 0 1.89364)
(16.3557 0 1.61052)
(17.4695 0 1.30292)
(18.3413 0 0.974347)
(18.9578 0 0.628522)
(19.3084 0 0.269459)
(19.3853 0 -0.0984964)
(19.1833 0 -0.470737)
(18.7009 0 -0.842526)
(17.9392 0 -1.20874)
(16.9037 0 -1.56382)
(15.6035 0 -1.90182)
(14.0527 0 -2.21651)
(12.2702 0 -2.50146)
(10.2801 0 -2.75026)
(8.11186 0 -2.95675)
(5.79996 0 -3.11532)
(3.38346 0 -3.22124)
(0.905099 0 -3.2711)
)
;

boundaryField
{
    top
    {
        type            directionMixed;
        refValue        uniform (0 0 0);
        refGradient     uniform (0 0 0);
        valueFraction   uniform (0 0 0 0 0 1);
        value           nonuniform List<vector> 
102
(
(-1.58992 0 0)
(-4.05571 0 0)
(-6.4476 0 0)
(-8.72375 0 0)
(-10.8463 0 0)
(-12.7821 0 0)
(-14.5031 0 0)
(-15.9868 0 0)
(-17.2156 0 0)
(-18.1767 0 0)
(-18.8621 0 0)
(-19.2677 0 0)
(-19.3929 0 0)
(-19.2405 0 0)
(-18.8161 0 0)
(-18.1285 0 0)
(-17.189 0 0)
(-16.0117 0 0)
(-14.613 0 0)
(-13.0124 0 0)
(-11.2318 0 0)
(-9.29564 0 0)
(-7.23085 0 0)
(-5.06646 0 0)
(-2.83323 0 0)
(-0.563211 0 0)
(1.71075 0 0)
(3.95563 0 0)
(6.13885 0 0)
(8.2288 0 0)
(10.1954 0 0)
(12.0103 0 0)
(13.6476 0 0)
(15.0839 0 0)
(16.2982 0 0)
(17.2726 0 0)
(17.9918 0 0)
(18.4433 0 0)
(18.6178 0 0)
(18.5092 0 0)
(18.1148 0 0)
(17.4354 0 0)
(16.4759 0 0)
(15.2455 0 0)
(13.7584 0 0)
(12.0338 0 0)
(10.0965 0 0)
(7.97655 0 0)
(5.70934 0 0)
(3.33488 0 0)
(0.896983 0 0)
(-1.55807 0 0)
(-3.98327 0 0)
(-6.33286 0 0)
(-8.56395 0 0)
(-10.6377 0 0)
(-12.5201 0 0)
(-14.1826 0 0)
(-15.6018 0 0)
(-16.76 0 0)
(-17.6443 0 0)
(-18.2467 0 0)
(-18.5635 0 0)
(-18.5949 0 0)
(-18.3444 0 0)
(-17.8192 0 0)
(-17.0294 0 0)
(-15.9882 0 0)
(-14.7117 0 0)
(-13.2186 0 0)
(-11.5306 0 0)
(-9.67172 0 0)
(-7.66872 0 0)
(-5.55035 0 0)
(-3.34719 0 0)
(-1.09116 0 0)
(1.18497 0 0)
(3.44815 0 0)
(5.66571 0 0)
(7.80587 0 0)
(9.83831 0 0)
(11.7345 0 0)
(13.4683 0 0)
(15.0157 0 0)
(16.3557 0 0)
(17.4695 0 0)
(18.3413 0 0)
(18.9578 0 0)
(19.3084 0 0)
(19.3853 0 0)
(19.1833 0 0)
(18.7009 0 0)
(17.9392 0 0)
(16.9037 0 0)
(15.6035 0 0)
(14.0527 0 0)
(12.2702 0 0)
(10.2801 0 0)
(8.11186 0 0)
(5.79996 0 0)
(3.38346 0 0)
(0.905099 0 0)
)
;
    }
    bottom
    {
        type            fixedValue;
        value           uniform (0 0 0);
    }
    frontAndBack
    {
        type            empty;
    }
    left_cyc
    {
        type            cyclic;
    }
    right_cyc
    {
        type            cyclic;
    }
}


// ************************************************************************* //
