/*--------------------------------*- C++ -*----------------------------------*\
| =========                 |                                                 |
| \\      /  F ield         | OpenFOAM: The Open Source CFD Toolbox           |
|  \\    /   O peration     | Version:  2.3.0                                 |
|   \\  /    A nd           | Web:      www.OpenFOAM.org                      |
|    \\/     M anipulation  |                                                 |
\*---------------------------------------------------------------------------*/
FoamFile
{
    version     2.0;
    format      ascii;
    class       volScalarField;
    location    "24000";
    object      p_rgh;
}
// * * * * * * * * * * * * * * * * * * * * * * * * * * * * * * * * * * * * * //

dimensions      [0 2 -2 0 0 0 0];

internalField   nonuniform List<scalar> 
3060
(
-967.007
-970.493
-977.469
-987.553
-1000.19
-1014.77
-1030.81
-1048.47
-1068.88
-1093.61
-1123.6
-1158.2
-1195.75
-1234.57
-1272.87
-1309
-1341.57
-1369.76
-1392.69
-1409.44
-1420.29
-1426.21
-1428.6
-1429
-1428.67
-1428.42
-1428.55
-1428.83
-1428.56
-1426.53
-1421.22
-1411.19
-1395.4
-1373.37
-1345.93
-1313.98
-1278.34
-1240.29
-1201.48
-1163.7
-1128.63
-1097.94
-1072.47
-1051.53
-1033.58
-1017.38
-1002.65
-989.8
-979.436
-972.125
-968.269
-968.077
-971.56
-978.528
-988.598
-1001.22
-1015.77
-1031.8
-1049.51
-1070.03
-1094.94
-1125.09
-1159.8
-1197.42
-1236.24
-1274.49
-1310.49
-1342.89
-1370.86
-1393.53
-1409.98
-1420.57
-1426.3
-1428.57
-1428.93
-1428.62
-1428.42
-1428.59
-1428.89
-1428.59
-1426.45
-1420.96
-1410.67
-1394.59
-1372.29
-1344.62
-1312.5
-1276.72
-1238.61
-1199.8
-1162.07
-1127.11
-1096.58
-1071.28
-1050.47
-1032.57
-1016.37
-1001.62
-988.75
-978.373
-971.056
-967.198
-1085.43
-1085.45
-1085.49
-1085.58
-1085.89
-1086.88
-1089.61
-1095.82
-1107.61
-1126.17
-1150.87
-1179.63
-1210.34
-1241.3
-1270.97
-1298.33
-1324.3
-1349.77
-1372.72
-1390.17
-1401.94
-1409.15
-1413.12
-1415.05
-1415.86
-1416.08
-1415.88
-1415.14
-1413.39
-1409.78
-1403.14
-1392.15
-1375.66
-1353.43
-1328.13
-1302.22
-1275.18
-1245.88
-1215.09
-1184.33
-1155.27
-1129.94
-1110.47
-1097.78
-1090.9
-1087.8
-1086.63
-1086.25
-1086.13
-1086.07
-1086.03
-1086.01
-1086.02
-1086.05
-1086.13
-1086.45
-1087.47
-1090.28
-1096.65
-1108.65
-1127.41
-1152.24
-1181.06
-1211.77
-1242.68
-1272.24
-1299.51
-1325.46
-1350.89
-1373.63
-1390.78
-1402.31
-1409.34
-1413.19
-1415.07
-1415.86
-1416.07
-1415.88
-1415.12
-1413.32
-1409.6
-1402.78
-1391.56
-1374.77
-1352.32
-1326.96
-1301.04
-1273.91
-1244.5
-1213.64
-1182.88
-1153.87
-1128.67
-1109.41
-1096.93
-1090.22
-1087.21
-1086.07
-1085.7
-1085.57
-1085.5
-1085.45
-1085.01
-1085.96
-1087.96
-1091.11
-1095.63
-1101.85
-1110.25
-1121.4
-1135.73
-1153.23
-1173.27
-1194.83
-1217.18
-1240.06
-1263.67
-1288.64
-1314.93
-1339.73
-1360.04
-1376.12
-1388.56
-1396.44
-1400.76
-1403.02
-1404.15
-1404.51
-1404.22
-1403.2
-1401.12
-1397.19
-1389.98
-1378.23
-1362.7
-1343.17
-1319.01
-1292.75
-1267.56
-1243.85
-1220.95
-1198.6
-1176.96
-1156.71
-1138.84
-1124.06
-1112.48
-1103.72
-1097.21
-1092.46
-1089.12
-1086.96
-1085.85
-1085.78
-1086.73
-1088.74
-1091.91
-1096.46
-1102.73
-1111.21
-1122.44
-1136.86
-1154.43
-1174.5
-1196.06
-1218.39
-1241.26
-1264.88
-1289.91
-1316.19
-1340.8
-1360.86
-1376.78
-1389.01
-1396.67
-1400.86
-1403.07
-1404.16
-1404.51
-1404.2
-1403.15
-1401.02
-1396.97
-1389.56
-1377.59
-1361.88
-1342.12
-1317.74
-1291.46
-1266.33
-1242.65
-1219.74
-1197.37
-1175.72
-1155.5
-1137.69
-1123.01
-1111.52
-1102.83
-1096.37
-1091.66
-1088.34
-1086.19
-1085.09
-1050.69
-1052.27
-1055.53
-1060.54
-1067.41
-1076.37
-1087.66
-1101.54
-1118.01
-1136.69
-1156.84
-1177.71
-1198.88
-1220.27
-1242.01
-1264.38
-1287.62
-1310.75
-1332.7
-1352.37
-1367.05
-1377.39
-1383.5
-1386.68
-1388.37
-1388.99
-1388.53
-1387
-1384.11
-1378.62
-1368.95
-1355.12
-1336.17
-1314.48
-1291.56
-1268.28
-1245.8
-1224.02
-1202.63
-1181.48
-1160.59
-1140.34
-1121.42
-1104.61
-1090.35
-1078.69
-1069.41
-1062.25
-1056.99
-1053.48
-1051.67
-1051.56
-1053.15
-1056.42
-1061.46
-1068.37
-1077.37
-1088.74
-1102.68
-1119.22
-1137.93
-1158.09
-1178.94
-1200.1
-1221.47
-1243.22
-1265.62
-1288.87
-1311.93
-1333.8
-1353.25
-1367.65
-1377.78
-1383.68
-1386.77
-1388.42
-1388.99
-1388.48
-1386.9
-1383.93
-1378.25
-1368.36
-1354.27
-1335.08
-1313.3
-1290.3
-1267.03
-1244.58
-1222.81
-1201.41
-1180.24
-1159.34
-1139.09
-1120.21
-1103.46
-1089.27
-1077.68
-1068.45
-1061.33
-1056.09
-1052.6
-1050.8
-1016.87
-1018.74
-1022.57
-1028.36
-1036.16
-1046.03
-1058.08
-1072.38
-1088.9
-1107.43
-1127.57
-1148.87
-1170.94
-1193.52
-1216.37
-1239.18
-1261.72
-1283.89
-1305.92
-1326.51
-1343.23
-1355.5
-1362.98
-1367.23
-1369.7
-1370.68
-1369.97
-1367.73
-1363.86
-1357.07
-1345.66
-1329.68
-1309.67
-1287.73
-1265.6
-1243.14
-1220.36
-1197.52
-1174.92
-1152.78
-1131.37
-1111.05
-1092.28
-1075.46
-1060.84
-1048.47
-1038.29
-1030.2
-1024.13
-1020.03
-1017.89
-1017.76
-1019.64
-1023.48
-1029.29
-1037.12
-1047.04
-1059.14
-1073.49
-1090.06
-1108.63
-1128.8
-1150.12
-1172.2
-1194.78
-1217.62
-1240.43
-1262.95
-1285.12
-1307.12
-1327.54
-1344.02
-1356.01
-1363.26
-1367.39
-1369.78
-1370.68
-1369.88
-1367.58
-1363.59
-1356.58
-1344.89
-1328.68
-1308.47
-1286.5
-1264.36
-1241.88
-1219.1
-1196.25
-1173.65
-1151.52
-1130.13
-1109.84
-1091.1
-1074.34
-1059.77
-1047.45
-1037.31
-1029.26
-1023.21
-1019.12
-1017
-982.057
-984.241
-988.694
-995.366
-1004.22
-1015.23
-1028.38
-1043.61
-1060.82
-1079.8
-1100.24
-1121.84
-1144.34
-1167.53
-1191.26
-1215.27
-1239.19
-1262.43
-1284.35
-1304.4
-1321.89
-1334.66
-1342.41
-1346.32
-1348.81
-1350.08
-1349.16
-1346.81
-1343.35
-1336.4
-1324.57
-1307.75
-1288.05
-1266.42
-1243.36
-1219.52
-1195.51
-1171.73
-1148.46
-1125.87
-1104.13
-1083.51
-1064.31
-1046.82
-1031.29
-1017.84
-1006.51
-997.349
-990.369
-985.609
-983.12
-982.967
-985.157
-989.624
-996.318
-1005.2
-1016.25
-1029.44
-1044.72
-1061.98
-1080.99
-1101.47
-1123.1
-1145.61
-1168.83
-1192.57
-1216.59
-1240.5
-1263.69
-1285.53
-1305.48
-1322.78
-1335.24
-1342.72
-1346.48
-1348.92
-1350.08
-1349.05
-1346.66
-1343.06
-1335.85
-1323.71
-1306.67
-1286.86
-1265.15
-1242.05
-1218.19
-1194.18
-1170.42
-1147.18
-1124.61
-1102.9
-1082.3
-1063.14
-1045.7
-1030.22
-1016.81
-1005.52
-996.39
-989.434
-984.69
-982.209
-949.083
-951.554
-956.568
-964.019
-973.796
-985.787
-999.876
-1015.94
-1033.81
-1053.31
-1074.2
-1096.27
-1119.33
-1143.23
-1167.86
-1192.99
-1218.26
-1243.14
-1266.93
-1288.68
-1307.01
-1319.71
-1325.98
-1328.06
-1328.88
-1329.66
-1329.08
-1328.3
-1326.67
-1321.4
-1309.83
-1292.3
-1271.01
-1247.49
-1222.75
-1197.52
-1172.35
-1147.64
-1123.62
-1100.43
-1078.2
-1057.12
-1037.39
-1019.26
-1002.91
-988.52
-976.213
-966.111
-958.327
-952.974
-950.16
-949.987
-952.464
-957.492
-964.964
-974.768
-986.793
-1000.92
-1017.02
-1034.94
-1054.48
-1075.42
-1097.52
-1120.62
-1144.56
-1169.22
-1194.38
-1219.65
-1244.5
-1268.22
-1289.85
-1307.95
-1320.29
-1326.22
-1328.14
-1328.94
-1329.66
-1329.01
-1328.22
-1326.45
-1320.86
-1308.93
-1291.14
-1269.72
-1246.13
-1221.36
-1196.13
-1170.98
-1146.3
-1122.32
-1099.16
-1076.97
-1055.93
-1036.25
-1018.15
-1001.85
-987.503
-975.232
-965.16
-957.398
-952.06
-949.255
-918.685
-921.47
-927.099
-935.403
-946.191
-959.26
-974.405
-991.422
-1010.11
-1030.27
-1051.73
-1074.32
-1097.93
-1122.49
-1147.95
-1174.12
-1200.63
-1226.98
-1252.45
-1276.07
-1296.46
-1311.12
-1317.14
-1316.62
-1314.8
-1314.2
-1314.66
-1316.42
-1317.58
-1313.02
-1299.71
-1280.07
-1256.89
-1231.67
-1205.42
-1178.91
-1152.67
-1127.09
-1102.38
-1078.61
-1055.85
-1034.2
-1013.81
-994.867
-977.572
-962.125
-948.732
-937.601
-928.937
-922.934
-919.764
-919.57
-922.361
-928.002
-936.326
-947.14
-960.242
-975.425
-992.484
-1011.22
-1031.43
-1052.93
-1075.57
-1099.23
-1123.84
-1149.34
-1175.55
-1202.09
-1228.42
-1253.84
-1277.34
-1297.52
-1311.77
-1317.32
-1316.56
-1314.75
-1314.2
-1314.7
-1316.48
-1317.44
-1312.42
-1298.68
-1278.8
-1255.5
-1230.22
-1203.96
-1177.46
-1151.26
-1125.73
-1101.07
-1077.35
-1054.63
-1033.03
-1012.69
-993.791
-976.539
-961.131
-947.772
-936.669
-928.027
-922.039
-918.878
-890.816
-893.974
-900.331
-909.648
-921.644
-936.013
-952.45
-970.666
-990.403
-1011.45
-1033.63
-1056.84
-1081.03
-1106.21
-1132.4
-1159.48
-1187.11
-1214.79
-1241.82
-1267.18
-1289.5
-1306.66
-1315.28
-1314.83
-1311.14
-1309.37
-1310.73
-1314.42
-1315.99
-1309.1
-1293.15
-1271.54
-1246.6
-1219.79
-1192.18
-1164.52
-1137.33
-1110.98
-1085.63
-1061.27
-1037.87
-1015.5
-994.235
-974.254
-955.765
-939.026
-924.322
-911.961
-902.252
-895.48
-891.892
-891.672
-894.836
-901.205
-910.541
-922.562
-936.962
-953.436
-971.693
-991.476
-1012.57
-1034.8
-1058.07
-1082.32
-1107.57
-1133.83
-1160.96
-1188.62
-1216.31
-1243.3
-1268.55
-1290.67
-1307.48
-1315.55
-1314.72
-1311.01
-1309.36
-1310.85
-1314.54
-1315.77
-1308.33
-1292
-1270.18
-1245.12
-1218.27
-1190.66
-1163.03
-1135.89
-1109.61
-1084.33
-1060.02
-1036.68
-1014.36
-993.147
-973.211
-954.765
-938.063
-923.393
-911.059
-901.371
-894.614
-891.034
-864.971
-868.583
-875.831
-886.395
-899.886
-915.879
-933.95
-953.708
-974.821
-997.032
-1020.17
-1044.17
-1069.02
-1094.83
-1121.7
-1149.55
-1178.11
-1206.93
-1235.33
-1262.3
-1286.48
-1305.99
-1318.14
-1321.1
-1318.59
-1316.73
-1318.2
-1321.08
-1319.54
-1308.96
-1290.52
-1267.01
-1240.42
-1212.21
-1183.42
-1154.79
-1126.81
-1099.76
-1073.77
-1048.74
-1024.56
-1001.23
-978.815
-957.47
-937.445
-919.068
-902.726
-888.844
-877.849
-870.138
-866.041
-865.793
-869.41
-876.67
-887.252
-900.767
-916.791
-934.898
-954.697
-975.856
-998.119
-1021.32
-1045.37
-1070.3
-1096.18
-1123.13
-1151.05
-1179.66
-1208.51
-1236.88
-1263.76
-1287.76
-1306.96
-1318.63
-1321.12
-1318.47
-1316.72
-1318.32
-1321.09
-1319.11
-1308.03
-1289.26
-1265.55
-1238.87
-1210.63
-1181.85
-1153.27
-1125.36
-1098.38
-1072.48
-1047.51
-1023.4
-1000.13
-977.763
-956.464
-936.482
-918.141
-901.832
-887.976
-877.002
-869.306
-865.217
-840.434
-844.598
-852.932
-865.023
-880.356
-898.366
-918.489
-940.208
-963.095
-986.833
-1011.23
-1036.23
-1061.9
-1088.38
-1115.89
-1144.4
-1173.71
-1203.45
-1232.97
-1261.33
-1287.2
-1308.89
-1324.29
-1331.69
-1332.67
-1331.99
-1332.65
-1332.41
-1326.41
-1312.34
-1291.6
-1266.34
-1238.34
-1208.96
-1179.23
-1149.82
-1121.16
-1093.46
-1066.79
-1040.95
-1015.78
-991.211
-967.285
-944.18
-922.201
-901.768
-883.391
-867.635
-855.068
-846.214
-841.501
-841.219
-845.388
-853.733
-865.842
-881.199
-899.239
-919.397
-941.157
-964.091
-987.882
-1012.34
-1037.41
-1063.15
-1089.72
-1117.33
-1145.91
-1175.29
-1205.07
-1234.58
-1262.86
-1288.57
-1310
-1325
-1331.95
-1332.67
-1331.99
-1332.65
-1332.19
-1325.76
-1311.27
-1290.24
-1264.81
-1236.73
-1207.33
-1177.63
-1148.29
-1119.71
-1092.1
-1065.52
-1039.76
-1014.65
-990.144
-966.271
-943.213
-921.275
-900.879
-882.534
-866.803
-854.257
-845.418
-840.714
-816.475
-821.295
-830.924
-844.843
-862.394
-882.848
-905.479
-929.622
-954.727
-980.397
-1006.4
-1032.69
-1059.36
-1086.63
-1114.77
-1143.83
-1173.72
-1204.13
-1234.5
-1263.92
-1291.16
-1314.69
-1332.73
-1343.87
-1348.52
-1349.48
-1348.96
-1345.28
-1335.42
-1318.53
-1295.86
-1269.18
-1240.07
-1209.83
-1179.4
-1149.4
-1120.18
-1091.86
-1064.4
-1037.57
-1011.14
-984.984
-959.149
-933.845
-909.451
-886.505
-865.662
-847.649
-833.201
-822.986
-817.542
-817.222
-822.047
-831.687
-845.623
-863.198
-883.683
-906.348
-930.531
-955.683
-981.407
-1007.48
-1033.84
-1060.59
-1087.95
-1116.19
-1145.34
-1175.31
-1205.77
-1236.14
-1265.5
-1292.61
-1315.89
-1333.6
-1344.34
-1348.67
-1349.48
-1348.83
-1344.85
-1334.6
-1317.35
-1294.44
-1267.6
-1238.43
-1208.18
-1177.8
-1147.87
-1118.74
-1090.51
-1063.15
-1036.41
-1010.05
-983.953
-958.172
-932.914
-908.561
-885.651
-864.84
-846.854
-832.426
-822.227
-816.793
-792.444
-798.023
-809.156
-825.204
-845.348
-868.677
-894.276
-921.311
-949.093
-977.122
-1005.11
-1033
-1060.9
-1089.09
-1117.89
-1147.44
-1177.74
-1208.58
-1239.47
-1269.58
-1297.77
-1322.61
-1342.57
-1356.35
-1363.75
-1366.07
-1364.56
-1358.25
-1345.66
-1326.75
-1302.69
-1275.02
-1245.19
-1214.41
-1183.53
-1153.12
-1123.42
-1094.45
-1066.09
-1038.06
-1010.06
-981.951
-953.787
-925.827
-898.549
-872.627
-848.885
-828.236
-811.597
-799.803
-793.517
-793.154
-798.737
-809.881
-825.947
-846.115
-869.474
-895.108
-922.184
-950.012
-978.094
-1006.15
-1034.11
-1062.09
-1090.39
-1119.29
-1148.93
-1179.32
-1210.22
-1241.13
-1271.2
-1299.26
-1323.89
-1343.54
-1356.97
-1364.02
-1366.09
-1364.32
-1357.68
-1344.72
-1325.5
-1301.22
-1273.42
-1243.54
-1212.76
-1181.94
-1151.61
-1122
-1093.14
-1064.88
-1036.93
-1009
-980.955
-952.844
-924.93
-897.694
-871.808
-848.098
-827.476
-810.858
-799.081
-792.804
-767.811
-774.246
-787.077
-805.534
-828.62
-855.221
-884.221
-914.595
-945.495
-976.303
-1006.66
-1036.47
-1065.85
-1095.13
-1124.64
-1154.63
-1185.22
-1216.26
-1247.35
-1277.74
-1306.39
-1331.99
-1353.07
-1368.47
-1377.6
-1380.83
-1378.65
-1370.66
-1356.4
-1336.3
-1311.45
-1283.27
-1253.14
-1222.15
-1191.08
-1160.39
-1130.26
-1100.61
-1071.2
-1041.72
-1011.84
-981.406
-950.496
-919.441
-888.834
-859.503
-832.459
-808.819
-789.703
-776.128
-768.893
-768.483
-774.922
-787.764
-806.24
-829.351
-855.983
-885.019
-915.434
-946.38
-977.241
-1007.66
-1037.54
-1067.01
-1096.39
-1126
-1156.09
-1186.77
-1217.88
-1248.99
-1279.35
-1307.89
-1333.3
-1354.1
-1369.16
-1377.95
-1380.85
-1378.35
-1370.01
-1355.41
-1335.02
-1309.96
-1281.67
-1251.5
-1220.52
-1189.51
-1158.91
-1128.88
-1099.33
-1070.02
-1040.62
-1010.82
-980.443
-949.584
-918.576
-888.01
-858.715
-831.705
-808.093
-789
-775.443
-768.218
-742.167
-749.543
-764.241
-785.347
-811.67
-841.882
-874.651
-908.754
-943.167
-977.141
-1010.23
-1042.28
-1073.41
-1103.94
-1134.24
-1164.68
-1195.48
-1226.51
-1257.48
-1287.73
-1316.32
-1342.04
-1363.59
-1379.81
-1389.9
-1393.64
-1391.08
-1382.17
-1367.04
-1346.41
-1321.38
-1293.26
-1263.27
-1232.4
-1201.36
-1170.5
-1139.93
-1109.53
-1078.92
-1047.74
-1015.66
-982.543
-948.503
-913.96
-879.636
-846.523
-815.837
-788.907
-767.07
-751.539
-743.262
-742.8
-750.181
-764.891
-786.017
-812.367
-842.611
-875.417
-909.562
-944.02
-978.047
-1011.19
-1043.31
-1074.53
-1105.15
-1135.55
-1166.1
-1196.99
-1228.09
-1259.08
-1289.3
-1317.79
-1343.34
-1364.63
-1380.54
-1390.28
-1393.66
-1390.74
-1381.47
-1366.02
-1345.13
-1319.92
-1291.69
-1261.66
-1230.82
-1199.84
-1169.07
-1138.6
-1108.29
-1077.77
-1046.68
-1014.67
-981.609
-947.619
-913.123
-878.84
-845.765
-815.113
-788.214
-766.403
-750.89
-742.625
-715.205
-723.595
-740.296
-764.232
-794.007
-828.072
-864.884
-903.015
-941.253
-978.716
-1014.85
-1049.45
-1082.58
-1114.56
-1145.75
-1176.62
-1207.46
-1238.29
-1268.89
-1298.68
-1326.81
-1352.22
-1373.7
-1390.14
-1400.62
-1404.59
-1401.85
-1392.55
-1377.17
-1356.55
-1331.81
-1304.12
-1274.6
-1244.12
-1213.31
-1182.43
-1151.49
-1120.25
-1088.26
-1055.14
-1020.56
-984.437
-946.943
-908.6
-870.263
-833.091
-798.516
-768.081
-743.34
-725.713
-716.316
-715.799
-724.194
-740.908
-764.866
-794.67
-828.769
-865.621
-903.795
-942.079
-979.594
-1015.79
-1050.46
-1083.67
-1115.72
-1147.01
-1177.98
-1208.9
-1239.8
-1270.42
-1300.19
-1328.24
-1353.48
-1374.74
-1390.87
-1401.01
-1404.61
-1401.5
-1391.86
-1376.17
-1355.31
-1330.4
-1302.62
-1273.06
-1242.61
-1211.85
-1181.05
-1150.21
-1119.06
-1087.15
-1054.11
-1019.6
-983.527
-946.084
-907.787
-869.492
-832.359
-797.823
-767.421
-742.707
-725.102
-715.718
-686.695
-696.165
-714.963
-741.834
-775.171
-813.2
-854.159
-896.432
-938.656
-979.808
-1019.23
-1056.61
-1091.97
-1125.57
-1157.79
-1189.18
-1220.1
-1250.66
-1280.72
-1309.81
-1337.21
-1361.96
-1382.97
-1399.17
-1409.62
-1413.63
-1410.86
-1401.57
-1386.37
-1366.19
-1342.08
-1315.13
-1286.3
-1256.39
-1225.87
-1194.96
-1163.57
-1131.36
-1097.82
-1062.53
-1025.22
-985.854
-944.703
-902.392
-859.91
-818.586
-780.022
-745.975
-718.228
-698.413
-687.828
-687.249
-696.724
-715.536
-742.431
-775.799
-813.866
-854.867
-897.184
-939.457
-980.66
-1020.14
-1057.58
-1093.02
-1126.69
-1159
-1190.47
-1221.47
-1252.09
-1282.17
-1311.25
-1338.57
-1363.16
-1383.96
-1399.89
-1410.01
-1413.65
-1410.52
-1400.89
-1385.41
-1365
-1340.74
-1313.7
-1284.84
-1254.94
-1224.49
-1193.65
-1162.34
-1130.21
-1096.75
-1061.52
-1024.28
-984.966
-943.865
-901.601
-859.164
-817.883
-779.358
-745.348
-717.631
-697.839
-687.269
-656.429
-666.987
-687.872
-717.642
-754.484
-796.419
-841.493
-887.916
-934.18
-979.13
-1021.99
-1062.35
-1100.15
-1135.55
-1169
-1201.05
-1232.13
-1262.44
-1291.91
-1320.2
-1346.68
-1370.53
-1390.78
-1406.45
-1416.61
-1420.53
-1417.82
-1408.77
-1394.06
-1374.6
-1351.37
-1325.33
-1297.33
-1268.03
-1237.82
-1206.8
-1174.8
-1141.44
-1106.16
-1068.5
-1028.26
-985.498
-940.577
-894.239
-847.606
-802.156
-759.656
-722.057
-691.342
-669.353
-657.576
-656.939
-667.503
-688.404
-718.2
-755.076
-797.053
-842.172
-888.643
-934.958
-979.959
-1022.87
-1063.3
-1101.15
-1136.63
-1170.14
-1202.27
-1233.42
-1263.78
-1293.28
-1321.54
-1347.94
-1371.65
-1391.71
-1407.12
-1416.97
-1420.55
-1417.49
-1408.13
-1393.16
-1373.49
-1350.11
-1323.99
-1295.97
-1266.68
-1236.51
-1205.55
-1173.63
-1140.34
-1105.13
-1067.52
-1027.34
-984.63
-939.759
-893.47
-846.884
-801.48
-759.024
-721.465
-690.784
-668.821
-657.06
-624.24
-635.831
-658.68
-691.165
-731.286
-776.891
-825.861
-876.265
-926.466
-975.185
-1021.53
-1064.99
-1105.39
-1142.79
-1177.65
-1210.56
-1241.97
-1272.15
-1301.09
-1328.56
-1354.07
-1376.91
-1396.25
-1411.21
-1420.92
-1424.68
-1422.07
-1413.42
-1399.38
-1380.79
-1358.54
-1333.48
-1306.33
-1277.59
-1247.57
-1216.27
-1183.48
-1148.77
-1111.56
-1071.36
-1028.08
-981.859
-933.188
-882.922
-832.304
-782.941
-736.743
-695.819
-662.33
-638.298
-625.395
-624.704
-636.301
-659.168
-691.682
-731.841
-777.49
-826.51
-876.967
-927.221
-975.993
-1022.39
-1065.91
-1106.36
-1143.81
-1178.74
-1211.71
-1243.18
-1273.4
-1302.36
-1329.8
-1355.24
-1377.95
-1397.11
-1411.83
-1421.26
-1424.69
-1421.77
-1412.82
-1398.54
-1379.76
-1357.39
-1332.25
-1305.06
-1276.33
-1246.34
-1215.1
-1182.37
-1147.72
-1110.56
-1070.41
-1027.18
-981.01
-932.39
-882.174
-831.607
-782.294
-736.145
-695.266
-661.813
-637.81
-624.924
-590.017
-602.52
-627.085
-661.931
-704.905
-753.72
-806.141
-860.131
-913.954
-966.228
-1015.95
-1062.5
-1105.58
-1145.13
-1181.61
-1215.61
-1247.58
-1277.81
-1306.39
-1333.16
-1357.75
-1379.6
-1398
-1412.19
-1421.39
-1424.95
-1422.48
-1414.27
-1400.95
-1383.27
-1362.01
-1337.87
-1311.43
-1283.11
-1253.07
-1221.28
-1187.47
-1151.2
-1111.91
-1069.09
-1022.75
-973.171
-920.957
-867.07
-812.856
-760.023
-710.587
-666.773
-630.873
-605.061
-591.167
-590.431
-602.94
-627.525
-662.402
-705.418
-754.283
-806.758
-860.806
-914.685
-967.014
-1016.79
-1063.4
-1106.51
-1146.11
-1182.65
-1216.69
-1248.7
-1278.97
-1307.55
-1334.3
-1358.82
-1380.55
-1398.79
-1412.76
-1421.7
-1424.97
-1422.2
-1413.73
-1400.19
-1382.33
-1360.95
-1336.73
-1310.26
-1281.94
-1251.93
-1220.18
-1186.42
-1150.19
-1110.94
-1068.16
-1021.87
-972.341
-920.179
-866.345
-812.187
-759.41
-710.027
-666.261
-630.401
-604.621
-590.746
-553.696
-566.917
-592.813
-629.473
-674.644
-725.954
-781.108
-838.012
-894.871
-950.231
-1003
-1052.45
-1098.14
-1139.89
-1178.16
-1213.45
-1246.23
-1276.78
-1305.24
-1331.53
-1355.38
-1376.37
-1393.91
-1407.37
-1416.07
-1419.44
-1417.09
-1409.32
-1396.68
-1379.83
-1359.42
-1336.02
-1310.1
-1281.94
-1251.64
-1219.1
-1184.05
-1146.06
-1104.61
-1059.21
-1009.99
-957.384
-902.083
-845.15
-788.008
-732.424
-680.469
-634.43
-596.68
-569.493
-554.826
-554.055
-567.283
-593.2
-629.895
-675.111
-726.476
-781.689
-838.656
-895.575
-950.995
-1003.82
-1053.32
-1099.05
-1140.84
-1179.14
-1214.48
-1247.28
-1277.85
-1306.31
-1332.56
-1356.35
-1377.23
-1394.62
-1407.88
-1416.35
-1419.45
-1416.83
-1408.82
-1395.99
-1378.98
-1358.45
-1334.98
-1309.02
-1280.85
-1250.57
-1218.06
-1183.04
-1145.09
-1103.67
-1058.3
-1009.14
-956.574
-901.327
-844.454
-787.371
-731.848
-679.952
-633.965
-596.259
-569.106
-554.46
-515.26
-528.925
-555.615
-593.34
-639.796
-692.598
-749.451
-808.266
-867.238
-924.887
-980.062
-1031.93
-1079.94
-1123.79
-1163.85
-1200.59
-1234.37
-1265.5
-1294.1
-1320.18
-1343.56
-1363.89
-1380.75
-1393.59
-1401.87
-1405.06
-1402.82
-1395.42
-1383.35
-1367.16
-1347.39
-1324.49
-1298.8
-1270.53
-1239.71
-1206.21
-1169.77
-1130.01
-1086.51
-1038.8
-987.171
-932.153
-874.551
-815.487
-756.416
-699.115
-645.654
-598.316
-559.486
-531.486
-516.348
-515.559
-529.231
-555.945
-593.706
-640.211
-693.072
-749.989
-808.871
-867.911
-925.622
-980.854
-1032.77
-1080.82
-1124.7
-1164.79
-1201.56
-1235.36
-1266.5
-1295.09
-1321.13
-1344.44
-1364.67
-1381.39
-1394.05
-1402.12
-1405.07
-1402.59
-1394.97
-1382.72
-1366.39
-1346.51
-1323.53
-1297.81
-1269.52
-1238.7
-1205.22
-1168.81
-1129.08
-1085.6
-1037.92
-986.337
-931.37
-873.826
-814.825
-755.819
-698.585
-645.186
-597.904
-559.122
-531.157
-516.041
-474.732
-488.488
-515.285
-553.106
-599.67
-652.649
-709.818
-769.16
-828.925
-887.653
-944.178
-997.611
-1047.31
-1092.83
-1134.48
-1172.58
-1207.44
-1239.28
-1268.25
-1294.36
-1317.5
-1337.43
-1353.79
-1366.17
-1374.11
-1377.17
-1375.01
-1367.89
-1356.24
-1340.52
-1321.15
-1298.5
-1272.81
-1244.21
-1212.7
-1178.17
-1140.38
-1099.06
-1053.88
-1004.48
-951.28
-894.893
-836.188
-776.308
-716.69
-659.062
-605.422
-557.98
-519.066
-490.973
-475.754
-474.966
-488.73
-515.55
-553.41
-600.026
-653.067
-710.304
-769.718
-829.555
-888.35
-944.936
-998.42
-1048.16
-1093.7
-1135.38
-1173.51
-1208.37
-1240.22
-1269.17
-1295.23
-1318.3
-1338.13
-1354.37
-1366.59
-1374.34
-1377.18
-1374.8
-1367.48
-1355.67
-1339.82
-1320.35
-1297.62
-1271.88
-1243.26
-1211.75
-1177.23
-1139.46
-1098.16
-1053.01
-1003.64
-950.481
-894.147
-835.504
-775.692
-716.145
-658.587
-605.013
-557.63
-518.765
-490.709
-475.512
-432.176
-445.591
-471.656
-508.396
-553.627
-605.151
-660.888
-718.964
-777.748
-835.863
-892.186
-945.82
-996.072
-1042.42
-1085.03
-1124.09
-1159.76
-1192.21
-1221.55
-1247.77
-1270.81
-1290.47
-1306.5
-1318.54
-1326.23
-1329.17
-1327.07
-1320.15
-1308.8
-1293.4
-1274.29
-1251.74
-1225.95
-1197.01
-1164.92
-1129.58
-1090.85
-1048.55
-1002.49
-952.533
-899.103
-842.887
-784.763
-725.839
-667.472
-611.274
-559.104
-513.025
-475.234
-447.925
-433.101
-432.337
-445.76
-471.85
-508.629
-553.914
-605.501
-661.309
-719.461
-778.319
-836.507
-892.894
-946.583
-996.878
-1043.25
-1085.89
-1124.96
-1160.64
-1193.09
-1222.39
-1248.57
-1271.54
-1291.11
-1307.02
-1318.92
-1326.43
-1329.18
-1326.87
-1319.78
-1308.28
-1292.76
-1273.55
-1250.93
-1225.09
-1196.12
-1164.02
-1128.68
-1089.97
-1047.69
-1001.68
-951.743
-898.354
-842.193
-784.135
-725.283
-666.991
-610.866
-558.764
-512.746
-475.005
-447.733
-432.931
-387.745
-400.316
-424.678
-458.971
-501.184
-549.322
-601.525
-656.126
-711.68
-766.959
-820.947
-872.809
-921.871
-967.579
-1009.95
-1048.98
-1084.71
-1117.2
-1146.49
-1172.57
-1195.35
-1214.68
-1230.34
-1242.05
-1249.49
-1252.34
-1250.28
-1243.55
-1232.5
-1217.44
-1198.64
-1176.35
-1150.7
-1121.8
-1089.67
-1054.27
-1015.55
-973.452
-927.966
-879.153
-827.447
-773.521
-718.196
-662.48
-607.584
-554.936
-506.189
-463.19
-427.926
-402.414
-388.539
-387.828
-400.407
-424.792
-459.124
-501.389
-549.591
-601.865
-656.542
-712.172
-767.525
-821.581
-873.502
-922.611
-968.355
-1010.75
-1049.8
-1085.53
-1118.01
-1147.28
-1173.31
-1196.02
-1215.26
-1230.81
-1242.39
-1249.68
-1252.34
-1250.1
-1243.22
-1232.03
-1216.85
-1197.96
-1175.6
-1149.9
-1120.97
-1088.82
-1053.42
-1014.72
-972.645
-927.197
-878.421
-826.766
-772.901
-717.647
-662.006
-607.185
-554.611
-505.932
-462.993
-427.777
-402.302
-388.449
-341.506
-352.678
-374.268
-404.609
-441.935
-484.527
-530.805
-579.371
-629.022
-678.742
-727.688
-775.163
-820.59
-863.485
-903.663
-940.954
-975.274
-1006.58
-1034.83
-1059.95
-1081.86
-1100.39
-1115.36
-1126.52
-1133.6
-1136.29
-1134.31
-1127.89
-1117.34
-1102.93
-1084.9
-1063.45
-1038.73
-1010.85
-979.877
-945.856
-908.827
-868.865
-826.119
-780.861
-733.477
-684.541
-634.743
-584.918
-536.07
-489.387
-446.253
-408.236
-377.045
-354.449
-342.131
-341.503
-352.682
-374.295
-404.672
-442.047
-484.699
-531.045
-579.683
-629.408
-679.202
-728.216
-775.751
-821.228
-864.172
-904.385
-941.696
-976.021
-1007.32
-1035.54
-1060.62
-1082.46
-1100.92
-1115.78
-1126.82
-1133.76
-1136.29
-1134.15
-1127.59
-1116.92
-1102.4
-1084.29
-1062.77
-1038
-1010.09
-979.105
-945.085
-908.071
-868.136
-825.431
-780.221
-732.895
-684.026
-634.3
-584.55
-535.776
-489.164
-446.094
-408.133
-376.988
-354.425
-342.127
-293.444
-302.636
-320.341
-345.158
-375.64
-410.403
-448.201
-487.948
-528.73
-569.79
-610.515
-650.411
-689.088
-726.234
-761.461
-794.468
-825.07
-853.136
-878.559
-901.227
-921.007
-937.744
-951.252
-961.316
-967.698
-970.121
-968.32
-962.513
-952.975
-939.949
-923.649
-904.262
-881.947
-856.837
-829.047
-798.685
-765.874
-730.794
-693.723
-655.116
-615.238
-574.477
-533.32
-492.373
-452.381
-414.249
-379.045
-348.005
-322.503
-303.986
-293.862
-293.349
-302.548
-320.273
-345.122
-375.646
-410.462
-448.319
-488.131
-528.98
-570.108
-610.897
-650.85
-689.569
-726.789
-762.059
-795.092
-825.703
-853.764
-879.166
-901.797
-921.524
-938.191
-951.612
-961.573
-967.835
-970.123
-968.184
-962.254
-952.611
-939.496
-923.123
-903.679
-881.324
-856.19
-828.39
-798.032
-765.24
-730.191
-693.165
-654.615
-614.8
-574.106
-533.019
-492.141
-452.217
-414.147
-379
-348.009
-322.546
-304.057
-293.951
-248.9
-255.455
-268.002
-285.49
-306.86
-331.124
-357.417
-385.012
-413.317
-441.873
-470.336
-498.473
-526.149
-553.345
-579.508
-604.289
-627.468
-648.885
-668.407
-685.903
-701.235
-714.252
-724.787
-732.656
-737.658
-739.559
-738.129
-733.557
-726.08
-715.901
-703.203
-688.154
-670.907
-651.601
-630.366
-607.336
-582.667
-556.573
-529.389
-501.678
-473.5
-444.977
-416.334
-387.905
-360.141
-333.621
-309.06
-287.314
-269.36
-256.253
-249.049
-248.686
-255.247
-267.809
-285.322
-306.724
-331.03
-357.37
-385.016
-413.377
-441.99
-470.51
-498.704
-526.437
-553.696
-579.903
-604.714
-627.909
-649.33
-668.842
-686.316
-701.613
-714.581
-725.054
-732.848
-737.761
-739.559
-738.026
-733.364
-725.809
-715.566
-702.817
-687.73
-670.458
-651.14
-629.905
-606.888
-582.243
-556.184
-529.047
-501.399
-473.282
-444.819
-416.236
-387.864
-360.154
-333.683
-309.167
-287.459
-269.534
-256.449
-249.258
-169.25
-173.192
-180.697
-191.103
-203.755
-218.056
-233.495
-249.654
-266.214
-282.945
-299.707
-316.462
-333.294
-350.446
-367.283
-383.465
-398.782
-413.082
-426.231
-438.104
-448.571
-457.5
-464.751
-470.182
-473.64
-474.955
-473.957
-470.787
-465.617
-458.599
-449.878
-439.592
-427.872
-414.85
-400.651
-385.408
-369.273
-352.449
-335.266
-318.337
-301.513
-284.691
-267.897
-251.261
-235.002
-219.435
-204.967
-192.1
-181.426
-173.594
-169.269
-169.053
-172.999
-180.514
-190.935
-203.609
-217.936
-233.404
-249.598
-266.194
-282.964
-299.768
-316.57
-333.457
-350.655
-367.526
-383.732
-399.065
-413.371
-426.518
-438.378
-448.823
-457.72
-464.931
-470.311
-473.71
-474.955
-473.887
-470.656
-465.434
-458.374
-449.62
-439.309
-427.576
-414.549
-400.355
-385.125
-369.011
-352.217
-335.074
-318.201
-301.424
-284.646
-267.893
-251.294
-235.071
-219.536
-205.096
-192.253
-181.598
-173.78
-169.463
-253.273
-251.434
-247.518
-241.472
-233.32
-223.16
-211.163
-197.557
-182.614
-166.646
-149.995
-133.049
-116.302
-100.5
-85.3891
-71.048
-57.6232
-45.2649
-34.1083
-24.2675
-15.8335
-8.87393
-3.433
0.468057
2.8319
3.68955
3.09364
0.998429
-2.6324
-7.80575
-14.5043
-22.6877
-32.2922
-43.2304
-55.3917
-68.6439
-82.8388
-97.8296
-113.531
-130.159
-147.083
-163.777
-179.838
-194.916
-208.697
-220.9
-231.292
-239.696
-246.005
-250.186
-252.282
-252.405
-250.568
-246.653
-240.609
-232.46
-222.305
-210.314
-196.715
-181.784
-165.83
-149.199
-132.283
-115.583
-99.8209
-84.7518
-70.4556
-57.0796
-44.7739
-33.6735
-23.8919
-15.5195
-8.62323
-3.24648
0.590363
2.89099
3.68782
3.03143
0.873098
-2.82201
-8.05976
-14.822
-23.0674
-32.7316
-43.7266
-55.9412
-69.2426
-83.4828
-98.5151
-114.256
-130.932
-147.887
-164.602
-180.678
-195.766
-209.554
-221.762
-232.158
-240.564
-246.873
-251.054
-253.15
)
;

boundaryField
{
    top
    {
        type            fixedValue;
        value           uniform 0;
    }
    bottom
    {
        type            fixedFluxPressure;
        gradient        nonuniform List<scalar> 
102
(
0
0
0
0
0
0
0
0
0
0
0
0
0
0
0
0
0
0
0
0
0
0
0
0
0
0
0
0
0
0
0
0
0
0
0
0
0
0
0
0
0
0
0
0
0
0
0
0
0
0
0
0
0
0
0
0
0
0
0
0
0
0
0
0
0
0
0
0
0
0
0
0
0
0
0
0
0
0
0
0
0
0
0
0
0
0
0
0
0
0
0
0
0
0
0
0
0
0
0
0
0
-2.07298e-14
)
;
        value           nonuniform List<scalar> 
102
(
-967.007
-970.493
-977.469
-987.553
-1000.19
-1014.77
-1030.81
-1048.47
-1068.88
-1093.61
-1123.6
-1158.2
-1195.75
-1234.57
-1272.87
-1309
-1341.57
-1369.76
-1392.69
-1409.44
-1420.29
-1426.21
-1428.6
-1429
-1428.67
-1428.42
-1428.55
-1428.83
-1428.56
-1426.53
-1421.22
-1411.19
-1395.4
-1373.37
-1345.93
-1313.98
-1278.34
-1240.29
-1201.48
-1163.7
-1128.63
-1097.94
-1072.47
-1051.53
-1033.58
-1017.38
-1002.65
-989.8
-979.436
-972.125
-968.269
-968.077
-971.56
-978.528
-988.598
-1001.22
-1015.77
-1031.8
-1049.51
-1070.03
-1094.94
-1125.09
-1159.8
-1197.42
-1236.24
-1274.49
-1310.49
-1342.89
-1370.86
-1393.53
-1409.98
-1420.57
-1426.3
-1428.57
-1428.93
-1428.62
-1428.42
-1428.59
-1428.89
-1428.59
-1426.45
-1420.96
-1410.67
-1394.59
-1372.29
-1344.62
-1312.5
-1276.72
-1238.61
-1199.8
-1162.07
-1127.11
-1096.58
-1071.28
-1050.47
-1032.57
-1016.37
-1001.62
-988.75
-978.373
-971.056
-967.198
)
;
    }
    frontAndBack
    {
        type            empty;
    }
    left_cyc
    {
        type            cyclic;
    }
    right_cyc
    {
        type            cyclic;
    }
}


// ************************************************************************* //
