/*--------------------------------*- C++ -*----------------------------------*\
| =========                 |                                                 |
| \\      /  F ield         | OpenFOAM: The Open Source CFD Toolbox           |
|  \\    /   O peration     | Version:  2.3.0                                 |
|   \\  /    A nd           | Web:      www.OpenFOAM.org                      |
|    \\/     M anipulation  |                                                 |
\*---------------------------------------------------------------------------*/
FoamFile
{
    version     2.0;
    format      ascii;
    class       surfaceScalarField;
    location    "24000";
    object      phi;
}
// * * * * * * * * * * * * * * * * * * * * * * * * * * * * * * * * * * * * * //

dimensions      [0 3 -1 0 0 0 0];

internalField   nonuniform List<scalar> 
5988
(
0.00368826
-0.00322772
0.00685948
-0.00317122
0.00992659
-0.00306711
0.0128445
-0.00291796
0.0155719
-0.00272732
0.0180719
-0.00250004
0.0203143
-0.00224239
0.0222756
-0.0019613
0.0239379
-0.00166233
0.0252845
-0.00134654
0.0262925
-0.00100805
0.0269263
-0.000633785
0.0271327
-0.000206395
0.0268439
0.000288837
0.0259903
0.000853526
0.0245282
0.00146215
0.0224657
0.00206253
0.0198705
0.00259516
0.0168954
0.00297513
0.013761
0.00313438
0.0106771
0.00308386
0.0078071
0.00287003
0.00522668
0.00258042
0.00291478
0.0023119
0.000780319
0.00213446
-0.00130313
0.00208345
-0.0034706
0.00216747
-0.00584264
0.00237204
-0.00849624
0.00265359
-0.0114299
0.00293362
-0.0145436
0.0031137
-0.0176574
0.00311381
-0.0205552
0.00289779
-0.0230253
0.00247011
-0.0249385
0.00191318
-0.0262432
0.00130479
-0.0269454
0.000702139
-0.0270982
0.000152796
-0.0267729
-0.000325274
-0.0260346
-0.000738345
-0.0249318
-0.00110271
-0.0234967
-0.00143509
-0.0217499
-0.00174681
-0.0197081
-0.00204181
-0.0173906
-0.00231754
-0.0148228
-0.00256782
-0.012037
-0.00278575
-0.00907157
-0.00296544
-0.00596917
-0.00310241
-0.00277574
-0.00319343
0.000460373
-0.00323611
0.00368936
-0.00322899
0.00686173
-0.00317237
0.00992976
-0.00306802
0.0128483
-0.00291854
0.0155758
-0.00272747
0.0180755
-0.00249968
0.0203169
-0.00224145
0.0222766
-0.00195972
0.0239366
-0.00165995
0.0252797
-0.00134308
0.0262827
-0.00100306
0.0269094
-0.000626662
0.0271059
-0.000196507
0.026804
0.000301885
0.0259345
0.000869473
0.0244549
0.00147963
0.0223754
0.00207952
0.0197663
0.00260909
0.0167836
0.00298267
0.0136489
0.00313469
0.0105712
0.00307772
0.00771129
0.00285991
0.00514159
0.0025697
0.00283801
0.00230357
0.000707698
0.00213032
-0.00137647
0.00208417
-0.00354941
0.00217294
-0.00593071
0.0023813
-0.00859521
0.0026645
-0.0115381
0.00294291
-0.0146563
0.00311818
-0.0177679
0.00311156
-0.020656
0.00288815
-0.023111
0.00245496
-0.0250068
0.00189581
-0.0262943
0.00128749
-0.0269812
0.000686885
-0.0271218
0.000140612
-0.0267874
-0.000334371
-0.0260425
-0.00074485
-0.0249353
-0.00110727
-0.023497
-0.00143826
-0.021748
-0.00174901
-0.0197047
-0.00204327
-0.0173864
-0.00231837
-0.0148183
-0.00256809
-0.0120328
-0.00278552
-0.00906797
-0.00296479
-0.00596653
-0.00310144
-0.00277428
-0.00319225
-0.00323483
0.00551853
-0.00805851
0.0103093
-0.00796194
0.0150265
-0.00778432
0.0196398
-0.00753128
0.0241218
-0.00720931
0.0284455
-0.00682374
0.0325796
-0.00637649
0.0364824
-0.00586409
0.0400968
-0.00527678
0.0433487
-0.00459842
0.046147
-0.00380634
0.048384
-0.00287082
0.0499328
-0.00175517
0.0506425
-0.00042091
0.0503466
0.00114943
0.0488952
0.0029136
0.0461906
0.00476716
0.0422238
0.00656192
0.037155
0.00804397
0.0313276
0.00896173
0.0251347
0.00927674
0.018946
0.00905875
0.0130055
0.00852099
0.00738156
0.00793581
0.00199447
0.00752155
-0.00332115
0.00739906
-0.00875324
0.00759957
-0.0144521
0.0080709
-0.0204658
0.0086673
-0.0266821
0.00914993
-0.0328182
0.00924978
-0.0384877
0.00878335
-0.043303
0.007713
-0.0469544
0.00612161
-0.049333
0.00429177
-0.0504756
0.00244737
-0.0504956
0.000722129
-0.0495513
-0.000791526
-0.0478075
-0.00206902
-0.0454092
-0.00313666
-0.0424783
-0.00403362
-0.0391184
-0.00479502
-0.0354165
-0.00544875
-0.0314425
-0.00601577
-0.0272494
-0.00651062
-0.0228758
-0.00694143
-0.0183514
-0.00731013
-0.0137031
-0.00761372
-0.00895918
-0.00784637
-0.00415091
-0.0080017
0.00068758
-0.0080746
0.00552106
-0.00806247
0.0103145
-0.00796576
0.0150343
-0.00778786
0.0196501
-0.00753439
0.0241345
-0.00721179
0.0284601
-0.00682532
0.0325954
-0.00637675
0.0364982
-0.00586248
0.0401107
-0.00527254
0.0433583
-0.00459059
0.046149
-0.00379378
0.0483744
-0.00285212
0.0499067
-0.00172881
0.0505941
-0.000385518
0.0502697
0.00119389
0.0487846
0.00296471
0.0460434
0.00482079
0.042041
0.00661141
0.0369449
0.00807883
0.0311023
0.00897722
0.0249072
0.00927283
0.0187266
0.00904058
0.0127987
0.00849758
0.0071862
0.00791606
0.00180518
0.00751134
-0.0035115
0.00740085
-0.00895151
0.00761295
-0.0146627
0.0080925
-0.0206884
0.00869022
-0.0269103
0.00916477
-0.0330405
0.00924842
-0.0386914
0.00876239
-0.0434761
0.00767291
-0.0470911
0.0060699
-0.0494335
0.00423824
-0.0505436
0.00239762
-0.0505367
0.000679948
-0.0495717
-0.000824425
-0.0478128
-0.0020932
-0.0454041
-0.0031536
-0.0424665
-0.00404485
-0.0391029
-0.00480184
-0.0353997
-0.00545228
-0.031426
-0.00601689
-0.0272344
-0.00651004
-0.0228628
-0.00693966
-0.0183408
-0.00730753
-0.013695
-0.00761054
-0.00895367
-0.00784279
-0.00414806
-0.00799786
-0.00807063
0.00618468
-0.0134723
0.0115476
-0.0133248
0.0168153
-0.0130521
0.021944
-0.01266
0.0268895
-0.0121548
0.0316061
-0.0115403
0.0360455
-0.0108159
0.040156
-0.00997458
0.0438828
-0.00900367
0.0471701
-0.00788563
0.0499632
-0.00659944
0.0522137
-0.00512137
0.0538842
-0.0034257
0.0549485
-0.00148518
0.0553648
0.000733098
0.0550015
0.00327692
0.0535886
0.00618005
0.0508156
0.00933497
0.04648
0.0123796
0.0406017
0.01484
0.0335395
0.016339
0.0258679
0.0167303
0.018062
0.0163269
0.0103679
0.0156299
0.0028179
0.0150716
-0.00468259
0.0148996
-0.0122617
0.0151787
-0.0199916
0.0158008
-0.0277932
0.0164689
-0.0353603
0.016717
-0.0421743
0.0160638
-0.04768
0.0142891
-0.0516098
0.0116428
-0.0540105
0.00852227
-0.0551232
0.00540449
-0.0552635
0.00258773
-0.0546699
0.000128448
-0.0534429
-0.00201849
-0.0516153
-0.0038966
-0.0492154
-0.00553661
-0.0462838
-0.00696517
-0.0428713
-0.00820756
-0.0390332
-0.00928687
-0.0348256
-0.0102233
-0.0303028
-0.0110334
-0.0255159
-0.0117284
-0.0205125
-0.0123135
-0.0153379
-0.0127883
-0.0100364
-0.0131479
-0.00465211
-0.013386
0.000770616
-0.0134973
0.00618698
-0.0134788
0.0115523
-0.0133311
0.0168222
-0.0130578
0.0219526
-0.0126648
0.0268992
-0.0121584
0.0316161
-0.0115422
0.0360546
-0.0108153
0.0401628
-0.00997066
0.0438857
-0.00899542
0.047167
-0.00787189
0.0499522
-0.00657897
0.0521929
-0.00509287
0.053852
-0.00338789
0.0549033
-0.0014368
0.0553037
0.00079353
0.0549171
0.00335125
0.05347
0.00626796
0.0506527
0.00942867
0.0462685
0.012463
0.040347
0.0148988
0.033259
0.0163608
0.02558
0.0167196
0.0177782
0.0162993
0.0100916
0.0156027
0.00254622
0.0150567
-0.00495511
0.0149022
-0.0125401
0.0151979
-0.0202773
0.0158297
-0.0280807
0.0164936
-0.0356355
0.0167196
-0.042418
0.0160309
-0.0478776
0.014222
-0.0517591
0.0115545
-0.0541179
0.00842866
-0.0551995
0.00531984
-0.0553192
0.00251729
-0.0547106
7.14195e-05
-0.0534711
-0.00206393
-0.0516325
-0.00393184
-0.0492232
-0.0055629
-0.0462842
-0.00698381
-0.0428662
-0.00821982
-0.0390245
-0.00929397
-0.0348151
-0.0102264
-0.0302917
-0.0110334
-0.0255052
-0.0117261
-0.0205031
-0.0123097
-0.0153304
-0.0127832
-0.0100312
-0.013142
-0.0046493
-0.0133797
-0.0134908
0.00646676
-0.0191328
0.012062
-0.01892
0.0175352
-0.0185253
0.0228303
-0.0179551
0.0278915
-0.017216
0.0326637
-0.0163126
0.0370931
-0.0152453
0.0411279
-0.0140094
0.0447194
-0.0125952
0.0478229
-0.0109891
0.0503989
-0.00917546
0.052414
-0.00713647
0.0538407
-0.00485238
0.0546541
-0.0022986
0.0548262
0.000561044
0.0543264
0.00377669
0.0531293
0.00737716
0.0511586
0.0113057
0.0481246
0.0154136
0.0435575
0.0194071
0.037249
0.0226474
0.0295035
0.0244758
0.0209736
0.0248568
0.0121718
0.0244317
0.00332628
0.023917
-0.00551683
0.0237427
-0.0143588
0.0240207
-0.0231217
0.0245636
-0.0315112
0.0248584
-0.03895
0.0241558
-0.0448255
0.0219393
-0.0489678
0.0184313
-0.0516873
0.0143623
-0.0534428
0.0102778
-0.0544561
0.00641776
-0.054778
0.00290963
-0.0544346
-0.000214976
-0.0534567
-0.00299639
-0.0518711
-0.00548214
-0.0497031
-0.00770467
-0.0469814
-0.0096868
-0.0437414
-0.0114476
-0.0400241
-0.0130042
-0.0358754
-0.014372
-0.0313453
-0.0155635
-0.0264863
-0.0165873
-0.021353
-0.0174469
-0.0160008
-0.0181405
-0.0104858
-0.0186629
-0.00486454
-0.0190073
0.000805896
-0.0191678
0.00646817
-0.0191411
0.012065
-0.0189279
0.0175395
-0.0185322
0.0228352
-0.0179605
0.0278961
-0.0172194
0.0326671
-0.0163132
0.0370941
-0.0152422
0.0411251
-0.0140016
0.0447112
-0.0125816
0.0478078
-0.0109685
0.0503753
-0.0091465
0.0523804
-0.00709796
0.0537956
-0.00480311
0.0545961
-0.00223721
0.0547534
0.000636219
0.0542372
0.00386742
0.0530219
0.00748327
0.051027
0.0114236
0.0479534
0.0155366
0.0433324
0.0195198
0.0369709
0.0227223
0.0291913
0.0244992
0.0206486
0.024842
0.0118453
0.024406
0.00300096
0.0239011
-0.00584241
0.0237456
-0.0146854
0.024041
-0.0234447
0.024589
-0.0318162
0.0248651
-0.0392141
0.0241175
-0.0450344
0.0218511
-0.0491255
0.0183131
-0.0518105
0.0142395
-0.0535443
0.0101625
-0.05454
0.00631554
-0.0548459
0.00282319
-0.0544882
-0.000286291
-0.0534977
-0.00305445
-0.0519011
-0.0055285
-0.0497233
-0.00774062
-0.0469936
-0.00971356
-0.043747
-0.0114664
-0.0400247
-0.0130163
-0.0358726
-0.0143785
-0.0313403
-0.0155657
-0.0264803
-0.0165861
-0.021347
-0.017443
-0.0159956
-0.0181347
-0.0104819
-0.0186557
-0.00486232
-0.0189993
-0.0191594
0.00652159
-0.0248411
0.012154
-0.0245525
0.017645
-0.0240163
0.0229301
-0.0232402
0.0279471
-0.0222329
0.0326359
-0.0210014
0.0369403
-0.0195497
0.0408087
-0.0178778
0.0441947
-0.0159811
0.0470574
-0.0138519
0.0493616
-0.0114796
0.0510767
-0.00885161
0.0521769
-0.00595256
0.052641
-0.00276271
0.0524576
0.000744472
0.0516354
0.00459893
0.0502015
0.00881103
0.0481637
0.0133434
0.0454611
0.0181162
0.0418937
0.0229745
0.0369882
0.0275529
0.0303055
0.0311585
0.0220778
0.0330845
0.0129962
0.0335134
0.00357499
0.0333382
-0.00591795
0.0332356
-0.0152849
0.0333876
-0.0242113
0.0334901
-0.0321105
0.0327576
-0.0383373
0.0303826
-0.0428469
0.0264489
-0.0461623
0.0217467
-0.0486825
0.0168825
-0.0505614
0.0121567
-0.0518383
0.00769467
-0.0524957
0.00356703
-0.052509
-0.000201728
-0.0518754
-0.00362998
-0.0506098
-0.00674777
-0.0487347
-0.00957974
-0.0462773
-0.0121442
-0.0432694
-0.0144555
-0.0397479
-0.0165257
-0.0357552
-0.0183647
-0.0313393
-0.0199794
-0.0265535
-0.0213732
-0.0214552
-0.0225451
-0.0161054
-0.0234903
-0.0105673
-0.024201
-0.00490585
-0.0246687
0.000812779
-0.0248864
0.00652192
-0.0248502
0.012155
-0.0245609
0.0176461
-0.0240234
0.0229308
-0.0232452
0.0279464
-0.0222349
0.0326328
-0.0209996
0.0369336
-0.0195431
0.040797
-0.0178651
0.0441766
-0.0159612
0.0470316
-0.0138234
0.0493264
-0.0114413
0.0510308
-0.00880235
0.0521188
-0.00589112
0.0525695
-0.00268787
0.0523717
0.000833975
0.051535
0.00470408
0.0500868
0.00893151
0.0480332
0.0134772
0.0453102
0.0182597
0.0417107
0.0231193
0.036752
0.0276809
0.030011
0.0312402
0.021745
0.0331081
0.0126471
0.0335038
0.00322108
0.0333271
-0.00627116
0.0332378
-0.0156309
0.0334007
-0.0245359
0.033494
-0.0323894
0.0327186
-0.0385565
0.0302846
-0.0430187
0.0263133
-0.0463063
0.0216008
-0.0488079
0.016741
-0.0506716
0.0120262
-0.0519341
0.0075781
-0.052577
0.00346607
-0.0525761
-0.00028724
-0.0519293
-0.00370121
-0.0506518
-0.00680598
-0.0487663
-0.00962611
-0.0463
-0.0121799
-0.0432846
-0.0144818
-0.039757
-0.0165439
-0.0357597
-0.0183759
-0.0313405
-0.0199849
-0.0265525
-0.0213741
-0.0214531
-0.0225424
-0.0161029
-0.0234848
-0.0105651
-0.0241935
-0.0049044
-0.02466
-0.0248771
0.00639837
-0.0304413
0.0119155
-0.0300696
0.0172779
-0.0293787
0.0224161
-0.0283785
0.0272639
-0.0270807
0.0317591
-0.0254966
0.0358449
-0.0236355
0.0394704
-0.0215033
0.0425914
-0.0191021
0.0451701
-0.0164307
0.0471749
-0.0134844
0.0485792
-0.0102559
0.0493618
-0.00673522
0.0495083
-0.00290919
0.0490155
0.00123728
0.0478984
0.00571598
0.0461894
0.01052
0.0439235
0.0156094
0.0411257
0.020914
0.0377714
0.0263288
0.0336607
0.0316636
0.0283154
0.0365037
0.0212809
0.0401191
0.0127996
0.0419946
0.00355585
0.042582
-0.00587284
0.0426643
-0.0149866
0.0425014
-0.023165
0.0416685
-0.0297673
0.0393599
-0.0347437
0.0353589
-0.0386284
0.0303335
-0.0418303
0.0249487
-0.0444917
0.0195438
-0.0466157
0.0142808
-0.0481738
0.00925278
-0.0491301
0.00452333
-0.0494557
0.000123821
-0.0491406
-0.00394511
-0.0481914
-0.00769691
-0.0466248
-0.0111463
-0.0444635
-0.0143055
-0.0417352
-0.0171837
-0.0384735
-0.0197875
-0.0347178
-0.0221203
-0.0305145
-0.0241827
-0.0259161
-0.0259716
-0.0209814
-0.0274799
-0.0157738
-0.0286978
-0.010361
-0.0296138
-0.00481314
-0.0302165
0.000797427
-0.030497
0.00639758
-0.0304504
0.0119143
-0.0300777
0.0172759
-0.0293849
0.0224127
-0.028382
0.0272581
-0.0270804
0.0317499
-0.0254914
0.0358311
-0.0236243
0.0394508
-0.0214848
0.0425647
-0.019075
0.045135
-0.0163937
0.0471299
-0.0134363
0.0485231
-0.0101955
0.0492934
-0.00666141
0.0494265
-0.00282096
0.0489197
0.00134077
0.0477887
0.00583508
0.0460662
0.010654
0.043787
0.0157563
0.0409756
0.021071
0.037604
0.0264909
0.0334634
0.0318215
0.0280671
0.0366366
0.0209759
0.0401992
0.0124582
0.0420215
0.00320023
0.0425851
-0.00622622
0.0426642
-0.0153202
0.0424947
-0.0234549
0.0416287
-0.029999
0.0392627
-0.0349304
0.035216
-0.0387898
0.0301727
-0.0419761
0.0247871
-0.0446241
0.019389
-0.0467348
0.0141369
-0.0482793
0.00912252
-0.0492215
0.00440831
-0.0495331
2.4373e-05
-0.0492048
-0.00402954
-0.0482435
-0.00776722
-0.0466661
-0.0112035
-0.0444952
-0.0143508
-0.0417588
-0.0172182
-0.0384903
-0.0198124
-0.0347291
-0.022137
-0.0305215
-0.0241925
-0.02592
-0.0259756
-0.020983
-0.0274793
-0.0157742
-0.0286937
-0.0103606
-0.0296071
-0.00481252
-0.0302081
-0.0304878
0.00612972
-0.0358063
0.0114073
-0.0353471
0.0165225
-0.0344939
0.0214035
-0.0332594
0.0259823
-0.0316595
0.0301964
-0.0297107
0.0339898
-0.0274289
0.0373134
-0.0248269
0.0401255
-0.0219143
0.0423918
-0.0186969
0.0440842
-0.0151768
0.0451813
-0.011353
0.0456676
-0.00722153
0.0455356
-0.00277718
0.0447887
0.00198418
0.043445
0.00705973
0.0415358
0.0124292
0.0390984
0.0180468
0.036171
0.0238414
0.0327836
0.0297162
0.0289131
0.0355341
0.0243526
0.0410643
0.0186389
0.0458328
0.0114717
0.0491618
0.00322916
0.0508246
-0.00531813
0.0512116
-0.0133581
0.0505414
-0.0201705
0.0484809
-0.0255458
0.0447353
-0.0298965
0.0397096
-0.0336341
0.0340712
-0.0369038
0.0282184
-0.0397076
0.0223477
-0.0420112
0.0165843
-0.0437763
0.0110178
-0.0449664
0.0057134
-0.0455528
0.000710306
-0.0455216
-0.00397632
-0.0448724
-0.00834609
-0.0436151
-0.0124036
-0.0417668
-0.0161539
-0.0393508
-0.0195998
-0.0363967
-0.0227415
-0.0329412
-0.0255759
-0.0290279
-0.0280961
-0.024708
-0.0302914
-0.0200397
-0.0321482
-0.0150872
-0.0336503
-0.00991995
-0.0347811
-0.004611
-0.0355254
0.000763919
-0.0358719
0.00612789
-0.0358144
0.0114042
-0.035354
0.0165177
-0.0344985
0.0213963
-0.0332605
0.0259719
-0.031656
0.0301819
-0.0297014
0.03397
-0.0274124
0.0372872
-0.024802
0.0400917
-0.0218796
0.0423492
-0.0186511
0.0440317
-0.0151188
0.0451176
-0.0112815
0.0455918
-0.00713561
0.0454469
-0.00267604
0.0446867
0.00210098
0.0433297
0.00719205
0.0414077
0.012576
0.038958
0.018206
0.0360189
0.0240102
0.0326195
0.0298903
0.0287332
0.0357078
0.0241438
0.041226
0.0183827
0.0459603
0.011169
0.0492352
0.00290281
0.0508513
-0.00564051
0.0512076
-0.0136491
0.0505032
-0.0204118
0.0483914
-0.0257443
0.0445952
-0.0300708
0.0395425
-0.0337944
0.0338963
-0.0370523
0.028045
-0.0398442
0.022181
-0.0421353
0.016428
-0.0438874
0.0108746
-0.0450641
0.00558503
-0.0456373
0.000597552
-0.0455933
-0.00407353
-0.0449322
-0.00842832
-0.043664
-0.0124717
-0.041806
-0.0162088
-0.0393814
-0.0196428
-0.03642
-0.0227738
-0.0329583
-0.0255988
-0.02904
-0.0281108
-0.0247162
-0.0302994
-0.0200449
-0.0321506
-0.0150902
-0.0336484
-0.00992133
-0.034776
-0.00461119
-0.0355182
-0.0358637
0.00574332
-0.040833
0.010681
-0.0402848
0.0154536
-0.0392665
0.0199887
-0.0377946
0.0242189
-0.0358896
0.0280827
-0.0335746
0.0315261
-0.0308723
0.0345028
-0.0278036
0.0369745
-0.024386
0.0389107
-0.0206331
0.0402882
-0.0165543
0.0410906
-0.0121554
0.0413087
-0.00743965
0.0409413
-0.0024098
0.0399971
0.00292836
0.0384965
0.00856037
0.0364703
0.0144554
0.0339558
0.0205612
0.0309942
0.026803
0.0276267
0.0330837
0.023882
0.0392788
0.0197293
0.045217
0.0149658
0.0505963
0.00925901
0.0548685
0.00262843
0.0574551
-0.00431698
0.058157
-0.0107539
0.0569782
-0.0162026
0.0539297
-0.0207807
0.0493134
-0.0248192
0.0437481
-0.0284677
0.0377196
-0.0317336
0.0314843
-0.0345831
0.0251972
-0.0369741
0.0189754
-0.0388664
0.0129102
-0.0402239
0.00707087
-0.041018
0.00150438
-0.0412313
-0.00376296
-0.040858
-0.00871943
-0.0399014
-0.0133602
-0.0383728
-0.0176825
-0.0362903
-0.0216823
-0.0336792
-0.0253527
-0.0305721
-0.028683
-0.0270096
-0.0316585
-0.0230403
-0.0342607
-0.0187206
-0.0364679
-0.0141138
-0.0382571
-0.00928909
-0.0396058
-0.00432029
-0.0404943
0.000715717
-0.0409079
0.00574056
-0.0408392
0.0106761
-0.0402896
0.0154463
-0.0392686
0.0199783
-0.0377926
0.0242046
-0.0358822
0.0280637
-0.0335605
0.0315014
-0.0308501
0.0344713
-0.0277719
0.0369353
-0.0243435
0.0388627
-0.0205785
0.0402303
-0.0164864
0.041022
-0.0120732
0.0412286
-0.00734221
0.0408491
-0.00229659
0.0398926
0.00305747
0.0383798
0.00870488
0.0363418
0.014614
0.0338162
0.0207316
0.0308441
0.0269822
0.0274667
0.0332677
0.0237119
0.0394626
0.0195449
0.045393
0.0147552
0.05075
0.00901302
0.0549774
0.0023587
0.0575056
-0.00458236
0.0581486
-0.0109898
0.0569107
-0.0164041
0.0538057
-0.0209601
0.0491512
-0.0249861
0.0435686
-0.0286247
0.0375349
-0.0318806
0.0313009
-0.0347194
0.0250198
-0.037099
0.0188077
-0.0389794
0.012755
-0.0403246
0.00693018
-0.0411063
0.00137927
-0.0413076
-0.00387219
-0.0409229
-0.00881304
-0.0399557
-0.0134389
-0.0384175
-0.0177471
-0.0363264
-0.0217339
-0.0337077
-0.0253925
-0.030594
-0.0287124
-0.0270261
-0.0316788
-0.0230523
-0.0342732
-0.0187289
-0.036474
-0.0141191
-0.0382581
-0.00929202
-0.0396031
-0.0043212
-0.0404891
-0.0409015
0.00526182
-0.0454382
0.00977869
-0.0448017
0.0141322
-0.04362
0.0182511
-0.0419135
0.0220698
-0.0397083
0.0255297
-0.0370344
0.0285796
-0.0339222
0.0311771
-0.0304011
0.033288
-0.0264968
0.0348863
-0.0222314
0.0359541
-0.017622
0.0364807
-0.012682
0.036463
-0.00742194
0.0359058
-0.0018526
0.0348227
0.00401143
0.033237
0.0101461
0.0311805
0.0165119
0.0286917
0.02305
0.0258142
0.0296805
0.0225955
0.0363024
0.0190844
0.0427899
0.015319
0.0489825
0.0112798
0.0546355
0.00683725
0.059311
0.00192733
0.062365
-0.00316209
0.0632464
-0.00796666
0.0617828
-0.0122927
0.0582557
-0.0162541
0.0532748
-0.0199557
0.0474497
-0.0233955
0.0411594
-0.0265301
0.034619
-0.0293108
0.0279779
-0.0316908
0.0213553
-0.0336275
0.014847
-0.0350842
0.00852752
-0.0360308
0.002451
-0.0364466
-0.00334718
-0.0363202
-0.00884577
-0.0356491
-0.0140313
-0.0344384
-0.0188932
-0.0327006
-0.0234201
-0.0304559
-0.0275973
-0.0277326
-0.0314063
-0.0245672
-0.034824
-0.0210047
-0.0378232
-0.0170985
-0.0403741
-0.0129095
-0.0424461
-0.00850515
-0.0440101
-0.00395808
-0.0450413
0.000655655
-0.0455216
0.00525832
-0.0454419
0.00977246
-0.0448037
0.0141228
-0.043619
0.0182381
-0.0419078
0.0220525
-0.0396967
0.0255073
-0.0370152
0.0285513
-0.0338941
0.0311419
-0.0303626
0.0332451
-0.0264467
0.0348349
-0.0221683
0.0358932
-0.0175448
0.0364098
-0.0125897
0.0363815
-0.0073139
0.0358133
-0.00172845
0.0347193
0.00415154
0.0331228
0.0103014
0.031056
0.0166808
0.0285576
0.02323
0.0256714
0.0298685
0.022445
0.0364941
0.0189272
0.0429804
0.0151551
0.0491651
0.011106
0.0547991
0.00664743
0.059436
0.00172444
0.0624286
-0.00336242
0.0632355
-0.00815148
0.0616997
-0.0124629
0.0581171
-0.0164158
0.053104
-0.0201109
0.0472637
-0.0235437
0.0409677
-0.0266704
0.0344275
-0.0294421
0.0277915
-0.0318121
0.0211777
-0.0337384
0.0146813
-0.0351842
0.00837591
-0.0361197
0.00231481
-0.0365245
-0.00346735
-0.0363877
-0.00894992
-0.0357066
-0.0141199
-0.0344866
-0.0189671
-0.0327404
-0.0234801
-0.0304882
-0.0276447
-0.0277583
-0.0314424
-0.0245871
-0.03485
-0.0210196
-0.0378406
-0.0171092
-0.0403844
-0.0129167
-0.0424507
-0.00850936
-0.0440104
-0.00395961
-0.0450388
-0.0455178
0.00470369
-0.0495548
0.00873484
-0.0488328
0.0126081
-0.0474932
0.0162551
-0.0455605
0.0196138
-0.043067
0.0226291
-0.0400497
0.0252542
-0.0365473
0.0274509
-0.0325978
0.02919
-0.0282359
0.0304507
-0.0234921
0.0312206
-0.0183919
0.0314947
-0.0129562
0.0312762
-0.00720342
0.0305756
-0.001152
0.0294116
0.00517543
0.0278112
0.0117465
0.025809
0.0185141
0.0234463
0.0254127
0.0207706
0.0323563
0.0178362
0.0392367
0.0147055
0.0459206
0.0114484
0.0522395
0.00812801
0.0579559
0.00475981
0.0626792
0.00131701
0.0658078
-0.00216101
0.0667244
-0.00558425
0.0652061
-0.00893734
0.0616088
-0.0122447
0.0565822
-0.0154751
0.0506801
-0.0185607
0.044245
-0.0214329
0.0374912
-0.0240317
0.0305766
-0.0263042
0.0236279
-0.0282048
0.0167475
-0.0296935
0.0100163
-0.0307377
0.00349521
-0.0313125
-0.00277246
-0.0314011
-0.00875712
-0.0309951
-0.0144374
-0.0300935
-0.0197949
-0.0287031
-0.0248104
-0.0268387
-0.0294617
-0.0245234
-0.0337216
-0.021789
-0.0375584
-0.018676
-0.0409361
-0.0152339
-0.0438162
-0.0115199
-0.0461602
-0.00759806
-0.0479319
-0.00353828
-0.0491011
0.00058604
-0.0496459
0.00469964
-0.0495555
0.00872757
-0.0488317
0.0125972
-0.0474886
0.0162403
-0.0455509
0.0195944
-0.0430508
0.0226044
-0.0400253
0.0252235
-0.0365132
0.0274136
-0.0325526
0.0291453
-0.0281784
0.0303979
-0.0234209
0.0311591
-0.018306
0.0314242
-0.0128548
0.0311962
-0.00708596
0.0304861
-0.00101832
0.0293127
0.00532493
0.0277033
0.0119108
0.0256928
0.0186913
0.0233225
0.0256002
0.0206404
0.0325506
0.017701
0.0394335
0.014567
0.0461144
0.0113086
0.0524236
0.0079879
0.0581198
0.00461822
0.0628056
0.0011732
0.0658736
-0.00230431
0.066713
-0.00572515
0.0651206
-0.00907726
0.0614693
-0.0123842
0.056411
-0.0156127
0.0504922
-0.0186944
0.0440494
-0.0215612
0.0372943
-0.0241532
0.0303835
-0.026418
0.0234425
-0.0283099
0.0165732
-0.0297895
0.00985548
-0.0308242
0.00334951
-0.0313893
-0.00290221
-0.0314686
-0.0088707
-0.0310535
-0.014535
-0.0301433
-0.0198772
-0.0287449
-0.0248784
-0.0268733
-0.0295164
-0.0245514
-0.0337642
-0.0218111
-0.0375903
-0.0186931
-0.0409587
-0.0152465
-0.043831
-0.0115285
-0.0461686
-0.00760326
-0.0479357
-0.0035403
-0.0491018
-0.0496451
0.00408379
-0.0531289
0.00757711
-0.0523261
0.0109215
-0.0508376
0.0140532
-0.0486922
0.0169145
-0.0459284
0.0194554
-0.0425905
0.021634
-0.0387259
0.0234174
-0.0343812
0.0247816
-0.0296001
0.0257114
-0.0244219
0.0261999
-0.0188804
0.0262482
-0.0130045
0.0258652
-0.00682036
0.025067
-0.000353786
0.0238774
0.006365
0.0223277
0.0132962
0.0204561
0.0203856
0.0183076
0.0275612
0.0159342
0.0347298
0.013396
0.0417749
0.010764
0.0485527
0.00812141
0.0548821
0.00555827
0.0605191
0.00313842
0.0650991
0.00085025
0.068096
-0.00139466
0.0689693
-0.00370929
0.0675207
-0.00616661
0.0640661
-0.0087563
0.0591719
-0.0114031
0.0533269
-0.0140169
0.0468588
-0.0165175
0.0399918
-0.0188369
0.032896
-0.0209171
0.0257081
-0.0227079
0.0185383
-0.024166
0.0114744
-0.025255
0.00458417
-0.0259453
-0.00208212
-0.0262152
-0.00848726
-0.0260502
-0.0146023
-0.0254438
-0.0204013
-0.0243967
-0.0258575
-0.0229182
-0.0309402
-0.0210259
-0.0356139
-0.0187463
-0.039838
-0.0161148
-0.0435676
-0.0131758
-0.0467553
-0.0099816
-0.0493544
-0.00659192
-0.0513216
-0.00307207
-0.052621
0.000508728
-0.0532267
0.0040794
-0.0531262
0.00756918
-0.0523214
0.0109098
-0.0508292
0.0140372
-0.0486784
0.0168939
-0.0459074
0.0194296
-0.0425609
0.0216024
-0.038686
0.0233794
-0.0343297
0.0247367
-0.0295357
0.0256592
-0.0243434
0.02614
-0.0187868
0.0261804
-0.0128952
0.0257893
-0.00669488
0.0249832
-0.000212229
0.0237861
0.00652204
0.0222295
0.0134674
0.0203518
0.020569
0.0181982
0.0277538
0.0158211
0.0349278
0.0132809
0.0419736
0.010649
0.0487463
0.00800927
0.0550633
0.0054514
0.0606777
0.0030375
0.0652195
0.000752923
0.0681582
-0.00149261
0.0689585
-0.00381176
0.0674397
-0.00627513
0.0639326
-0.00886945
0.0590053
-0.0115182
0.053141
-0.0141315
0.0466627
-0.0166296
0.0397924
-0.0189449
0.0326987
-0.0210196
0.0255173
-0.022804
0.0183575
-0.0242549
0.0113064
-0.0253362
0.00443076
-0.0260185
-0.00221987
-0.0262803
-0.00860891
-0.0261074
-0.0147079
-0.0254932
-0.0204914
-0.0244389
-0.0259327
-0.0229536
-0.0310016
-0.0210551
-0.0356628
-0.0187698
-0.0398756
-0.0161332
-0.0435953
-0.0131895
-0.0467746
-0.00999122
-0.0493669
-0.00659779
-0.0513291
-0.00307444
-0.0526251
-0.0532293
0.00341399
-0.0561167
0.00632761
-0.0552397
0.0091046
-0.0536146
0.011687
-0.0512746
0.0140229
-0.0482643
0.0160681
-0.0446357
0.0177866
-0.0404444
0.0191511
-0.0357457
0.0201434
-0.0305924
0.0207538
-0.0250324
0.0209811
-0.0191077
0.0208319
-0.0128554
0.0203205
-0.00630895
0.0194683
0.000498393
0.0183039
0.00752941
0.0168626
0.0147375
0.0151861
0.0220621
0.0133226
0.0294247
0.0113271
0.0367253
0.00926263
0.0438394
0.0072018
0.0506135
0.00522729
0.0568566
0.0034251
0.0623212
0.00185452
0.0666697
0.000490707
0.0694598
-0.000803374
0.0702634
-0.00220963
0.0689269
-0.00383938
0.0656958
-0.00569106
0.0610236
-0.007694
0.0553298
-0.00976138
0.0489262
-0.0118129
0.0420433
-0.0137783
0.0348615
-0.0155968
0.0275266
-0.0172152
0.0201566
-0.0185869
0.0128461
-0.0196716
0.00566895
-0.0204359
-0.0013179
-0.0208527
-0.00807037
-0.0209027
-0.0145524
-0.0205735
-0.0207306
-0.0198604
-0.0265705
-0.0187671
-0.0320335
-0.0173055
-0.0370755
-0.0154964
-0.0416472
-0.0133695
-0.0456945
-0.0109631
-0.0491616
-0.00832404
-0.0519935
-0.00550594
-0.0541397
-0.00256838
-0.0555585
0.000425197
-0.0562203
0.00340946
-0.0561104
0.00631941
-0.0552314
0.0090925
-0.0536023
0.0116707
-0.0512565
0.014002
-0.0482388
0.0160422
-0.0446011
0.0177553
-0.0403991
0.019114
-0.0356884
0.0201001
-0.0305218
0.0207041
-0.0249474
0.0209248
-0.0190075
0.0207691
-0.0127394
0.0202512
-0.00617705
0.019393
0.000646029
0.018223
0.00769197
0.016777
0.0149135
0.0150968
0.0222492
0.0132308
0.0296197
0.0112344
0.0369242
0.00917088
0.0440371
0.00711326
0.0508039
0.00514455
0.057032
0.00335059
0.0624716
0.00178879
0.0667813
0.000430519
0.0695165
-0.00086456
0.0702536
-0.0022777
0.0688528
-0.00391639
0.0655713
-0.00577569
0.0608646
-0.00778366
0.0551489
-0.00985355
0.0487326
-0.0119054
0.0418442
-0.0138694
0.0346628
-0.0156851
0.0273329
-0.0172994
0.0199718
-0.018666
0.0126731
-0.0197451
0.00550979
-0.020503
-0.00146191
-0.0209134
-0.00819857
-0.0209567
-0.0146646
-0.0206208
-0.0208273
-0.0199014
-0.0266522
-0.0188019
-0.0321011
-0.0173346
-0.0371302
-0.0155201
-0.0416901
-0.0133882
-0.0457271
-0.0109774
-0.0491855
-0.00833411
-0.0520102
-0.00551216
-0.0541511
-0.00257095
-0.0555663
-0.0562264
0.00270376
-0.0584829
0.00500401
-0.05754
0.007183
-0.0557936
0.00918983
-0.0532814
0.0109796
-0.0500541
0.0125147
-0.0461708
0.0137656
-0.0416952
0.0147112
-0.0366913
0.015339
-0.0312203
0.0156451
-0.0253384
0.0156334
-0.0190959
0.0153156
-0.0125376
0.0147108
-0.00570418
0.013845
0.00136422
0.0127506
0.0086238
0.0114662
0.0160219
0.0100361
0.0234923
0.00850999
0.0309508
0.00694345
0.0382918
0.00539817
0.0453846
0.00394206
0.0520696
0.00264722
0.0581515
0.00158089
0.0633876
0.000778257
0.0674723
0.000194822
0.0700433
-0.000316664
0.0707749
-0.000944458
0.0695547
-0.00181223
0.0665636
-0.00294014
0.0621515
-0.00428099
0.0566707
-0.00576468
0.0504099
-0.00731967
0.0435983
-0.00887955
0.0364214
-0.0103842
0.0290312
-0.0117794
0.0215519
-0.0130169
0.0140836
-0.0140537
0.0067058
-0.0148529
-0.000518793
-0.0153833
-0.00753987
-0.015621
-0.0143147
-0.0155487
-0.0208029
-0.0151566
-0.0269625
-0.014443
-0.0327471
-0.0134141
-0.0381044
-0.0120848
-0.0429765
-0.0104785
-0.0473008
-0.00862714
-0.051013
-0.00657054
-0.0540501
-0.00435546
-0.0563548
-0.00203432
-0.0578797
0.000336627
-0.0585912
0.0026993
-0.0584731
0.00499591
-0.057528
0.00717109
-0.0557775
0.00917387
-0.0532593
0.0109593
-0.0500243
0.0124898
-0.0461316
0.0137358
-0.0416451
0.0146763
-0.0366289
0.0152989
-0.0311444
0.0155996
-0.0252481
0.0155826
-0.0189905
0.0152597
-0.0124166
0.0146502
-0.00556754
0.0137802
0.00151604
0.0126824
0.00878977
0.0113955
0.0162003
0.00996411
0.0236806
0.0084381
0.0311457
0.00687327
0.038489
0.00533157
0.0455788
0.00388112
0.0522544
0.00259411
0.0583191
0.00153731
0.0635284
0.000744038
0.0675746
0.00016627
0.0700942
-0.000346234
0.0707661
-0.00098114
0.0694877
-0.00185862
0.0664488
-0.00299568
0.0620016
-0.00434375
0.056497
-0.00583247
0.0502214
-0.00739047
0.0434022
-0.00895156
0.0362239
-0.0104558
0.0288372
-0.0118494
0.0213654
-0.0130841
0.0139078
-0.0141173
0.00654294
-0.014912
-0.000667201
-0.0154375
-0.00767299
-0.01567
-0.0144322
-0.0155923
-0.020905
-0.0151948
-0.0270496
-0.0144759
-0.03282
-0.0134418
-0.0381642
-0.0121077
-0.0430242
-0.0104968
-0.047338
-0.0086412
-0.0510411
-0.00658059
-0.0540708
-0.00436173
-0.0563699
-0.00203696
-0.0578911
-0.0586009
0.00196078
-0.0601989
0.00362061
-0.0591998
0.00517746
-0.0573504
0.00658867
-0.0546926
0.00781729
-0.0512827
0.0088332
-0.0471867
0.00961383
-0.0424759
0.0101445
-0.037222
0.0104187
-0.0314944
0.0104375
-0.0253572
0.0102099
-0.0188683
0.00975193
-0.0120796
0.00908665
-0.00503889
0.00824343
0.00220744
0.00725758
0.00960965
0.00616958
0.0171099
0.00502459
0.0246372
0.00387195
0.0321034
0.00276495
0.0393988
0.00176017
0.0463894
0.000915988
0.0529138
0.000288647
0.0587788
-7.81014e-05
0.0637543
-0.000175855
0.0675701
-6.54285e-05
0.0699328
0.000111049
0.0705984
0.000180131
0.0694856
1.79687e-05
0.0667258
-0.000416062
0.0625855
-0.0011017
0.0573563
-0.00199049
0.0512986
-0.00302503
0.0446328
-0.0041471
0.0375434
-0.00530084
0.0301849
-0.00643391
0.0226849
-0.00749792
0.0151476
-0.00844884
0.00765672
-0.0092474
0.000279766
-0.00985972
-0.00692756
-0.010258
-0.0139164
-0.010421
-0.0206399
-0.0103344
-0.0270491
-0.00999148
-0.0330901
-0.00939303
-0.0387029
-0.0085479
-0.0438216
-0.00747295
-0.0483757
-0.00619294
-0.052293
-0.00474002
-0.055503
-0.00315292
-0.0579419
-0.00147568
-0.0595569
0.000243976
-0.0603109
0.00195658
-0.0601857
0.00361295
-0.0591844
0.00516622
-0.0573307
0.00657372
-0.0546668
0.00779845
-0.051249
0.00881031
-0.0471435
0.00958675
-0.0424215
0.0101132
-0.0371553
0.0103831
-0.0314143
0.0103977
-0.0252627
0.0101662
-0.0187589
0.00970467
-0.0119551
0.0090364
-0.00489927
0.00819094
0.0023615
0.00720376
0.00977695
0.00611554
0.0172885
0.00497158
0.0248246
0.00382142
0.0322959
0.00271848
0.039592
0.00171946
0.0465778
0.000882791
0.0530911
0.000264526
0.0589373
-9.2298e-05
0.0638853
-0.000181062
0.0676634
-6.54534e-05
0.0699786
0.000110104
0.0705906
0.000172607
0.0694252
9.28185e-07
0.0666205
-0.000442909
0.0624455
-0.00113721
0.0571913
-0.00203302
0.0511172
-0.00307281
0.044442
-0.00419846
0.0373495
-0.00535424
0.029993
-0.00648795
0.0224991
-0.00755138
0.0149712
-0.00850066
0.00749223
-0.00929671
0.000128847
-0.00990583
-0.00706387
-0.0103004
-0.0140376
-0.0104593
-0.020746
-0.0103685
-0.0271405
-0.0100212
-0.0331673
-0.00941846
-0.0387669
-0.00856913
-0.0438736
-0.00749013
-0.048417
-0.00620624
-0.052325
-0.00474962
-0.0555274
-0.00315896
-0.0579606
-0.00147827
-0.0595718
-0.0603239
0.00119155
-0.0612417
0.00218946
-0.0601977
0.00310537
-0.0582663
0.00390598
-0.0554932
0.00456318
-0.0519399
0.00505503
-0.0476786
0.00536636
-0.0427872
0.00548908
-0.0373447
0.00542229
-0.0314276
0.00517217
-0.0251071
0.00475179
-0.0184479
0.00418082
-0.0115087
0.00348516
-0.00434324
0.00269646
0.00299615
0.00185137
0.0104547
0.000990783
0.0179705
0.000158966
0.0254691
-0.000597197
0.0328596
-0.0012292
0.0400308
-0.0016884
0.0468486
-0.00192861
0.053154
-0.00191129
0.0587615
-0.00161557
0.0634586
-0.00105619
0.0670107
-0.000305185
0.0691818
0.000504677
0.0697886
0.00121828
0.068772
0.00171617
0.0662279
0.00194222
0.0623595
0.00189272
0.0574058
0.00159431
0.0515971
0.00108818
0.0451389
0.000421485
0.0382101
-0.00035695
0.0309634
-0.00119889
0.0235269
-0.00205799
0.0160067
-0.00289074
0.00848946
-0.00365721
0.00104624
-0.00432191
-0.00626286
-0.00485462
-0.0133837
-0.00523101
-0.0202635
-0.00543308
-0.026847
-0.0054496
-0.0330735
-0.00527627
-0.0388762
-0.00491594
-0.0441819
-0.00437866
-0.048913
-0.00368155
-0.0529901
-0.00284834
-0.0563362
-0.00190875
-0.0588815
-0.000897308
-0.0605684
0.000148048
-0.0613563
0.00118776
-0.0612254
0.00218255
-0.0601792
0.00309526
-0.0582435
0.0038926
-0.0554642
0.00454648
-0.0519029
0.00503495
-0.0476319
0.0053429
-0.0427295
0.00546231
-0.0372747
0.00539237
-0.0313443
0.00513936
-0.0250097
0.00471648
-0.018336
0.00414358
-0.0113822
0.00344671
-0.0042024
0.00265767
0.00315054
0.00181329
0.0106213
0.000954592
0.0181472
0.000125972
0.0256532
-0.000625587
0.0330475
-0.00125152
0.0402179
-0.0017032
0.0470295
-0.00193457
0.0533224
-0.00190746
0.0589102
-0.00160188
0.0635797
-0.00103416
0.0670956
-0.000278574
0.069223
0.000530481
0.0697815
0.0012382
0.0687175
0.0017271
0.0661316
0.00194317
0.0622294
0.0018841
0.0572504
0.0015772
0.0514241
0.00106396
0.0449553
0.000391624
0.0380219
-0.000390996
0.0307756
-0.00123574
0.0233439
-0.00209636
0.0158318
-0.00292948
0.00832534
-0.00369533
0.000894695
-0.00435856
-0.00640064
-0.00488913
-0.0135071
-0.00526285
-0.0203723
-0.00546191
-0.0269414
-0.00547517
-0.033154
-0.00529846
-0.0389436
-0.0049347
-0.0442373
-0.00439403
-0.0489576
-0.00369356
-0.0530254
-0.00285709
-0.0563639
-0.00191431
-0.0589034
-0.00089973
-0.0605864
-0.0613724
0.000401859
-0.0615935
0.000721342
-0.0605172
0.000982264
-0.0585272
0.0011617
-0.0556727
0.0012412
-0.0520194
0.00120755
-0.047645
0.00105331
-0.0426329
0.00077701
-0.0370684
0.000383257
-0.0310339
-0.00011729
-0.0246066
-0.000708054
-0.0178572
-0.00136676
-0.01085
-0.00206573
-0.00364426
-0.00277245
0.00370287
-0.00345034
0.0111326
-0.00405976
0.0185799
-0.00455901
0.0259683
-0.00490553
0.0332061
-0.00505748
0.0401828
-0.00497585
0.046767
-0.00462778
0.0528059
-0.003992
0.0581257
-0.0030678
0.0625344
-0.00188805
0.0658309
-0.000531969
0.0678257
0.000876796
0.0683798
0.00219895
0.0674499
0.00332031
0.0651065
0.00417398
0.0615058
0.00473686
0.0568429
0.00501592
0.051318
0.00503599
0.0451188
0.00483191
0.0384142
0.00444367
0.0313516
0.00391348
0.0240571
0.00328384
0.0166363
0.00259606
0.00917724
0.00188912
0.00175318
0.0011987
-0.00557243
0.000556147
-0.0127412
-1.22222e-05
-0.0196952
-0.000485583
-0.0263737
-0.000848896
-0.0327102
-0.0010931
-0.038632
-0.00121522
-0.0440598
-0.00121836
-0.0489099
-0.0011116
-0.0530969
-0.000909647
-0.0565381
-0.000632302
-0.0591588
-0.000303566
-0.0608971
4.95663e-05
-0.0617094
0.000398634
-0.0615745
0.000715424
-0.0604959
0.000973648
-0.0585017
0.00115039
-0.0556409
0.00122723
-0.0519797
0.00119099
-0.0475957
0.00103428
-0.0425728
0.000755714
-0.0369961
0.000359994
-0.0309486
-0.000142103
-0.0245076
-0.000733872
-0.0177443
-0.00139289
-0.0107232
-0.00209134
-0.00350395
-0.00279655
0.00385575
-0.00347181
0.0112966
-0.00407738
0.0187528
-0.00457148
0.0261473
-0.00491154
0.0333875
-0.00505575
0.0403621
-0.00496522
0.046939
-0.00460737
0.0529646
-0.00396146
0.0582643
-0.00302765
0.0626459
-0.00184023
0.0659082
-0.000480081
0.0678629
0.000927975
0.0683735
0.00224486
0.0674006
0.00335782
0.0650186
0.0042016
0.0613856
0.00475438
0.0566976
0.00502386
0.0511546
0.00503534
0.0449438
0.00482388
0.0382333
0.00442955
0.0311699
0.0038946
0.0238788
0.00326148
0.016465
0.00257141
0.00901541
0.00186327
0.00160283
0.0011726
-0.00570996
0.000530595
-0.0128651
-3.65708e-05
-0.0198052
-0.000508218
-0.0264698
-0.000869436
-0.0327928
-0.00111128
-0.0387018
-0.00123085
-0.0441178
-0.00123135
-0.0489572
-0.00112189
-0.0531349
-0.000917222
-0.0565686
-0.000637165
-0.0591834
-0.000305727
-0.0609178
-0.0617282
-0.000402637
-0.0612413
-0.000773302
-0.0601466
-0.00117686
-0.0581237
-0.00162501
-0.0552245
-0.00212586
-0.0515186
-0.00268342
-0.0470874
-0.00329722
-0.0420191
-0.00396213
-0.0364035
-0.00466832
-0.0303277
-0.00540115
-0.0238737
-0.00614128
-0.017117
-0.00686481
-0.0101265
-0.00754344
-0.00296563
-0.00814507
0.0043045
-0.00863467
0.0116222
-0.00897531
0.0189205
-0.00912942
0.0261224
-0.00906027
0.033137
-0.00873395
0.0398565
-0.00812192
0.046155
-0.00720462
0.0518886
-0.00597665
0.0568977
-0.00445416
0.0610119
-0.00268378
0.0640605
-0.000749217
0.0658912
0.0012333
0.0663973
0.0031366
0.0655466
0.00485121
0.0633919
0.00630288
0.0600541
0.00745345
0.0556924
0.00829298
0.0504785
0.00883103
0.0445808
0.00908982
0.0381554
0.00909954
0.0313419
0.00889504
0.0242616
0.00851345
0.0170179
0.00799233
0.00969836
0.00736827
0.00237724
0.00667567
-0.00487983
0.00594574
-0.0120112
0.00520568
-0.0189551
0.00447826
-0.0256462
0.00378161
-0.0320136
0.00312911
-0.0379795
0.00252936
-0.0434601
0.00198623
-0.0483667
0.00149896
-0.0526096
0.00106239
-0.0561016
0.000667357
-0.0587638
0.000301315
-0.0605311
-5.07687e-05
-0.0613573
-0.000405187
-0.0612201
-0.000778012
-0.0601231
-0.00118368
-0.058096
-0.00163386
-0.0551907
-0.00213662
-0.0514769
-0.00269591
-0.0470364
-0.00331119
-0.0419575
-0.00397726
-0.0363301
-0.00468417
-0.0302417
-0.00541718
-0.0237746
-0.00615683
-0.0170046
-0.00687907
-0.0100009
-0.00755548
-0.00282753
-0.00815385
0.00445412
-0.00863902
0.0117818
-0.00897404
0.0190878
-0.00912129
0.0262946
-0.00904409
0.0333103
-0.00870866
0.0400267
-0.00808668
0.046317
-0.00715895
0.0520369
-0.0059207
0.057026
-0.00438892
0.0611141
-0.00261144
0.0641307
-0.00067324
0.0659247
0.00130865
0.0663916
0.00320719
0.0655021
0.00491393
0.0633119
0.00635591
0.0599436
0.00749607
0.0555575
0.00832526
0.0503254
0.00885355
0.0444155
0.00910351
0.0379834
0.00910551
0.0311679
0.00889449
0.0240898
0.00850763
0.0168518
0.00798243
0.00954061
0.00735541
0.00222985
0.00666088
-0.00501543
0.00592992
-0.0121341
0.0051896
-0.0190648
0.00446254
-0.0257427
0.00376677
-0.0320971
0.00311555
-0.0380506
0.00251739
-0.0435196
0.00197606
-0.0484158
0.00149075
-0.0526496
0.00105625
-0.0561341
0.000663357
-0.0587905
0.00029949
-0.0605539
-0.0613783
-0.00121598
-0.0601773
-0.00228345
-0.0590791
-0.00335624
-0.0570509
-0.00443413
-0.0541466
-0.00551436
-0.0504383
-0.0065914
-0.0460104
-0.00765673
-0.0409538
-0.00869876
-0.0353615
-0.00970271
-0.0293238
-0.0106505
-0.0229259
-0.0115208
-0.0162467
-0.012289
-0.00935829
-0.0129272
-0.00232743
-0.013405
0.00478226
-0.0136901
0.0119073
-0.0137497
0.0189801
-0.0135516
0.0259243
-0.0130659
0.0326514
-0.0122676
0.0390581
-0.0111387
0.0450261
-0.00967251
0.0504224
-0.00787759
0.0551028
-0.00578399
0.0589183
-0.00344869
0.0617252
-0.000958281
0.0634008
0.00157665
0.0638624
0.00403773
0.0630855
0.00631923
0.0611104
0.00834188
0.0580315
0.0100559
0.0539783
0.0114372
0.0490972
0.0124814
0.0435366
0.0131986
0.0374382
0.0136087
0.0309318
0.0137384
0.0241319
0.0136182
0.0171381
0.0132807
0.0100359
0.0127587
0.00289924
0.0120841
-0.00420522
0.0112867
-0.0112139
0.0103937
-0.0180621
0.00942886
-0.0246814
0.00841272
-0.0309974
0.0073625
-0.0369293
0.00629218
-0.0423898
0.00521256
-0.0472871
0.00413136
-0.0515284
0.00305338
-0.0550236
0.00198067
-0.0576911
0.000912867
-0.0594633
-0.000152215
-0.0602922
-0.00121777
-0.0601545
-0.0022868
-0.0590541
-0.00336105
-0.0570218
-0.00444023
-0.0541115
-0.00552156
-0.0503956
-0.00659941
-0.0459586
-0.00766519
-0.0408917
-0.00870723
-0.035288
-0.00971064
-0.0292383
-0.0106573
-0.022828
-0.0115256
-0.0161363
-0.0122909
-0.0092356
-0.0129253
-0.00219317
-0.0133981
0.00492696
-0.0136772
0.0120608
-0.0137296
0.0191402
-0.0135231
0.0260881
-0.0130281
0.0328153
-0.0122195
0.0392181
-0.0110799
0.0451774
-0.00960283
0.0505598
-0.0077976
0.0552208
-0.00569504
0.0590115
-0.00335312
0.0617888
-0.000859397
0.063431
0.00167496
0.0638572
0.00413168
0.0630454
0.00640579
0.0610378
0.00841897
0.0579304
0.0101224
0.053854
0.0114928
0.048955
0.0125264
0.0433819
0.0132336
0.0372762
0.0136346
0.0307669
0.0137562
0.0239682
0.0136291
0.0169789
0.0132859
0.00988387
0.0127593
0.00275646
0.0120811
-0.00433728
0.0112812
-0.0113342
0.0103864
-0.0181701
0.00942058
-0.0247769
0.00840407
-0.0310805
0.007354
-0.0370005
0.00628425
-0.0424498
0.00520553
-0.0473371
0.0041255
-0.0515696
0.00304888
-0.0550574
0.00197766
-0.0577193
0.000911433
-0.0594877
-0.0603149
-0.00203147
-0.0583998
-0.00379676
-0.0573138
-0.00553831
-0.0553093
-0.00724343
-0.0524415
-0.00889818
-0.0487836
-0.0104873
-0.0444213
-0.0119942
-0.0394469
-0.0134009
-0.0339548
-0.014688
-0.0280366
-0.0158347
-0.0217793
-0.0168181
-0.0152633
-0.0176137
-0.00856273
-0.018195
-0.00174608
-0.0185344
0.00512163
-0.0186035
0.0119764
-0.0183746
0.0187512
-0.0178217
0.0253715
-0.0169229
0.0317525
-0.0156621
0.0377973
-0.014032
0.0433961
-0.0120377
0.0484281
-0.0097002
0.0527653
-0.00706081
0.0562789
-0.00418439
0.0588488
-0.00115947
0.0603758
0.0019075
0.0607954
0.00490446
0.0600886
0.00772851
0.0582864
0.0102968
0.0554632
0.0125506
0.0517246
0.0144539
0.0471938
0.0159902
0.0420003
0.0171579
0.0362706
0.0179667
0.030123
0.0184343
0.0236643
0.0185841
0.0169883
0.0184425
0.0101775
0.0180376
0.00330414
0.0173976
-0.00356527
0.0165501
-0.0103664
0.015521
-0.017033
0.0143344
-0.0234948
0.0130128
-0.0296758
0.0115766
-0.0354932
0.010045
-0.0408582
0.00843564
-0.0456777
0.00676472
-0.0498575
0.00504725
-0.0533061
0.0032969
-0.0559407
0.00152606
-0.0576924
-0.000253939
-0.0585122
-0.00203244
-0.058376
-0.00379864
-0.0572879
-0.00554095
-0.0552795
-0.00724661
-0.0524059
-0.0089016
-0.0487406
-0.0104906
-0.0443696
-0.0119968
-0.0393854
-0.0134024
-0.0338825
-0.0146878
-0.0279529
-0.0158319
-0.0216839
-0.0168119
-0.0151563
-0.0176031
-0.00844438
-0.0181791
-0.00161719
-0.018512
0.00525987
-0.0185735
0.0121224
-0.018336
0.0189026
-0.0177735
0.0255256
-0.0168642
0.031906
-0.0155922
0.0379462
-0.0139508
0.043536
-0.0119454
0.0485543
-0.00959759
0.052873
-0.00694955
0.0563635
-0.00406691
0.0589062
-0.00103893
0.060403
0.00202751
0.0607908
0.00502043
0.0600525
0.00783747
0.0582207
0.0103965
0.0553714
0.0126397
0.0516108
0.0145318
0.0470629
0.0160568
0.0418569
0.0172135
0.0361195
0.0180119
0.0299685
0.0184702
0.02351
0.0186116
0.0168375
0.0184627
0.0100327
0.0180517
0.00316751
0.0174066
-0.00369225
0.016555
-0.0104826
0.0155228
-0.0171378
0.0143339
-0.023588
0.0130106
-0.0297573
0.0115735
-0.0355634
0.0100414
-0.0409178
0.00843197
-0.0457277
0.00676137
-0.049899
0.0050445
-0.0533406
0.00329496
-0.0559698
0.00152506
-0.0577178
-0.0585359
-0.00284135
-0.0559137
-0.00529897
-0.0548562
-0.00770279
-0.0529055
-0.0100274
-0.0501169
-0.0122474
-0.0465636
-0.0143378
-0.0423309
-0.016274
-0.0375107
-0.018032
-0.0321968
-0.019588
-0.0264806
-0.0209186
-0.0204486
-0.0220002
-0.0141816
-0.0228091
-0.00775386
-0.023321
-0.00123417
-0.0235118
0.0053124
-0.0233579
0.0118226
-0.0228375
0.0182308
-0.0219318
0.0244658
-0.0206268
0.0304476
-0.0189159
0.0360864
-0.016802
0.0412822
-0.0143012
0.0459272
-0.0114452
0.0499093
-0.00828463
0.0531184
-0.00489047
0.0554547
-0.00135257
0.0568379
0.00222561
0.0572172
0.00573651
0.0565777
0.00907931
0.0549436
0.0121685
0.0523739
0.0149384
0.0489547
0.0173432
0.044789
0.0193554
0.0399881
0.0209625
0.0346635
0.0221641
0.0289213
0.0229692
0.0228592
0.0233929
0.0165646
0.0234551
0.0101153
0.0231782
0.00358107
0.0225859
-0.00297297
0.0217025
-0.00948297
0.0205522
-0.0158826
0.0191587
-0.0221013
0.0175457
-0.0280628
0.0157367
-0.0336842
0.0137557
-0.0388771
0.0116268
-0.0435489
0.00937501
-0.0476056
0.00702546
-0.0509566
0.00460366
-0.0535189
0.00213509
-0.0552238
-0.000354972
-0.0560222
-0.00284148
-0.0558895
-0.00529934
-0.05483
-0.0077032
-0.0528756
-0.0100275
-0.0500815
-0.0122469
-0.0465212
-0.0143362
-0.0422803
-0.0162708
-0.0374509
-0.0180264
-0.0321268
-0.0195794
-0.0263999
-0.0209062
-0.0203572
-0.021983
-0.0140794
-0.0227861
-0.00764129
-0.0232912
-0.00111208
-0.0234741
0.00544277
-0.0233113
0.0119596
-0.022781
0.0183723
-0.0218645
0.0246091
-0.0205481
0.0305896
-0.0188254
0.0362234
-0.0166997
0.0414103
-0.0141876
0.0460422
-0.0113214
0.0500069
-0.00815252
0.0531946
-0.00475246
0.0555061
-0.0012117
0.0568622
0.00236599
0.0572131
0.0058731
0.0565453
0.00920921
0.0548846
0.0122895
0.0522911
0.0150488
0.0488515
0.0174421
0.0446696
0.0194424
0.0398567
0.0210377
0.0345242
0.0222281
0.0287781
0.0230225
0.0227155
0.0234366
0.0164234
0.0234902
0.00997915
0.0232057
0.00345203
0.0226068
-0.00309342
0.0217179
-0.0095937
0.020563
-0.0159829
0.0191659
-0.0221908
0.01755
-0.0281414
0.0157389
-0.0337523
0.0137564
-0.0389352
0.0116266
-0.0435979
0.00937424
-0.0476466
0.00702452
-0.0509909
0.00460282
-0.0535481
0.00213452
-0.0552495
-0.0560461
-0.00363663
-0.0527316
-0.00677354
-0.0517193
-0.00982617
-0.0498529
-0.0127563
-0.0471868
-0.0155272
-0.0437926
-0.0181042
-0.0397539
-0.0204549
-0.0351601
-0.0225493
-0.0301024
-0.0243597
-0.0246701
-0.0258606
-0.0189478
-0.0270279
-0.0130143
-0.0278392
-0.00694261
-0.028273
-0.000800335
-0.0283094
0.00534879
-0.0279303
0.0114434
-0.0271201
0.0174207
-0.0258677
0.0232133
-0.0241674
0.0287473
-0.0220219
0.0339408
-0.0194439
0.0387042
-0.0164594
0.0429427
-0.0131098
0.0465596
-0.00945317
0.0494618
-0.00556529
0.0515668
-0.00153707
0.0528097
0.00253018
0.0531499
0.00653207
0.0525758
0.0103693
0.0511064
0.0139543
0.0487889
0.0172158
0.0456932
0.0200998
0.041905
0.0225691
0.0375188
0.0246013
0.0326313
0.0261862
0.0273364
0.0273236
0.0217218
0.0280207
0.0158676
0.0282898
0.00984606
0.0281474
0.00372351
0.027612
-0.00243759
0.0267041
-0.00857507
0.0254454
-0.0146239
0.0238589
-0.0205148
0.0219691
-0.0261729
0.0198021
-0.0315172
0.0173864
-0.0364614
0.0147528
-0.0409152
0.0119343
-0.0447872
0.00896645
-0.0479887
0.00588652
-0.050439
0.00273317
-0.0520705
-0.000454189
-0.0528348
-0.00363592
-0.0527078
-0.00677239
-0.0516936
-0.00982436
-0.0498236
-0.0127535
-0.0471524
-0.0155229
-0.0437518
-0.0180979
-0.0397053
-0.0204459
-0.0351029
-0.0225369
-0.0300359
-0.0243431
-0.0245937
-0.0258388
-0.0188614
-0.027
-0.0129182
-0.0278042
-0.00683714
-0.0282299
-0.000686393
-0.0282571
0.00547
-0.0278678
0.0115702
-0.0270466
0.0175511
-0.0257824
0.0233449
-0.02407
0.0288772
-0.021912
0.0340655
-0.019322
0.0388203
-0.0163262
0.0430464
-0.0129664
0.0466471
-0.00930171
0.0495299
-0.0054082
0.0516126
-0.00137727
0.0528313
0.00268952
0.0531463
0.00668781
0.0525471
0.0105186
0.0510539
0.0140949
0.0487148
0.0173459
0.0456005
0.0202183
0.0417972
0.0226753
0.0373996
0.0246951
0.0325044
0.0262678
0.0272053
0.0273937
0.0215897
0.0280799
0.0157372
0.0283392
0.00971987
0.0281878
0.00360338
0.0276446
-0.00255016
0.0267298
-0.00867894
0.0254652
-0.0147184
0.0238738
-0.0205994
0.0219799
-0.0262475
0.0198097
-0.0315821
0.0173915
-0.036517
0.0147559
-0.0409623
0.0119361
-0.0448268
0.00896732
-0.0480221
0.00588679
-0.0504675
0.00273305
-0.0520958
-0.0528585
-0.00440696
-0.0488756
-0.00820141
-0.0479248
-0.0118814
-0.0461729
-0.015396
-0.0436721
-0.0186975
-0.0404912
-0.0217417
-0.0367097
-0.0244887
-0.0324131
-0.0269029
-0.0276882
-0.0289528
-0.0226201
-0.0306112
-0.0172895
-0.0318538
-0.0117717
-0.0326597
-0.00613665
-0.0330108
-0.000449216
-0.0328917
0.00522964
-0.0322899
0.0108416
-0.0311967
0.0163275
-0.0296085
0.0216251
-0.0275281
0.026667
-0.0249672
0.0313798
-0.0219478
0.0356849
-0.018505
0.0395
-0.0146882
0.0427428
-0.0105621
0.0453357
-0.0062062
0.0472108
-0.0017122
0.0483157
0.00281996
0.0486178
0.00728805
0.0481077
0.0115937
0.0468007
0.0156479
0.0447347
0.0193747
0.0419664
0.0227132
0.0385664
0.0256178
0.0346142
0.0280568
0.0301923
0.0300108
0.0253824
0.0314707
0.0202619
0.0324354
0.0149029
0.03291
0.00937151
0.0329041
0.00372937
0.0324311
-0.00196455
0.0315071
-0.00765106
0.0301511
-0.0132679
0.0283849
-0.0187487
0.0262335
-0.0240216
0.0237256
-0.0290093
0.0208938
-0.0336296
0.017775
-0.0377964
0.0144104
-0.0414226
0.0108454
-0.0444237
0.00712891
-0.0467225
0.00331254
-0.0482541
-0.000550296
-0.048972
-0.00440542
-0.0488526
-0.0081988
-0.0479002
-0.0118774
-0.046145
-0.0153903
-0.0436395
-0.0186895
-0.0404526
-0.0217308
-0.036664
-0.0244741
-0.0323595
-0.0268838
-0.0276262
-0.0289284
-0.0225491
-0.0305804
-0.0172095
-0.0318157
-0.0116829
-0.0326132
-0.00603954
-0.032955
-0.000344648
-0.0328255
0.0053405
-0.0322124
0.0109572
-0.0311073
0.016446
-0.0295065
0.0217442
-0.0274133
0.026784
-0.0248395
0.0314917
-0.0218078
0.0357886
-0.0183536
0.0395922
-0.0145269
0.0428204
-0.0103929
0.0453959
-0.00603153
0.0472512
-0.00153495
0.0483347
0.00299677
0.0486146
0.00746143
0.0480824
0.0117609
0.0467544
0.0158065
0.0446692
0.0195229
0.0418841
0.0228497
0.0384704
0.0257417
0.0345076
0.0281678
0.0300783
0.030109
0.0252641
0.0315564
0.0201423
0.0325093
0.0147844
0.0329728
0.00925635
0.0329568
0.00361936
0.0324746
-0.00206798
0.0315425
-0.00774682
0.0301794
-0.0133553
0.0284071
-0.0188271
0.0262505
-0.024091
0.0237383
-0.0290699
0.020903
-0.0336817
0.0177814
-0.0378407
0.0144147
-0.04146
0.010848
-0.0444554
0.00713024
-0.0467497
0.00331283
-0.0482784
-0.0489948
-0.00514068
-0.0443775
-0.00956114
-0.0435044
-0.0138378
-0.0418963
-0.0179078
-0.0396022
-0.0217125
-0.0366865
-0.0251989
-0.0332233
-0.0283199
-0.029292
-0.0310347
-0.0249735
-0.0333084
-0.0203464
-0.0351119
-0.015486
-0.0364213
-0.0104623
-0.0372173
-0.00534061
-0.0374852
-0.000181379
-0.037214
0.00495852
-0.0363974
0.0100249
-0.0350332
0.0149634
-0.0331255
0.0197174
-0.0306853
0.0242268
-0.0277328
0.0284273
-0.0242987
0.0322508
-0.0204261
0.0356274
-0.0161716
0.0384883
-0.0116052
0.0407693
-0.0068094
0.0424151
-0.00187693
0.0433832
0.00309316
0.0436477
0.00799997
0.0432009
0.0127456
0.0420551
0.0172396
0.0402407
0.0214025
0.0378036
0.0251673
0.0348016
0.0284812
0.0313004
0.0313041
0.0273695
0.033608
0.0230785
0.0353752
0.0184947
0.0365965
0.0136815
0.0372697
0.00869832
0.0373979
0.00360118
0.0369888
-0.00155547
0.0360544
-0.00671659
0.0346105
-0.0118241
0.0326779
-0.016816
0.0302818
-0.0216254
0.027453
-0.0261805
0.024228
-0.0304047
0.0206497
-0.0342181
0.0167669
-0.0375398
0.0126343
-0.0402912
0.00831213
-0.0424003
0.00386442
-0.0438064
-0.000641836
-0.0444657
-0.00513838
-0.0443561
-0.00955716
-0.0434814
-0.0138318
-0.0418703
-0.0178993
-0.039572
-0.021701
-0.0366509
-0.0251836
-0.0331814
-0.0283001
-0.0292431
-0.0310094
-0.0249168
-0.0332767
-0.0202818
-0.0350728
-0.0154134
-0.0363737
-0.010382
-0.0371602
-0.005253
-0.0374176
-8.73051e-05
-0.037135
0.00505797
-0.0363061
0.0101283
-0.0349292
0.015069
-0.0330081
0.0198232
-0.0305545
0.0243304
-0.0275888
0.028526
-0.0241422
0.0323419
-0.0202582
0.0357082
-0.0159939
0.0385561
-0.0114197
0.0408217
-0.00661871
0.0424502
-0.00168375
0.0433998
0.00328592
0.0436449
0.00818941
0.0431789
0.012929
0.0420148
0.0174147
0.0401835
0.0215672
0.0377316
0.0253203
0.0347173
0.0286213
0.0312065
0.0314309
0.0272688
0.0337213
0.0229737
0.0354753
0.0183883
0.0366839
0.0135758
0.037345
0.00859523
0.037462
0.00350239
0.0370426
-0.00164862
0.0360989
-0.00680307
0.0346468
-0.0119032
0.0327069
-0.0168872
0.0303046
-0.0216886
0.0274705
-0.0262358
0.0242411
-0.0304524
0.0206592
-0.0342588
0.0167735
-0.0375743
0.0126386
-0.0403205
0.00831445
-0.0424256
0.00386511
-0.043829
-0.044487
-0.00582505
-0.0392807
-0.0108292
-0.0385002
-0.0156619
-0.0370635
-0.0202489
-0.0350153
-0.0245216
-0.0324137
-0.0284188
-0.0293261
-0.0318867
-0.0258241
-0.0348796
-0.0219805
-0.0373595
-0.0178665
-0.0392959
-0.0135496
-0.040665
-0.00909322
-0.0414494
-0.00455628
-0.0416373
6.53562e-06
-0.0412226
0.00454384
-0.0402043
0.00900659
-0.038587
0.0133461
-0.0363818
0.0175122
-0.0336077
0.0214527
-0.0302926
0.0251122
-0.0264753
0.0284334
-0.0222059
0.031358
-0.017547
0.0338295
-0.0125732
0.0357955
-0.0073696
0.0372115
-0.00202982
0.0380435
0.0033473
0.0382706
0.00866149
0.0378867
0.0138149
0.0369017
0.0187157
0.0353399
0.0232812
0.0332381
0.0274398
0.030643
0.031132
0.0276082
0.0343104
0.024191
0.0369392
0.0204497
0.0389927
0.0164412
0.0404541
0.0122201
0.0413139
0.00783849
0.0415691
0.00334601
0.041222
-0.00120835
0.0402802
-0.00577483
0.038757
-0.0103009
0.0366716
-0.0147306
0.0340496
-0.0190034
0.0309236
-0.0230545
0.0273339
-0.026815
0.0233285
-0.0302127
0.0189635
-0.0331748
0.0143024
-0.0356301
0.00941569
-0.0375135
0.00437922
-0.0387699
-0.000727217
-0.0393593
-0.00582204
-0.0392613
-0.010824
-0.0384795
-0.0156541
-0.0370402
-0.020238
-0.0349882
-0.024507
-0.0323819
-0.0283996
-0.0292888
-0.0318621
-0.0257806
-0.0348487
-0.0219303
-0.0373212
-0.0178093
-0.0392492
-0.0134854
-0.0406088
-0.00902237
-0.0413826
-0.00447919
-0.041559
8.91197e-05
-0.041132
0.00463093
-0.0401006
0.00909692
-0.0384697
0.0134381
-0.0362507
0.0176041
-0.0334626
0.0215423
-0.0301341
0.0251974
-0.026304
0.0285119
-0.0220232
0.0314274
-0.0173547
0.0338875
-0.0123732
0.0358403
-0.00716449
0.0372415
-0.0018223
0.0380576
0.00355442
0.0382682
0.00886538
0.0378679
0.0140129
0.0368672
0.0189054
0.035291
0.0234607
0.0331764
0.0276074
0.0305706
0.0312866
0.0275273
0.0344514
0.024104
0.0370662
0.0203588
0.0391058
0.0163487
0.0405537
0.012128
0.0414005
0.00774836
0.0416435
0.00325942
0.0412851
-0.00129019
0.040333
-0.00585098
0.0388005
-0.0103707
0.0367068
-0.0147936
0.0340776
-0.0190594
0.0309455
-0.0231036
0.0273505
-0.0268574
0.0233408
-0.030249
0.0189722
-0.0332057
0.0143081
-0.0356565
0.00941891
-0.0375364
0.00438027
-0.0387904
-0.0393786
-0.00644657
-0.03364
-0.0119807
-0.0329661
-0.017318
-0.0317262
-0.0223739
-0.0299594
-0.0270709
-0.0277167
-0.0313402
-0.0250568
-0.0351221
-0.0220422
-0.0383667
-0.018736
-0.041033
-0.0152001
-0.0430892
-0.0114933
-0.0445119
-0.00767059
-0.045285
-0.00378313
-0.0454
0.000121474
-0.0448547
0.00399855
-0.0436533
0.00780524
-0.0418065
0.0114993
-0.0393321
0.0150378
-0.036256
0.0183766
-0.0326135
0.0214697
-0.02845
0.0242699
-0.0238221
0.0267301
-0.0187973
0.0288047
-0.013454
0.0304521
-0.00787965
0.0316371
-0.00216895
0.0323328
0.00357906
0.0325226
0.00926412
0.0322016
0.014788
0.0313778
0.0200575
0.0300704
0.0249872
0.0283083
0.0295014
0.0261287
0.0335353
0.0235744
0.037035
0.0206913
0.0399576
0.017527
0.0422704
0.0141284
0.0439494
0.0105411
0.0449788
0.00680913
0.0453495
0.00297527
0.0450591
-0.000917919
0.0441113
-0.00482703
0.0425167
-0.00870638
0.0402934
-0.0125072
0.0374671
-0.0161771
0.0340722
-0.0196597
0.0301522
-0.0228949
0.0257599
-0.0258204
0.0209576
-0.0283725
0.015817
-0.0304895
0.0104179
-0.0321144
0.00484679
-0.0331989
-0.000804753
-0.0337077
-0.00644293
-0.0336231
-0.0119743
-0.0329481
-0.0173086
-0.0317059
-0.0223608
-0.0299359
-0.0270535
-0.0276893
-0.0313176
-0.0250247
-0.0350934
-0.0220047
-0.0383308
-0.0186929
-0.0409889
-0.0151512
-0.0430358
-0.0114385
-0.0444481
-0.00761013
-0.0452098
-0.00371747
-0.0453124
0.000191695
-0.0447539
0.00407245
-0.0435387
0.00788172
-0.0416776
0.011577
-0.0391888
0.0151152
-0.0360984
0.018452
-0.0324421
0.0215412
-0.0282659
0.0243356
-0.0236265
0.026788
-0.0185921
0.0288531
-0.0132412
0.0304895
-0.00766183
0.0316621
-0.00194875
0.0323445
0.00379886
0.0325206
0.00948074
0.032186
0.0149988
0.0313492
0.0202601
0.0300297
0.0251796
0.0282569
0.029682
0.0260683
0.0337026
0.0235067
0.0371884
0.0206183
0.0400966
0.0174506
0.0423949
0.0140504
0.0440597
0.0104632
0.0450753
0.00673276
0.0454329
0.00290174
0.0451303
-0.000987554
0.0441713
-0.00489194
0.0425665
-0.00876596
0.0403341
-0.0125611
0.0374997
-0.0162251
0.0340979
-0.0197018
0.0301719
-0.0229315
0.0257746
-0.0258517
0.0209682
-0.0283992
0.0158241
-0.0305124
0.0104219
-0.0321342
0.00484814
-0.0332166
-0.0337245
-0.00699155
-0.0275224
-0.0129902
-0.0269674
-0.0187699
-0.0259466
-0.0242366
-0.0244926
-0.0293052
-0.0226481
-0.0339003
-0.0204617
-0.0379572
-0.0179853
-0.0414221
-0.0152711
-0.0442519
-0.0123704
-0.0464136
-0.00933165
-0.0478837
-0.00620046
-0.0486478
-0.00301904
-0.0486996
0.000173331
-0.0480408
0.00333969
-0.0466799
0.00644434
-0.0446329
0.00945225
-0.0419234
0.0123283
-0.0385836
0.0150368
-0.0346549
0.017541
-0.0301887
0.0198037
-0.0252466
0.021788
-0.0199006
0.0234587
-0.014232
0.0247836
-0.00833048
0.0257356
-0.00229187
0.0262942
0.0037842
0.0264465
0.009797
0.0261888
0.0156476
0.0255272
0.0212414
0.0244765
0.0264908
0.023059
0.0313165
0.0213031
0.035649
0.0192418
0.0394294
0.016911
0.0426086
0.0143478
0.0451477
0.0115894
0.0470165
0.00867224
0.0481936
0.00563211
0.0486647
0.00250415
0.0484231
-0.000676327
0.0474693
-0.00387321
0.0458117
-0.00704876
0.0434672
-0.0101627
0.0404618
-0.0131717
0.0368313
-0.0160292
0.0326221
-0.0186856
0.0278909
-0.0210892
0.0227057
-0.0231874
0.017145
-0.0249288
0.0112967
-0.0262661
0.00525682
-0.027159
-0.000872737
-0.0275782
-0.00698738
-0.0275084
-0.012983
-0.0269525
-0.0187591
-0.0259298
-0.0242217
-0.0244733
-0.0292854
-0.0226255
-0.0338748
-0.0204353
-0.037925
-0.0179546
-0.0413821
-0.0152358
-0.0442029
-0.0123303
-0.0463545
-0.00928689
-0.0478135
-0.00615116
-0.0485654
-0.00296556
-0.0486041
0.000230442
-0.0479314
0.00339971
-0.046556
0.00650634
-0.0444941
0.00951514
-0.0417697
0.0123908
-0.0384153
0.0150976
-0.0344727
0.0175985
-0.0299935
0.0198564
-0.02504
0.0218345
-0.0196843
0.0234974
-0.0140083
0.0248134
-0.00810173
0.0257556
-0.00206077
0.0263035
0.0040149
0.0264449
0.0100246
0.0261764
0.0158694
0.0255043
0.0214551
0.0244439
0.0266943
0.0230178
0.031508
0.0212545
0.0358272
0.0191874
0.0395933
0.0168522
0.0427578
0.0142861
0.0452819
0.0115263
0.0471359
0.00860913
0.0482985
0.00557016
0.0487558
0.00244441
0.0485013
-0.000732984
0.0475354
-0.0039261
0.0458668
-0.00709737
0.0435125
-0.0102067
0.0404983
-0.013211
0.0368603
-0.0160638
0.0326445
-0.0187156
0.0279077
-0.021115
0.0227178
-0.0232094
0.0171531
-0.0249476
0.0113013
-0.0262825
0.00525843
-0.0271737
-0.0275921
-0.00744679
-0.0210065
-0.0138335
-0.0205807
-0.0199824
-0.0197977
-0.025792
-0.0186829
-0.0311707
-0.0172694
-0.0360378
-0.0155947
-0.0403243
-0.0136988
-0.0439734
-0.011622
-0.0469401
-0.00940367
-0.0491906
-0.00708119
-0.0507015
-0.00468952
-0.0514595
-0.00226107
-0.0514602
0.000174073
-0.050708
0.00258753
-0.0492153
0.0049516
-0.0470023
0.00723921
-0.0440975
0.00942355
-0.0405382
0.0114775
-0.036371
0.0133738
-0.031652
0.0150846
-0.0264469
0.016583
-0.0208312
0.017843
-0.0148889
0.0188412
-0.00871138
0.0195581
-0.00239569
0.0199785
0.0039577
0.0200931
0.0102474
0.0198992
0.0163734
0.0194012
0.0222401
0.0186099
0.0277575
0.0175415
0.0328437
0.0162168
0.0374257
0.0146598
0.0414399
0.0128968
0.0448326
0.0109551
0.0475595
0.00886242
0.0495856
0.00664609
0.0508845
0.00433321
0.0514379
0.00195075
0.0512356
-0.000473979
0.0502754
-0.00291301
0.048564
-0.0053374
0.0461176
-0.00771629
0.0429623
-0.0100164
0.0391351
-0.012202
0.0346843
-0.0142349
0.0296704
-0.0160753
0.0241656
-0.0176826
0.0182541
-0.0190173
0.0120307
-0.0200427
0.00559937
-0.0207277
-0.00092952
-0.0210493
-0.00744219
-0.0209958
-0.0138255
-0.0205692
-0.0199705
-0.0197848
-0.0257756
-0.0186681
-0.0311491
-0.0172521
-0.0360099
-0.0155745
-0.0402891
-0.0136753
-0.0439299
-0.011595
-0.0468871
-0.00937313
-0.0491269
-0.00704708
-0.0506261
-0.00465199
-0.0513712
-0.0022204
-0.0513583
0.000217461
-0.0505916
0.00263308
-0.0490839
0.00499858
-0.0468555
0.00728681
-0.0439355
0.00947079
-0.0403613
0.0115234
-0.0361799
0.0134171
-0.0314478
0.0151243
-0.0262312
0.0166179
-0.0206059
0.0178721
-0.0146561
0.0188636
-0.00847361
0.0195731
-0.00215558
0.0199855
0.00419742
0.0200919
0.010484
0.0198898
0.0166043
0.019384
0.0224628
0.0185854
0.02797
0.0175106
0.0330442
0.0161803
0.0376127
0.0146189
0.0416124
0.0128525
0.04499
0.0109086
0.0477016
0.00881475
0.0497124
0.00659831
0.0509963
0.00428624
0.0515353
0.0019054
0.0513193
-0.000517032
0.0503465
-0.00295324
0.0486235
-0.00537441
0.0461666
-0.00774983
0.043002
-0.0100464
0.0391666
-0.0122284
0.0347088
-0.0142578
0.0296889
-0.016095
0.024179
-0.0176995
0.0182631
-0.0190317
0.0120359
-0.0200553
0.00560119
-0.020739
-0.02106
-0.00780032
-0.0141813
-0.0144883
-0.0138927
-0.0209238
-0.0133622
-0.0269995
-0.0126072
-0.0326187
-0.0116502
-0.0376966
-0.0105168
-0.0421613
-0.00923414
-0.0459535
-0.00782972
-0.049027
-0.00633022
-0.0513472
-0.004761
-0.0528909
-0.00314576
-0.0536456
-0.00150641
-0.0536082
0.000136733
-0.0527852
0.0017645
-0.0511915
0.00335789
-0.0488507
0.00489844
-0.0457952
0.00636801
-0.0420661
0.00774846
-0.0377139
0.00902153
-0.0327982
0.010169
-0.0273882
0.011173
-0.0215618
0.0120165
-0.015405
0.0126845
-0.00901081
0.0131639
-0.0024773
0.013445
0.00409421
0.0135216
0.0106015
0.0133919
0.0169437
0.0130589
0.0230239
0.0125297
0.0287507
0.0118147
0.0340399
0.0109276
0.0388156
0.0098841
0.0430111
0.00870136
0.0465688
0.00739741
0.0494407
0.00599055
0.0515877
0.00449906
0.0529798
0.00294114
0.0535955
0.00133506
0.053422
-0.000300523
0.0524555
-0.00194648
0.0507014
-0.00358328
0.0481751
-0.00519008
0.0449031
-0.00674438
0.040923
-0.00822191
0.0362849
-0.00959679
0.0310516
-0.010842
0.0252989
-0.0119299
0.0191153
-0.0128336
0.0126008
-0.0135282
0.00586541
-0.0139923
-0.000973609
-0.0142103
-0.00779539
-0.014174
-0.0144797
-0.0138849
-0.020911
-0.0133535
-0.0269819
-0.0125972
-0.0325956
-0.0116385
-0.0376669
-0.0105031
-0.042124
-0.00921828
-0.0459075
-0.00781153
-0.048971
-0.00630962
-0.0512801
-0.00473801
-0.0528116
-0.00312048
-0.053553
-0.00147903
-0.0535014
0.000165928
-0.0526635
0.00179512
-0.0510543
0.00338945
-0.0486979
0.00493038
-0.0456268
0.00639969
-0.0418826
0.00777917
-0.037516
0.00905053
-0.0325872
0.0101955
-0.0271656
0.0111963
-0.0213295
0.012036
-0.0151652
0.0126994
-0.00876607
0.0131739
-0.00223022
0.0134496
0.00434089
0.0135208
0.010845
0.0133857
0.0171815
0.0130475
0.0232536
0.0125134
0.0289701
0.0117941
0.0342472
0.0109033
0.0390094
0.00985671
0.0431902
0.0086717
0.0467325
0.00736623
0.0495887
0.00595858
0.05172
0.00446698
0.0530967
0.00290958
0.0536975
0.00130456
0.05351
-0.000329495
0.0525303
-0.00197357
0.0507641
-0.00360822
0.048227
-0.0052127
0.0449452
-0.00676459
0.0409566
-0.00823972
0.036311
-0.00961228
0.0310714
-0.0108553
0.0253132
-0.0119413
0.0191249
-0.0128434
0.0126064
-0.0135367
0.00586738
-0.014
-0.0142175
-0.00804219
-0.00714441
-0.0149362
-0.00699869
-0.0215676
-0.00673084
-0.0278252
-0.00634971
-0.0336086
-0.00586672
-0.0388306
-0.00529484
-0.0434168
-0.00464785
-0.0473069
-0.00393962
-0.0504535
-0.00318363
-0.0528218
-0.00239272
-0.0543887
-0.00157884
-0.0551421
-0.000753039
-0.0550799
7.44854e-05
-0.0542094
0.000894083
-0.0525476
0.00169607
-0.0501203
0.00247107
-0.0469622
0.00320994
-0.0431173
0.00390356
-0.0386386
0.00454283
-0.0335883
0.00511868
-0.0280376
0.00562224
-0.0220662
0.00604516
-0.0157616
0.00637989
-0.00921781
0.00662009
-0.00253373
0.00676089
0.00418859
0.00679927
0.0108462
0.00673432
0.0173376
0.00656751
0.023565
0.00630231
0.0294357
0.00594398
0.0348642
0.0054992
0.0397726
0.00497572
0.0440918
0.00438207
0.0477621
0.00372719
0.0507324
0.00302018
0.0529613
0.00227018
0.0544161
0.00148633
0.0550733
0.000677869
0.0549185
-0.000145718
0.0539467
-0.000974706
0.0521627
-0.00179928
0.0495816
-0.00260897
0.0462297
-0.00339242
0.0421451
-0.00413738
0.0373791
-0.00483077
0.0319961
-0.00545891
0.026074
-0.00600787
0.0197044
-0.00646399
0.0129908
-0.00681463
0.00604746
-0.00704896
-0.00100377
-0.00715902
-0.00803704
-0.00714071
-0.0149272
-0.00699475
-0.0215543
-0.00672643
-0.0278069
-0.00634464
-0.0335845
-0.00586081
-0.0387997
-0.00528795
-0.0433781
-0.00463986
-0.0472592
-0.00393045
-0.0503955
-0.00317326
-0.0527524
-0.00238115
-0.0543068
-0.00156612
-0.0550465
-0.000739266
-0.0549698
8.91666e-05
-0.0540841
0.000909474
-0.0524066
0.00171193
-0.0499633
0.00248711
-0.0467895
0.00322583
-0.0429293
0.00391896
-0.0384361
0.00455737
-0.0333726
0.00513197
-0.0278102
0.00563392
-0.0218291
0.00605489
-0.0155171
0.00638738
-0.00896826
0.00662508
-0.00228185
0.00676323
0.00444008
0.00679887
0.0110946
0.00673121
0.0175803
0.00656177
0.0237995
0.00629415
0.0296599
0.00593364
0.0350762
0.00548699
0.0399709
0.004962
0.0442754
0.00436721
0.0479301
0.00371155
0.0508845
0.00300413
0.0530974
0.00225407
0.0545365
0.00147047
0.0551786
0.000662537
0.0550094
-0.000160287
0.0540241
-0.000988333
0.0522277
-0.00181183
0.0496354
-0.00262036
0.0462734
-0.0034026
0.04218
-0.00414635
0.0374063
-0.00483858
0.0320167
-0.00546564
0.026089
-0.00601363
0.0197145
-0.00646894
0.0129967
-0.00681895
0.00604953
-0.00705285
-0.00716271
-0.00816504
-0.0151637
-0.0218946
-0.0282443
-0.034111
-0.0394059
-0.0440537
-0.0479933
-0.051177
-0.0535697
-0.0551485
-0.0559016
-0.0558271
-0.054933
-0.0532369
-0.0507658
-0.0475559
-0.0436523
-0.0391095
-0.0339908
-0.0283686
-0.0223234
-0.0159435
-0.00932346
-0.00256257
0.00423669
0.010971
0.0175385
0.0238408
0.0297848
0.035284
0.0402597
0.0446418
0.048369
0.0513892
0.0536594
0.0551457
0.0558236
0.0556778
0.0547031
0.0529038
0.0502949
0.0469025
0.0427651
0.0379343
0.0324754
0.0264675
0.0200035
0.0131889
0.00613996
-0.00101907
-0.00815978
-0.0151545
-0.021881
-0.0282256
-0.0340864
-0.0393744
-0.0440142
-0.0479447
-0.0511179
-0.0534991
-0.0550652
-0.0558045
-0.0557153
-0.0548058
-0.0530939
-0.0506068
-0.047381
-0.043462
-0.0389046
-0.0337727
-0.0281387
-0.0220839
-0.0156965
-0.0090714
-0.00230817
0.00449071
0.0112219
0.0177837
0.0240778
0.0300115
0.0354985
0.0404605
0.0448277
0.0485392
0.0515434
0.0537974
0.0552679
0.0559304
0.0557701
0.0547818
0.05297
0.0503496
0.046947
0.0428007
0.0379621
0.0324965
0.0264828
0.0200139
0.0131949
0.00614208
)
;

boundaryField
{
    top
    {
        type            calculated;
        value           nonuniform List<scalar> 
102
(
0
0
0
0
0
0
0
0
0
0
0
0
0
0
0
0
-2.1684e-19
-2.1684e-19
0
0
0
0
0
0
0
0
0
0
0
0
0
0
2.1684e-19
0
0
0
0
0
0
0
0
0
0
0
0
0
0
0
0
0
0
0
0
0
0
0
0
0
0
-1.0842e-19
0
0
0
0
0
0
0
0
0
0
0
0
0
0
0
0
0
0
0
0
0
0
0
2.1684e-19
0
0
0
0
0
0
0
0
0
0
0
0
0
0
-5.42101e-20
0
0
0
)
;
    }
    bottom
    {
        type            calculated;
        value           uniform 0;
    }
    frontAndBack
    {
        type            empty;
        value           nonuniform 0();
    }
    left_cyc
    {
        type            cyclic;
        value           nonuniform List<scalar> 
30
(
-0.000460546
-0.000687742
-0.000770868
-0.000806292
-0.000813326
-0.000798116
-0.000764732
-0.000716626
-0.000656631
-0.000587049
-0.000509735
-0.000426168
-0.000337531
-0.000244782
-0.00014873
-5.00993e-05
5.04039e-05
0.000152034
0.000253952
0.000355185
0.000454603
0.000550907
0.000642637
0.000728193
0.000805887
0.000874007
0.000930903
0.000975079
0.00100529
0.00102063
)
;
    }
    right_cyc
    {
        type            cyclic;
        value           nonuniform List<scalar> 
30
(
0.000460546
0.000687742
0.000770868
0.000806292
0.000813326
0.000798116
0.000764732
0.000716626
0.000656631
0.000587049
0.000509735
0.000426168
0.000337531
0.000244782
0.00014873
5.00993e-05
-5.04039e-05
-0.000152034
-0.000253952
-0.000355185
-0.000454603
-0.000550907
-0.000642637
-0.000728193
-0.000805887
-0.000874007
-0.000930903
-0.000975079
-0.00100529
-0.00102063
)
;
    }
}


// ************************************************************************* //
