/*--------------------------------*- C++ -*----------------------------------*\
| =========                 |                                                 |
| \\      /  F ield         | OpenFOAM: The Open Source CFD Toolbox           |
|  \\    /   O peration     | Version:  2.3.0                                 |
|   \\  /    A nd           | Web:      www.OpenFOAM.org                      |
|    \\/     M anipulation  |                                                 |
\*---------------------------------------------------------------------------*/
FoamFile
{
    version     2.0;
    format      ascii;
    class       volScalarField;
    location    "22000";
    object      p_rgh;
}
// * * * * * * * * * * * * * * * * * * * * * * * * * * * * * * * * * * * * * //

dimensions      [0 2 -2 0 0 0 0];

internalField   nonuniform List<scalar> 
3060
(
-38.8747
-41.9953
-47.8244
-56.3195
-67.4375
-81.1451
-97.4183
-116.225
-137.494
-161.082
-186.751
-214.143
-242.763
-271.952
-300.855
-328.483
-353.851
-376.071
-394.433
-408.682
-419.071
-426.12
-430.573
-433.166
-434.467
-434.801
-434.259
-432.7
-429.741
-424.771
-417.031
-405.808
-390.644
-371.369
-348.365
-322.399
-294.386
-265.33
-236.206
-207.824
-180.805
-155.614
-132.578
-111.914
-93.7451
-78.1308
-65.0991
-54.6751
-46.8947
-41.801
-39.4339
-39.8171
-42.946
-48.7914
-57.3115
-68.464
-82.2165
-98.545
-117.416
-138.756
-162.418
-188.156
-215.607
-244.265
-273.46
-302.325
-329.865
-355.094
-377.128
-395.274
-409.308
-419.503
-426.396
-430.735
-433.252
-434.501
-434.794
-434.21
-432.593
-429.549
-424.452
-416.544
-405.121
-389.738
-370.252
-347.073
-320.982
-292.896
-263.815
-234.708
-206.37
-179.414
-154.294
-131.331
-110.737
-92.631
-77.0697
-64.0804
-53.6888
-45.9315
-40.8525
-38.4922
-62.6448
-65.3882
-70.5336
-78.0813
-88.0368
-100.402
-115.159
-132.254
-151.577
-172.952
-196.129
-220.746
-246.292
-272.08
-297.38
-321.781
-345.04
-366.313
-384.331
-398.429
-408.88
-416.217
-421.102
-424.14
-425.763
-426.198
-425.502
-423.585
-420.174
-414.794
-406.815
-395.585
-380.611
-361.768
-339.938
-316.377
-291.759
-266.293
-240.503
-215.128
-190.822
-168.059
-147.172
-128.396
-111.889
-97.7457
-86.0114
-76.6963
-69.796
-65.305
-63.225
-63.5614
-66.3128
-71.4737
-79.0452
-89.0332
-101.44
-116.247
-133.398
-152.78
-174.215
-197.447
-222.105
-247.668
-273.442
-298.698
-323.047
-346.229
-367.359
-385.173
-399.063
-409.332
-416.521
-421.295
-424.252
-425.81
-426.188
-425.435
-423.45
-419.95
-414.449
-406.312
-394.892
-379.704
-360.669
-338.717
-315.092
-290.423
-264.92
-239.123
-213.774
-189.514
-166.807
-145.982
-127.265
-110.812
-96.7173
-85.0225
-75.738
-68.8596
-64.3826
-62.3091
-76.6819
-79.5475
-84.8888
-92.6468
-102.733
-115.016
-129.32
-145.434
-163.131
-182.206
-202.481
-223.812
-246.084
-269.19
-292.883
-316.306
-338.126
-357.183
-373.282
-386.931
-397.8
-405.581
-410.888
-414.331
-416.256
-416.791
-415.946
-413.696
-409.873
-404.071
-395.642
-384.083
-369.899
-353.189
-333.455
-311.167
-287.596
-264
-241.086
-219.042
-197.966
-177.983
-159.245
-141.938
-126.276
-112.485
-100.77
-91.297
-84.1856
-79.5158
-77.3411
-77.6937
-80.5669
-85.9223
-93.7003
-103.811
-116.122
-130.456
-146.598
-164.324
-183.425
-203.726
-225.082
-247.376
-270.502
-294.193
-317.555
-339.243
-358.125
-374.078
-387.594
-398.289
-405.917
-411.111
-414.467
-416.318
-416.779
-415.861
-413.534
-409.619
-403.693
-395.099
-383.377
-369.062
-352.195
-332.291
-309.888
-286.275
-262.688
-239.796
-217.775
-196.724
-176.767
-158.056
-140.778
-125.145
-111.384
-99.6965
-90.2477
-83.1553
-78.4984
-76.3299
-58.0764
-61.1006
-66.7167
-74.8361
-85.3355
-98.0486
-112.763
-129.226
-147.167
-166.323
-186.47
-207.435
-229.104
-251.403
-274.147
-296.714
-318.355
-338.644
-356.87
-371.635
-383.059
-391.958
-398.166
-402.261
-404.628
-405.307
-404.245
-401.504
-396.987
-390.213
-380.737
-368.686
-353.076
-334.287
-313.669
-291.782
-269.115
-246.455
-224.305
-202.808
-182.042
-162.133
-143.27
-125.69
-109.661
-95.4533
-83.3109
-73.4361
-65.9843
-61.0695
-58.7727
-59.1459
-62.1778
-67.8079
-75.9471
-86.4705
-99.21
-113.951
-130.439
-148.402
-167.578
-187.741
-208.72
-230.403
-252.714
-275.455
-297.979
-319.547
-339.74
-357.801
-372.346
-383.619
-392.367
-398.44
-402.434
-404.709
-405.292
-404.135
-401.302
-396.676
-389.755
-380.137
-367.915
-352.085
-333.156
-312.449
-290.493
-267.792
-245.14
-223.006
-201.523
-180.771
-160.88
-142.037
-124.48
-108.477
-94.2964
-82.1804
-72.3291
-64.8961
-59.9944
-57.7039
-27.6449
-30.6941
-36.3435
-44.4925
-55.0107
-67.7373
-82.4831
-99.0382
-117.183
-136.702
-157.39
-179.053
-201.49
-224.453
-247.574
-270.289
-292.122
-313.166
-333.372
-351.168
-365.186
-375.44
-382.836
-387.94
-390.985
-391.882
-390.489
-386.994
-381.408
-373.457
-362.44
-347.545
-329.055
-308.586
-287.394
-265.353
-242.497
-219.374
-196.514
-174.25
-152.814
-132.405
-113.219
-95.4662
-79.3641
-65.1324
-52.9775
-43.0822
-35.6002
-30.6542
-28.3374
-28.7145
-31.7707
-37.433
-45.6003
-56.1412
-68.8936
-83.6674
-100.251
-118.425
-137.971
-158.686
-180.373
-202.828
-225.8
-248.909
-271.584
-293.365
-314.372
-334.492
-352.089
-365.871
-375.931
-383.186
-388.167
-391.095
-391.862
-390.342
-386.731
-381.018
-372.915
-361.688
-346.558
-327.895
-307.367
-286.134
-264.041
-241.152
-218.024
-195.176
-172.933
-151.521
-131.139
-111.982
-94.2574
-78.1843
-63.9805
-51.8511
-41.9779
-34.5133
-29.5793
-27.2684
4.46779
1.30541
-4.53851
-12.9448
-23.7647
-36.8229
-51.9224
-68.8522
-87.398
-107.351
-128.515
-150.701
-173.718
-197.346
-221.286
-245.167
-268.471
-290.743
-311.478
-330.247
-346.157
-357.982
-366.27
-371.934
-375.553
-376.677
-374.949
-370.87
-364.708
-355.735
-343.012
-326.316
-307.086
-285.954
-263.41
-239.935
-216.001
-192.103
-168.601
-145.769
-123.821
-102.945
-83.3321
-65.1841
-48.7124
-34.1324
-21.653
-11.4668
-3.7433
1.37624
3.78037
3.38842
0.219156
-5.63756
-14.0619
-24.9045
-37.9888
-53.1169
-70.077
-88.6539
-108.638
-129.832
-152.047
-175.089
-198.734
-222.679
-246.54
-269.801
-292.005
-312.641
-331.289
-346.976
-358.562
-366.668
-372.202
-375.693
-376.651
-374.766
-370.566
-364.261
-355.091
-342.12
-325.23
-305.89
-284.668
-262.064
-238.553
-214.612
-190.717
-167.233
-144.427
-122.507
-101.662
-82.0807
-63.9638
-47.5224
-32.9709
-20.5171
-10.353
-2.64677
2.46091
4.85919
37.3331
34.0162
27.9024
19.133
7.88007
-5.66034
-21.2758
-38.7474
-57.8597
-78.4087
-100.206
-123.076
-146.845
-171.321
-196.264
-221.416
-246.32
-270.478
-293.24
-313.738
-330.791
-343.099
-351.049
-356.427
-359.812
-360.936
-359.237
-355.437
-349.59
-340.854
-327.443
-309.491
-288.404
-265.253
-240.873
-215.866
-190.716
-165.866
-141.542
-117.974
-95.3505
-73.8474
-53.6439
-34.9334
-17.9245
-2.83521
10.1155
20.7181
28.7815
34.1412
36.6643
36.2523
32.9284
26.8014
18.0135
6.73717
-6.83058
-22.4765
-39.981
-59.1279
-79.7127
-101.546
-124.452
-148.255
-172.759
-197.721
-222.872
-247.753
-271.858
-294.522
-314.867
-331.678
-343.694
-351.442
-356.687
-359.953
-360.909
-359.058
-355.139
-349.151
-340.178
-326.477
-308.309
-287.087
-263.853
-239.43
-214.406
-189.264
-164.434
-140.138
-116.603
-94.0158
-72.5489
-52.381
-33.7049
-16.7286
-1.66946
11.2545
21.8343
29.8799
35.2275
37.7445
68.9573
65.4235
58.9265
49.6383
37.7648
23.5368
7.19709
-11.0116
-30.8591
-52.1368
-74.6623
-98.2777
-122.841
-148.206
-174.204
-200.635
-227.067
-252.972
-277.659
-300.212
-319.374
-333.243
-340.855
-344.739
-347.076
-347.824
-346.695
-344.071
-339.659
-330.791
-315.568
-295.508
-272.382
-247.341
-221.255
-194.77
-168.39
-142.529
-117.338
-92.9863
-69.6192
-47.3841
-26.4462
-6.996
10.7508
26.5588
40.1833
51.3829
59.9317
65.6316
68.3213
67.8816
64.3403
57.8295
48.5216
36.6234
22.3662
5.99382
-12.2506
-32.1362
-53.4541
-76.0214
-99.6796
-124.285
-149.69
-175.721
-202.169
-228.593
-254.458
-279.058
-301.465
-320.385
-333.887
-341.184
-344.934
-347.176
-347.804
-346.564
-343.847
-339.258
-330.033
-314.475
-294.204
-270.95
-245.838
-219.722
-193.236
-166.877
-141.051
-115.901
-91.5916
-68.2669
-46.0733
-25.1752
-5.76269
11.9489
27.7247
41.3207
52.4962
61.0261
66.7132
69.3965
98.6449
94.82
87.8059
77.8145
65.0997
49.9425
32.6333
13.4548
-7.33418
-29.51
-52.8909
-77.3365
-102.739
-129.009
-156.05
-183.697
-211.549
-239.077
-265.568
-290.064
-311.312
-327.566
-336.941
-340.43
-341.582
-341.913
-341.426
-340.008
-335.534
-324.57
-307.025
-284.921
-259.876
-233.068
-205.398
-177.536
-149.979
-123.105
-97.0239
-71.8312
-47.6233
-24.517
-2.66445
17.7405
36.4632
53.2362
67.7726
79.7818
88.988
95.1468
98.0594
97.5828
93.7499
86.7208
76.7082
63.9666
48.778
31.4336
12.2163
-8.61432
-30.8347
-54.2628
-78.7579
-104.212
-130.532
-157.621
-185.299
-213.159
-240.661
-267.075
-291.433
-312.453
-328.355
-337.313
-340.561
-341.635
-341.902
-341.353
-339.83
-335.052
-323.666
-305.808
-283.503
-258.338
-231.47
-203.784
-175.937
-148.416
-121.591
-95.5605
-70.4184
-46.2595
-23.1997
-1.39099
18.9728
37.6574
54.3957
68.9013
80.8846
90.0704
96.2152
99.1209
126.259
122.052
114.356
103.434
89.6053
73.2194
54.6349
34.1936
12.2001
-11.0938
-35.4985
-60.8869
-87.1871
-114.365
-142.403
-171.152
-200.257
-229.214
-257.316
-283.608
-306.856
-325.5
-337.782
-343.337
-344.851
-345.087
-344.71
-342.623
-335.731
-321.922
-302.102
-278.049
-251.247
-222.866
-193.805
-164.724
-136.09
-108.234
-81.2411
-55.1349
-29.9584
-5.79812
17.202
38.8345
58.8316
76.8762
92.6189
105.7
115.776
122.539
125.743
125.219
121.003
113.291
102.346
88.4875
72.0675
53.4447
32.9616
10.923
-12.4194
-36.876
-62.32
-88.6789
-115.918
-144.015
-172.809
-201.935
-230.879
-258.918
-285.083
-308.119
-326.445
-338.317
-343.532
-344.899
-345.079
-344.634
-342.351
-335.076
-320.874
-300.768
-276.528
-249.618
-221.189
-192.126
-163.073
-134.487
-106.692
-79.7601
-53.7118
-28.5898
-4.48053
18.4719
40.06
60.0159
78.0229
93.7322
106.785
116.838
123.586
126.783
152.143
147.451
138.884
126.77
111.511
93.5477
73.3274
51.273
27.7535
3.06395
-22.5863
-49.0762
-76.3651
-104.473
-133.451
-163.167
-193.327
-223.47
-252.923
-280.758
-305.788
-326.597
-341.686
-350.289
-353.721
-354.417
-353.297
-348.953
-338.955
-322.489
-300.61
-274.833
-246.532
-216.837
-186.618
-156.502
-126.907
-98.1037
-70.1613
-43.0325
-16.7116
8.74033
33.1786
56.3698
77.9966
97.6724
114.964
129.421
140.609
148.143
151.718
151.133
146.431
137.845
125.706
110.415
92.4141
72.1524
50.053
26.485
1.74362
-23.9625
-50.513
-77.8669
-106.043
-135.09
-164.862
-195.055
-225.198
-254.601
-282.322
-307.158
-327.681
-342.399
-350.636
-353.832
-354.4
-353.133
-348.511
-338.131
-321.314
-299.174
-273.227
-244.83
-215.1
-184.891
-154.815
-125.279
-96.5461
-68.6716
-41.6066
-15.3448
10.0523
34.4396
57.5831
79.1656
98.8005
116.056
130.481
141.644
149.161
152.728
176.853
171.563
161.921
148.332
131.298
111.373
89.1185
65.0579
39.6448
13.2348
-13.9297
-41.7233
-70.1281
-99.2098
-129.074
-159.618
-190.617
-221.672
-252.153
-281.181
-307.628
-330.182
-347.514
-358.757
-364.327
-365.692
-363.532
-356.835
-344.233
-325.644
-302.105
-274.966
-245.51
-214.812
-183.698
-152.744
-122.306
-92.585
-63.6288
-35.3314
-7.64611
19.382
45.5962
70.7223
94.3757
116.08
135.296
151.458
164.022
172.507
176.538
175.879
170.578
160.915
147.298
130.228
110.263
87.963
63.8541
38.3896
11.9248
-15.2987
-43.1562
-71.6306
-100.787
-130.725
-161.333
-192.376
-223.44
-253.883
-282.81
-309.08
-331.372
-348.367
-359.249
-364.52
-365.661
-363.264
-356.243
-343.278
-324.37
-300.592
-273.298
-243.76
-213.038
-181.944
-151.039
-120.668
-91.0226
-62.1394
-33.9099
-6.28693
20.6836
46.844
71.9194
95.525
117.185
136.36
152.488
165.024
173.49
177.512
201.007
195.007
184.081
168.728
149.568
127.29
102.588
76.1102
48.4127
19.9282
-9.05192
-38.3847
-68.0641
-98.1935
-128.896
-160.136
-191.762
-223.44
-254.597
-284.407
-311.808
-335.571
-354.463
-367.558
-374.735
-376.644
-373.648
-365.214
-350.797
-330.729
-306.042
-277.991
-247.778
-216.418
-184.678
-153.078
-121.907
-91.2833
-61.2236
-31.5798
-2.27691
26.6438
54.9992
82.4584
108.552
132.694
154.218
172.422
186.631
196.249
200.821
200.074
194.062
183.114
167.728
148.529
126.206
101.455
74.9258
47.1741
18.6325
-10.4084
-39.807
-69.5583
-99.7658
-130.545
-161.852
-193.528
-225.223
-256.35
-286.071
-313.309
-336.831
-355.409
-368.151
-374.992
-376.602
-373.299
-364.52
-349.755
-329.391
-304.485
-276.292
-246.007
-214.631
-182.918
-151.372
-120.272
-89.7263
-59.7425
-30.1687
-0.929896
27.9313
56.2306
83.6361
109.678
133.772
155.251
173.418
187.595
197.192
201.753
225.184
218.366
205.961
188.569
166.95
141.945
114.401
85.1075
54.7397
23.8227
-7.28646
-38.411
-69.5419
-100.803
-132.322
-164.147
-196.205
-228.234
-259.706
-289.865
-317.723
-342.127
-361.913
-376.101
-384.265
-386.521
-382.991
-373.5
-358.016
-337.109
-311.826
-283.346
-252.793
-221.109
-188.997
-156.927
-125.113
-93.5909
-62.3143
-31.1254
0.0650345
31.205
62.0687
92.2519
121.185
148.156
172.352
192.918
209.026
219.951
225.146
224.297
217.466
205.035
187.608
165.945
140.89
113.294
83.9448
53.52
22.5439
-8.62662
-39.8169
-71.0192
-102.357
-133.953
-165.846
-197.957
-230.006
-261.454
-291.532
-319.238
-343.417
-362.908
-376.751
-384.56
-386.472
-382.596
-372.75
-356.929
-335.745
-310.257
-281.646
-251.028
-219.333
-187.252
-155.239
-123.496
-92.0474
-60.8486
-29.7298
1.39632
32.476
63.2815
93.4081
122.286
149.205
173.352
193.875
209.948
220.849
226.031
249.88
242.149
228.089
208.421
184.054
155.998
125.269
92.809
59.4234
25.7388
-7.80122
-40.9685
-73.7337
-106.218
-138.559
-170.884
-203.212
-235.368
-266.809
-296.888
-324.706
-349.202
-369.276
-383.959
-392.634
-395.079
-391.257
-381.226
-365.281
-344.13
-318.788
-290.359
-259.878
-228.194
-195.911
-163.519
-131.127
-98.6904
-66.0724
-33.1347
0.208885
33.8806
67.5921
100.849
132.972
163.111
190.295
213.499
231.729
244.114
250.004
249.043
241.296
227.208
207.5
183.085
154.975
124.189
91.6699
58.2243
24.4787
-9.12196
-42.3531
-75.1865
-107.743
-140.157
-172.55
-204.932
-237.104
-268.523
-298.525
-326.202
-350.486
-370.28
-384.631
-392.947
-395.027
-390.84
-380.455
-364.189
-342.777
-317.242
-288.69
-258.148
-226.45
-194.202
-161.865
-129.542
-97.1768
-64.6303
-31.7595
1.52169
35.1337
68.7849
101.982
134.046
164.128
191.258
214.415
232.606
244.964
250.84
275.491
266.767
250.915
228.785
201.454
170.109
135.94
100.048
63.375
26.6392
-9.59567
-45.0328
-79.6088
-113.415
-146.604
-179.373
-211.801
-243.769
-274.885
-304.555
-331.967
-356.15
-376.081
-390.816
-399.645
-402.161
-398.229
-388.046
-372.084
-351.113
-326.107
-298.088
-267.998
-236.603
-204.45
-171.872
-138.939
-105.539
-71.4636
-36.5874
-0.854637
35.621
72.4605
109.06
144.635
178.194
208.6
234.65
255.174
269.144
275.79
274.707
265.965
250.081
227.908
200.524
169.12
134.889
98.9346
62.1982
25.398
-10.8944
-46.392
-81.031
-114.902
-148.156
-180.986
-213.461
-245.445
-276.54
-306.138
-333.416
-357.4
-377.068
-391.486
-399.962
-402.108
-397.809
-387.281
-371.014
-349.797
-324.61
-296.475
-266.326
-234.921
-202.796
-170.269
-137.397
-104.063
-70.0508
-35.2361
0.437398
36.8562
73.6316
110.168
145.68
179.177
209.524
235.522
256.003
269.943
276.574
302.327
292.544
274.805
250.107
219.696
184.94
147.202
107.742
67.6417
27.7556
-11.2955
-49.1466
-85.6637
-120.883
-154.978
-188.2
-220.684
-252.378
-282.994
-312.027
-338.76
-362.326
-381.788
-396.253
-404.983
-407.486
-403.571
-393.513
-377.86
-357.39
-333.017
-305.67
-276.187
-245.24
-213.285
-180.555
-147.056
-112.623
-76.9922
-40.0434
-1.7795
37.6088
77.6861
117.767
156.929
194.034
227.781
256.792
279.716
295.359
302.814
301.598
291.796
274.022
249.275
218.807
183.987
146.182
106.656
66.4909
26.5423
-12.5675
-50.4758
-87.0496
-122.325
-156.476
-189.75
-222.272
-253.978
-284.572
-313.534
-340.142
-363.521
-382.737
-396.902
-405.293
-407.433
-403.162
-392.773
-376.833
-356.133
-331.59
-304.133
-274.593
-243.633
-211.7
-179.012
-145.567
-111.191
-75.6136
-38.7203
-0.512725
38.8174
78.8322
118.848
157.943
194.981
228.664
257.618
280.494
296.103
303.542
330.652
319.794
300.167
272.922
239.477
201.367
160.114
117.122
73.5972
30.5073
-11.4414
-51.8032
-90.3655
-127.093
-162.183
-195.924
-228.494
-259.903
-289.95
-318.223
-344.115
-366.868
-385.645
-399.625
-408.093
-410.527
-406.713
-396.959
-381.831
-362.076
-338.525
-312.002
-283.236
-252.792
-221.034
-188.112
-153.974
-118.414
-81.1312
-42.0085
-1.12271
41.2545
84.6071
128.156
170.863
211.457
248.491
280.423
305.732
323.055
331.337
329.983
319.104
299.439
272.141
238.633
200.454
159.13
116.068
72.4758
29.3231
-12.6835
-53.0991
-91.7113
-128.484
-163.621
-197.403
-230.002
-261.417
-291.438
-319.643
-345.415
-367.993
-386.541
-400.24
-408.388
-410.477
-406.323
-396.258
-380.863
-360.892
-337.182
-310.554
-281.731
-251.27
-219.526
-186.637
-152.542
-117.028
-79.7901
-40.7165
0.116119
42.4353
85.7246
129.205
171.841
212.364
249.328
281.198
306.455
323.741
332.005
360.698
348.819
327.415
297.791
261.522
220.29
175.753
129.433
82.644
36.4497
-8.35469
-51.236
-91.8933
-130.206
-166.394
-200.76
-233.51
-264.7
-294.206
-321.708
-346.707
-368.561
-386.545
-399.924
-408.037
-410.372
-406.705
-397.355
-382.869
-363.931
-341.278
-315.623
-287.576
-257.597
-225.961
-192.748
-157.864
-121.076
-82.0734
-40.7384
2.76392
48.0729
94.5845
141.428
187.466
231.316
271.408
306.06
333.601
352.508
361.578
360.092
348.191
326.746
297.065
260.729
219.424
174.811
128.416
81.5565
35.2979
-9.56396
-52.4958
-93.1965
-131.544
-167.769
-202.166
-234.934
-266.123
-295.598
-323.031
-347.916
-369.607
-387.378
-400.498
-408.313
-410.325
-406.34
-396.701
-381.968
-362.83
-340.028
-314.271
-286.166
-256.165
-224.533
-191.343
-156.492
-119.74
-80.7719
-39.48
3.97185
49.2228
95.6692
142.441
188.403
232.177
272.195
306.78
334.265
353.132
362.182
392.631
379.858
356.915
325.244
286.553
242.642
195.268
146.041
96.3547
47.3497
-0.0990768
-45.3726
-88.0771
-127.996
-165.366
-200.475
-233.536
-264.637
-293.711
-320.525
-344.682
-365.657
-382.837
-395.586
-403.313
-405.537
-402.034
-393.119
-379.3
-361.184
-339.403
-314.555
-287.136
-257.507
-225.862
-192.229
-156.487
-118.401
-77.6742
-34.1958
11.7731
59.7797
109.135
158.89
207.827
254.484
297.2
334.186
363.649
383.933
393.695
392.093
379.297
356.31
324.579
285.816
241.827
194.373
145.067
95.307
46.2356
-1.27103
-46.5928
-89.3356
-129.282
-166.678
-201.808
-234.877
-265.968
-295.007
-321.751
-345.799
-366.621
-383.604
-396.115
-403.568
-405.493
-401.697
-392.517
-378.47
-360.169
-338.247
-313.3
-285.822
-256.164
-224.515
-190.894
-155.174
-117.115
-76.4143
-32.9741
12.9459
60.8936
110.181
159.86
208.717
255.293
297.929
334.845
364.249
384.491
394.232
426.566
413.104
388.993
355.789
315.294
269.385
219.877
168.425
116.468
65.1951
15.5411
-31.8001
-76.3461
-117.783
-156.342
-192.274
-225.77
-256.932
-285.733
-312.007
-335.452
-355.648
-372.094
-384.252
-391.609
-393.725
-390.38
-381.88
-368.682
-351.309
-330.292
-306.116
-279.174
-249.738
-217.939
-183.77
-147.106
-107.737
-65.4044
-20.0196
28.0604
78.2966
129.929
181.949
233.095
281.859
326.528
365.255
396.164
417.496
427.795
426.101
412.615
388.458
355.192
314.622
268.631
219.038
167.503
115.469
64.1263
14.4132
-32.9754
-77.5563
-119.014
-157.593
-193.536
-227.033
-258.177
-286.936
-313.139
-336.479
-356.533
-372.796
-384.736
-391.842
-393.685
-390.071
-381.328
-367.922
-350.378
-329.228
-304.955
-277.951
-248.479
-216.667
-182.501
-145.851
-106.5
-64.1888
-18.8395
29.1915
79.3668
130.927
182.868
233.929
282.607
327.194
365.847
396.694
417.983
428.259
462.573
448.709
423.945
389.912
348.464
301.502
250.847
198.155
144.863
92.172
41.0483
-7.76294
-53.707
-96.3809
-135.985
-172.701
-206.678
-238.005
-266.673
-292.568
-315.459
-335.02
-350.846
-362.495
-369.528
-371.548
-368.341
-360.201
-347.535
-330.784
-310.382
-286.718
-260.097
-230.719
-198.674
-163.945
-126.424
-85.9488
-42.3336
4.47358
54.0295
105.727
158.76
212.094
264.458
314.346
360.045
399.697
431.393
453.319
463.935
462.185
448.296
423.486
389.39
347.865
300.818
250.076
197.296
143.923
91.1601
39.9753
-8.88402
-54.8619
-97.5549
-137.174
-173.896
-207.866
-239.169
-267.791
-293.613
-316.403
-335.829
-351.488
-362.937
-369.741
-371.511
-368.059
-359.698
-346.84
-329.93
-309.403
-285.644
-258.958
-229.54
-197.474
-162.74
-125.226
-84.7653
-41.1683
5.60355
55.1088
106.742
159.699
212.95
265.225
315.024
360.638
400.213
431.847
453.728
464.322
500.679
486.782
462.023
428.063
386.75
339.954
289.447
236.829
183.49
130.597
79.1062
29.779
-16.7873
-60.126
-100.37
-137.608
-171.926
-203.374
-231.941
-257.538
-279.986
-299.028
-314.342
-325.565
-332.323
-334.262
-331.171
-323.333
-311.109
-294.869
-274.967
-251.71
-225.338
-196.005
-163.782
-128.661
-90.5815
-49.4503
-5.1778
42.2287
92.2659
144.29
197.484
250.832
303.099
352.83
398.369
437.902
469.546
491.482
502.133
500.374
486.452
461.647
427.624
386.234
339.352
288.756
236.049
182.626
129.658
78.1037
28.7276
-17.8726
-61.2346
-101.494
-138.736
-173.042
-204.461
-232.98
-258.504
-280.853
-299.769
-314.928
-325.967
-332.518
-334.227
-330.913
-322.874
-310.474
-294.086
-274.065
-250.716
-224.277
-194.9
-162.652
-127.522
-89.4453
-48.3272
-4.07403
43.2946
93.2775
145.234
198.349
251.609
303.785
353.426
398.879
438.335
469.916
491.809
502.437
540.873
527.391
503.431
470.629
430.768
385.626
336.868
285.984
234.261
182.786
132.455
84.0018
38.0193
-5.00919
-45.1056
-82.2497
-116.446
-147.691
-175.949
-201.132
-223.091
-241.613
-256.436
-267.26
-273.765
-275.628
-272.644
-265.087
-253.279
-237.534
-218.142
-195.355
-169.368
-140.315
-108.271
-73.2618
-35.2852
5.66151
49.5538
96.3055
145.396
196.191
247.91
299.603
350.123
398.121
442.051
480.204
510.784
532.027
542.369
540.658
527.151
503.147
470.283
430.347
385.121
336.274
285.301
233.493
181.94
131.544
83.0423
37.0342
-6.03729
-46.1547
-83.3027
-117.486
-148.701
-176.91
-202.022
-223.887
-242.29
-256.97
-267.627
-273.942
-275.596
-272.408
-264.668
-252.699
-236.817
-217.313
-194.438
-168.385
-139.287
-107.216
-72.1958
-34.2224
6.70903
50.5769
97.2858
146.318
197.041
248.678
300.282
350.711
398.62
442.465
480.544
511.063
532.263
542.584
583.11
570.556
548.306
517.906
481.013
439.251
394.122
346.95
298.874
250.845
203.654
157.949
114.271
73.0239
34.3682
-1.57332
-34.721
-65.0101
-92.3653
-116.683
-137.818
-155.586
-169.762
-180.088
-186.286
-188.059
-185.208
-177.997
-166.717
-151.642
-133.018
-111.062
-85.9477
-57.8089
-26.7415
7.18305
43.8971
83.3097
125.276
169.619
215.859
263.427
311.636
359.65
406.464
450.883
491.528
526.852
555.207
574.949
584.587
582.989
570.413
548.121
517.664
480.7
438.859
393.644
346.386
298.226
250.119
202.859
157.099
113.383
72.0929
33.4134
-2.53462
-35.6717
-65.9326
-93.2409
-117.492
-138.54
-156.199
-170.244
-180.419
-186.447
-188.031
-184.995
-177.618
-166.193
-150.993
-132.266
-110.228
-85.0513
-56.8697
-25.7772
8.15599
44.8635
84.2555
126.189
170.483
216.66
264.155
312.282
360.21
406.935
451.269
491.834
527.088
555.387
575.089
584.707
627.308
616.246
596.7
570.062
537.797
501.32
461.912
420.689
378.593
336.398
294.737
254.12
214.967
177.568
142.244
109.211
78.6234
50.6041
25.268
2.74203
-16.8247
-33.2566
-46.3514
-55.8834
-61.605
-63.2415
-60.6006
-53.9374
-43.5175
-29.5815
-12.3487
7.98612
31.2543
57.3129
86.0386
117.315
151.011
186.954
224.893
264.558
305.583
347.526
389.843
431.863
472.765
511.556
547.07
577.979
602.842
620.199
628.7
627.288
616.207
596.624
569.935
537.607
501.058
461.572
420.27
378.095
335.825
294.093
253.415
214.209
176.769
141.417
108.374
77.7923
49.7956
24.4996
2.03183
-17.4582
-33.7945
-46.7751
-56.1748
-61.7467
-63.2162
-60.4131
-53.6049
-43.0574
-29.012
-11.6883
8.71864
32.0407
58.1356
86.8807
118.16
151.844
187.759
225.655
265.266
306.226
348.097
390.336
432.276
473.097
511.811
547.253
578.1
602.914
620.236
628.719
673.358
664.377
648.568
627.104
601.196
571.988
540.502
507.604
474.002
440.261
406.818
374.001
342.048
311.1
281.585
253.787
227.904
204.091
182.489
163.236
146.484
132.4
121.164
112.977
108.055
106.646
108.926
114.661
123.614
135.573
150.345
167.752
187.632
209.837
234.228
260.662
288.971
318.935
350.228
382.512
415.603
449.239
483.064
516.605
549.26
580.273
608.732
633.576
653.632
667.686
674.596
673.446
664.449
648.61
627.104
601.143
571.876
540.325
507.358
473.687
439.878
406.369
373.489
341.477
310.484
280.939
253.125
227.24
203.441
181.867
162.659
145.968
131.96
120.817
112.737
107.938
106.667
109.081
114.934
123.99
136.038
150.882
168.346
188.267
210.497
234.899
261.328
289.618
319.546
350.788
383.015
416.044
449.615
483.371
516.844
549.43
580.378
608.778
633.572
653.587
667.612
674.508
721.124
714.804
703.751
688.849
670.991
651.003
629.601
607.37
584.766
562.124
539.668
517.522
495.711
474.181
453.411
433.687
415.2
398.095
382.499
368.538
356.34
346.046
337.805
331.778
328.14
327.095
328.79
333.029
339.618
348.387
359.178
371.845
386.252
402.269
419.771
438.627
458.679
479.713
501.393
523.362
545.664
568.249
590.966
613.561
635.666
656.789
676.307
693.468
707.422
717.268
722.14
721.325
714.994
703.919
688.987
671.091
651.059
629.609
607.327
584.67
561.973
539.462
517.259
495.389
473.815
453.012
433.266
414.769
397.665
382.083
368.146
355.986
345.742
337.563
331.609
328.057
327.109
328.898
333.22
339.88
348.707
359.545
372.247
386.675
402.702
420.203
439.046
459.073
480.069
501.693
523.608
545.857
568.389
591.054
613.597
635.652
656.728
676.202
693.327
707.252
717.077
721.938
770.479
767.358
762.001
754.935
746.673
737.672
728.301
718.84
709.478
700.319
691.382
682.603
673.809
664.741
655.824
647.261
639.164
631.605
624.649
618.358
612.801
608.057
604.212
601.361
599.615
599.105
599.933
601.966
605.078
609.163
614.13
619.893
626.377
633.514
641.242
649.494
658.188
667.191
676.248
685.065
693.92
702.956
712.213
721.649
731.138
740.466
749.328
757.328
763.989
768.789
771.207
770.799
767.672
762.303
755.221
746.939
737.913
728.515
719.026
709.633
700.44
691.467
682.646
673.802
664.695
655.747
647.16
639.044
631.472
624.509
618.218
612.668
607.938
604.113
601.289
599.578
599.111
599.98
602.045
605.182
609.287
614.265
620.033
626.515
633.644
641.357
649.589
658.255
667.222
676.229
685.005
693.823
702.825
712.052
721.458
730.919
740.221
749.06
757.039
763.685
768.474
770.887
821.198
821.745
822.9
824.764
827.405
830.85
835.084
840.049
845.654
851.777
858.266
864.929
871.496
877.591
883.401
888.923
894.103
898.878
903.188
906.98
910.211
912.848
914.872
916.276
917.069
917.28
916.941
916.011
914.467
912.304
909.531
906.172
902.261
897.844
892.976
887.718
882.132
876.26
870.066
863.461
856.84
850.446
844.461
839.028
834.262
830.247
827.028
824.61
822.954
821.98
821.583
821.642
822.189
823.343
825.206
827.846
831.289
835.52
840.482
846.082
852.198
858.676
865.323
871.863
877.936
883.723
889.221
894.376
899.124
903.405
907.166
910.365
912.969
914.96
916.331
917.093
917.275
916.906
915.944
914.368
912.171
909.366
905.975
902.034
897.588
892.693
887.41
881.8
875.904
869.679
863.055
856.422
850.02
844.029
838.592
833.824
829.807
826.587
824.167
822.51
821.536
821.138
)
;

boundaryField
{
    top
    {
        type            fixedFluxPressure;
        gradient        nonuniform List<scalar> 
102
(
1581.93
1702.12
1914.88
2205.59
2559.03
2960.67
3397.46
3858.32
4334.23
4818.3
5306.04
5795.98
6292.05
6805.53
7313.03
7803.66
8270.33
8707.25
9109.16
9471.04
9788.03
10055.4
10268.7
10423.7
10516.3
10542.6
10500
10392
10222.5
9995.56
9715.47
9386.77
9014.22
8602.72
8157.37
7683.55
7187.4
6676.87
6165.57
5670.82
5180.58
4692.65
4209.41
3736.06
3280.08
2851.1
2460.78
2122.67
1851.61
1662.84
1570.53
1585.86
1706.23
1919.33
2210.53
2564.57
2966.89
3404.43
3866.06
4342.76
4827.66
5316.25
5807.2
6304.68
6818.95
7326.89
7817.68
8284.22
8720.72
9121.9
9482.75
9798.39
10064.1
10275.5
10428.3
10518.5
10542.2
10497
10386.7
10215.1
9986.29
9704.63
9374.67
9001.16
8589.01
8143.31
7669.46
7173.58
6663.72
6153.84
5660.04
5170.6
4683.44
4200.97
3728.4
3273.19
2844.93
2455.29
2117.77
1847.19
1658.75
1566.61
)
;
        value           nonuniform List<scalar> 
102
(
847.563
850.114
854.815
861.524
870.056
880.195
891.708
904.354
917.891
932.082
946.7
961.528
976.364
991.017
1005.28
1018.98
1031.94
1044
1055.01
1064.83
1073.34
1080.44
1086.02
1090
1092.34
1092.99
1091.94
1089.21
1084.84
1078.9
1071.46
1062.62
1052.5
1041.22
1028.93
1015.78
1001.92
987.542
972.826
957.975
943.183
928.657
914.617
901.295
888.93
877.766
868.042
859.988
853.814
849.694
847.758
848.073
850.626
855.332
862.048
870.589
880.737
892.26
904.916
918.461
932.659
947.281
962.109
976.941
991.585
1005.84
1019.52
1032.45
1044.47
1055.44
1065.21
1073.67
1080.7
1086.22
1090.14
1092.4
1092.98
1091.86
1089.06
1084.62
1078.61
1071.11
1062.22
1052.05
1040.74
1028.41
1015.23
1001.36
986.966
972.243
957.389
942.599
928.077
914.045
900.732
888.377
877.222
867.508
859.464
853.297
849.182
847.249
)
;
    }
    bottom
    {
        type            fixedFluxPressure;
        gradient        nonuniform List<scalar> 
102
(
0
0
0
0
0
0
0
0
0
0
0
0
0
0
0
0
0
0
0
0
0
0
0
0
0
0
0
0
0
0
0
0
0
0
0
0
0
0
0
0
0
0
0
0
0
0
0
0
0
0
0
0
0
0
0
0
0
0
0
0
0
0
0
0
0
0
0
0
0
0
0
0
0
0
0
0
0
0
0
0
0
0
0
0
0
0
0
0
0
0
0
0
0
0
0
0
0
0
0
0
0
-1.64249e-14
)
;
        value           nonuniform List<scalar> 
102
(
-38.8747
-41.9953
-47.8244
-56.3195
-67.4375
-81.1451
-97.4183
-116.225
-137.494
-161.082
-186.751
-214.143
-242.763
-271.952
-300.855
-328.483
-353.851
-376.071
-394.433
-408.682
-419.071
-426.12
-430.573
-433.166
-434.467
-434.801
-434.259
-432.7
-429.741
-424.771
-417.031
-405.808
-390.644
-371.369
-348.365
-322.399
-294.386
-265.33
-236.206
-207.824
-180.805
-155.614
-132.578
-111.914
-93.7451
-78.1308
-65.0991
-54.6751
-46.8947
-41.801
-39.4339
-39.8171
-42.946
-48.7914
-57.3115
-68.464
-82.2165
-98.545
-117.416
-138.756
-162.418
-188.156
-215.607
-244.265
-273.46
-302.325
-329.865
-355.094
-377.128
-395.274
-409.308
-419.503
-426.396
-430.735
-433.252
-434.501
-434.794
-434.21
-432.593
-429.549
-424.452
-416.544
-405.121
-389.738
-370.252
-347.073
-320.982
-292.896
-263.815
-234.708
-206.37
-179.414
-154.294
-131.331
-110.737
-92.631
-77.0697
-64.0804
-53.6888
-45.9315
-40.8525
-38.4922
)
;
    }
    frontAndBack
    {
        type            empty;
    }
    left_cyc
    {
        type            cyclic;
    }
    right_cyc
    {
        type            cyclic;
    }
}


// ************************************************************************* //
