/*--------------------------------*- C++ -*----------------------------------*\
| =========                 |                                                 |
| \\      /  F ield         | OpenFOAM: The Open Source CFD Toolbox           |
|  \\    /   O peration     | Version:  2.3.0                                 |
|   \\  /    A nd           | Web:      www.OpenFOAM.org                      |
|    \\/     M anipulation  |                                                 |
\*---------------------------------------------------------------------------*/
FoamFile
{
    version     2.0;
    format      ascii;
    class       volVectorField;
    location    "7000";
    object      U;
}
// * * * * * * * * * * * * * * * * * * * * * * * * * * * * * * * * * * * * * //

dimensions      [0 1 -1 0 0 0 0];

internalField   nonuniform List<vector> 
191
(
(72.21 0 -6.38567)
(79.728 0 1.97207)
(78.5849 0 6.62724)
(73.1087 0 7.09116)
(67.3779 0 5.74467)
(62.5517 0 4.2718)
(58.6475 0 3.14601)
(55.459 0 2.38533)
(52.7794 0 1.88469)
(50.4925 0 1.53951)
(48.5697 0 1.26588)
(47.0725 0 0.984591)
(37.1129 0 -20.6985)
(50.2334 0 -11.067)
(61.3716 0 -1.37873)
(69.3938 0 3.22303)
(74.7278 0 4.32901)
(78.0484 0 4.21969)
(79.8423 0 3.83246)
(80.6071 0 3.45078)
(80.7302 0 3.0953)
(80.5421 0 2.70448)
(80.3412 0 2.18701)
(80.4281 0 1.41588)
(25.0322 0 -27.3019)
(30.8793 0 -19.0747)
(39.9871 0 -11.0405)
(50.8464 0 -6.03722)
(60.1689 0 -3.06315)
(67.4803 0 -1.07343)
(72.6741 0 0.329907)
(76.2043 0 1.25494)
(78.6045 0 1.71981)
(80.357 0 1.71421)
(81.8663 0 1.19506)
(83.4591 0 0.0787562)
(18.017 0 -32.3059)
(22.2667 0 -25.9447)
(29.8241 0 -20.4435)
(39.8551 0 -16.0014)
(48.9135 0 -11.7137)
(56.3105 0 -7.76589)
(61.7585 0 -4.52697)
(65.6446 0 -2.20762)
(68.4726 0 -0.841818)
(70.6919 0 -0.378697)
(72.6437 0 -0.764161)
(74.5495 0 -1.9682)
(9.45856 0 -40.8044)
(12.4998 0 -36.1532)
(15.9969 0 -31.3647)
(23.421 0 -28.6342)
(31.7464 0 -25.0026)
(39.2701 0 -19.56)
(45.2773 0 -13.8245)
(49.6493 0 -8.94172)
(52.7713 0 -5.41318)
(55.0693 0 -3.28653)
(56.8884 0 -2.41103)
(58.4472 0 -2.60668)
(59.8368 0 -3.7175)
(5.58206 0 -43.2874)
(7.60447 0 -39.1934)
(10.4791 0 -36.6265)
(16.7816 0 -35.9893)
(22.7595 0 -32.1748)
(27.9906 0 -25.4856)
(31.9481 0 -18.2561)
(34.7173 0 -12.1034)
(36.64 0 -7.6839)
(38.0243 0 -5.00295)
(39.0734 0 -3.79225)
(39.8665 0 -3.74295)
(40.3792 0 -4.58875)
(2.09635 0 -44.6264)
(2.89179 0 -41.3166)
(4.45746 0 -40.3866)
(7.91252 0 -40.8257)
(10.9572 0 -36.5021)
(13.4713 0 -28.8468)
(15.2376 0 -20.6185)
(16.354 0 -13.6896)
(17.0344 0 -8.7581)
(17.4376 0 -5.74842)
(17.6278 0 -4.27814)
(17.5713 0 -3.93731)
(17.166 0 -4.39195)
(-1.22943 0 -44.6276)
(-1.93349 0 -41.6776)
(-3.02621 0 -41.5236)
(-3.43217 0 -42.361)
(-3.72873 0 -37.7764)
(-4.07009 0 -29.7352)
(-4.35703 0 -21.1192)
(-4.67428 0 -13.8972)
(-5.02263 0 -8.76926)
(-5.42073 0 -5.59985)
(-5.9262 0 -3.92942)
(-6.64773 0 -3.28515)
(-7.72817 0 -3.30633)
(-4.62967 0 -43.1721)
(-6.88853 0 -39.4774)
(-11.0957 0 -39.1453)
(-15.8701 0 -40.0607)
(-19.6218 0 -35.8199)
(-22.7741 0 -28.2491)
(-24.9266 0 -20.0097)
(-26.4277 0 -13.0234)
(-27.5245 0 -8.01068)
(-28.4219 0 -4.84628)
(-29.2884 0 -3.05706)
(-30.295 0 -2.14494)
(-31.627 0 -1.74924)
(-8.38861 0 -40.2896)
(-11.9432 0 -34.8931)
(-17.4395 0 -33.2842)
(-26.6091 0 -33.7464)
(-33.6056 0 -30.5492)
(-39.3387 0 -24.4257)
(-43.2171 0 -17.4204)
(-45.7781 0 -11.2826)
(-47.4531 0 -6.76985)
(-48.6118 0 -3.83821)
(-49.5347 0 -2.06536)
(-50.4708 0 -0.956748)
(-51.679 0 -0.168365)
(-12.8043 0 -36.285)
(-17.1677 0 -30.0834)
(-21.8405 0 -25.123)
(-32.6859 0 -24.7483)
(-42.141 0 -23.103)
(-49.7754 0 -18.9099)
(-55.1041 0 -13.5966)
(-58.6326 0 -8.76867)
(-60.8408 0 -5.1438)
(-62.2123 0 -2.72863)
(-63.1227 0 -1.17071)
(-63.8922 0 0.0188096)
(-64.8452 0 1.16087)
(-17.8115 0 -31.129)
(-23.2337 0 -25.2231)
(-27.9599 0 -18.056)
(-34.8472 0 -13.1529)
(-43.1998 0 -12.8004)
(-50.7611 0 -11.7833)
(-56.8121 0 -8.85913)
(-61.0399 0 -5.76488)
(-63.7056 0 -3.33933)
(-65.3481 0 -1.68191)
(-66.4139 0 -0.541118)
(-67.2397 0 0.603469)
(-68.0791 0 2.02052)
(-22.7551 0 -24.5383)
(-29.7677 0 -19.7001)
(-35.1443 0 -13.7978)
(-39.1971 0 -9.36235)
(-43.166 0 -6.59419)
(-48.3936 0 -4.52697)
(-52.492 0 -2.95194)
(-55.2232 0 -1.76386)
(-56.9442 0 -0.751289)
(-58.0767 0 0.176708)
(-58.9877 0 1.09655)
(-59.9165 0 2.22756)
(-60.7026 0 3.70959)
(-26.4726 0 -15.3898)
(-34.4017 0 -12.2077)
(-40.391 0 -8.52453)
(-44.561 0 -5.5168)
(-47.8597 0 -3.5362)
(-50.6541 0 -2.37773)
(-52.83 0 -1.61499)
(-54.4638 0 -0.98034)
(-55.6074 0 -0.375093)
(-56.3119 0 0.210228)
(-56.6236 0 0.786001)
(-56.4999 0 1.43593)
(-55.7673 0 2.23242)
(-29.3927 0 -10.1584)
(-37.8431 0 -7.79611)
(-44.0751 0 -5.08203)
(-48.1436 0 -2.70865)
(-50.7656 0 -0.982076)
(-52.5689 0 0.131655)
(-53.9067 0 0.813324)
(-54.9132 0 1.27553)
(-55.5811 0 1.64167)
(-55.8759 0 1.95586)
(-55.7787 0 2.22211)
(-55.2622 0 2.44837)
(-54.2384 0 2.66352)
)
;

boundaryField
{
    top
    {
        type            directionMixed;
        refValue        uniform (0 0 0);
        refGradient     uniform (0 0 0);
        valueFraction   uniform (0 0 0 0 0 1);
        value           nonuniform List<vector> 
13
(
(-29.3927 0 0)
(-37.8431 0 0)
(-44.0751 0 0)
(-48.1436 0 0)
(-50.7656 0 0)
(-52.5689 0 0)
(-53.9067 0 0)
(-54.9132 0 0)
(-55.5811 0 0)
(-55.8759 0 0)
(-55.7787 0 0)
(-55.2622 0 0)
(-54.2384 0 0)
)
;
    }
    bottom
    {
        type            fixedValue;
        value           uniform (0 0 0);
    }
    frontAndBack
    {
        type            empty;
    }
    left_cyc
    {
        type            cyclic;
    }
    right_cyc
    {
        type            cyclic;
    }
    procBoundary3to0throughright_cyc
    {
        type            processorCyclic;
        value           nonuniform List<vector> 
15
(
(46.1773 0 0.608255)
(81.1179 0 0.244608)
(85.3751 0 -1.70909)
(76.5074 0 -3.94689)
(61.0384 0 -5.58273)
(40.5138 0 -6.08478)
(16.283 0 -5.3652)
(-9.30056 0 -3.72948)
(-33.4371 0 -1.64771)
(-53.3592 0 0.452513)
(-66.2158 0 2.2946)
(-69.1033 0 3.55572)
(-61.2323 0 5.38269)
(-54.3509 0 3.06989)
(-52.6142 0 2.86796)
)
;
    }
    procBoundary3to2
    {
        type            processor;
        value           nonuniform List<vector> 
16
(
(57.5514 0 -15.2163)
(24.9495 0 -23.5396)
(18.879 0 -31.974)
(13.8333 0 -36.9311)
(13.8333 0 -36.9311)
(6.26159 0 -44.1327)
(3.7464 0 -46.6683)
(1.51659 0 -47.9322)
(-0.58447 0 -47.981)
(-2.75564 0 -46.8362)
(-5.2321 0 -44.4342)
(-8.15376 0 -40.6118)
(-11.464 0 -35.0847)
(-14.7363 0 -27.8413)
(-17.2614 0 -17.6489)
(-19.2987 0 -11.9013)
)
;
    }
}


// ************************************************************************* //
