/*--------------------------------*- C++ -*----------------------------------*\
| =========                 |                                                 |
| \\      /  F ield         | OpenFOAM: The Open Source CFD Toolbox           |
|  \\    /   O peration     | Version:  2.3.0                                 |
|   \\  /    A nd           | Web:      www.OpenFOAM.org                      |
|    \\/     M anipulation  |                                                 |
\*---------------------------------------------------------------------------*/
FoamFile
{
    version     2.0;
    format      ascii;
    class       volScalarField;
    location    "11000";
    object      p;
}
// * * * * * * * * * * * * * * * * * * * * * * * * * * * * * * * * * * * * * //

dimensions      [0 2 -2 0 0 0 0];

internalField   nonuniform List<scalar> 
765
(
-1662.31
-1671.15
-1679.81
-1688.98
-1699.57
-1712.53
-1728.37
-1746.5
-1764.8
-1779.4
-1784.48
-1775.37
-1759.04
-1740.39
-1722.79
-1707.8
-1695.67
-1685.63
-1676.7
-1668.03
-1659.01
-1649.26
-1638.6
-1626.85
-1613.82
-1599.16
-1582.35
-1562.5
-1538.1
-1506.95
-1465.49
-1409.71
-1342.92
-1265.41
-1173.37
-1110.3
-1125.46
-1206.43
-1295.33
-1367.53
-1431.72
-1481.9
-1519.08
-1547.45
-1569.99
-1588.61
-1604.58
-1618.61
-1631.17
-1642.52
-1652.84
-1497.14
-1505.65
-1514.4
-1523.75
-1534
-1545.39
-1557.79
-1570.69
-1582.52
-1591.15
-1594.19
-1588.78
-1578.93
-1566.47
-1553.57
-1541.44
-1530.4
-1520.45
-1511.31
-1502.65
-1494.15
-1485.51
-1476.48
-1466.88
-1456.56
-1445.34
-1432.94
-1418.98
-1402.83
-1384.01
-1361.2
-1332.7
-1299.41
-1274.45
-1281.35
-1282.46
-1282.87
-1277.18
-1280.26
-1312.27
-1343.78
-1369.91
-1391.08
-1408.85
-1424.13
-1437.48
-1449.42
-1460.3
-1470.34
-1479.72
-1488.59
-1359.48
-1366.54
-1374.01
-1381.97
-1390.42
-1399.31
-1408.42
-1417.02
-1423.91
-1428.14
-1429.62
-1427.01
-1421.94
-1414.32
-1405.41
-1396.34
-1387.56
-1379.26
-1371.45
-1364.11
-1357.15
-1350.5
-1343.99
-1337.51
-1330.97
-1324.36
-1317.69
-1310.99
-1304.32
-1297.83
-1284.74
-1268.36
-1248.34
-1212.92
-1204.32
-1203.24
-1203.65
-1205.2
-1224.02
-1257.28
-1273.21
-1290.77
-1300.11
-1306.55
-1313.27
-1319.97
-1326.64
-1333.22
-1339.74
-1346.21
-1352.74
-1236.94
-1241.93
-1247.22
-1252.72
-1258.37
-1264.07
-1269.6
-1274.18
-1276.99
-1277.91
-1278.15
-1277.73
-1276.35
-1272.88
-1267.9
-1262.25
-1256.55
-1250.94
-1245.49
-1240.29
-1235.42
-1230.89
-1226.72
-1222.87
-1219.27
-1215.87
-1212.61
-1209.34
-1205.87
-1201.94
-1187.39
-1161.84
-1139.5
-1130.06
-1123.08
-1117.65
-1119.02
-1125.57
-1132.99
-1143.08
-1171.87
-1194.73
-1203.34
-1206.97
-1210.36
-1213.61
-1216.92
-1220.38
-1224.06
-1228.02
-1232.3
-1118.02
-1120.83
-1123.75
-1126.7
-1129.63
-1132.51
-1135.13
-1136.89
-1137.17
-1136.18
-1135.62
-1136.58
-1137.32
-1136.53
-1134.42
-1131.66
-1128.75
-1125.82
-1122.87
-1119.98
-1117.22
-1114.68
-1112.38
-1110.33
-1108.43
-1106.52
-1104.38
-1101.71
-1098.14
-1093.92
-1084.13
-1063.38
-1030.61
-1022.77
-1022.96
-1021.62
-1022.04
-1022.98
-1024.48
-1038.07
-1072.4
-1089.3
-1095.38
-1099.4
-1102.6
-1105.03
-1107.06
-1108.94
-1110.88
-1113.01
-1115.39
-996.821
-997.811
-998.759
-999.637
-1000.45
-1001.16
-1001.6
-1001.39
-1000.13
-998.07
-997.075
-998.81
-1000.74
-1001.65
-1001.6
-1001.04
-1000.29
-999.454
-998.555
-997.593
-996.607
-995.647
-994.751
-993.908
-993.035
-991.967
-990.473
-988.296
-985.165
-981.276
-975.023
-962.251
-936.195
-931.821
-933.143
-932.697
-932.909
-932.405
-933.038
-943.73
-967.062
-978.063
-982.591
-986.281
-989.028
-990.925
-992.236
-993.211
-994.06
-994.919
-995.842
-871.265
-870.866
-870.361
-869.769
-869.091
-868.236
-867.081
-865.398
-863.018
-860.276
-859.088
-861.221
-863.961
-866.123
-867.606
-868.636
-869.413
-870.063
-870.632
-871.109
-871.478
-871.744
-871.921
-872.001
-871.934
-871.615
-870.901
-869.652
-867.761
-865.427
-862.104
-857.488
-847.626
-846.96
-846.53
-845.853
-846.095
-846.538
-847.819
-850.044
-858.455
-863.486
-866.152
-868.399
-870.05
-871.091
-871.648
-871.866
-871.875
-871.761
-871.559
-741.102
-739.705
-738.198
-736.585
-734.819
-732.785
-730.366
-727.457
-724.127
-720.938
-719.687
-721.987
-725.326
-728.557
-731.3
-733.564
-735.496
-737.206
-738.786
-740.262
-741.622
-742.848
-743.933
-744.866
-745.616
-746.137
-746.395
-746.381
-746.158
-745.99
-745.331
-748.59
-761.232
-765.931
-762.976
-761.216
-761.618
-764.743
-766.801
-754.287
-746.359
-745.691
-746.023
-746.215
-746.36
-746.268
-745.911
-745.304
-744.487
-743.501
-742.371
-606.981
-604.826
-602.545
-600.093
-597.382
-594.307
-590.757
-586.762
-582.629
-579.153
-577.877
-580.24
-584.017
-588.175
-592.039
-595.422
-598.367
-600.983
-603.374
-605.611
-607.73
-609.746
-611.672
-613.512
-615.252
-616.889
-618.481
-620.134
-622.06
-624.572
-626.875
-638.615
-674.94
-684.627
-679.394
-676.736
-677.312
-683.23
-686.269
-658.57
-633.497
-626.344
-623.82
-621.404
-619.564
-617.921
-616.312
-614.636
-612.857
-610.985
-609.03
-469.846
-466.938
-463.879
-460.574
-456.91
-452.777
-448.128
-443.124
-438.269
-434.532
-433.211
-435.626
-439.8
-444.796
-449.72
-454.207
-458.182
-461.719
-464.934
-467.934
-470.811
-473.637
-476.489
-479.426
-482.462
-485.629
-489.052
-492.907
-497.554
-503.355
-510.073
-533.055
-589.836
-600.175
-592.935
-590.705
-591.036
-596.828
-599.155
-563.403
-523.351
-507.497
-501.465
-495.941
-491.596
-487.887
-484.559
-481.44
-478.432
-475.521
-472.683
-331.36
-327.448
-323.375
-318.998
-314.179
-308.821
-302.949
-296.845
-291.17
-287.033
-285.601
-288.146
-292.852
-298.771
-304.854
-310.582
-315.768
-320.436
-324.703
-328.711
-332.6
-336.508
-340.596
-345.03
-349.852
-355.13
-361.092
-368.013
-376.459
-386.667
-399.426
-426.361
-491.925
-506.454
-502.111
-502.566
-502.243
-503.048
-504.487
-471.664
-415.822
-393.832
-383.119
-373.455
-365.652
-359.082
-353.382
-348.272
-343.578
-339.262
-335.248
-195.402
-189.969
-184.426
-178.578
-172.253
-165.352
-157.943
-150.404
-143.54
-138.632
-136.946
-139.837
-145.457
-152.658
-160.229
-167.511
-174.237
-180.404
-186.141
-191.631
-197.072
-202.662
-208.652
-215.287
-222.593
-230.627
-239.582
-249.28
-259.251
-267.493
-283.379
-318.831
-382.802
-402.438
-410.155
-415.344
-414.168
-407.41
-399.371
-363.219
-301.866
-276.127
-265.526
-256.115
-246.214
-236.672
-228.035
-220.26
-213.171
-206.753
-200.921
-68.1164
-60.2361
-52.132
-43.6411
-34.6333
-25.0648
-15.0861
-5.18922
3.66321
9.97646
12.1591
8.54072
1.31748
-8.0033
-18.0182
-27.9196
-37.3334
-46.1836
-54.5501
-62.5769
-70.4347
-78.3378
-86.8073
-96.5152
-107.101
-117.669
-127.654
-135.31
-140.961
-143.894
-157.452
-209.768
-275.442
-311.146
-333.227
-343.723
-341.391
-326.41
-300.419
-254.522
-185.953
-147.322
-144.118
-138.936
-133.394
-124.685
-114.462
-103.868
-93.4645
-84.1667
-75.9649
23.5193
33.1402
42.8797
52.9366
63.5801
75.0528
87.3995
100.188
112.193
121.157
124.394
119.178
109.063
96.5859
83.8036
71.6707
60.4441
49.9897
40.0405
30.3373
20.7252
11.3142
2.375
-5.52823
-11.6738
-15.1809
-15.9565
-15.4742
-20.067
-35.1469
-65.8159
-118.001
-169.445
-202.162
-223.501
-233.545
-231.327
-217.104
-192.033
-153.371
-96.9001
-53.3063
-29.339
-17.4986
-15.8356
-16.1257
-14.5572
-10.1385
-3.35324
4.93138
14.0377
74.092
69.3036
63.5499
56.8358
49.0297
39.9481
29.5112
18.0015
6.48766
-2.78535
-5.88021
-0.66415
9.73492
21.4808
32.7693
42.8096
51.4844
58.9336
65.3419
70.8061
75.2835
78.8347
82.3534
85.8968
86.2954
81.8981
71.768
53.6404
22.0768
-29.1761
-103.672
-192.921
-281.953
-353.623
-404.294
-428.7
-423.329
-389.121
-330.503
-252.232
-160.293
-76.279
-9.53216
34.5685
60.6717
75.8126
83.9088
86.7568
85.1231
81.2958
77.896
)
;

boundaryField
{
    top
    {
        type            calculated;
        value           uniform -9.81;
    }
    bottom
    {
        type            calculated;
        value           nonuniform List<scalar> 
51
(
-1753.32
-1762.29
-1770.84
-1779.78
-1790.19
-1803.26
-1819.71
-1838.48
-1857.66
-1873.43
-1879.17
-1868.99
-1851.55
-1832.1
-1813.85
-1798.43
-1786.31
-1776.49
-1767.77
-1759.15
-1749.89
-1739.72
-1728.49
-1716.06
-1702.17
-1686.48
-1668.37
-1646.89
-1620.46
-1586.82
-1542.37
-1482.9
-1412.72
-1332.69
-1238.88
-1175.04
-1190.39
-1272.47
-1363.42
-1438.41
-1506.32
-1559.91
-1599.9
-1630.59
-1655
-1675.13
-1692.29
-1707.3
-1720.64
-1732.63
-1743.47
)
;
    }
    frontAndBack
    {
        type            empty;
    }
    left_cyc
    {
        type            cyclic;
    }
    right_cyc
    {
        type            cyclic;
    }
}


// ************************************************************************* //
