/*--------------------------------*- C++ -*----------------------------------*\
| =========                 |                                                 |
| \\      /  F ield         | OpenFOAM: The Open Source CFD Toolbox           |
|  \\    /   O peration     | Version:  2.3.0                                 |
|   \\  /    A nd           | Web:      www.OpenFOAM.org                      |
|    \\/     M anipulation  |                                                 |
\*---------------------------------------------------------------------------*/
FoamFile
{
    version     2.0;
    format      ascii;
    class       volScalarField;
    location    "11000";
    object      p_rgh;
}
// * * * * * * * * * * * * * * * * * * * * * * * * * * * * * * * * * * * * * //

dimensions      [0 2 -2 0 0 0 0];

internalField   nonuniform List<scalar> 
3060
(
-38.8687
-41.9431
-47.7056
-56.1116
-67.1158
-80.6827
-96.7876
-115.401
-136.46
-159.833
-185.297
-212.516
-241.019
-270.178
-299.174
-327.037
-352.784
-375.517
-394.486
-409.346
-420.292
-427.799
-432.587
-435.408
-436.862
-437.315
-436.892
-435.489
-432.764
-428.137
-420.862
-410.204
-395.657
-376.99
-354.495
-328.902
-301.117
-272.147
-242.987
-214.483
-187.288
-161.89
-138.638
-117.765
-99.4044
-83.6242
-70.4544
-59.9195
-52.0531
-46.8959
-44.4861
-44.8472
-47.9748
-53.8408
-62.4054
-73.6287
-87.4801
-103.936
-122.959
-144.469
-168.306
-194.211
-221.801
-250.545
-279.746
-308.505
-335.811
-360.68
-382.236
-399.835
-413.334
-423.049
-429.56
-433.625
-435.959
-437.083
-437.277
-436.585
-434.82
-431.552
-426.13
-417.79
-405.859
-389.928
-369.922
-346.322
-319.934
-291.678
-262.549
-233.49
-205.267
-178.466
-153.52
-130.733
-110.302
-92.3391
-76.8945
-63.9938
-53.664
-45.9436
-40.8792
-38.5126
-62.7048
-65.4059
-70.4892
-77.9533
-87.802
-100.037
-114.642
-131.568
-150.712
-171.91
-194.925
-219.417
-244.901
-270.72
-296.139
-320.685
-344.146
-365.801
-384.384
-399.076
-410.052
-417.818
-423.028
-426.307
-428.115
-428.713
-428.181
-426.452
-423.285
-418.237
-410.695
-399.998
-385.624
-367.34
-345.881
-322.517
-298.043
-272.694
-246.928
-221.487
-197.051
-174.124
-153.059
-134.104
-117.428
-103.134
-91.2718
-81.8523
-74.871
-70.3209
-68.2021
-68.5193
-71.2712
-76.4534
-84.0684
-94.1236
-106.621
-121.542
-138.824
-158.347
-179.925
-203.284
-228.038
-253.636
-279.363
-304.502
-328.719
-351.696
-372.448
-389.74
-403.115
-412.931
-419.76
-424.264
-427.022
-428.424
-428.661
-427.762
-425.604
-421.874
-416.061
-407.519
-395.616
-379.893
-360.393
-338.153
-314.373
-289.584
-263.993
-238.189
-212.907
-188.76
-166.191
-145.509
-126.93
-110.603
-96.6126
-85.0002
-75.7745
-68.9322
-64.4704
-62.3924
-76.491
-79.3143
-84.5963
-92.28
-102.28
-114.47
-128.678
-144.698
-162.306
-181.296
-201.492
-222.748
-244.95
-267.994
-291.679
-315.25
-337.425
-356.97
-373.495
-387.514
-398.865
-407.091
-412.731
-416.426
-418.566
-419.308
-418.669
-416.636
-413.069
-407.608
-399.63
-388.55
-374.734
-358.46
-339.214
-317.271
-293.837
-270.225
-247.25
-225.136
-203.987
-183.925
-165.104
-147.707
-131.952
-118.065
-106.258
-96.7006
-89.5171
-84.7908
-82.5771
-82.9093
-85.781
-91.1529
-98.9637
-109.12
-121.487
-135.882
-152.086
-169.873
-189.035
-209.393
-230.802
-253.15
-276.319
-299.992
-323.18
-344.516
-362.959
-378.554
-391.729
-401.983
-409.238
-414.156
-417.299
-418.963
-419.242
-418.141
-415.618
-411.465
-405.218
-396.205
-384.083
-369.443
-352.169
-331.849
-309.173
-285.465
-261.907
-239.07
-217.105
-196.113
-176.216
-157.568
-140.353
-124.785
-111.084
-99.4513
-90.0459
-82.9824
-78.3377
-76.1635
-57.7343
-60.7147
-66.2704
-74.3154
-84.7301
-97.3532
-111.978
-128.358
-146.226
-165.321
-185.416
-206.335
-227.961
-250.219
-272.959
-295.631
-317.472
-338.022
-356.682
-372.071
-383.942
-393.256
-399.862
-404.251
-406.878
-407.826
-407.034
-404.554
-400.333
-393.965
-384.901
-373.31
-358.325
-339.957
-319.599
-297.915
-275.354
-252.679
-230.487
-208.948
-188.137
-168.178
-149.253
-131.6
-115.488
-101.191
-88.9591
-79.0009
-71.4767
-66.5044
-64.1672
-64.5187
-67.5479
-73.1935
-81.364
-91.9312
-104.722
-119.518
-136.058
-154.067
-173.282
-193.478
-214.486
-236.2
-258.539
-281.263
-303.666
-325.041
-344.977
-362.599
-376.597
-387.504
-395.866
-401.61
-405.355
-407.4
-407.74
-406.348
-403.282
-398.377
-391.076
-381.108
-368.433
-352.064
-332.806
-311.883
-289.761
-266.988
-244.352
-222.252
-200.803
-180.085
-160.231
-141.432
-123.927
-107.979
-93.8545
-81.7898
-71.98
-64.575
-59.6846
-57.3874
-27.3013
-30.3084
-35.9005
-43.979
-54.4164
-67.0547
-81.7087
-98.1714
-116.226
-135.659
-156.267
-177.858
-200.237
-223.169
-246.312
-269.135
-291.112
-312.263
-332.678
-351.006
-365.688
-376.51
-384.315
-389.77
-393.144
-394.405
-393.375
-390.208
-384.976
-377.439
-367
-352.771
-334.803
-314.531
-293.451
-271.558
-248.804
-225.701
-202.809
-180.487
-158.979
-138.489
-119.218
-101.374
-85.1797
-70.8564
-58.614
-48.6391
-41.0885
-36.0877
-33.7317
-34.0866
-37.1383
-42.8128
-51.0076
-61.5889
-74.3919
-89.2232
-105.869
-124.105
-143.714
-164.488
-186.228
-208.725
-231.714
-254.789
-277.352
-299.006
-319.917
-339.787
-356.862
-370.052
-379.638
-386.544
-391.223
-393.854
-394.289
-392.455
-388.553
-382.515
-374.018
-362.246
-346.536
-327.467
-306.807
-285.472
-263.249
-240.283
-217.149
-194.332
-172.138
-150.784
-130.464
-111.37
-93.71
-77.6986
-63.5516
-51.471
-41.6355
-34.1951
-29.2697
-26.9506
4.83833
1.71874
-4.06761
-12.4034
-23.1423
-36.1117
-51.1172
-67.9507
-86.3999
-106.258
-127.33
-149.43
-172.373
-195.946
-219.867
-243.795
-267.216
-289.67
-310.677
-329.771
-346.277
-358.789
-367.606
-373.65
-377.621
-379.204
-377.931
-374.198
-368.423
-359.987
-347.96
-331.848
-312.944
-292.08
-269.715
-246.35
-222.451
-198.543
-174.988
-152.082
-130.048
-109.08
-89.3717
-71.1269
-54.5588
-39.8851
-27.3174
-17.0514
-9.25912
-4.0843
-1.64021
-2.00892
-5.17262
-11.0406
-19.4915
-30.3741
-43.5095
-58.6972
-75.7229
-94.3691
-114.425
-135.69
-157.972
-181.073
-204.758
-228.707
-252.513
-275.658
-297.686
-318.064
-336.391
-351.492
-362.482
-370.143
-375.365
-378.522
-379.055
-376.784
-372.286
-365.603
-355.92
-342.324
-324.983
-305.37
-283.932
-261.187
-237.591
-213.628
-189.751
-166.315
-143.571
-121.721
-100.948
-81.4378
-63.3899
-47.0131
-32.5195
-20.1145
-9.98743
-2.30444
2.79561
5.20311
37.7092
34.4367
28.3822
19.6854
8.51593
-4.93225
-20.449
-37.8175
-56.8239
-77.2655
-98.9556
-121.721
-145.393
-169.786
-194.67
-219.816
-244.781
-269.079
-292.102
-313.011
-330.716
-343.847
-352.403
-358.164
-361.885
-363.465
-362.213
-358.746
-353.285
-345.178
-332.595
-315.285
-294.602
-271.706
-247.461
-222.509
-197.35
-172.443
-148.036
-124.37
-101.642
-80.0317
-59.7203
-40.9034
-23.791
-8.60305
4.43945
15.1245
23.2588
28.6757
31.2403
30.8529
27.5352
21.3971
12.582
1.26395
-12.3579
-28.0682
-45.6455
-64.8715
-85.5402
-107.46
-130.452
-154.335
-178.907
-203.913
-229.059
-253.873
-277.837
-300.242
-320.183
-336.362
-347.641
-354.911
-359.826
-362.788
-363.309
-361.092
-356.865
-350.507
-340.907
-326.491
-307.811
-286.265
-262.837
-238.316
-213.264
-188.155
-163.363
-139.135
-115.682
-93.1806
-71.799
-51.7133
-33.1144
-16.2084
-1.21094
11.662
22.2036
30.2255
35.5657
38.0927
69.3226
65.8357
59.4015
50.1897
38.4041
24.2733
8.03823
-10.0602
-29.7929
-50.952
-73.3559
-96.8485
-121.29
-146.541
-172.44
-198.82
-225.267
-251.275
-276.191
-299.139
-318.946
-333.816
-342.366
-346.671
-349.27
-350.347
-349.542
-347.176
-343.211
-335.31
-321.077
-301.649
-278.909
-254.091
-228.103
-201.629
-175.195
-149.235
-123.93
-99.4568
-75.966
-53.6086
-32.5512
-12.9853
4.87239
20.7852
34.5068
45.7934
54.4171
60.1776
62.9115
62.498
58.9635
52.4409
43.1039
31.1609
16.8452
0.402523
-17.9223
-37.8969
-59.311
-81.9801
-105.743
-130.453
-155.956
-182.07
-208.554
-234.953
-260.708
-285.077
-307.095
-325.375
-337.933
-344.477
-347.918
-349.917
-350.236
-348.719
-345.763
-340.68
-330.535
-314.171
-293.399
-269.842
-244.565
-218.386
-191.909
-165.611
-139.873
-114.821
-90.6149
-67.3928
-45.2979
-24.4927
-5.16572
12.4689
28.178
41.7192
52.8538
61.3586
67.0379
69.7319
98.977
95.2029
88.2564
78.347
65.7263
50.6728
33.4752
14.4146
-6.2507
-28.2973
-51.5432
-75.8485
-101.107
-127.233
-154.138
-181.692
-209.516
-237.11
-263.797
-288.666
-310.525
-327.729
-338.288
-342.524
-343.919
-344.428
-344.117
-342.958
-339.273
-329.502
-312.891
-291.386
-266.705
-240.087
-212.478
-184.585
-156.933
-129.922
-103.696
-78.3586
-54.0095
-30.7671
-8.78396
11.7459
30.5875
47.4727
62.1129
74.2156
83.5024
89.7265
92.6869
92.2389
88.4133
81.3712
71.3267
58.5361
43.2833
25.8615
6.55544
-14.3744
-36.7032
-60.2484
-84.8675
-110.449
-136.897
-164.104
-191.859
-219.731
-247.157
-273.368
-297.355
-317.775
-332.755
-340.678
-343.377
-344.268
-344.367
-343.661
-341.836
-336.236
-323.806
-305.195
-282.414
-256.968
-229.964
-202.25
-174.449
-147.022
-120.323
-94.4194
-69.4024
-45.3629
-22.4152
-0.710183
19.5591
38.1592
54.8245
69.2703
81.2089
90.3672
96.5034
99.4207
126.536
122.385
114.763
103.931
90.2039
73.9297
55.4645
35.1489
13.2873
-9.86817
-34.1265
-59.3598
-85.4963
-112.505
-140.375
-168.994
-198.033
-227.017
-255.28
-281.912
-305.729
-325.233
-338.654
-345.216
-347.192
-347.597
-347.395
-345.803
-339.949
-327.276
-308.303
-284.809
-258.339
-230.113
-201.075
-171.924
-143.159
-115.133
-87.97
-61.6992
-36.3664
-12.0582
11.0822
32.8482
52.9725
71.1375
86.9924
100.175
110.339
117.173
120.431
119.937
115.73
108.003
97.0225
83.1099
66.6191
47.9112
27.3303
5.18253
-18.2801
-42.8677
-68.4529
-94.9613
-122.354
-150.601
-179.506
-208.681
-237.583
-265.452
-291.275
-313.753
-331.248
-342.077
-346.478
-347.512
-347.551
-346.915
-344.087
-335.825
-320.659
-299.865
-275.181
-248.02
-219.489
-190.431
-161.458
-133
-105.36
-78.5805
-52.6769
-27.6898
-3.70499
19.1334
40.6178
60.4812
78.4079
94.0511
107.055
117.077
123.815
127.025
152.346
147.716
139.231
127.216
112.068
94.2258
74.1336
52.2129
28.8326
4.28913
-21.206
-47.5295
-74.6395
-102.558
-131.343
-160.901
-190.961
-221.097
-250.675
-278.811
-304.364
-325.951
-342.062
-351.718
-355.86
-356.929
-356.195
-352.592
-343.661
-328.215
-307.104
-281.84
-253.832
-224.256
-194.026
-163.807
-134.052
-105.055
-76.9222
-49.6136
-23.1247
2.48419
27.0708
50.4034
72.1659
91.9713
109.385
123.953
135.238
142.851
146.485
145.935
141.242
132.641
120.462
105.11
87.0309
66.6755
44.4692
20.7822
-4.09025
-29.9397
-56.646
-84.1675
-112.518
-141.741
-171.654
-201.928
-232.061
-261.326
-288.741
-313.066
-332.841
-346.609
-353.941
-356.576
-356.832
-355.172
-349.81
-338.464
-320.786
-298.02
-271.668
-243.054
-213.253
-183.082
-153.115
-123.734
-95.1806
-67.4784
-40.5741
-14.4602
10.8015
35.0649
58.0956
79.5767
99.1232
116.305
130.675
141.804
149.31
152.891
176.964
171.744
162.193
148.714
131.803
112.01
89.8932
65.9745
40.7073
14.4491
-12.5546
-40.1747
-68.3906
-97.2685
-126.926
-157.292
-188.167
-219.186
-249.761
-279.054
-305.976
-329.24
-347.502
-359.768
-366.206
-368.211
-366.703
-360.893
-349.322
-331.658
-308.821
-282.15
-252.951
-222.341
-191.188
-160.106
-129.488
-99.5579
-70.3983
-41.9112
-14.0508
13.1405
39.5093
64.7841
88.5819
110.426
129.774
146.06
158.732
167.306
171.403
170.783
165.493
155.812
142.15
125.013
104.961
82.5583
58.333
32.7399
6.13449
-21.2424
-49.2675
-77.9241
-107.275
-137.404
-168.173
-199.32
-230.401
-260.737
-289.393
-315.195
-336.807
-352.936
-362.91
-367.447
-368.033
-365.018
-357.164
-343.289
-323.6
-299.25
-271.59
-241.866
-211.102
-180.071
-149.299
-119.103
-89.6531
-60.9564
-32.8996
-5.43467
21.3912
47.4187
72.3721
95.8671
117.429
136.523
152.589
165.087
173.54
177.578
201.012
195.091
184.269
169.038
150.014
127.88
103.326
76.9988
49.4534
21.1247
-7.69231
-36.8494
-66.3362
-96.2537
-126.748
-157.799
-189.286
-220.909
-252.135
-282.181
-310.018
-334.439
-354.194
-368.279
-376.413
-379.17
-377.028
-369.563
-356.138
-336.928
-312.892
-285.27
-255.285
-223.988
-192.189
-160.447
-129.086
-98.2508
-67.9806
-38.1432
-8.66254
20.4241
48.9386
76.5533
102.8
127.093
148.762
167.103
181.432
191.151
195.798
195.095
189.095
178.127
162.692
143.418
120.999
96.1354
69.4797
41.5901
12.8996
-16.3023
-45.876
-75.8181
-106.231
-137.209
-168.69
-200.487
-232.219
-263.262
-292.741
-319.55
-342.444
-360.216
-372.063
-378.064
-378.925
-374.841
-365.184
-349.555
-328.469
-303.034
-274.508
-244.062
-212.665
-181.034
-149.638
-118.724
-88.3809
-58.5917
-29.198
-0.124178
28.5853
56.7433
84.0176
109.939
133.926
155.314
173.411
187.545
197.128
201.708
225.072
218.344
206.055
188.8
167.332
142.484
115.1
85.966
55.7561
24.9975
-5.94977
-36.902
-67.845
-98.9004
-130.215
-161.85
-193.763
-225.727
-257.256
-287.629
-315.892
-340.911
-361.509
-376.66
-385.824
-389.052
-386.497
-378.01
-363.488
-343.388
-318.712
-290.63
-260.285
-228.652
-196.471
-164.253
-132.25
-100.526
-69.0389
-37.6594
-6.29396
25.0112
56.0373
86.3824
115.478
142.612
166.967
187.684
203.927
214.965
220.244
219.447
212.63
200.177
182.695
160.949
135.788
108.068
78.5833
48.0116
16.8792
-14.4569
-45.8252
-77.22
-108.763
-140.56
-172.633
-204.875
-236.971
-268.35
-298.208
-325.516
-349.108
-367.839
-380.803
-387.72
-388.766
-384.014
-373.276
-356.623
-334.763
-308.783
-279.864
-249.104
-217.399
-185.411
-153.554
-121.999
-90.7507
-59.7496
-28.8138
2.14403
33.067
63.7235
93.7093
122.456
149.257
173.303
193.749
209.774
220.659
225.863
249.642
242.012
228.083
208.568
184.368
156.484
125.928
93.636
60.4144
26.8909
-6.49244
-39.4962
-72.0857
-104.381
-136.529
-168.674
-200.856
-232.951
-264.449
-294.731
-322.931
-348.004
-368.846
-384.454
-394.136
-397.613
-394.822
-385.799
-370.774
-350.386
-325.615
-297.56
-267.276
-235.645
-203.295
-170.755
-138.182
-105.553
-72.7442
-39.6283
-6.11801
27.7142
61.5914
95.0167
127.312
157.627
184.985
208.356
226.736
239.249
245.233
244.331
236.601
222.489
202.72
178.213
149.987
119.067
86.4009
52.7992
18.8898
-14.8775
-48.285
-81.3062
-114.059
-146.668
-179.239
-211.76
-243.972
-275.326
-305.123
-332.428
-356.161
-375.237
-388.741
-396.149
-397.306
-392.202
-380.933
-363.877
-341.827
-315.83
-286.99
-256.314
-224.602
-192.454
-160.272
-128.13
-95.9507
-63.6013
-30.9111
2.20213
35.6553
69.1493
102.196
134.117
164.07
191.089
214.159
232.296
244.637
250.537
275.119
266.508
250.802
228.843
201.696
170.539
136.555
100.842
64.3387
27.7711
-8.31881
-43.6053
-78.0239
-111.667
-144.685
-177.295
-209.598
-241.513
-272.685
-302.549
-330.321
-355.047
-375.703
-391.32
-401.137
-404.695
-401.804
-392.608
-377.522
-357.27
-332.801
-305.136
-275.232
-243.888
-211.678
-178.973
-145.879
-112.309
-78.0679
-43.0318
-7.14496
29.48
66.4925
103.267
139.025
172.773
203.369
229.603
250.295
264.407
271.16
270.142
261.419
245.51
223.269
195.784
164.253
129.877
93.7655
56.8636
19.8882
-16.5657
-52.2342
-87.0508
-121.103
-154.537
-187.53
-220.127
-252.154
-283.188
-312.594
-339.524
-362.992
-381.983
-395.591
-403.172
-404.383
-399.166
-387.78
-370.764
-348.947
-323.327
-294.921
-264.646
-233.233
-201.194
-168.808
-136.106
-102.948
-69.1117
-34.4676
1.04246
37.306
73.912
110.287
145.646
179.001
209.226
235.128
255.549
269.471
276.129
301.812
292.156
274.579
250.068
219.859
185.308
147.768
108.496
68.5702
28.8446
-10.0615
-47.774
-84.1547
-119.241
-153.194
-186.284
-218.668
-250.326
-281.004
-310.225
-337.301
-361.378
-381.522
-396.82
-406.499
-410.02
-407.122
-398.009
-383.184
-363.389
-339.521
-312.509
-283.208
-252.317
-220.323
-187.491
-153.858
-119.283
-83.516
-46.4281
-8.02185
31.5161
71.7592
112.019
151.374
188.681
222.635
251.847
274.956
290.756
298.331
297.188
287.408
269.606
244.786
214.207
179.249
141.288
101.595
61.2578
21.1368
-18.1399
-56.2142
-92.9527
-128.388
-162.699
-196.117
-228.743
-260.485
-291.018
-319.797
-346.077
-368.974
-387.556
-400.956
-408.487
-409.714
-404.55
-393.343
-376.699
-355.437
-330.488
-302.775
-273.113
-242.141
-210.278
-177.713
-144.419
-110.201
-74.7787
-38.0438
0.0040027
39.1722
79.0186
118.865
157.796
194.68
228.229
257.077
279.888
295.476
302.946
329.986
319.267
299.817
272.776
239.549
201.66
160.62
117.826
74.4811
31.5512
-10.2567
-50.4926
-88.9408
-125.566
-160.547
-194.187
-226.687
-258.082
-288.203
-316.665
-342.884
-366.117
-385.531
-400.291
-409.655
-413.06
-410.215
-401.352
-387
-367.874
-344.797
-318.594
-290.011
-259.635
-227.86
-194.864
-160.624
-124.953
-87.5661
-48.3261
-7.31024
35.2128
78.7309
122.465
165.375
206.186
243.442
275.592
301.102
318.597
327.011
325.739
314.885
295.189
267.812
234.185
195.857
154.365
111.125
67.354
24.0262
-18.1481
-58.7233
-97.486
-134.397
-169.671
-203.574
-236.257
-267.693
-297.648
-325.675
-351.14
-373.269
-391.228
-404.212
-411.549
-412.767
-407.767
-396.934
-380.883
-360.389
-336.298
-309.426
-280.481
-249.998
-218.305
-185.517
-151.55
-116.173
-79.0687
-40.1406
0.536803
42.6916
85.8076
129.11
171.57
211.926
248.745
280.5
305.685
322.95
331.248
359.868
348.14
326.927
297.522
261.487
220.492
176.182
130.072
83.4708
37.4393
-7.22732
-49.994
-90.5581
-128.799
-164.911
-199.209
-231.919
-263.122
-292.718
-320.412
-345.726
-368.032
-386.608
-400.711
-409.658
-412.904
-410.144
-401.623
-387.855
-369.503
-347.296
-321.949
-294.088
-264.194
-232.567
-199.312
-164.358
-127.491
-88.4139
-46.982
-3.36045
42.0917
88.7719
135.809
182.062
226.143
266.472
301.358
329.114
348.207
357.42
356.024
344.151
322.674
292.909
256.444
214.979
170.186
123.603
76.5563
30.1177
-14.912
-57.9973
-98.8347
-137.299
-173.637
-208.131
-240.961
-272.155
-301.556
-328.815
-353.409
-374.683
-391.91
-404.369
-411.431
-412.629
-407.855
-397.504
-382.164
-362.542
-339.383
-313.392
-285.161
-255.123
-223.523
-190.41
-155.662
-119.024
-80.1696
-39.0113
4.28905
49.3727
95.6387
142.223
187.996
231.591
271.451
305.913
333.321
352.166
361.253
391.626
379.013
356.273
324.834
286.391
242.73
195.598
146.594
97.1054
48.2691
0.95816
-44.2083
-86.8366
-126.711
-164.034
-199.107
-232.16
-263.3
-292.482
-319.494
-343.957
-365.357
-383.087
-396.503
-404.999
-408.066
-405.402
-397.252
-384.095
-366.522
-345.161
-320.612
-293.386
-263.86
-232.251
-198.607
-162.826
-124.69
-83.9151
-40.3562
5.72479
53.875
103.405
153.363
202.528
249.43
292.396
329.63
359.321
379.802
389.717
388.211
375.446
352.426
320.606
281.707
237.548
189.903
140.398
90.441
41.1836
-6.49229
-51.9627
-94.8306
-134.875
-172.364
-207.569
-240.678
-271.755
-300.709
-327.281
-351.053
-371.488
-387.97
-399.876
-406.637
-407.811
-403.288
-393.455
-378.852
-360.102
-337.847
-312.673
-285.063
-255.353
-223.713
-190.145
-154.506
-116.54
-75.9355
-32.6199
13.1502
60.9261
110.024
159.504
208.16
254.545
297.014
333.798
363.12
383.339
393.12
425.372
412.078
388.178
355.216
314.98
269.333
220.079
168.862
117.115
66.0189
16.5069
-30.7295
-75.2095
-116.622
-155.158
-191.08
-224.597
-255.823
-284.75
-311.23
-334.973
-355.572
-372.527
-385.299
-393.36
-396.251
-393.677
-385.877
-373.288
-356.42
-335.799
-311.915
-285.173
-255.859
-224.12
-189.968
-153.293
-113.897
-71.5363
-26.081
22.1091
72.4935
124.309
176.544
227.93
276.95
321.883
360.867
392.013
413.551
424.009
422.416
408.964
384.774
351.414
310.702
264.532
214.738
162.994
110.754
59.2183
9.33331
-38.201
-82.8983
-124.443
-163.1
-199.098
-232.615
-263.728
-292.393
-318.423
-341.5
-361.194
-376.998
-388.386
-394.862
-396.016
-391.739
-382.401
-368.486
-350.528
-329.063
-304.57
-277.428
-247.89
-216.066
-181.931
-145.341
-106.068
-63.8397
-18.6102
29.2691
79.2657
130.627
182.357
233.205
281.682
326.092
364.607
395.368
416.633
426.953
461.175
447.482
422.933
389.148
347.965
301.273
250.882
198.436
145.365
92.8622
41.8886
-6.81416
-52.6942
-95.3522
-134.948
-171.675
-205.696
-237.108
-265.919
-292.024
-315.208
-335.15
-351.45
-363.664
-371.341
-374.071
-371.57
-364.071
-351.964
-335.681
-315.656
-292.279
-265.864
-236.624
-204.661
-169.971
-132.458
-91.9724
-48.3377
-1.46168
48.2088
100.063
153.29
206.85
259.465
309.618
355.588
395.502
427.441
449.576
460.356
458.711
444.857
420.012
385.821
344.149
296.917
245.966
192.969
139.381
86.4179
35.0575
-13.9451
-60.0285
-102.813
-142.504
-179.268
-213.242
-244.5
-273.019
-298.668
-321.206
-340.297
-355.534
-366.482
-372.713
-373.855
-369.799
-360.898
-347.575
-330.282
-309.458
-285.484
-258.654
-229.156
-197.064
-162.343
-124.874
-84.4799
-40.9612
5.69012
55.0382
106.484
159.232
212.261
264.314
313.903
359.334
398.768
430.312
452.169
462.808
499.06
485.333
460.789
427.075
386.028
339.505
289.266
236.903
183.793
131.099
79.7685
30.559
-15.9365
-59.2549
-99.4945
-136.754
-171.129
-202.677
-231.397
-257.208
-279.942
-299.347
-315.102
-326.843
-334.192
-336.781
-334.337
-327.086
-315.376
-299.572
-280.027
-257.051
-230.889
-201.705
-169.578
-134.511
-96.4504
-55.313
-11.0181
36.4644
86.6262
138.818
192.218
245.801
298.325
348.326
394.137
433.933
465.818
487.963
498.777
497.123
483.236
458.397
424.277
382.739
335.67
284.861
231.931
178.286
125.111
73.3759
23.8562
-22.8366
-66.312
-106.644
-143.921
-178.22
-209.585
-237.994
-263.347
-285.456
-304.059
-318.832
-329.415
-335.446
-336.584
-332.72
-324.19
-311.365
-294.624
-274.322
-250.763
-224.178
-194.712
-162.425
-127.298
-89.2587
-48.2043
-4.03261
43.209
93.0263
144.786
197.683
250.714
302.662
352.089
397.356
436.668
468.161
490.028
500.702
539.016
525.698
501.945
469.381
429.778
384.904
336.412
285.782
234.294
183.025
132.865
84.5407
38.642
-4.34592
-44.428
-81.5923
-115.848
-147.199
-175.613
-201.009
-223.242
-242.107
-257.34
-268.64
-275.685
-278.143
-275.751
-268.73
-257.395
-242.055
-223
-200.483
-174.704
-145.804
-113.861
-78.9093
-40.9519
0.00766427
43.9377
90.7806
140.01
190.984
242.917
294.849
345.627
393.892
438.088
476.496
507.309
528.752
539.252
537.644
524.171
500.133
467.174
427.093
381.682
332.623
281.425
229.393
177.628
127.043
78.3853
32.2657
-10.9179
-51.1082
-88.2888
-122.462
-153.619
-181.718
-206.664
-228.302
-246.416
-260.742
-270.984
-276.829
-277.962
-274.277
-266.091
-253.734
-237.526
-217.759
-194.682
-168.486
-139.297
-107.184
-72.1629
-34.2264
6.63645
50.4113
96.9821
145.839
196.358
247.772
299.145
349.345
397.041
440.704
478.641
509.073
530.249
540.614
580.995
568.594
546.535
516.357
479.705
438.195
393.319
346.394
298.548
250.727
203.712
158.145
114.557
73.3956
34.7769
-1.17238
-34.3724
-64.7603
-92.2638
-116.782
-138.176
-156.26
-170.81
-181.57
-188.257
-190.571
-188.257
-181.53
-170.68
-155.976
-137.664
-115.96
-91.0431
-63.0485
-32.0765
1.7977
38.5032
77.9456
119.976
164.43
210.822
258.578
307.002
355.252
402.314
446.987
487.882
523.444
552.016
571.943
581.728
580.226
567.681
545.357
514.81
477.708
435.69
390.273
342.797
294.415
246.095
198.639
152.709
108.857
67.4548
28.699
-7.28483
-40.4146
-70.622
-97.8279
-121.924
-142.764
-160.159
-173.885
-183.687
-189.293
-190.407
-186.923
-179.146
-167.372
-151.876
-132.908
-110.683
-85.3724
-57.1059
-25.9748
7.95409
44.6176
83.9297
125.752
169.895
215.89
263.178
311.084
358.785
405.29
449.421
489.812
524.933
553.149
572.828
582.487
624.915
613.988
594.61
568.167
536.117
499.863
460.684
419.687
377.807
335.812
294.327
253.857
214.813
177.535
142.272
109.25
78.6288
50.5287
25.0646
2.36165
-17.4328
-34.1439
-47.5696
-57.4828
-63.6345
-65.7494
-63.583
-57.346
-47.3034
-33.6942
-16.7365
3.37482
26.4701
52.4046
81.0528
112.296
146.003
182
220.035
259.831
301.017
343.147
385.67
427.91
469.038
508.057
543.794
574.913
599.967
617.487
626.116
624.789
613.735
594.123
567.353
534.901
498.191
458.52
417.017
374.634
332.158
290.232
249.376
210.017
172.456
137.02
103.932
73.3478
45.3918
20.182
-2.15233
-21.4606
-37.5666
-50.269
-59.3443
-64.5476
-65.605
-62.4096
-55.2521
-44.3999
-30.0965
-12.5624
8.00702
31.4445
57.6092
86.3802
117.644
151.271
187.093
224.857
264.307
305.083
346.754
388.785
430.515
471.134
509.663
544.949
575.675
600.415
617.715
626.234
670.669
661.797
646.125
624.82
599.085
570.063
538.767
506.058
472.643
439.081
405.805
373.139
341.318
310.508
281.074
253.309
227.417
203.553
181.857
162.468
145.535
131.225
119.721
111.222
105.947
104.142
106.03
111.415
120.06
131.754
146.304
163.534
183.281
205.396
229.739
256.166
284.509
314.551
345.97
378.398
411.648
445.456
479.462
513.191
546.036
577.238
605.88
630.895
651.106
665.292
672.306
671.224
662.249
646.385
624.811
598.745
569.344
537.635
504.496
470.644
436.651
402.961
369.908
337.732
306.612
276.975
249.105
223.202
199.423
177.909
158.802
142.253
128.428
117.508
109.691
105.193
104.261
106.996
113.134
122.436
134.691
149.702
167.291
187.297
209.572
233.98
260.377
288.598
318.42
349.513
381.579
414.435
447.826
481.399
514.691
547.106
577.899
606.168
630.86
650.813
664.82
671.744
718.12
711.877
700.921
686.131
668.396
648.541
627.276
605.185
582.721
560.22
537.904
515.898
494.232
472.839
452.159
432.488
414.021
396.903
381.262
367.221
354.91
344.469
336.047
329.806
325.921
324.594
326.011
330.006
336.384
344.975
355.622
368.179
382.509
398.483
415.975
434.853
454.962
476.091
497.917
520.024
542.465
565.188
588.045
610.78
633.025
654.283
673.931
691.214
705.277
715.215
720.161
719.395
713.078
701.983
686.999
669.025
648.892
627.324
604.911
582.114
559.272
536.612
514.255
492.226
470.529
449.632
429.822
411.287
394.176
378.617
364.735
352.661
342.535
334.504
328.729
325.385
324.678
326.693
331.209
338.035
346.999
357.942
370.717
385.188
401.227
418.709
437.504
457.453
478.338
499.812
521.579
543.683
566.071
588.594
611
632.926
653.886
673.263
690.313
704.19
714
718.88
767.141
764.059
758.751
751.742
743.544
734.611
725.313
715.928
706.645
697.57
688.725
680.052
671.388
662.434
653.602
645.106
637.056
629.529
622.586
616.291
610.712
605.926
602.02
599.088
597.241
596.608
597.315
599.248
602.281
606.308
611.234
616.976
623.458
630.611
638.372
646.674
655.437
664.535
673.731
682.66
691.61
700.732
710.071
719.585
729.148
738.548
747.477
755.538
762.254
767.102
769.558
769.174
766.051
760.668
753.554
745.225
736.14
726.674
717.107
707.629
698.345
689.272
680.34
671.364
662.156
653.124
644.469
636.299
628.689
621.703
615.407
609.869
605.168
601.391
598.633
597.005
596.644
597.607
599.748
602.944
607.088
612.089
617.862
624.332
631.433
639.102
647.274
655.864
664.733
673.607
682.272
690.992
699.903
709.043
718.369
727.755
736.99
745.772
753.707
760.323
765.101
767.522
817.512
818.056
819.207
821.066
823.703
827.145
831.377
836.344
841.956
848.093
854.606
861.309
867.95
874.109
879.982
885.57
890.821
895.673
900.066
903.944
907.265
909.995
912.112
913.609
914.492
914.787
914.532
913.693
912.242
910.172
907.492
904.223
900.399
896.064
891.272
886.086
880.568
874.765
868.659
862.106
855.516
849.142
843.168
837.741
832.977
828.96
825.738
823.315
821.654
820.676
820.275
820.329
820.87
822.017
823.87
826.499
829.931
834.148
839.094
844.676
850.769
857.216
863.818
870.288
876.303
882.033
887.47
892.559
897.237
901.444
905.127
908.245
910.768
912.676
913.966
914.649
914.759
914.315
913.273
911.615
909.336
906.45
902.98
898.962
894.444
889.481
884.135
878.464
872.507
866.205
859.534
852.867
846.441
840.43
834.977
830.196
826.167
822.936
820.507
818.841
817.86
817.456
)
;

boundaryField
{
    top
    {
        type            fixedFluxPressure;
        gradient        nonuniform List<scalar> 
102
(
1570.87
1689.67
1900.73
2189.5
2540.84
2940.27
3374.83
3833.46
4307.16
4789.06
5274.54
5761.86
6254.12
6765.19
7271.43
7761.71
8228.87
8667.12
9071.22
9436.16
9757.08
10029.2
10248.1
10409.3
10508.9
10542.7
10507.6
10406.5
10243.2
10021.8
9746.39
9421.55
9052
8642.62
8198.52
7725.1
7228.42
6716.2
6200.94
5703.65
5211.27
4721.29
4235.96
3760.46
3302.28
2871.08
2478.59
2138.41
1865.46
1675.04
1581.4
1595.79
1715.79
1929.07
2220.94
2576.08
2979.85
3419.1
3882.63
4361.34
4848.34
5339.17
5832.72
6333.81
6850.16
7359.34
7850.68
8317.06
8752.66
9152.17
9510.57
9822.98
10084.8
10291.5
10438.9
10523.2
10540.5
10489.1
10373.1
10196.4
9963.23
9677.9
9345.03
8969.4
8555.9
8109.61
7635.91
7140.95
6632.96
6126.73
5635.45
5148.16
4663.06
4182.62
3712.02
3258.67
2832.11
2443.89
2107.43
1837.47
1649.14
1556.55
)
;
        value           nonuniform List<scalar> 
102
(
843.693
846.217
850.885
857.558
866.051
876.15
887.624
900.235
913.742
927.911
942.515
957.34
972.185
986.862
1001.17
1014.93
1027.97
1040.13
1051.25
1061.21
1069.88
1077.15
1082.91
1087.1
1089.64
1090.5
1089.66
1087.13
1082.96
1077.2
1069.93
1061.25
1051.27
1040.11
1027.91
1014.84
1001.04
986.702
972.008
957.167
942.371
927.831
913.768
900.415
888.015
876.811
867.048
858.955
852.745
848.594
846.631
846.926
849.467
854.168
860.886
869.434
879.595
891.133
903.805
917.365
931.574
946.202
961.03
975.851
990.472
1004.69
1018.31
1031.18
1043.11
1053.98
1063.64
1071.96
1078.85
1084.2
1087.95
1090.04
1090.43
1089.13
1086.16
1081.56
1075.39
1067.75
1058.73
1048.45
1037.04
1024.64
1011.4
997.48
983.057
968.317
953.458
938.67
924.158
910.14
896.844
884.507
873.369
863.667
855.631
849.465
845.346
843.399
)
;
    }
    bottom
    {
        type            fixedFluxPressure;
        gradient        nonuniform List<scalar> 
102
(
0
0
0
0
0
0
0
0
0
0
0
0
0
0
0
0
0
0
0
0
0
0
0
0
0
0
0
0
0
0
0
0
0
0
0
0
0
0
0
0
0
0
0
0
0
0
0
0
0
0
0
0
0
0
0
0
0
0
0
0
0
0
0
0
0
0
0
0
0
0
0
0
0
0
0
0
0
0
0
0
0
0
0
0
0
0
0
0
0
0
0
0
0
0
0
0
0
0
0
0
0
-1.64615e-14
)
;
        value           nonuniform List<scalar> 
102
(
-38.8687
-41.9431
-47.7056
-56.1116
-67.1158
-80.6827
-96.7876
-115.401
-136.46
-159.833
-185.297
-212.516
-241.019
-270.178
-299.174
-327.037
-352.784
-375.517
-394.486
-409.346
-420.292
-427.799
-432.587
-435.408
-436.862
-437.315
-436.892
-435.489
-432.764
-428.137
-420.862
-410.204
-395.657
-376.99
-354.495
-328.902
-301.117
-272.147
-242.987
-214.483
-187.288
-161.89
-138.638
-117.765
-99.4044
-83.6242
-70.4544
-59.9195
-52.0531
-46.8959
-44.4861
-44.8472
-47.9748
-53.8408
-62.4054
-73.6287
-87.4801
-103.936
-122.959
-144.469
-168.306
-194.211
-221.801
-250.545
-279.746
-308.505
-335.811
-360.68
-382.236
-399.835
-413.334
-423.049
-429.56
-433.625
-435.959
-437.083
-437.277
-436.585
-434.82
-431.552
-426.13
-417.79
-405.859
-389.928
-369.922
-346.322
-319.934
-291.678
-262.549
-233.49
-205.267
-178.466
-153.52
-130.733
-110.302
-92.3391
-76.8945
-63.9938
-53.664
-45.9436
-40.8792
-38.5126
)
;
    }
    frontAndBack
    {
        type            empty;
    }
    left_cyc
    {
        type            cyclic;
    }
    right_cyc
    {
        type            cyclic;
    }
}


// ************************************************************************* //
