/*--------------------------------*- C++ -*----------------------------------*\
| =========                 |                                                 |
| \\      /  F ield         | OpenFOAM: The Open Source CFD Toolbox           |
|  \\    /   O peration     | Version:  2.3.0                                 |
|   \\  /    A nd           | Web:      www.OpenFOAM.org                      |
|    \\/     M anipulation  |                                                 |
\*---------------------------------------------------------------------------*/
FoamFile
{
    version     2.0;
    format      ascii;
    class       volScalarField;
    location    "11000";
    object      T;
}
// * * * * * * * * * * * * * * * * * * * * * * * * * * * * * * * * * * * * * //

dimensions      [0 0 0 1 0 0 0];

internalField   nonuniform List<scalar> 
765
(
31.4904
31.6146
31.8321
32.1312
32.5023
32.9358
33.4109
33.8465
34.271
34.6795
35.0451
35.3213
35.4458
35.3644
35.1166
34.7668
34.3654
33.9437
33.5102
33.0401
32.5951
32.2089
31.8925
31.655
31.5075
31.4642
31.537
31.7097
31.9691
32.3047
32.7073
33.1631
33.6224
34.0539
34.4727
34.8648
35.1938
35.4047
35.4326
35.2625
34.9578
34.5772
34.1625
33.7338
33.2858
32.8198
32.4015
32.048
31.7687
31.5735
31.4751
23.158
23.4532
23.9673
24.6724
25.5474
26.5752
27.7334
28.9733
30.2064
31.3807
32.4161
33.1992
33.562
33.3229
32.6174
31.6292
30.4794
29.2595
28.0269
26.8289
25.766
24.8541
24.1082
23.5473
23.1973
23.0941
23.2675
23.6766
24.2888
25.0799
26.032
27.1286
28.3458
29.5814
30.7891
31.9077
32.8358
33.4404
33.5229
33.0311
32.1702
31.0891
29.8955
28.6584
27.4279
26.2998
25.3095
24.4763
23.8174
23.3557
23.1215
17.2525
17.6502
18.3396
19.2782
20.4366
21.7982
23.3524
25.0814
26.9053
28.7045
30.3016
31.5
32.0537
31.688
30.6096
29.0855
27.3151
25.4853
23.7273
22.1301
20.7235
19.5177
18.5265
17.7758
17.3045
17.1655
17.3993
17.9495
18.7674
19.8171
21.0764
22.5339
24.18
25.9636
27.7916
29.5167
30.9446
31.8674
31.9939
31.2437
29.9228
28.2549
26.436
24.6291
22.9396
21.4331
20.1223
19.0179
18.1393
17.5193
17.2033
13.5332
14.0026
14.8096
15.892
17.2065
18.7346
20.4805
22.4603
24.6111
26.7788
28.7368
30.2073
30.8732
30.4349
29.1151
27.2406
25.0973
22.9261
20.897
19.1027
17.5279
16.165
15.0267
14.1505
13.5949
13.4312
13.7072
14.3549
15.3057
16.506
17.9251
19.5566
21.4112
23.4893
25.6714
27.769
29.5277
30.6516
30.8026
29.8948
28.2697
26.2332
24.0519
21.9341
20.0153
18.3262
16.8523
15.5942
14.5767
13.8486
13.4755
11.3372
11.8809
12.8069
14.0225
15.4588
17.0855
18.9143
20.99
23.2576
25.5623
27.6609
29.2352
29.9323
29.476
28.0661
26.0542
23.7703
21.476
19.3442
17.4713
15.8045
14.3254
13.0549
12.0537
11.4106
11.2217
11.5413
12.2895
13.3703
14.7006
16.2299
17.9496
19.8896
22.0721
24.3815
26.6213
28.5092
29.7041
29.8603
28.9024
27.1594
24.9805
22.667
20.4387
18.4298
16.6553
15.0768
13.6921
12.542
11.7032
11.2709
10.0285
10.6647
11.74
13.1214
14.7016
16.4258
18.3001
20.3803
22.6218
24.8908
26.9531
28.4887
29.1538
28.7209
27.3497
25.3741
23.1265
20.8631
18.7393
16.8283
15.0757
13.4622
12.0281
10.8699
10.1175
9.89786
10.271
11.1453
12.389
13.8782
15.5301
17.3215
19.2876
21.4538
23.7293
25.9326
27.7837
28.94
29.0872
28.1666
26.4617
24.3191
22.0406
19.834
17.8104
15.9774
14.2882
12.751
11.4351
10.4575
9.95189
9.16354
9.91047
11.1668
12.7529
14.5156
16.3654
18.2874
20.3234
22.4521
24.5739
26.4828
27.8868
28.4828
28.0968
26.8474
25.0231
22.927
20.7882
18.73
16.789
14.927
13.1417
11.5044
10.1551
9.27152
9.01521
9.45223
10.4783
11.9214
13.6094
15.4184
17.2984
19.2681
21.3509
23.4924
25.5419
27.2461
28.2946
28.4251
27.5952
26.0308
24.0426
21.9055
19.7978
17.7948
15.8932
14.0618
12.3325
10.813
9.6677
9.07452
8.47968
9.3473
10.7995
12.6096
14.5788
16.5806
18.5681
20.539
22.5111
24.4227
26.1117
27.3393
27.8577
27.5222
26.4319
24.8231
22.9439
20.9775
19.0079
17.0304
15.0337
13.0522
11.1911
9.63486
8.60867
8.31173
8.81906
10.0098
11.6693
13.5778
15.5693
17.5622
19.5326
21.5019
23.4559
25.2843
26.7822
27.6956
27.8089
27.0866
25.7154
23.9494
22.0123
20.0407
18.0709
16.0779
14.0785
12.1341
10.3927
9.06586
8.37682
7.83331
8.8213
10.4568
12.4725
14.6328
16.7736
18.8085
20.7153
22.5337
24.2348
25.7038
26.7591
27.2049
26.9162
25.9804
24.5865
22.925
21.1286
19.2451
17.2458
15.1289
12.9648
10.8984
9.15002
7.98444
7.64345
8.22479
9.57359
11.4327
13.5444
15.7066
17.7961
19.7577
21.6162
23.3837
24.9899
26.2831
27.0667
27.1642
26.544
25.363
23.8199
22.0827
20.2446
18.313
16.2468
14.0899
11.9466
10.0012
8.5023
7.71501
7.12518
8.20252
9.96331
12.116
14.4078
16.652
18.729
20.5951
22.2959
23.8239
25.1053
26.0117
26.3946
26.1466
25.3445
24.1348
22.6544
20.9912
19.1667
17.1441
14.9344
12.6428
10.439
8.56076
7.29421
6.91753
7.55725
9.01796
11.011
13.2596
15.5435
17.7116
19.6732
21.4515
23.0699
24.4893
25.6063
26.2772
26.3611
25.8293
24.8124
23.458
21.8832
20.145
18.2363
16.1067
13.8351
11.5566
9.47505
7.85667
6.99413
6.28746
7.39247
9.18018
11.358
13.6785
15.952
18.0407
19.8817
21.5064
22.9129
24.0557
24.8483
25.1824
24.9661
24.2669
23.1948
21.8434
20.2683
18.4802
16.453
14.2152
11.8935
9.66385
7.7594
6.46427
6.07332
6.73487
8.22435
10.243
12.5187
14.8339
17.0272
18.9833
20.7115
22.229
23.5133
24.4976
25.0814
25.1546
24.6914
23.7989
22.5825
21.1193
19.444
17.5499
15.401
13.0987
10.7925
8.68582
7.03946
6.15107
5.2762
6.3206
7.99727
10.0393
12.2291
14.3979
16.4139
18.2028
19.7628
21.082
22.1271
22.8386
23.1372
22.9441
22.3187
21.3438
20.0842
18.5793
16.8446
14.8825
12.741
10.5448
8.45185
6.66686
5.44581
5.0726
5.70215
7.10328
8.99474
11.134
13.3303
15.4362
17.3343
19.0067
20.4481
21.637
22.5271
23.0483
23.1136
22.6998
21.8958
20.7765
19.3948
17.7781
15.935
13.8681
11.6792
9.50794
7.53415
5.98819
5.14568
4.06201
4.93783
6.3345
8.03618
9.87654
11.7316
13.5053
15.1287
16.5574
17.7601
18.7021
19.3366
19.6024
19.4308
18.8744
17.9985
16.8531
15.4752
13.8957
12.1543
10.3122
8.46014
6.71372
5.2276
4.20584
3.89024
4.42118
5.59124
7.16556
8.9538
10.8134
12.6369
14.3387
15.8668
17.1856
18.2636
19.061
19.524
19.582
19.214
18.4953
17.483
16.2203
14.7397
13.0733
11.2715
9.41049
7.59189
5.94886
4.65989
3.9514
2.62711
3.22108
4.16039
5.30096
6.54067
7.8139
9.08373
10.3102
11.4174
12.3606
13.1019
13.6012
13.8107
13.6756
13.238
12.5487
11.6494
10.5778
9.37614
8.11088
6.83726
5.58598
4.41504
3.41689
2.72552
2.50984
2.87181
3.66157
4.7175
5.91705
7.17786
8.44966
9.70825
10.8803
11.9098
12.7574
13.3848
13.7489
13.7946
13.5049
12.9392
12.1426
11.1541
10.0111
8.76177
7.49156
6.22384
5.00241
3.90133
3.03312
2.55138
0.960984
1.17715
1.51295
1.91308
2.34279
2.7886
3.26359
3.77006
4.2461
4.66169
4.99351
5.21895
5.31388
5.25268
5.05491
4.74565
4.34769
3.884
3.38245
2.89531
2.44568
2.01221
1.603
1.24779
0.997128
0.917869
1.05053
1.3355
1.70921
2.12654
2.56312
3.01659
3.51801
4.01327
4.46194
4.8387
5.12097
5.28572
5.30638
5.17515
4.92013
4.56471
4.13128
3.64347
3.13341
2.67259
2.23241
1.80873
1.4209
1.10908
0.933105
)
;

boundaryField
{
    top
    {
        type            fixedValue;
        value           uniform 0;
    }
    bottom
    {
        type            fixedValue;
        value           uniform 36.5;
    }
    frontAndBack
    {
        type            empty;
    }
    left_cyc
    {
        type            cyclic;
    }
    right_cyc
    {
        type            cyclic;
    }
}


// ************************************************************************* //
