/*--------------------------------*- C++ -*----------------------------------*\
| =========                 |                                                 |
| \\      /  F ield         | OpenFOAM: The Open Source CFD Toolbox           |
|  \\    /   O peration     | Version:  2.3.0                                 |
|   \\  /    A nd           | Web:      www.OpenFOAM.org                      |
|    \\/     M anipulation  |                                                 |
\*---------------------------------------------------------------------------*/
FoamFile
{
    version     2.0;
    format      ascii;
    class       volVectorField;
    location    "11000";
    object      U;
}
// * * * * * * * * * * * * * * * * * * * * * * * * * * * * * * * * * * * * * //

dimensions      [0 1 -1 0 0 0 0];

internalField   nonuniform List<vector> 
3060
(
(1.69477 0 -2.34647)
(4.31089 0 -2.25678)
(6.80352 0 -2.08808)
(9.09848 0 -1.83996)
(11.1238 0 -1.51335)
(12.8131 0 -1.11408)
(14.1115 0 -0.659123)
(14.9863 0 -0.184421)
(15.4406 0 0.252684)
(15.5283 0 0.589445)
(15.3428 0 0.788113)
(14.9841 0 0.858766)
(14.4994 0 0.843755)
(13.896 0 0.784028)
(13.1468 0 0.705314)
(12.2191 0 0.624168)
(11.0974 0 0.569466)
(9.78882 0 0.562776)
(8.31746 0 0.576081)
(6.75553 0 0.558513)
(5.21859 0 0.497641)
(3.81015 0 0.406624)
(2.60021 0 0.306533)
(1.60854 0 0.218767)
(0.80011 0 0.15862)
(0.101123 0 0.133631)
(-0.580684 0 0.146114)
(-1.33994 0 0.194914)
(-2.25841 0 0.274536)
(-3.38609 0 0.372264)
(-4.72132 0 0.467909)
(-6.20699 0 0.539376)
(-7.7491 0 0.571031)
(-9.23007 0 0.56325)
(-10.5586 0 0.559141)
(-11.6986 0 0.598679)
(-12.6362 0 0.671668)
(-13.3798 0 0.745641)
(-13.9576 0 0.799352)
(-14.397 0 0.80823)
(-14.6957 0 0.735247)
(-14.8151 0 0.542037)
(-14.6675 0 0.218613)
(-14.1687 0 -0.202913)
(-13.264 0 -0.664098)
(-11.9491 0 -1.10765)
(-10.256 0 -1.49628)
(-8.23948 0 -1.81166)
(-5.96678 0 -2.04689)
(-3.5114 0 -2.20029)
(-0.949624 0 -2.27164)
(1.64083 0 -2.26061)
(4.18172 0 -2.16732)
(6.59568 0 -1.99203)
(8.80695 0 -1.73508)
(10.7433 0 -1.3991)
(12.3399 0 -0.993307)
(13.547 0 -0.540401)
(14.3408 0 -0.0834931)
(14.7382 0 0.317023)
(14.805 0 0.606811)
(14.631 0 0.765098)
(14.2928 0 0.812322)
(13.8169 0 0.788182)
(13.1986 0 0.726987)
(12.405 0 0.65083)
(11.4128 0 0.583567)
(10.2202 0 0.556868)
(8.84547 0 0.567367)
(7.3368 0 0.56721)
(5.79835 0 0.523704)
(4.34508 0 0.443714)
(3.06209 0 0.345321)
(1.99271 0 0.250735)
(1.12352 0 0.178484)
(0.393812 0 0.139135)
(-0.283296 0 0.136748)
(-1.00318 0 0.171553)
(-1.85484 0 0.240139)
(-2.90382 0 0.333038)
(-4.17132 0 0.43285)
(-5.62232 0 0.517601)
(-7.17747 0 0.567934)
(-8.72564 0 0.573753)
(-10.1573 0 0.560531)
(-11.4171 0 0.579795)
(-12.4863 0 0.645072)
(-13.3636 0 0.727601)
(-14.0696 0 0.802772)
(-14.6395 0 0.853534)
(-15.0919 0 0.849793)
(-15.4103 0 0.74822)
(-15.5332 0 0.510924)
(-15.3533 0 0.141324)
(-14.788 0 -0.312333)
(-13.7967 0 -0.7865)
(-12.3878 0 -1.22896)
(-10.6012 0 -1.60958)
(-8.49571 0 -1.91517)
(-6.13984 0 -2.14172)
(-3.60628 0 -2.28895)
(-0.969577 0 -2.35723)
(1.39834 0 -3.67068)
(3.57064 0 -3.56543)
(5.67902 0 -3.37003)
(7.68974 0 -3.08967)
(9.57759 0 -2.73405)
(11.3299 0 -2.31994)
(12.9496 0 -1.874)
(14.455 0 -1.43283)
(15.8704 0 -1.03536)
(17.2079 0 -0.70503)
(18.4471 0 -0.432516)
(19.5293 0 -0.176779)
(20.3811 0 0.113182)
(20.9315 0 0.480154)
(21.1111 0 0.944433)
(20.8424 0 1.48114)
(20.0316 0 1.99584)
(18.6498 0 2.39186)
(16.7371 0 2.63443)
(14.3836 0 2.70161)
(11.7651 0 2.60296)
(9.09122 0 2.35589)
(6.54953 0 2.01927)
(4.25058 0 1.68541)
(2.19797 0 1.43859)
(0.306575 0 1.33076)
(-1.55648 0 1.38145)
(-3.53069 0 1.58073)
(-5.72164 0 1.88777)
(-8.15887 0 2.2274)
(-10.7656 0 2.50431)
(-13.3711 0 2.64443)
(-15.7686 0 2.62202)
(-17.7635 0 2.4209)
(-19.2396 0 2.05567)
(-20.1493 0 1.55471)
(-20.4949 0 0.99888)
(-20.3632 0 0.496738)
(-19.8381 0 0.0907281)
(-18.9929 0 -0.231041)
(-17.9019 0 -0.507292)
(-16.6412 0 -0.786585)
(-15.2733 0 -1.11031)
(-13.8256 0 -1.49221)
(-12.2928 0 -1.91453)
(-10.6542 0 -2.34154)
(-8.89328 0 -2.73725)
(-7.00741 0 -3.07434)
(-5.00959 0 -3.33514)
(-2.92527 0 -3.50926)
(-0.788348 0 -3.59115)
(1.36297 0 -3.57848)
(3.48948 0 -3.47159)
(5.55372 0 -3.2736)
(7.52366 0 -2.99114)
(9.37679 0 -2.63625)
(11.1041 0 -2.22905)
(12.7123 0 -1.79949)
(14.2206 0 -1.38483)
(15.6477 0 -1.01796)
(16.9914 0 -0.708967)
(18.2138 0 -0.435203)
(19.2465 0 -0.151309)
(20.0136 0 0.189974)
(20.4404 0 0.622325)
(20.4534 0 1.14625)
(19.963 0 1.69944)
(18.898 0 2.16843)
(17.2767 0 2.4921)
(15.1583 0 2.64545)
(12.6836 0 2.62269)
(10.0581 0 2.44105)
(7.48329 0 2.13853)
(5.10904 0 1.7986)
(2.98292 0 1.51451)
(1.0509 0 1.35252)
(-0.80584 0 1.34465)
(-2.72885 0 1.49289)
(-4.84225 0 1.76956)
(-7.21116 0 2.11338)
(-9.80311 0 2.43397)
(-12.4814 0 2.64467)
(-15.0491 0 2.70075)
(-17.298 0 2.58546)
(-19.0727 0 2.29911)
(-20.3034 0 1.86609)
(-20.9603 0 1.33343)
(-21.099 0 0.809706)
(-20.8123 0 0.371569)
(-20.1734 0 0.028541)
(-19.2523 0 -0.247495)
(-18.1202 0 -0.502796)
(-16.8498 0 -0.787961)
(-15.4909 0 -1.13725)
(-14.0532 0 -1.54992)
(-12.5191 0 -1.99635)
(-10.8646 0 -2.43688)
(-9.07507 0 -2.83728)
(-7.152 0 -3.17376)
(-5.11184 0 -3.43177)
(-2.98249 0 -3.60308)
(-0.799382 0 -3.68333)
(1.32809 0 -5.83843)
(3.39713 0 -5.69042)
(5.42118 0 -5.41763)
(7.37714 0 -5.03106)
(9.24765 0 -4.54884)
(11.0218 0 -3.99821)
(12.6937 0 -3.41601)
(14.2574 0 -2.84445)
(15.6998 0 -2.31827)
(16.9955 0 -1.84707)
(18.1108 0 -1.40802)
(19.0155 0 -0.958463)
(19.6922 0 -0.456982)
(20.1376 0 0.127128)
(20.3605 0 0.811981)
(20.3746 0 1.60528)
(20.1675 0 2.51497)
(19.6542 0 3.54348)
(18.6831 0 4.5722)
(17.0972 0 5.29366)
(14.8279 0 5.55245)
(12.0362 0 5.40194)
(9.02048 0 4.95845)
(6.03611 0 4.41137)
(3.19441 0 3.96549)
(0.472563 0 3.76039)
(-2.22348 0 3.85127)
(-4.99767 0 4.21027)
(-7.90455 0 4.7257)
(-10.8841 0 5.20774)
(-13.7243 0 5.44823)
(-16.124 0 5.30845)
(-17.8656 0 4.71422)
(-18.9532 0 3.73177)
(-19.535 0 2.67205)
(-19.77 0 1.71656)
(-19.767 0 0.879884)
(-19.5526 0 0.151555)
(-19.1156 0 -0.474462)
(-18.4454 0 -1.01241)
(-17.5434 0 -1.48903)
(-16.4261 0 -1.94202)
(-15.1229 0 -2.41195)
(-13.6682 0 -2.9236)
(-12.0902 0 -3.47273)
(-10.4059 0 -4.02915)
(-8.62415 0 -4.55267)
(-6.75305 0 -5.00659)
(-4.80464 0 -5.36322)
(-2.79681 0 -5.60399)
(-0.75264 0 -5.71793)
(1.30154 0 -5.70027)
(3.33848 0 -5.55173)
(5.3325 0 -5.27863)
(7.26175 0 -4.89382)
(9.10992 0 -4.41815)
(10.8663 0 -3.88191)
(12.5233 0 -3.32357)
(14.0705 0 -2.78233)
(15.488 0 -2.2828)
(16.7449 0 -1.82091)
(17.807 0 -1.36564)
(18.648 0 -0.875829)
(19.2554 0 -0.316326)
(19.6313 0 0.336338)
(19.7886 0 1.09329)
(19.7333 0 1.9605)
(19.4196 0 2.94932)
(18.7179 0 4.01614)
(17.4675 0 4.92081)
(15.5391 0 5.38907)
(12.993 0 5.4165)
(10.0873 0 5.09435)
(7.11235 0 4.58202)
(4.24093 0 4.09269)
(1.49611 0 3.79832)
(-1.19623 0 3.78762)
(-3.94287 0 4.06602)
(-6.82507 0 4.55606)
(-9.8353 0 5.09647)
(-12.82 0 5.47598)
(-15.4972 0 5.52557)
(-17.5889 0 5.14504)
(-18.995 0 4.31041)
(-19.827 0 3.25719)
(-20.2442 0 2.25728)
(-20.3869 0 1.38018)
(-20.317 0 0.616491)
(-20.0354 0 -0.0402249)
(-19.5279 0 -0.599857)
(-18.7886 0 -1.08394)
(-17.8245 0 -1.52634)
(-16.657 0 -1.97032)
(-15.3184 0 -2.45558)
(-13.8411 0 -2.9964)
(-12.2472 0 -3.57489)
(-10.5471 0 -4.15259)
(-8.74599 0 -4.68789)
(-6.85092 0 -5.14641)
(-4.87448 0 -5.50354)
(-2.83572 0 -5.74327)
(-0.759007 0 -5.85626)
(1.26992 0 -7.92858)
(3.25158 0 -7.75241)
(5.19853 0 -7.42904)
(7.09225 0 -6.97319)
(8.91714 0 -6.40703)
(10.6598 0 -5.76009)
(12.3065 0 -5.06748)
(13.8395 0 -4.36465)
(15.2337 0 -3.67808)
(16.4585 0 -3.01517)
(17.4845 0 -2.36084)
(18.2919 0 -1.6855)
(18.8719 0 -0.958304)
(19.225 0 -0.155179)
(19.3564 0 0.739721)
(19.2724 0 1.73737)
(18.9767 0 2.84759)
(18.4847 0 4.06592)
(17.8066 0 5.35909)
(16.8521 0 6.67227)
(15.3711 0 7.79033)
(13.1538 0 8.26685)
(10.2897 0 8.08823)
(7.09644 0 7.56428)
(3.83547 0 7.04754)
(0.594227 0 6.79089)
(-2.63343 0 6.8955)
(-5.8658 0 7.31132)
(-9.06032 0 7.83586)
(-12.0208 0 8.13648)
(-14.4199 0 7.86928)
(-16.0803 0 6.89824)
(-17.1264 0 5.59612)
(-17.8355 0 4.27801)
(-18.3422 0 3.02179)
(-18.6546 0 1.86522)
(-18.7532 0 0.820766)
(-18.6332 0 -0.119795)
(-18.2902 0 -0.966195)
(-17.7188 0 -1.73125)
(-16.9185 0 -2.4354)
(-15.8972 0 -3.1062)
(-14.6739 0 -3.77157)
(-13.2771 0 -4.44763)
(-11.7384 0 -5.13024)
(-10.0851 0 -5.79619)
(-8.33753 0 -6.41219)
(-6.51175 0 -6.94411)
(-4.62266 0 -7.36283)
(-2.68666 0 -7.64654)
(-0.722453 0 -7.78119)
(1.24947 0 -7.7603)
(3.20809 0 -7.58487)
(5.13329 0 -7.26338)
(7.00698 0 -6.81193)
(8.81329 0 -6.2544)
(10.5373 0 -5.62158)
(12.1623 0 -4.94813)
(13.6661 0 -4.26567)
(15.0196 0 -3.593)
(16.1914 0 -2.92848)
(17.155 0 -2.25161)
(17.8943 0 -1.53354)
(18.4043 0 -0.748228)
(18.687 0 0.12256)
(18.7482 0 1.0901)
(18.5914 0 2.16425)
(18.2244 0 3.35032)
(17.668 0 4.62732)
(16.8885 0 5.9537)
(15.7063 0 7.21419)
(13.8466 0 8.01156)
(11.2683 0 8.09895)
(8.21468 0 7.70231)
(4.99843 0 7.1783)
(1.7672 0 6.83264)
(-1.46172 0 6.82632)
(-4.7097 0 7.16864)
(-7.96714 0 7.71784)
(-11.1048 0 8.18439)
(-13.82 0 8.21072)
(-15.8353 0 7.53492)
(-17.1439 0 6.32279)
(-18.0063 0 5.00531)
(-18.6312 0 3.72817)
(-19.0727 0 2.53662)
(-19.3119 0 1.45729)
(-19.338 0 0.488252)
(-19.1473 0 -0.380876)
(-18.7333 0 -1.1618)
(-18.0915 0 -1.87243)
(-17.2236 0 -2.53902)
(-16.1413 0 -3.19321)
(-14.8675 0 -3.86203)
(-13.4328 0 -4.55474)
(-11.8668 0 -5.25801)
(-10.1926 0 -5.94184)
(-8.42632 0 -6.57013)
(-6.58135 0 -7.10896)
(-4.67151 0 -7.53071)
(-2.71318 0 -7.81526)
(-0.725619 0 -7.94984)
(1.20759 0 -9.86187)
(3.09327 0 -9.6647)
(4.9491 0 -9.30305)
(6.7581 0 -8.79329)
(8.50431 0 -8.15887)
(10.1718 0 -7.42898)
(11.7427 0 -6.63576)
(13.1952 0 -5.80919)
(14.5028 0 -4.97006)
(15.6367 0 -4.12394)
(16.5715 0 -3.26048)
(17.2906 0 -2.35958)
(17.7864 0 -1.40028)
(18.0587 0 -0.366283)
(18.1114 0 0.752489)
(17.951 0 1.96108)
(17.587 0 3.26262)
(17.0338 0 4.66064)
(16.3011 0 6.15307)
(15.3896 0 7.71129)
(14.2715 0 9.2311)
(12.7487 0 10.4811)
(10.4732 0 11.0245)
(7.49312 0 10.8624)
(4.14672 0 10.4616)
(0.666908 0 10.2228)
(-2.82102 0 10.3052)
(-6.20502 0 10.6326)
(-9.30638 0 10.8848)
(-11.8067 0 10.5754)
(-13.5089 0 9.48615)
(-14.6952 0 8.00205)
(-15.6321 0 6.4277)
(-16.3868 0 4.89492)
(-16.957 0 3.4507)
(-17.3374 0 2.10206)
(-17.5131 0 0.846317)
(-17.474 0 -0.319281)
(-17.2139 0 -1.39788)
(-16.7291 0 -2.39659)
(-16.0199 0 -3.32836)
(-15.0931 0 -4.21117)
(-13.9647 0 -5.06338)
(-12.6592 0 -5.89557)
(-11.2057 0 -6.7042)
(-9.63204 0 -7.47097)
(-7.96205 0 -8.16798)
(-6.21543 0 -8.76449)
(-4.40961 0 -9.2323)
(-2.56153 0 -9.54893)
(-0.688623 0 -9.69919)
(1.191 0 -9.67588)
(3.05902 0 -9.48011)
(4.89749 0 -9.12127)
(6.68915 0 -8.61658)
(8.41706 0 -7.99025)
(10.0634 0 -7.27158)
(11.6075 0 -6.49114)
(13.0243 0 -5.67497)
(14.2852 0 -4.83774)
(15.3618 0 -3.97884)
(16.2315 0 -3.08476)
(16.881 0 -2.13657)
(17.3054 0 -1.11735)
(17.5059 0 -0.0157386)
(17.4867 0 1.17394)
(17.255 0 2.45439)
(16.8222 0 3.8287)
(16.2027 0 5.2983)
(15.3985 0 6.85019)
(14.4087 0 8.4173)
(13.1203 0 9.83765)
(11.2137 0 10.7378)
(8.51843 0 10.8525)
(5.31502 0 10.5348)
(1.89048 0 10.2522)
(-1.60566 0 10.2581)
(-5.06392 0 10.5657)
(-8.34167 0 10.9501)
(-11.1636 0 10.9607)
(-13.2161 0 10.1938)
(-14.5973 0 8.8344)
(-15.6487 0 7.28907)
(-16.5126 0 5.74203)
(-17.1967 0 4.27385)
(-17.7004 0 2.90194)
(-18.0106 0 1.62568)
(-18.1141 0 0.441477)
(-18.0026 0 -0.653947)
(-17.6701 0 -1.66672)
(-17.1136 0 -2.60857)
(-16.3351 0 -3.49733)
(-15.3443 0 -4.35448)
(-14.1606 0 -5.19839)
(-12.8109 0 -6.03545)
(-11.3239 0 -6.85559)
(-9.72483 0 -7.6348)
(-8.03437 0 -8.3419)
(-6.26957 0 -8.94516)
(-4.44625 0 -9.41673)
(-2.58059 0 -9.73503)
(-0.689884 0 -9.88567)
(1.13818 0 -11.7041)
(2.91543 0 -11.4869)
(4.66451 0 -11.0881)
(6.36859 0 -10.5244)
(8.01085 0 -9.81918)
(9.57367 0 -9.00016)
(11.0374 0 -8.09663)
(12.3796 0 -7.13512)
(13.5751 0 -6.13442)
(14.5987 0 -5.10194)
(15.4291 0 -4.0335)
(16.052 0 -2.91727)
(16.4605 0 -1.73944)
(16.6539 0 -0.48833)
(16.635 0 0.843807)
(16.4092 0 2.26053)
(15.9846 0 3.76159)
(15.3729 0 5.3424)
(14.5892 0 6.99244)
(13.6495 0 8.69649)
(12.5599 0 10.4238)
(11.2784 0 12.0675)
(9.60458 0 13.3447)
(7.18465 0 13.8941)
(4.0939 0 13.8812)
(0.681031 0 13.7664)
(-2.76954 0 13.7755)
(-5.98261 0 13.8021)
(-8.6393 0 13.4375)
(-10.502 0 12.3412)
(-11.8576 0 10.7533)
(-12.9755 0 9.01597)
(-13.9348 0 7.28076)
(-14.7369 0 5.59226)
(-15.367 0 3.96742)
(-15.8098 0 2.41888)
(-16.0524 0 0.953214)
(-16.0866 0 -0.427479)
(-15.9071 0 -1.72448)
(-15.5112 0 -2.94276)
(-14.8997 0 -4.09111)
(-14.0791 0 -5.18076)
(-13.0629 0 -6.22198)
(-11.8719 0 -7.21875)
(-10.5314 0 -8.16481)
(-9.0674 0 -9.04305)
(-7.50375 0 -9.82869)
(-5.86165 0 -10.4939)
(-4.1601 0 -11.0123)
(-2.41697 0 -11.3619)
(-0.649796 0 -11.5276)
(1.12384 0 -11.5019)
(2.88631 0 -11.286)
(4.62005 0 -10.8895)
(6.30749 0 -10.3295)
(7.93057 0 -9.62934)
(9.46979 0 -8.81625)
(10.9033 0 -7.91767)
(12.2064 0 -6.95678)
(13.3529 0 -5.94795)
(14.3186 0 -4.89448)
(15.0842 0 -3.79017)
(15.6383 0 -2.62403)
(15.9762 0 -1.38522)
(16.0981 0 -0.0659578)
(16.0075 0 1.33769)
(15.7103 0 2.8261)
(15.2158 0 4.39616)
(14.538 0 6.03972)
(13.6926 0 7.74286)
(12.6923 0 9.48548)
(11.5248 0 11.2049)
(10.0693 0 12.7026)
(8.00279 0 13.6018)
(5.16006 0 13.8128)
(1.85588 0 13.7613)
(-1.61134 0 13.7886)
(-4.96661 0 13.9114)
(-7.91333 0 13.8191)
(-10.1107 0 13.0606)
(-11.6468 0 11.6448)
(-12.8656 0 9.95933)
(-13.9138 0 8.23269)
(-14.8127 0 6.54137)
(-15.5515 0 4.90845)
(-16.1141 0 3.34823)
(-16.486 0 1.86951)
(-16.6564 0 0.475552)
(-16.6184 0 -0.834399)
(-16.367 0 -2.06499)
(-15.9002 0 -3.22508)
(-15.2202 0 -4.32719)
(-14.3358 0 -5.38509)
(-13.2633 0 -6.40912)
(-12.0255 0 -7.40053)
(-10.648 0 -8.34864)
(-9.15531 0 -9.23209)
(-7.56912 0 -10.0231)
(-5.9084 0 -10.6926)
(-4.19047 0 -11.2135)
(-2.43207 0 -11.5644)
(-0.650107 0 -11.7303)
(1.05968 0 -13.4289)
(2.71356 0 -13.1923)
(4.33933 0 -12.7572)
(5.91982 0 -12.1402)
(7.43753 0 -11.3639)
(8.87414 0 -10.4548)
(10.2099 0 -9.44002)
(11.4232 0 -8.34417)
(12.4917 0 -7.18547)
(13.3938 0 -5.97346)
(14.1119 0 -4.70902)
(14.6336 0 -3.38682)
(14.9529 0 -1.99912)
(15.0684 0 -0.538873)
(14.9825 0 0.99841)
(14.7002 0 2.61368)
(14.229 0 4.30417)
(13.579 0 6.06305)
(12.7637 0 7.87813)
(11.7981 0 9.73089)
(10.6967 0 11.5951)
(9.46537 0 13.4299)
(8.03874 0 15.1192)
(6.18975 0 16.3635)
(3.64605 0 16.9586)
(0.628535 0 17.0947)
(-2.45183 0 16.9696)
(-5.1874 0 16.4872)
(-7.24256 0 15.4055)
(-8.75947 0 13.7887)
(-10.0243 0 11.9544)
(-11.1463 0 10.0696)
(-12.1315 0 8.18642)
(-12.9663 0 6.33277)
(-13.6356 0 4.52915)
(-14.1257 0 2.79008)
(-14.4255 0 1.12445)
(-14.5276 0 -0.462825)
(-14.4268 0 -1.97028)
(-14.1211 0 -3.39972)
(-13.6115 0 -4.75553)
(-12.9038 0 -6.04317)
(-12.0098 0 -7.2664)
(-10.947 0 -8.42391)
(-9.73671 0 -9.50665)
(-8.40215 0 -10.4975)
(-6.96583 0 -11.3733)
(-5.44883 0 -12.1083)
(-3.87074 0 -12.6776)
(-2.25014 0 -13.0602)
(-0.605094 0 -13.2411)
(1.04649 0 -13.213)
(2.68676 0 -12.9772)
(4.29779 0 -12.543)
(5.86141 0 -11.9271)
(7.35882 0 -11.152)
(8.77008 0 -10.2429)
(10.0737 0 -9.22537)
(11.2468 0 -8.12125)
(12.2664 0 -6.94558)
(13.112 0 -5.70519)
(13.7676 0 -4.39972)
(14.223 0 -3.0246)
(14.4738 0 -1.57445)
(14.5199 0 -0.0454966)
(14.3643 0 1.56326)
(14.0126 0 3.2494)
(13.4732 0 5.00706)
(12.7581 0 6.82595)
(11.8816 0 8.68997)
(10.8584 0 10.5767)
(9.70098 0 12.4553)
(8.38572 0 14.2566)
(6.76017 0 15.7599)
(4.51089 0 16.6675)
(1.64277 0 17.0289)
(-1.46042 0 17.0873)
(-4.39067 0 16.8555)
(-6.74672 0 16.0908)
(-8.44806 0 14.6923)
(-9.80784 0 12.9422)
(-11.0027 0 11.093)
(-12.0688 0 9.22879)
(-12.9953 0 7.38387)
(-13.7674 0 5.58221)
(-14.3703 0 3.84067)
(-14.7913 0 2.16978)
(-15.0211 0 0.575231)
(-15.0529 0 -0.941223)
(-14.8824 0 -2.38153)
(-14.5081 0 -3.75097)
(-13.9324 0 -5.05701)
(-13.1631 0 -6.3071)
(-12.2139 0 -7.50522)
(-11.104 0 -8.64832)
(-9.85532 0 -9.72437)
(-8.49022 0 -10.7131)
(-7.02974 0 -11.5889)
(-5.49325 0 -12.3245)
(-3.89878 0 -12.8942)
(-2.26369 0 -13.2768)
(-0.605139 0 -13.4574)
(0.971969 0 -15.0228)
(2.48773 0 -14.7666)
(3.97492 0 -14.2944)
(5.416 0 -13.6228)
(6.79322 0 -12.7739)
(8.08829 0 -11.773)
(9.28217 0 -10.6464)
(10.3552 0 -9.4179)
(11.288 0 -8.10618)
(12.0624 0 -6.72326)
(12.664 0 -5.27426)
(13.0827 0 -3.75906)
(13.3132 0 -2.17483)
(13.3546 0 -0.518474)
(13.2089 0 1.21147)
(12.8811 0 3.01342)
(12.3781 0 4.88201)
(11.7096 0 6.80769)
(10.8873 0 8.77615)
(9.9251 0 10.7684)
(8.83642 0 12.7615)
(7.63527 0 14.7284)
(6.32283 0 16.6186)
(4.80944 0 18.2806)
(2.88267 0 19.4236)
(0.51918 0 19.8622)
(-1.91456 0 19.5758)
(-4.00682 0 18.5815)
(-5.62499 0 17.0062)
(-6.97819 0 15.1259)
(-8.1999 0 13.1447)
(-9.30881 0 11.1278)
(-10.2906 0 9.10422)
(-11.1322 0 7.09693)
(-11.8199 0 5.12614)
(-12.3413 0 3.20812)
(-12.6867 0 1.3546)
(-12.8486 0 -0.426682)
(-12.8221 0 -2.13159)
(-12.6052 0 -3.75897)
(-12.1986 0 -5.30938)
(-11.6074 0 -6.78352)
(-10.8411 0 -8.17997)
(-9.91427 0 -9.49292)
(-8.84484 0 -10.7105)
(-7.65282 0 -11.8146)
(-6.35874 0 -12.7824)
(-4.9827 0 -13.5893)
(-3.54416 0 -14.2111)
(-2.06198 0 -14.6277)
(-0.554697 0 -14.8243)
(0.959308 0 -14.7938)
(2.46169 0 -14.5374)
(3.93403 0 -14.0643)
(5.35775 0 -13.3908)
(6.71382 0 -12.5385)
(7.98262 0 -11.5318)
(9.14387 0 -10.3953)
(10.1771 0 -9.15063)
(11.0626 0 -7.81439)
(11.7832 0 -6.39671)
(12.3258 0 -4.90205)
(12.6819 0 -3.33099)
(12.8478 0 -1.68271)
(12.8235 0 0.0430469)
(12.6119 0 1.84445)
(12.2185 0 3.71639)
(11.6514 0 5.65012)
(10.9212 0 7.63267)
(10.0407 0 9.64661)
(9.02349 0 11.6708)
(7.88284 0 13.6818)
(6.63143 0 15.6454)
(5.22622 0 17.472)
(3.4968 0 18.9141)
(1.27987 0 19.7232)
(-1.17709 0 19.8157)
(-3.44967 0 19.1807)
(-5.24385 0 17.8717)
(-6.68687 0 16.1219)
(-7.9657 0 14.2029)
(-9.13812 0 12.2253)
(-10.194 0 10.23)
(-11.1198 0 8.24186)
(-11.9019 0 6.28306)
(-12.5268 0 4.37138)
(-12.9832 0 2.5198)
(-13.2624 0 0.736687)
(-13.3579 0 -0.973627)
(-13.2655 0 -2.6105)
(-12.9838 0 -4.17597)
(-12.5149 0 -5.67326)
(-11.8653 0 -7.10471)
(-11.0464 0 -8.46927)
(-10.0738 0 -9.76003)
(-8.96607 0 -10.9631)
(-7.74286 0 -12.0581)
(-6.42369 0 -13.0204)
(-5.02738 0 -13.8237)
(-3.57206 0 -14.4431)
(-2.07539 0 -14.858)
(-0.554896 0 -15.0536)
(0.875593 0 -16.4715)
(2.23964 0 -16.1953)
(3.57477 0 -15.6855)
(4.8634 0 -14.9585)
(6.0879 0 -14.0362)
(7.23061 0 -12.9438)
(8.27384 0 -11.707)
(9.20011 0 -10.35)
(9.99285 0 -8.8927)
(10.6374 0 -7.34952)
(11.122 0 -5.72923)
(11.4389 0 -4.03595)
(11.5843 0 -2.27093)
(11.5577 0 -0.434529)
(11.3618 0 1.47193)
(11.0016 0 3.4445)
(10.4843 0 5.47562)
(9.81926 0 7.55352)
(9.0176 0 9.66191)
(8.09253 0 11.7803)
(7.05825 0 13.8856)
(5.93035 0 15.954)
(4.73076 0 17.9537)
(3.45574 0 19.7963)
(2.02686 0 21.2288)
(0.384085 0 21.869)
(-1.3026 0 21.4728)
(-2.80601 0 20.1846)
(-4.11759 0 18.3823)
(-5.3322 0 16.3755)
(-6.47569 0 14.2883)
(-7.52735 0 12.1587)
(-8.46992 0 10.0089)
(-9.28925 0 7.86158)
(-9.97195 0 5.73818)
(-10.5064 0 3.65686)
(-10.883 0 1.63167)
(-11.0942 0 -0.327333)
(-11.1351 0 -2.21359)
(-11.0027 0 -4.02319)
(-10.6972 0 -5.75331)
(-10.2223 0 -7.40064)
(-9.58556 0 -8.9595)
(-8.79849 0 -10.4202)
(-7.8759 0 -11.7681)
(-6.83481 0 -12.9836)
(-5.69344 0 -14.0435)
(-4.47047 0 -14.9229)
(-3.18464 0 -15.5984)
(-1.85464 0 -16.0496)
(-0.499133 0 -16.2624)
(0.863207 0 -16.2294)
(2.21372 0 -15.9519)
(3.53376 0 -15.4391)
(4.80463 0 -14.7069)
(6.00763 0 -13.7768)
(7.12401 0 -12.673)
(8.13518 0 -11.4199)
(9.02313 0 -10.04)
(9.77132 0 -8.55175)
(10.3657 0 -6.96837)
(10.7959 0 -5.29833)
(11.0552 0 -3.54651)
(11.1411 0 -1.71593)
(11.0542 0 0.190457)
(10.7981 0 2.1682)
(10.3784 0 4.20982)
(9.80318 0 6.30419)
(9.08264 0 8.43616)
(8.22891 0 10.5865)
(7.25567 0 12.7332)
(6.17734 0 14.8538)
(5.01333 0 16.9249)
(3.7787 0 18.8956)
(2.42638 0 20.597)
(0.861833 0 21.6793)
(-0.838791 0 21.7939)
(-2.43038 0 20.9045)
(-3.80669 0 19.3258)
(-5.05689 0 17.4248)
(-6.23915 0 15.4015)
(-7.34369 0 13.3206)
(-8.34995 0 11.2093)
(-9.24309 0 9.09115)
(-10.0091 0 6.98892)
(-10.6353 0 4.922)
(-11.1109 0 2.90546)
(-11.4273 0 0.949909)
(-11.5778 0 -0.938131)
(-11.558 0 -2.75556)
(-11.3661 0 -4.50146)
(-11.0033 0 -6.17542)
(-10.4744 0 -7.77561)
(-9.78846 0 -9.29679)
(-8.95802 0 -10.7287)
(-7.99837 0 -12.0554)
(-6.92645 0 -13.2555)
(-5.75983 0 -14.3044)
(-4.51621 0 -15.1761)
(-3.21325 0 -15.8461)
(-1.86853 0 -16.2939)
(-0.499692 0 -16.5048)
(0.771403 0 -17.7621)
(1.97163 0 -17.4658)
(3.14315 0 -16.9182)
(4.26866 0 -16.136)
(5.33114 0 -15.1411)
(6.31401 0 -13.959)
(7.20123 0 -12.616)
(7.97761 0 -11.137)
(8.62937 0 -9.54353)
(9.14481 0 -7.85249)
(9.51504 0 -6.07587)
(9.73442 0 -4.22134)
(9.80071 0 -2.29359)
(9.71472 0 -0.296022)
(9.47994 0 1.76748)
(9.10213 0 3.89078)
(8.58906 0 6.06428)
(7.95042 0 8.27429)
(7.19783 0 10.5026)
(6.345 0 12.7268)
(5.40798 0 14.9214)
(4.40619 0 17.0591)
(3.36846 0 19.107)
(2.33057 0 20.9882)
(1.30147 0 22.4799)
(0.261784 0 23.169)
(-0.783107 0 22.7465)
(-1.81579 0 21.3937)
(-2.84984 0 19.5456)
(-3.88771 0 17.4917)
(-4.89762 0 15.3379)
(-5.84631 0 13.1206)
(-6.71245 0 10.8657)
(-7.47929 0 8.59878)
(-8.13262 0 6.34318)
(-8.66038 0 4.11904)
(-9.05253 0 1.9424)
(-9.30099 0 -0.17462)
(-9.39977 0 -2.22319)
(-9.34517 0 -4.19685)
(-9.13612 0 -6.08979)
(-8.77466 0 -7.89522)
(-8.2662 0 -9.60387)
(-7.61957 0 -11.2027)
(-6.84659 0 -12.6743)
(-5.96148 0 -13.9971)
(-4.98009 0 -15.1468)
(-3.91933 0 -16.0981)
(-2.79682 0 -16.827)
(-1.6306 0 -17.3132)
(-0.439046 0 -17.5422)
(0.75932 0 -17.5067)
(1.94592 0 -17.208)
(3.10225 0 -16.6552)
(4.21001 0 -15.8647)
(5.25126 0 -14.8579)
(6.20854 0 -13.6594)
(7.06517 0 -12.2945)
(7.80568 0 -10.7869)
(8.4164 0 -9.15707)
(8.88626 0 -7.42131)
(9.20732 0 -5.59154)
(9.37509 0 -3.67624)
(9.38841 0 -1.68178)
(9.24907 0 0.386019)
(8.96144 0 2.52023)
(8.53208 0 4.71119)
(7.96961 0 6.94575)
(7.2846 0 9.20673)
(6.48965 0 11.473)
(5.59964 0 13.7205)
(4.63212 0 15.9234)
(3.61092 0 18.0552)
(2.57213 0 20.0695)
(1.5404 0 21.8225)
(0.504741 0 22.967)
(-0.540858 0 23.0862)
(-1.57627 0 22.1375)
(-2.60621 0 20.5064)
(-3.64656 0 18.5668)
(-4.67821 0 16.4901)
(-5.66478 0 14.3341)
(-6.58082 0 12.1287)
(-7.40806 0 9.90078)
(-8.13113 0 7.67513)
(-8.73691 0 5.47313)
(-9.2143 0 3.31174)
(-9.55412 0 1.20354)
(-9.74914 0 -0.84291)
(-9.79417 0 -2.82221)
(-9.68641 0 -4.73078)
(-9.42584 0 -6.56502)
(-9.01561 0 -8.31959)
(-8.46225 0 -9.98575)
(-7.77549 0 -11.5502)
(-6.96765 0 -12.9948)
(-6.05298 0 -14.2968)
(-5.04693 0 -15.4307)
(-3.96571 0 -16.3703)
(-2.82604 0 -17.0908)
(-1.64502 0 -17.5716)
(-0.440015 0 -17.7978)
(0.660308 0 -18.8832)
(1.68615 0 -18.5671)
(2.68421 0 -17.9825)
(3.63793 0 -17.1465)
(4.53135 0 -16.0816)
(5.3493 0 -14.8139)
(6.07761 0 -13.3707)
(6.70343 0 -11.7782)
(7.2156 0 -10.06)
(7.60518 0 -8.23523)
(7.86582 0 -6.31887)
(7.9941 0 -4.32165)
(7.98951 0 -2.25125)
(7.8543 0 -0.113792)
(7.59316 0 2.08448)
(7.2129 0 4.33531)
(6.7223 0 6.62723)
(6.13198 0 8.94459)
(5.4546 0 11.2671)
(4.70518 0 13.5697)
(3.90201 0 15.8232)
(3.06827 0 17.9938)
(2.23691 0 20.0382)
(1.45512 0 21.8735)
(0.766165 0 23.2955)
(0.169123 0 23.9419)
(-0.412122 0 23.544)
(-1.06978 0 22.2585)
(-1.82634 0 20.4658)
(-2.64612 0 18.4257)
(-3.4787 0 16.2456)
(-4.28616 0 13.9729)
(-5.04302 0 11.6416)
(-5.72981 0 9.28156)
(-6.33072 0 6.91915)
(-6.83256 0 4.57669)
(-7.22424 0 2.27223)
(-7.49664 0 0.0198725)
(-7.6426 0 -2.16944)
(-7.65713 0 -4.28686)
(-7.53771 0 -6.32385)
(-7.28457 0 -8.27061)
(-6.90097 0 -10.1147)
(-6.39317 0 -11.8399)
(-5.77029 0 -13.4263)
(-5.04385 0 -14.8502)
(-4.22732 0 -16.0857)
(-3.33567 0 -17.1062)
(-2.385 0 -17.8871)
(-1.39228 0 -18.4074)
(-0.375067 0 -18.6523)
(0.648744 0 -18.6144)
(1.66116 0 -18.2949)
(2.64434 0 -17.7032)
(3.58087 0 -16.856)
(4.45399 0 -15.7754)
(5.24786 0 -14.487)
(5.94786 0 -13.0171)
(6.54101 0 -11.3913)
(7.01638 0 -9.6324)
(7.36558 0 -7.75933)
(7.58313 0 -5.78719)
(7.66661 0 -3.72762)
(7.61654 0 -1.58994)
(7.43614 0 0.617389)
(7.131 0 2.88513)
(6.70883 0 5.20156)
(6.17929 0 7.55155)
(5.55399 0 9.9159)
(4.84676 0 12.2711)
(4.07428 0 14.5899)
(3.25726 0 16.8413)
(2.42378 0 18.9896)
(1.61604 0 20.9783)
(0.884238 0 22.6681)
(0.252862 0 23.7513)
(-0.321963 0 23.8646)
(-0.939205 0 22.9715)
(-1.6556 0 21.4079)
(-2.45567 0 19.503)
(-3.29169 0 17.419)
(-4.11983 0 15.2222)
(-4.91051 0 12.9522)
(-5.6421 0 10.6412)
(-6.29733 0 8.31763)
(-6.86185 0 6.00508)
(-7.32358 0 3.72262)
(-7.67241 0 1.48471)
(-7.90007 0 -0.698115)
(-8.00029 0 -2.81831)
(-7.96903 0 -4.86982)
(-7.80475 0 -6.84626)
(-7.50874 0 -8.73925)
(-7.08522 0 -10.537)
(-6.54128 0 -12.2234)
(-5.88652 0 -13.7779)
(-5.13259 0 -15.1763)
(-4.29274 0 -16.3917)
(-3.38144 0 -17.397)
(-2.4141 0 -18.1669)
(-1.40685 0 -18.68)
(-0.376387 0 -18.9212)
(0.54315 0 -19.8247)
(1.3854 0 -19.4897)
(2.20162 0 -18.87)
(2.97648 0 -17.9831)
(3.69548 0 -16.8525)
(4.34517 0 -15.5053)
(4.91342 0 -13.9702)
(5.3897 0 -12.275)
(5.76535 0 -10.4453)
(6.03393 0 -8.50274)
(6.19146 0 -6.46482)
(6.23661 0 -4.34505)
(6.17064 0 -2.15382)
(5.99732 0 0.100309)
(5.72266 0 2.40886)
(5.35474 0 4.76159)
(4.90346 0 7.14514)
(4.38057 0 9.54189)
(3.79989 0 11.9293)
(3.17777 0 14.2792)
(2.53408 0 16.558)
(1.89387 0 18.7246)
(1.29066 0 20.7249)
(0.76957 0 22.4674)
(0.374229 0 23.7691)
(0.0994629 0 24.3421)
(-0.154418 0 23.9855)
(-0.508219 0 22.8159)
(-0.994703 0 21.1286)
(-1.57738 0 19.1454)
(-2.20764 0 16.9776)
(-2.84792 0 14.6847)
(-3.4709 0 12.3092)
(-4.05535 0 9.88636)
(-4.58401 0 7.44586)
(-5.0424 0 5.01251)
(-5.41826 0 2.60644)
(-5.70122 0 0.243712)
(-5.88281 0 -2.06273)
(-5.95664 0 -4.30176)
(-5.91861 0 -6.46237)
(-5.76715 0 -8.532)
(-5.5034 0 -10.4953)
(-5.13128 0 -12.3334)
(-4.65736 0 -14.0236)
(-4.09062 0 -15.5401)
(-3.44215 0 -16.8551)
(-2.72479 0 -17.9405)
(-1.95285 0 -18.7704)
(-1.14175 0 -19.3232)
(-0.307747 0 -19.5832)
(0.532438 0 -19.543)
(1.36195 0 -19.2036)
(2.16415 0 -18.575)
(2.92298 0 -17.6744)
(3.62328 0 -16.525)
(4.2511 0 -15.1533)
(4.79404 0 -13.5877)
(5.24154 0 -11.8554)
(5.58522 0 -9.98167)
(5.81921 0 -7.98809)
(5.94033 0 -5.89259)
(5.94817 0 -3.70968)
(5.845 0 -1.45134)
(5.63555 0 0.871538)
(5.32681 0 3.2475)
(4.92776 0 5.66285)
(4.44926 0 8.10051)
(3.90416 0 10.5391)
(3.30759 0 12.9526)
(2.67774 0 15.3096)
(2.0372 0 17.5736)
(1.41557 0 19.6989)
(0.853839 0 21.6169)
(0.40113 0 23.1923)
(0.0818187 0 24.1706)
(-0.163962 0 24.2745)
(-0.465204 0 23.4766)
(-0.896978 0 22.0311)
(-1.44495 0 20.2061)
(-2.062 0 18.1542)
(-2.70594 0 15.9526)
(-3.34597 0 13.6508)
(-3.95864 0 11.2875)
(-4.52518 0 8.89479)
(-5.02996 0 6.49932)
(-5.45977 0 4.12226)
(-5.80336 0 1.78)
(-6.05129 0 -0.51505)
(-6.19605 0 -2.75327)
(-6.23221 0 -4.92634)
(-6.15665 0 -7.02534)
(-5.9688 0 -9.03915)
(-5.67072 0 -10.9533)
(-5.26707 0 -12.749)
(-4.76493 0 -14.4035)
(-4.1735 0 -15.8906)
(-3.50377 0 -17.1819)
(-2.76825 0 -18.249)
(-1.98071 0 -19.0655)
(-1.15589 0 -19.6093)
(-0.309294 0 -19.865)
(0.420672 0 -20.5779)
(1.07131 0 -20.2256)
(1.69853 0 -19.5736)
(2.2887 0 -18.6404)
(2.82916 0 -17.4503)
(3.30849 0 -16.0319)
(3.71673 0 -14.4152)
(4.04564 0 -12.6302)
(4.28893 0 -10.7042)
(4.44246 0 -8.66137)
(4.50438 0 -6.52157)
(4.47527 0 -4.30084)
(4.35807 0 -2.01198)
(4.15799 0 0.334168)
(3.88236 0 2.72703)
(3.54039 0 5.15449)
(3.14306 0 7.60137)
(2.70308 0 10.0481)
(2.2351 0 12.4698)
(1.75617 0 14.8355)
(1.28645 0 17.1072)
(0.850417 0 19.2378)
(0.4785 0 21.1652)
(0.207285 0 22.7947)
(0.0672679 0 23.9674)
(0.0426363 0 24.4666)
(0.0371271 0 24.1513)
(-0.0627383 0 23.1033)
(-0.296956 0 21.5386)
(-0.642657 0 19.6397)
(-1.06171 0 17.5162)
(-1.52109 0 15.2361)
(-1.99447 0 12.849)
(-2.46045 0 10.3946)
(-2.90112 0 7.90617)
(-3.30114 0 5.41092)
(-3.64723 0 2.93102)
(-3.92792 0 0.484407)
(-4.13354 0 -1.91404)
(-4.25633 0 -4.25108)
(-4.29068 0 -6.51336)
(-4.23332 0 -8.68584)
(-4.08345 0 -10.7506)
(-3.84281 0 -12.686)
(-3.51564 0 -14.467)
(-3.10849 0 -16.0654)
(-2.63008 0 -17.4515)
(-2.09097 0 -18.5956)
(-1.50337 0 -19.4702)
(-0.880743 0 -20.0526)
(-0.237549 0 -20.3265)
(0.411205 0 -20.2841)
(1.05036 0 -19.9266)
(1.66501 0 -19.2642)
(2.24093 0 -18.3151)
(2.76496 0 -17.1036)
(3.22529 0 -15.6577)
(3.61184 0 -14.0076)
(3.91644 0 -12.1825)
(4.13313 0 -10.2101)
(4.25834 0 -8.11446)
(4.29099 0 -5.91617)
(4.23257 0 -3.63231)
(4.08698 0 -1.27735)
(3.86043 0 1.13556)
(3.56122 0 3.5929)
(3.1995 0 6.07907)
(2.78724 0 8.5751)
(2.33823 0 11.0575)
(1.86843 0 13.4975)
(1.3966 0 15.8603)
(0.945287 0 18.1037)
(0.542446 0 20.1747)
(0.223033 0 21.9971)
(0.0243254 0 23.444)
(-0.0424998 0 24.3142)
(-0.0405533 0 24.4087)
(-0.0899283 0 23.7078)
(-0.266519 0 22.3921)
(-0.568457 0 20.67)
(-0.960939 0 18.6803)
(-1.40868 0 16.5062)
(-1.88303 0 14.2048)
(-2.36078 0 11.8204)
(-2.82272 0 9.38891)
(-3.2525 0 6.93964)
(-3.63601 0 4.49598)
(-3.96101 0 2.07622)
(-4.21701 0 -0.305435)
(-4.39528 0 -2.63741)
(-4.48904 0 -4.90924)
(-4.49368 0 -7.1097)
(-4.4069 0 -9.22521)
(-4.22877 0 -11.2387)
(-3.96177 0 -13.1292)
(-3.61065 0 -14.8715)
(-3.18225 0 -16.4375)
(-2.6853 0 -17.797)
(-2.13018 0 -18.9201)
(-1.52866 0 -19.7793)
(-0.89372 0 -20.3514)
(-0.239163 0 -20.6203)
(0.293521 0 -21.1352)
(0.745549 0 -20.7676)
(1.1776 0 -20.0874)
(1.57823 0 -19.1138)
(1.937 0 -17.8723)
(2.24473 0 -16.3929)
(2.4938 0 -14.7074)
(2.67825 0 -12.8473)
(2.79399 0 -10.8422)
(2.83899 0 -8.71821)
(2.8133 0 -6.49764)
(2.71916 0 -4.19875)
(2.56097 0 -1.83656)
(2.34522 0 0.576013)
(2.08029 0 3.02644)
(1.77635 0 5.50087)
(1.44509 0 7.98245)
(1.09978 0 10.4499)
(0.755323 0 12.8762)
(0.42852 0 15.2279)
(0.138473 0 17.4639)
(-0.0929336 0 19.5331)
(-0.240842 0 21.3696)
(-0.279443 0 22.8811)
(-0.193478 0 23.934)
(-0.00762421 0 24.3689)
(0.193874 0 24.0898)
(0.314751 0 23.1522)
(0.311946 0 21.7105)
(0.193119 0 19.9109)
(-0.0163464 0 17.8562)
(-0.290387 0 15.6175)
(-0.605956 0 13.2486)
(-0.943038 0 10.793)
(-1.28411 0 8.28654)
(-1.61366 0 5.75861)
(-1.91788 0 3.23322)
(-2.18456 0 0.730022)
(-2.40306 0 -1.73434)
(-2.5645 0 -4.14464)
(-2.66199 0 -6.48539)
(-2.69075 0 -8.73924)
(-2.64827 0 -10.8858)
(-2.53434 0 -12.9012)
(-2.35104 0 -14.758)
(-2.10263 0 -16.4257)
(-1.79543 0 -17.8726)
(-1.43762 0 -19.0672)
(-1.03899 0 -19.9807)
(-0.610679 0 -20.589)
(-0.164857 0 -20.8752)
(0.285709 0 -20.8309)
(0.728087 0 -20.4574)
(1.14963 0 -19.7656)
(1.5384 0 -18.7744)
(1.88359 0 -17.5093)
(2.17581 0 -16.0002)
(2.40737 0 -14.2789)
(2.57247 0 -12.3767)
(2.66742 0 -10.3236)
(2.69075 0 -8.14597)
(2.64328 0 -5.86684)
(2.52814 0 -3.50568)
(2.35069 0 -1.07922)
(2.11836 0 1.3973)
(1.84055 0 3.90841)
(1.52831 0 6.43682)
(1.19429 0 8.96178)
(0.852737 0 11.4579)
(0.519668 0 13.8942)
(0.213224 0 16.2329)
(-0.0458153 0 18.4281)
(-0.233537 0 20.4222)
(-0.323385 0 22.1373)
(-0.292226 0 23.4595)
(-0.142686 0 24.2333)
(0.0650507 0 24.3192)
(0.230061 0 23.7038)
(0.282665 0 22.512)
(0.212403 0 20.9018)
(0.0395035 0 18.9949)
(-0.209956 0 16.8749)
(-0.511874 0 14.603)
(-0.84515 0 12.2272)
(-1.19135 0 9.78651)
(-1.53421 0 7.3126)
(-1.85928 0 4.83076)
(-2.15372 0 2.36099)
(-2.40623 0 -0.0807939)
(-2.60713 0 -2.48126)
(-2.74851 0 -4.82795)
(-2.82444 0 -7.1075)
(-2.8311 0 -9.30409)
(-2.76683 0 -11.3984)
(-2.63217 0 -13.3671)
(-2.42972 0 -15.183)
(-2.16408 0 -16.8159)
(-1.84169 0 -18.234)
(-1.47061 0 -19.4056)
(-1.06038 0 -20.3019)
(-0.621741 0 -20.8989)
(-0.166367 0 -21.1794)
(0.162285 0 -21.4898)
(0.409606 0 -21.1097)
(0.641217 0 -20.4063)
(0.848269 0 -19.3998)
(1.0229 0 -18.1168)
(1.15845 0 -16.5887)
(1.24971 0 -14.8488)
(1.29299 0 -12.9304)
(1.28631 0 -10.865)
(1.2295 0 -8.68068)
(1.12426 0 -6.40175)
(0.974238 0 -4.04853)
(0.784994 0 -1.63805)
(0.563962 0 0.814848)
(0.320307 0 3.29589)
(0.0647161 0 5.78969)
(-0.190791 0 8.27795)
(-0.432954 0 10.7379)
(-0.647307 0 13.1412)
(-0.818169 0 15.4525)
(-0.928628 0 17.6289)
(-0.960677 0 19.6176)
(-0.89609 0 21.3526)
(-0.719632 0 22.7485)
(-0.428972 0 23.6954)
(-0.0542291 0 24.0769)
(0.3329 0 23.828)
(0.652854 0 22.9863)
(0.862404 0 21.6612)
(0.956964 0 19.9685)
(0.950018 0 18)
(0.859839 0 15.8259)
(0.704896 0 13.5017)
(0.502618 0 11.0728)
(0.269167 0 8.5768)
(0.0194748 0 6.04469)
(-0.23273 0 3.50191)
(-0.474953 0 0.969587)
(-0.696023 0 -1.5341)
(-0.886291 0 -3.99215)
(-1.03787 0 -6.38712)
(-1.14478 0 -8.69957)
(-1.20307 0 -10.907)
(-1.21082 0 -12.9832)
(-1.16817 0 -14.8987)
(-1.07717 0 -16.6211)
(-0.941775 0 -18.1165)
(-0.767597 0 -19.352)
(-0.561787 0 -20.2971)
(-0.33278 0 -20.9267)
(-0.0900011 0 -21.2229)
(0.156521 0 -21.1771)
(0.396587 0 -20.7906)
(0.620288 0 -20.0746)
(0.81843 0 -19.0491)
(0.982896 0 -17.741)
(1.10692 0 -16.1815)
(1.18532 0 -14.4042)
(1.21464 0 -12.4426)
(1.19333 0 -10.3284)
(1.12179 0 -8.09033)
(1.00249 0 -5.75357)
(0.839918 0 -3.33972)
(0.640586 0 -0.867574)
(0.412872 0 1.6457)
(0.166858 0 4.18295)
(-0.085913 0 6.72534)
(-0.332605 0 9.25069)
(-0.559163 0 11.7322)
(-0.750328 0 14.1371)
(-0.889597 0 16.4259)
(-0.95922 0 18.5508)
(-0.940588 0 20.4529)
(-0.816027 0 22.0569)
(-0.575121 0 23.264)
(-0.230955 0 23.9553)
(0.161289 0 24.034)
(0.518941 0 23.4905)
(0.780116 0 22.4109)
(0.925463 0 20.9139)
(0.962364 0 19.103)
(0.907439 0 17.0578)
(0.779029 0 14.8401)
(0.594886 0 12.4999)
(0.371596 0 10.078)
(0.124514 0 7.60758)
(-0.132215 0 5.11549)
(-0.385659 0 2.62317)
(-0.624147 0 0.147984)
(-0.837375 0 -2.29514)
(-1.01662 0 -4.69195)
(-1.15496 0 -7.02712)
(-1.24733 0 -9.28282)
(-1.29063 0 -11.4377)
(-1.28365 0 -13.4663)
(-1.22709 0 -15.3396)
(-1.12339 0 -17.0255)
(-0.976655 0 -18.4905)
(-0.792522 0 -19.7015)
(-0.577985 0 -20.6281)
(-0.341205 0 -21.2454)
(-0.0912424 0 -21.5356)
(0.027536 0 -21.636)
(0.0649391 0 -21.2465)
(0.0916509 0 -20.5261)
(0.101836 0 -19.4955)
(0.0905246 0 -18.1825)
(0.0538048 0 -16.6198)
(-0.0110429 0 -14.8419)
(-0.105433 0 -12.8839)
(-0.229373 0 -10.7787)
(-0.381368 0 -8.55617)
(-0.558331 0 -6.24239)
(-0.755526 0 -3.85949)
(-0.966548 0 -1.42628)
(-1.18337 0 1.0407)
(-1.39647 0 3.52569)
(-1.59506 0 6.01198)
(-1.7673 0 8.48014)
(-1.90049 0 10.9064)
(-1.98126 0 13.2615)
(-1.99575 0 15.5094)
(-1.92999 0 17.6066)
(-1.77047 0 19.5009)
(-1.50565 0 21.129)
(-1.12951 0 22.4144)
(-0.649422 0 23.2684)
(-0.0982424 0 23.6057)
(0.462771 0 23.382)
(0.967335 0 22.6231)
(1.37349 0 21.4068)
(1.66796 0 19.8237)
(1.85434 0 17.9536)
(1.94339 0 15.8628)
(1.94846 0 13.6059)
(1.88365 0 11.2288)
(1.76302 0 8.76971)
(1.60023 0 6.26052)
(1.40834 0 3.72765)
(1.19959 0 1.19332)
(0.985225 0 -1.323)
(0.77523 0 -3.8028)
(0.578109 0 -6.22691)
(0.400698 0 -8.57406)
(0.248098 0 -10.8198)
(0.123663 0 -12.9362)
(0.0290386 0 -14.8916)
(-0.0357693 0 -16.6521)
(-0.0722971 0 -18.1822)
(-0.0835129 0 -19.4472)
(-0.0736804 0 -20.4155)
(-0.0481839 0 -21.0608)
(-0.0132895 0 -21.3645)
(0.024172 0 -21.3175)
(0.0572095 0 -20.9212)
(0.0791075 0 -20.1874)
(0.0838077 0 -19.137)
(0.0662052 0 -17.7978)
(0.0223671 0 -16.2027)
(-0.050304 0 -14.3866)
(-0.152942 0 -12.3848)
(-0.285111 0 -10.2307)
(-0.444716 0 -7.95513)
(-0.627936 0 -5.58498)
(-0.829205 0 -3.14379)
(-1.04123 0 -0.652167)
(-1.2551 0 1.87103)
(-1.46044 0 4.40721)
(-1.64572 0 6.9363)
(-1.79847 0 9.43507)
(-1.90545 0 11.8757)
(-1.95285 0 14.2248)
(-1.92657 0 16.442)
(-1.81261 0 18.4793)
(-1.59804 0 20.2794)
(-1.27344 0 21.7724)
(-0.838552 0 22.8746)
(-0.313411 0 23.4959)
(0.251852 0 23.5682)
(0.788917 0 23.085)
(1.243 0 22.106)
(1.58916 0 20.7199)
(1.82475 0 19.0132)
(1.9578 0 17.0584)
(2.00062 0 14.9156)
(1.96692 0 12.6347)
(1.87072 0 10.2569)
(1.72575 0 7.81644)
(1.54523 0 5.34095)
(1.34165 0 2.85293)
(1.12658 0 0.370927)
(0.91049 0 -2.08879)
(0.70253 0 -4.51038)
(0.510292 0 -6.8768)
(0.339727 0 -9.16843)
(0.195122 0 -11.3621)
(0.0791247 0 -13.4307)
(-0.0071836 0 -15.3433)
(-0.0642013 0 -17.0664)
(-0.0937057 0 -18.5649)
(-0.0987507 0 -19.8043)
(-0.0835504 0 -20.7533)
(-0.0533301 0 -21.3856)
(-0.0141188 0 -21.6829)
(-0.110112 0 -21.5689)
(-0.286896 0 -21.1738)
(-0.468658 0 -20.4432)
(-0.657857 0 -19.3987)
(-0.85628 0 -18.0688)
(-1.06492 0 -16.4871)
(-1.2839 0 -14.6895)
(-1.51241 0 -12.7121)
(-1.74858 0 -10.5891)
(-1.98945 0 -8.35173)
(-2.2308 0 -6.0276)
(-2.46712 0 -3.64032)
(-2.69149 0 -1.2102)
(-2.89569 0 1.24478)
(-3.07025 0 3.70759)
(-3.20475 0 6.16055)
(-3.28802 0 8.58342)
(-3.30845 0 10.9519)
(-3.25427 0 13.2365)
(-3.11398 0 15.4013)
(-2.87694 0 17.4037)
(-2.53427 0 19.1934)
(-2.08063 0 20.7118)
(-1.51757 0 21.8924)
(-0.859333 0 22.6639)
(-0.139859 0 22.9641)
(0.587562 0 22.7621)
(1.26644 0 22.0756)
(1.85658 0 20.9608)
(2.33888 0 19.4878)
(2.70915 0 17.7247)
(2.97141 0 15.7319)
(3.13393 0 13.5615)
(3.20712 0 11.2583)
(3.20241 0 8.86026)
(3.13167 0 6.39939)
(3.00673 0 3.90257)
(2.83907 0 1.39271)
(2.63951 0 -1.10973)
(2.41794 0 -3.58504)
(2.18309 0 -6.0126)
(1.94228 0 -8.36957)
(1.70147 0 -10.63)
(1.46519 0 -12.7642)
(1.23667 0 -14.7393)
(1.01789 0 -16.5197)
(0.809713 0 -18.0688)
(0.611918 0 -19.3506)
(0.423332 0 -20.3325)
(0.241922 0 -20.9871)
(0.0649539 0 -21.2953)
(-0.110781 0 -21.2476)
(-0.288635 0 -20.8455)
(-0.471715 0 -20.1012)
(-0.662589 0 -19.0362)
(-0.863071 0 -17.6796)
(-1.07409 0 -16.065)
(-1.29558 0 -14.2289)
(-1.52639 0 -12.2078)
(-1.76422 0 -10.0366)
(-2.0055 0 -7.74752)
(-2.24531 0 -5.36909)
(-2.47735 0 -2.92643)
(-2.69388 0 -0.441676)
(-2.88587 0 2.06491)
(-3.04314 0 4.57359)
(-3.15466 0 7.0634)
(-3.20882 0 9.51046)
(-3.19375 0 11.8866)
(-3.09765 0 14.1583)
(-2.90928 0 16.2858)
(-2.61868 0 18.2224)
(-2.21847 0 19.9139)
(-1.70633 0 21.2976)
(-1.0897 0 22.3039)
(-0.392974 0 22.8644)
(0.33808 0 22.931)
(1.04563 0 22.4993)
(1.68066 0 21.6108)
(2.21501 0 20.3323)
(2.63856 0 18.7346)
(2.95209 0 16.8821)
(3.16213 0 14.8311)
(3.27814 0 12.6299)
(3.31109 0 10.3192)
(3.27259 0 7.9331)
(3.1744 0 5.49962)
(3.02805 0 3.04184)
(2.84454 0 0.579149)
(2.63405 0 -1.8711)
(2.40574 0 -4.29176)
(2.16748 0 -6.66433)
(1.92581 0 -8.96766)
(1.68587 0 -11.1771)
(1.45155 0 -13.264)
(1.22551 0 -15.1963)
(1.00929 0 -16.939)
(0.803479 0 -18.4559)
(0.607695 0 -19.7116)
(0.420722 0 -20.6736)
(0.24058 0 -21.3149)
(0.0646528 0 -21.6164)
(-0.249938 0 -21.2845)
(-0.644079 0 -20.888)
(-1.03687 0 -20.1551)
(-1.42709 0 -19.1079)
(-1.81309 0 -17.7755)
(-2.19281 0 -16.1921)
(-2.56371 0 -14.3944)
(-2.92276 0 -12.4192)
(-3.26637 0 -10.3016)
(-3.59025 0 -8.07395)
(-3.8893 0 -5.76473)
(-4.1575 0 -3.39881)
(-4.3878 0 -0.997705)
(-4.57211 0 1.41947)
(-4.70147 0 3.83477)
(-4.76622 0 6.22978)
(-4.75634 0 8.58388)
(-4.66171 0 10.8727)
(-4.47261 0 13.0671)
(-4.18022 0 15.1322)
(-3.77737 0 17.027)
(-3.2597 0 18.7047)
(-2.62736 0 20.1123)
(-1.88791 0 21.1931)
(-1.0604 0 21.8905)
(-0.178928 0 22.1585)
(0.709107 0 21.9755)
(1.55428 0 21.354)
(2.31815 0 20.3344)
(2.97781 0 18.9712)
(3.52309 0 17.3212)
(3.95224 0 15.4381)
(4.2687 0 13.3703)
(4.47906 0 11.1604)
(4.59187 0 8.8452)
(4.61677 0 6.45623)
(4.56393 0 4.02027)
(4.44361 0 1.56055)
(4.26575 0 -0.901866)
(4.03972 0 -3.34638)
(3.77407 0 -5.75126)
(3.4763 0 -8.09244)
(3.15288 0 -10.3427)
(2.80932 0 -12.4714)
(2.45026 0 -14.4443)
(2.07957 0 -16.2251)
(1.70046 0 -17.7762)
(1.31555 0 -19.0608)
(0.92692 0 -20.0455)
(0.536148 0 -20.7024)
(0.144351 0 -21.0118)
(-0.247689 0 -20.9639)
(-0.639299 0 -20.5603)
(-1.02962 0 -19.8135)
(-1.41742 0 -18.7456)
(-1.801 0 -17.3863)
(-2.17812 0 -15.7702)
(-2.54603 0 -13.9343)
(-2.90133 0 -11.9161)
(-3.23996 0 -9.75164)
(-3.55706 0 -7.47405)
(-3.84687 0 -5.11314)
(-4.10265 0 -2.69522)
(-4.3166 0 -0.243627)
(-4.47996 0 2.22031)
(-4.58316 0 4.67602)
(-4.61613 0 7.10201)
(-4.56861 0 9.47421)
(-4.43051 0 11.7646)
(-4.19242 0 13.9404)
(-3.84624 0 15.9631)
(-3.38607 0 17.7886)
(-2.80963 0 19.3671)
(-2.12055 0 20.6436)
(-1.33201 0 21.5612)
(-0.470982 0 22.0678)
(0.420259 0 22.1293)
(1.29139 0 21.7424)
(2.09786 0 20.9366)
(2.80977 0 19.7621)
(3.41161 0 18.2762)
(3.89815 0 16.5349)
(4.27067 0 14.5897)
(4.53446 0 12.4858)
(4.69719 0 10.2625)
(4.768 0 7.95316)
(4.75677 0 5.58551)
(4.67363 0 3.18281)
(4.52854 0 0.764936)
(4.33099 0 -1.64999)
(4.08973 0 -4.04381)
(3.81257 0 -6.39687)
(3.50627 0 -8.68683)
(3.17661 0 -10.8878)
(2.82844 0 -12.9703)
(2.46586 0 -14.9011)
(2.0923 0 -16.6444)
(1.71065 0 -18.1633)
(1.32332 0 -19.4215)
(0.932261 0 -20.3862)
(0.539 0 -21.0296)
(0.144661 0 -21.3322)
(-0.391059 0 -20.7802)
(-1.00438 0 -20.3868)
(-1.60951 0 -19.6602)
(-2.20131 0 -18.6224)
(-2.77452 0 -17.3031)
(-3.32389 0 -15.7365)
(-3.84418 0 -13.9596)
(-4.3302 0 -12.0094)
(-4.77669 0 -9.92158)
(-5.17822 0 -7.72881)
(-5.52901 0 -5.46035)
(-5.82279 0 -3.14182)
(-6.05266 0 -0.795579)
(-6.21104 0 1.55845)
(-6.28981 0 3.90172)
(-6.28049 0 6.21545)
(-6.17455 0 8.47895)
(-5.96375 0 10.6683)
(-5.6407 0 12.7551)
(-5.19943 0 14.7062)
(-4.63634 0 16.4833)
(-3.95124 0 18.0434)
(-3.1491 0 19.34)
(-2.24225 0 20.3254)
(-1.253 0 20.9549)
(-0.215206 0 21.1944)
(0.828134 0 21.0288)
(1.83268 0 20.4665)
(2.7616 0 19.5372)
(3.58953 0 18.2829)
(4.30173 0 16.7503)
(4.89155 0 14.9864)
(5.35797 0 13.0348)
(5.70386 0 10.9352)
(5.93466 0 8.7226)
(6.05753 0 6.42736)
(6.08061 0 4.07576)
(6.01255 0 1.69092)
(5.86204 0 -0.705834)
(5.63757 0 -3.09336)
(5.34711 0 -5.44917)
(4.99803 0 -7.74838)
(4.5971 0 -9.96298)
(4.15056 0 -12.0616)
(3.66431 0 -14.0095)
(3.14402 0 -15.7699)
(2.59524 0 -17.3048)
(2.02348 0 -18.5771)
(1.4342 0 -19.5531)
(0.832771 0 -20.2045)
(0.224431 0 -20.5115)
(-0.385745 0 -20.464)
(-0.992741 0 -20.0636)
(-1.59144 0 -19.323)
(-2.17656 0 -18.2648)
(-2.7427 0 -16.9189)
(-3.2844 0 -15.32)
(-3.79613 0 -13.5057)
(-4.2723 0 -11.5139)
(-4.7072 0 -9.3809)
(-5.09486 0 -7.14061)
(-5.42889 0 -4.8235)
(-5.70239 0 -2.45669)
(-5.90782 0 -0.0643502)
(-6.03705 0 2.33149)
(-6.08151 0 4.70979)
(-6.03248 0 7.04889)
(-5.88141 0 9.32489)
(-5.62036 0 11.5105)
(-5.24256 0 13.5741)
(-4.74315 0 15.4795)
(-4.12018 0 17.1859)
(-3.37598 0 18.6484)
(-2.51911 0 19.8199)
(-1.56694 0 20.6543)
(-0.547992 0 21.112)
(0.498262 0 21.1685)
(1.52688 0 20.8216)
(2.49675 0 20.0924)
(3.37712 0 19.0186)
(4.14858 0 17.6462)
(4.80104 0 16.0231)
(5.33112 0 14.1949)
(5.74006 0 12.2035)
(6.03219 0 10.0857)
(6.21394 0 7.87356)
(6.29299 0 5.59401)
(6.27771 0 3.27008)
(6.17664 0 0.921793)
(5.99819 0 -1.43229)
(5.75035 0 -3.77334)
(5.44052 0 -6.08087)
(5.07542 0 -8.33171)
(4.66118 0 -10.4993)
(4.20347 0 -12.5533)
(3.70765 0 -14.4602)
(3.17896 0 -16.1838)
(2.62262 0 -17.687)
(2.04385 0 -18.9332)
(1.44792 0 -19.8892)
(0.84006 0 -20.5273)
(0.225401 0 -20.8275)
(-0.53238 0 -20.0547)
(-1.36503 0 -19.6695)
(-2.18229 0 -18.9582)
(-2.9749 0 -17.9428)
(-3.73387 0 -16.6529)
(-4.4507 0 -15.1225)
(-5.11744 0 -13.3881)
(-5.72674 0 -11.4867)
(-6.27177 0 -9.45364)
(-6.74609 0 -7.32164)
(-7.1434 0 -5.12016)
(-7.45742 0 -2.87516)
(-7.68164 0 -0.609439)
(-7.80928 0 1.65663)
(-7.83338 0 3.90424)
(-7.74694 0 6.11455)
(-7.54323 0 8.26718)
(-7.21616 0 10.3389)
(-6.76086 0 12.3028)
(-6.17439 0 14.1279)
(-5.45658 0 15.7789)
(-4.61119 0 17.2174)
(-3.64732 0 18.4033)
(-2.58107 0 19.2969)
(-1.43701 0 19.8634)
(-0.248478 0 20.0773)
(0.94481 0 19.9276)
(2.10227 0 19.4205)
(3.1885 0 18.5775)
(4.17655 0 17.431)
(5.04818 0 16.0192)
(5.7926 0 14.3819)
(6.40475 0 12.558)
(6.88384 0 10.5837)
(7.23216 0 8.49158)
(7.45417 0 6.31032)
(7.55574 0 4.06528)
(7.54359 0 1.77913)
(7.42485 0 -0.526871)
(7.20679 0 -2.83145)
(6.89654 0 -5.11173)
(6.50107 0 -7.34244)
(6.02719 0 -9.49525)
(5.48175 0 -11.5386)
(4.87175 0 -13.4378)
(4.20458 0 -15.1561)
(3.48813 0 -16.6557)
(2.73081 0 -17.8998)
(1.94154 0 -18.8548)
(1.12963 0 -19.4926)
(0.304603 0 -19.7933)
(-0.523937 0 -19.7467)
(-1.3464 0 -19.3546)
(-2.15318 0 -18.6297)
(-2.93481 0 -17.5944)
(-3.68205 0 -16.2785)
(-4.38612 0 -14.7168)
(-5.03874 0 -12.9464)
(-5.63217 0 -11.005)
(-6.15913 0 -8.92908)
(-6.61267 0 -6.75236)
(-6.98597 0 -4.50561)
(-7.27219 0 -2.21629)
(-7.46432 0 0.0910381)
(-7.55517 0 2.394)
(-7.5375 0 4.67148)
(-7.40426 0 6.90195)
(-7.14889 0 9.06213)
(-6.76583 0 11.1258)
(-6.25115 0 13.0632)
(-5.60327 0 14.8408)
(-4.824 0 16.4215)
(-3.91979 0 17.766)
(-2.90328 0 18.8345)
(-1.79495 0 19.5901)
(-0.62415 0 20.0026)
(0.571851 0 20.0543)
(1.75206 0 19.7438)
(2.87805 0 19.0863)
(3.91874 0 18.1102)
(4.85193 0 16.8523)
(5.66358 0 15.3524)
(6.34616 0 13.6507)
(6.89712 0 11.7848)
(7.31744 0 9.78868)
(7.6107 0 7.69239)
(7.78213 0 5.52177)
(7.83805 0 3.29918)
(7.78531 0 1.04446)
(7.6309 0 -1.22369)
(7.38176 0 -3.48615)
(7.04459 0 -5.72195)
(6.62583 0 -7.9075)
(6.13174 0 -10.0159)
(5.56865 0 -12.0168)
(4.94309 0 -13.8766)
(4.26202 0 -15.5593)
(3.53296 0 -17.0281)
(2.764 0 -18.2468)
(1.96381 0 -19.1823)
(1.14144 0 -19.807)
(0.306247 0 -20.1011)
(-0.672565 0 -19.1089)
(-1.72266 0 -18.7369)
(-2.74995 0 -18.0503)
(-3.74095 0 -17.0708)
(-4.68289 0 -15.8273)
(-5.56399 0 -14.3529)
(-6.37359 0 -12.6835)
(-7.10223 0 -10.8551)
(-7.74159 0 -8.90224)
(-8.28428 0 -6.85718)
(-8.72365 0 -4.74902)
(-9.05353 0 -2.60358)
(-9.26803 0 -0.443702)
(-9.3614 0 1.71021)
(-9.32807 0 3.8394)
(-9.16276 0 5.92532)
(-8.86077 0 7.9482)
(-8.41837 0 9.88593)
(-7.83336 0 11.7133)
(-7.10585 0 13.4019)
(-6.23905 0 14.9201)
(-5.24033 0 16.2341)
(-4.12239 0 17.3098)
(-2.90427 0 18.115)
(-1.61211 0 18.6222)
(-0.278617 0 18.8126)
(1.05901 0 18.678)
(2.36303 0 18.2228)
(3.59926 0 17.4629)
(4.73976 0 16.4231)
(5.76362 0 15.1343)
(6.65653 0 13.6298)
(7.40977 0 11.9436)
(8.01903 0 10.1078)
(8.48344 0 8.1523)
(8.80462 0 6.10381)
(8.98598 0 3.98635)
(9.0321 0 1.82181)
(8.94829 0 -0.369021)
(8.74035 0 -2.56504)
(8.41436 0 -4.74345)
(7.97667 0 -6.87904)
(7.43398 0 -8.94366)
(6.79358 0 -10.9061)
(6.06352 0 -12.7324)
(5.25285 0 -14.3863)
(4.37171 0 -15.831)
(3.43144 0 -17.0305)
(2.44445 0 -17.9519)
(1.42404 0 -18.5676)
(0.384137 0 -18.8579)
(-0.661011 0 -18.8129)
(-1.69709 0 -18.4343)
(-2.70991 0 -17.7346)
(-3.68568 0 -16.736)
(-4.61131 0 -15.4675)
(-5.47467 0 -13.9633)
(-6.26473 0 -12.2597)
(-6.97165 0 -10.3935)
(-7.58665 0 -8.40041)
(-8.10192 0 -6.31377)
(-8.51033 0 -4.16397)
(-8.8053 0 -1.97834)
(-8.98055 0 0.218641)
(-9.03006 0 2.40468)
(-8.94817 0 4.5589)
(-8.72972 0 6.6603)
(-8.37039 0 8.6865)
(-7.86719 0 10.6128)
(-7.21909 0 12.4116)
(-6.42779 0 14.0524)
(-5.49867 0 15.5024)
(-4.44186 0 16.7276)
(-3.27334 0 17.695)
(-2.01593 0 18.3751)
(-0.699384 0 18.7452)
(0.64082 0 18.7923)
(1.96664 0 18.5154)
(3.24178 0 17.9256)
(4.43514 0 17.0446)
(5.52253 0 15.9014)
(6.48668 0 14.5288)
(7.31645 0 12.9614)
(8.0057 0 11.2322)
(8.55213 0 9.37218)
(8.95635 0 7.4089)
(9.22102 0 5.36668)
(9.35019 0 3.26692)
(9.34876 0 1.12895)
(9.22209 0 -1.02874)
(8.97582 0 -3.18703)
(8.61572 0 -5.32494)
(8.14776 0 -7.41886)
(7.5782 0 -9.44208)
(6.91389 0 -11.3646)
(6.16243 0 -13.1535)
(5.33246 0 -14.7737)
(4.43376 0 -16.1889)
(3.4773 0 -17.364)
(2.47516 0 -18.2667)
(1.44033 0 -18.8697)
(0.386439 0 -19.1536)
(-0.810025 0 -17.9456)
(-2.07326 0 -17.5921)
(-3.30621 0 -16.9399)
(-4.49118 0 -16.0099)
(-5.61162 0 -14.8298)
(-6.6525 0 -13.4317)
(-7.60049 0 -11.8499)
(-8.44409 0 -10.1187)
(-9.1735 0 -8.27159)
(-9.78048 0 -6.33959)
(-10.2581 0 -4.35092)
(-10.6004 0 -2.33077)
(-10.8023 0 -0.301554)
(-10.8592 0 1.71668)
(-10.7671 0 3.70562)
(-10.5226 0 5.64727)
(-10.1232 0 7.5228)
(-9.56759 0 9.31152)
(-8.85643 0 10.9903)
(-7.99282 0 12.5335)
(-6.98325 0 13.9133)
(-5.8384 0 15.1007)
(-4.57402 0 16.0671)
(-3.21149 0 16.7865)
(-1.77799 0 17.2376)
(-0.305592 0 17.4061)
(1.17046 0 17.2859)
(2.61455 0 16.8801)
(3.99356 0 16.2007)
(5.27894 0 15.2666)
(6.44771 0 14.1023)
(7.48263 0 12.7357)
(8.37164 0 11.1955)
(9.10712 0 9.51008)
(9.68505 0 7.70601)
(10.1042 0 5.8078)
(10.3653 0 3.83781)
(10.4706 0 1.81683)
(10.4236 0 -0.235119)
(10.2284 0 -2.29751)
(9.88975 0 -4.34804)
(9.41335 0 -6.36206)
(8.80566 0 -8.31216)
(8.07433 0 -10.1681)
(7.22837 0 -11.897)
(6.27843 0 -13.4642)
(5.23689 0 -14.8342)
(4.11796 0 -15.9725)
(2.93749 0 -16.8474)
(1.71277 0 -17.4323)
(0.462153 0 -17.7082)
(-0.795456 0 -17.6655)
(-2.04099 0 -17.3056)
(-3.25564 0 -16.641)
(-4.4213 0 -15.6929)
(-5.52103 0 -14.4895)
(-6.53939 0 -13.0633)
(-7.46267 0 -11.4494)
(-8.27894 0 -9.68312)
(-8.97801 0 -7.79881)
(-9.55127 0 -5.82868)
(-9.99139 0 -3.80222)
(-10.2921 0 -1.74607)
(-10.4481 0 0.315805)
(-10.4546 0 2.36164)
(-10.3078 0 4.37116)
(-10.0045 0 6.32419)
(-9.54282 0 8.19962)
(-8.9224 0 9.97451)
(-8.14519 0 11.6238)
(-7.21612 0 13.1203)
(-6.1439 0 14.4355)
(-4.94192 0 15.5406)
(-3.62895 0 16.4085)
(-2.22949 0 17.016)
(-0.773475 0 17.3458)
(0.70505 0 17.3882)
(2.17028 0 17.1427)
(3.58758 0 16.6177)
(4.92606 0 15.8294)
(6.16006 0 14.8007)
(7.26975 0 13.5585)
(8.24081 0 12.1317)
(9.06376 0 10.5491)
(9.73313 0 8.83805)
(10.2465 0 7.02352)
(10.6039 0 5.12795)
(10.807 0 3.17145)
(10.8585 0 1.17257)
(10.7619 0 -0.850748)
(10.5216 0 -2.87978)
(10.1421 0 -4.89389)
(9.62879 0 -6.86998)
(8.9879 0 -8.78202)
(8.22666 0 -10.601)
(7.35372 0 -12.2951)
(6.37933 0 -13.8306)
(5.31548 0 -15.173)
(4.17598 0 -16.2882)
(2.97631 0 -17.1453)
(1.73335 0 -17.7183)
(0.465068 0 -17.9882)
(-0.942925 0 -16.5705)
(-2.41217 0 -16.2407)
(-3.84377 0 -15.6324)
(-5.21592 0 -14.7654)
(-6.50838 0 -13.6659)
(-7.70293 0 -12.364)
(-8.78368 0 -10.8919)
(-9.73713 0 -9.28209)
(-10.5521 0 -7.56584)
(-11.2195 0 -5.77258)
(-11.7321 0 -3.92906)
(-12.0844 0 -2.05935)
(-12.272 0 -0.184908)
(-12.2916 0 1.67499)
(-12.1409 0 3.50278)
(-11.8184 0 5.2814)
(-11.3239 0 6.9932)
(-10.6588 0 8.61918)
(-9.82637 0 10.1386)
(-8.83276 0 11.5287)
(-7.68752 0 12.7656)
(-6.40431 0 13.8248)
(-5.00147 0 14.6828)
(-3.5022 0 15.3188)
(-1.93435 0 15.7162)
(-0.329466 0 15.864)
(1.2787 0 15.7577)
(2.85612 0 15.3995)
(4.3705 0 14.7984)
(5.79292 0 13.9689)
(7.09882 0 12.9305)
(8.2685 0 11.7059)
(9.28696 0 10.319)
(10.1435 0 8.79439)
(10.831 0 7.15527)
(11.3453 0 5.42362)
(11.6846 0 3.6199)
(11.8487 0 1.76345)
(11.839 0 -0.126757)
(11.6579 0 -2.03117)
(11.3088 0 -3.92842)
(10.7967 0 -5.79494)
(10.1276 0 -7.60465)
(9.30966 0 -9.32883)
(8.35271 0 -10.9365)
(7.26894 0 -12.3948)
(6.07292 0 -13.6705)
(4.78162 0 -14.7311)
(3.41427 0 -15.5467)
(1.99206 0 -16.0922)
(0.537625 0 -16.3496)
(-0.92551 0 -16.3098)
(-2.37361 0 -15.9741)
(-3.78333 0 -15.3543)
(-5.13235 0 -14.4706)
(-6.39997 0 -13.3494)
(-7.56755 0 -12.0217)
(-8.61873 0 -10.5201)
(-9.53961 0 -8.87814)
(-10.3186 0 -7.12808)
(-10.9464 0 -5.3004)
(-11.4154 0 -3.42311)
(-11.72 0 -1.52161)
(-11.8555 0 0.381161)
(-11.8188 0 2.26441)
(-11.6078 0 4.10879)
(-11.2215 0 5.89531)
(-10.6605 0 7.60438)
(-9.92717 0 9.21516)
(-9.02636 0 10.7053)
(-7.9661 0 12.0511)
(-6.75821 0 13.2281)
(-5.41892 0 14.2125)
(-3.96924 0 14.9824)
(-2.43497 0 15.5195)
(-0.846084 0 15.8106)
(0.764493 0 15.8484)
(2.36259 0 15.6327)
(3.91488 0 15.1697)
(5.39068 0 14.472)
(6.76332 0 13.5576)
(8.0109 0 12.4481)
(9.1164 0 11.1673)
(10.0673 0 9.73988)
(10.8551 0 8.18942)
(11.4743 0 6.53811)
(11.9224 0 4.80625)
(12.1984 0 3.0124)
(12.3029 0 1.174)
(12.2375 0 -0.691841)
(12.005 0 -2.56717)
(11.6088 0 -4.43216)
(11.0536 0 -6.26469)
(10.3454 0 -8.03995)
(9.49196 0 -9.73045)
(8.5028 0 -11.3062)
(7.38975 0 -12.7354)
(6.16697 0 -13.9856)
(4.85101 0 -15.0249)
(3.46065 0 -15.824)
(2.01662 0 -16.3584)
(0.541087 0 -16.6103)
(-1.06923 0 -14.9922)
(-2.73422 0 -14.6912)
(-4.35453 0 -14.136)
(-5.90438 0 -13.3452)
(-7.36001 0 -12.3428)
(-8.70022 0 -11.1564)
(-9.90663 0 -9.81562)
(-10.9638 0 -8.35028)
(-11.8593 0 -6.78922)
(-12.5832 0 -5.15951)
(-13.1281 0 -3.48594)
(-13.4887 0 -1.79087)
(-13.6615 0 -0.0943605)
(-13.6445 0 1.58554)
(-13.4369 0 3.2324)
(-13.0395 0 4.83032)
(-12.4542 0 6.36318)
(-11.6849 0 7.8139)
(-10.7377 0 9.1642)
(-9.6216 0 10.3946)
(-8.34897 0 11.4847)
(-6.93608 0 12.4145)
(-5.40339 0 13.1648)
(-3.77552 0 13.7192)
(-2.0808 0 14.0647)
(-0.350356 0 14.1929)
(1.38309 0 14.1001)
(3.0866 0 13.7881)
(4.72848 0 13.2637)
(6.27953 0 12.5381)
(7.71398 0 11.6266)
(9.01012 0 10.5475)
(10.1504 0 9.32046)
(11.1213 0 7.966)
(11.9127 0 6.50417)
(12.5178 0 4.9542)
(12.932 0 3.3344)
(13.1528 0 1.66239)
(13.1795 0 -0.044257)
(13.0127 0 -1.76731)
(12.6546 0 -3.48683)
(12.1093 0 -5.18085)
(11.3826 0 -6.82514)
(10.4829 0 -8.39315)
(9.42087 0 -9.85627)
(8.21023 0 -11.1844)
(6.8676 0 -12.3468)
(5.41258 0 -13.3138)
(3.86764 0 -14.0577)
(2.25765 0 -14.5556)
(0.609403 0 -14.7905)
(-1.0492 0 -14.7541)
(-2.68992 0 -14.4477)
(-4.28508 0 -13.8822)
(-5.80833 0 -13.0762)
(-7.23539 0 -12.0542)
(-8.54454 0 -10.8445)
(-9.71694 0 -9.47729)
(-10.7368 0 -7.98319)
(-11.5912 0 -6.392)
(-12.2701 0 -4.73184)
(-12.7658 0 -3.02864)
(-13.073 0 -1.30601)
(-13.1881 0 0.414666)
(-13.1094 0 2.11397)
(-12.8367 0 3.77388)
(-12.371 0 5.37688)
(-11.7154 0 6.9052)
(-10.8751 0 8.34029)
(-9.85762 0 9.66266)
(-8.67403 0 10.8521)
(-7.33889 0 11.8882)
(-5.87085 0 12.7514)
(-4.29276 0 13.4244)
(-2.63138 0 13.8927)
(-0.916699 0 14.1461)
(0.81912 0 14.1794)
(2.54305 0 13.9922)
(4.22267 0 13.5894)
(5.82748 0 12.9807)
(7.3301 0 12.1803)
(8.70698 0 11.2053)
(9.9388 0 10.0752)
(11.0104 0 8.81039)
(11.9103 0 7.43097)
(12.6304 0 5.95616)
(13.1652 0 4.4039)
(13.5115 0 2.79097)
(13.6675 0 1.13339)
(13.633 0 -0.552875)
(13.4091 0 -2.25101)
(12.9981 0 -3.94247)
(12.4041 0 -5.60659)
(11.6329 0 -7.22035)
(10.6925 0 -8.75831)
(9.59348 0 -10.1929)
(8.34913 0 -11.4948)
(6.97568 0 -12.6341)
(5.49227 0 -13.5818)
(3.92087 0 -14.3109)
(2.28581 0 -14.7986)
(0.613334 0 -15.0285)
(-1.18677 0 -13.2231)
(-3.03394 0 -12.9555)
(-4.82984 0 -12.4624)
(-6.545 0 -11.7601)
(-8.15242 0 -10.8702)
(-9.62807 0 -9.81755)
(-10.9513 0 -8.62845)
(-12.1049 0 -7.32952)
(-13.0751 0 -5.94656)
(-13.8514 0 -4.50381)
(-14.4261 0 -3.02356)
(-14.7941 0 -1.52597)
(-14.9527 0 -0.0291739)
(-14.9011 0 1.45042)
(-14.6403 0 2.89785)
(-14.1727 0 4.29873)
(-13.5028 0 5.63868)
(-12.6366 0 6.90279)
(-11.5831 0 8.07537)
(-10.3537 0 9.14007)
(-8.96331 0 10.0802)
(-7.43052 0 10.8793)
(-5.7775 0 11.5223)
(-4.02997 0 11.9963)
(-2.21663 0 12.2911)
(-0.368397 0 12.4003)
(1.48264 0 12.3209)
(3.30419 0 12.0542)
(5.06491 0 11.6055)
(6.73532 0 10.9835)
(8.28871 0 10.2)
(9.70172 0 9.26952)
(10.9546 0 8.20799)
(12.0314 0 7.03216)
(12.9193 0 5.75884)
(13.6088 0 4.40445)
(14.0928 0 2.98494)
(14.3666 0 1.51597)
(14.4274 0 0.0133501)
(14.2742 0 -1.50634)
(13.9079 0 -3.02507)
(13.3317 0 -4.523)
(12.5514 0 -5.9783)
(11.5755 0 -7.36715)
(10.4157 0 -8.6639)
(9.0869 0 -9.84164)
(7.60774 0 -10.873)
(6.00028 0 -11.7312)
(4.28994 0 -12.3919)
(2.50506 0 -12.8341)
(0.676264 0 -13.0429)
(-1.16442 0 -13.0106)
(-2.98457 0 -12.7383)
(-4.75244 0 -12.236)
(-6.43795 0 -11.5204)
(-8.01348 0 -10.6133)
(-9.45446 0 -9.54021)
(-10.7397 0 -8.32797)
(-11.8517 0 -7.00397)
(-12.7763 0 -5.59487)
(-13.5027 0 -4.12585)
(-14.0232 0 -2.62023)
(-14.3327 0 -1.09929)
(-14.4287 0 0.417649)
(-14.3107 0 1.91299)
(-13.9802 0 3.3704)
(-13.4406 0 4.77415)
(-12.6971 0 6.10852)
(-11.7575 0 7.35744)
(-10.6321 0 8.50435)
(-9.33449 0 9.53242)
(-7.88173 0 10.425)
(-6.2945 0 11.1665)
(-4.59712 0 11.743)
(-2.81712 0 12.1435)
(-0.984561 0 12.3602)
(0.868835 0 12.3888)
(2.71073 0 12.2293)
(4.50924 0 11.8854)
(6.23397 0 11.3647)
(7.85693 0 10.6782)
(9.35331 0 9.83943)
(10.7019 0 8.86403)
(11.8851 0 7.76849)
(12.8891 0 6.56949)
(13.703 0 5.28325)
(14.3188 0 3.92524)
(14.7308 0 2.51019)
(14.9352 0 1.05246)
(14.9299 0 -0.433479)
(14.7144 0 -1.93231)
(14.29 0 -3.42721)
(13.6601 0 -4.89949)
(12.8304 0 -6.32841)
(11.8093 0 -7.69115)
(10.6082 0 -8.96296)
(9.24174 0 -10.1177)
(7.72816 0 -11.1288)
(6.089 0 -11.9702)
(4.34915 0 -12.6177)
(2.53634 0 -13.051)
(0.680575 0 -13.2553)
(-1.29339 0 -11.2779)
(-3.3058 0 -11.0482)
(-5.26096 0 -10.6251)
(-7.12608 0 -10.0228)
(-8.87119 0 -9.25982)
(-10.4698 0 -8.35763)
(-11.899 0 -7.3389)
(-13.1403 0 -6.22655)
(-14.1785 0 -5.04282)
(-15.0025 0 -3.80864)
(-15.6044 0 -2.5433)
(-15.9794 0 -1.26428)
(-16.1254 0 0.012638)
(-16.0427 0 1.27315)
(-15.7338 0 2.50408)
(-15.2029 0 3.69287)
(-14.4563 0 4.82714)
(-13.5027 0 5.89429)
(-12.353 0 6.88132)
(-11.0212 0 7.77491)
(-9.52436 0 8.56169)
(-7.88281 0 9.22877)
(-6.12019 0 9.76437)
(-4.26312 0 10.1585)
(-2.34067 0 10.4033)
(-0.383716 0 10.4937)
(1.5759 0 10.4277)
(3.50618 0 10.206)
(5.37586 0 9.83265)
(7.15517 0 9.31438)
(8.81658 0 8.66032)
(10.3354 0 7.88163)
(11.6901 0 6.99087)
(12.8625 0 6.00139)
(13.8376 0 4.92683)
(14.6033 0 3.78076)
(15.1503 0 2.57661)
(15.4718 0 1.32784)
(15.5631 0 0.048201)
(15.4217 0 -1.24778)
(15.0475 0 -2.54441)
(14.4429 0 -3.82446)
(13.6136 0 -5.06903)
(12.5682 0 -6.2575)
(11.3193 0 -7.36775)
(9.88309 0 -8.37655)
(8.27986 0 -9.26033)
(6.53392 0 -9.99608)
(4.67338 0 -10.5626)
(2.7297 0 -10.942)
(0.736973 0 -11.1212)
(-1.26904 0 -11.0934)
(-3.25211 0 -10.8598)
(-5.17682 0 -10.429)
(-7.00968 0 -9.81531)
(-8.72008 0 -9.03784)
(-10.2809 0 -8.11835)
(-11.6688 0 -7.08011)
(-12.8648 0 -5.9467)
(-13.8534 0 -4.74108)
(-14.6233 0 -3.48502)
(-15.1667 0 -2.19868)
(-15.4788 0 -0.900525)
(-15.5578 0 0.392664)
(-15.4046 0 1.66554)
(-15.0221 0 2.90381)
(-14.4157 0 4.09382)
(-13.5928 0 5.22216)
(-12.5636 0 6.27535)
(-11.3407 0 7.23976)
(-9.94 0 8.1018)
(-8.38068 0 8.84827)
(-6.68508 0 9.46691)
(-4.87873 0 9.94707)
(-2.98981 0 10.2802)
(-1.04858 0 10.4603)
(0.913405 0 10.4842)
(2.86411 0 10.3519)
(4.77186 0 10.0662)
(6.60621 0 9.63315)
(8.33865 0 9.06102)
(9.94333 0 8.36041)
(11.3975 0 7.54346)
(12.6817 0 6.62325)
(13.7796 0 5.61319)
(14.6783 0 4.52654)
(15.3673 0 3.37618)
(15.8387 0 2.17463)
(16.0868 0 0.934309)
(16.1077 0 -0.332106)
(15.8996 0 -1.61118)
(15.4628 0 -2.88824)
(14.8001 0 -4.14704)
(13.9171 0 -5.3696)
(12.8225 0 -6.53618)
(11.5287 0 -7.62544)
(10.0515 0 -8.61488)
(8.41072 0 -9.48153)
(6.63027 0 -10.2029)
(4.73762 0 -10.7584)
(2.76359 0 -11.1302)
(0.741571 0 -11.3055)
(-1.3871 0 -9.16893)
(-3.54474 0 -8.98131)
(-5.63987 0 -8.63566)
(-7.63679 0 -8.14377)
(-9.50295 0 -7.52091)
(-11.2096 0 -6.7846)
(-12.7323 0 -5.95345)
(-14.0507 0 -5.04624)
(-15.1491 0 -4.0812)
(-16.0155 0 -3.07552)
(-16.6419 0 -2.04503)
(-17.0237 0 -1.00413)
(-17.1594 0 0.0341758)
(-17.0501 0 1.05807)
(-16.6996 0 2.05652)
(-16.1136 0 3.01909)
(-15.3003 0 3.93563)
(-14.2703 0 4.79597)
(-13.0365 0 5.58984)
(-11.6149 0 6.30685)
(-10.0243 0 6.93674)
(-8.28662 0 7.46973)
(-6.42662 0 7.89695)
(-4.47167 0 8.2109)
(-2.45127 0 8.40575)
(-0.396424 0 8.47767)
(1.661 0 8.42497)
(3.68901 0 8.24837)
(5.65619 0 7.95082)
(7.53242 0 7.53732)
(9.28945 0 7.01471)
(10.9015 0 6.39135)
(12.3456 0 5.67676)
(13.6017 0 4.88116)
(14.6528 0 4.01514)
(15.4849 0 3.08943)
(16.0866 0 2.11484)
(16.4492 0 1.10236)
(16.5665 0 0.0633763)
(16.4346 0 -0.989989)
(16.0526 0 -2.04478)
(15.4224 0 -3.08685)
(14.5493 0 -4.10063)
(13.4424 0 -5.06922)
(12.1149 0 -5.97444)
(10.5839 0 -6.79727)
(8.87139 0 -7.51838)
(7.00354 0 -8.1189)
(5.01081 0 -8.58146)
(2.92738 0 -8.89132)
(0.790392 0 -9.03768)
(-1.36111 0 -9.01501)
(-3.48755 0 -8.82421)
(-5.55027 0 -8.47234)
(-7.51283 0 -7.97136)
(-9.34198 0 -7.33684)
(-11.0084 0 -6.58667)
(-12.4869 0 -5.73992)
(-13.757 0 -4.81591)
(-14.8025 0 -3.83348)
(-15.6113 0 -2.81049)
(-16.1755 0 -1.7635)
(-16.4907 0 -0.707679)
(-16.5557 0 0.34314)
(-16.3722 0 1.37626)
(-15.9449 0 2.37978)
(-15.2804 0 3.34243)
(-14.3884 0 4.25328)
(-13.2808 0 5.10155)
(-11.9725 0 5.87652)
(-10.4813 0 6.56767)
(-8.82799 0 7.16492)
(-7.03634 0 7.65902)
(-5.13285 0 8.04199)
(-3.14634 0 8.30746)
(-1.10736 0 8.45095)
(0.952466 0 8.47009)
(3.00109 0 8.36483)
(5.0068 0 8.13744)
(6.93894 0 7.79232)
(8.7685 0 7.33576)
(10.4688 0 6.77569)
(12.0158 0 6.12126)
(13.3884 0 5.38243)
(14.5686 0 4.56952)
(15.5412 0 3.6929)
(16.294 0 2.76283)
(16.817 0 1.78945)
(17.1027 0 0.782968)
(17.146 0 -0.246035)
(16.9436 0 -1.28636)
(16.4952 0 -2.32587)
(15.8032 0 -3.35121)
(14.8729 0 -4.34757)
(13.7135 0 -5.29874)
(12.338 0 -6.1872)
(10.7632 0 -6.99453)
(9.01066 0 -7.7019)
(7.106 0 -8.2909)
(5.07906 0 -8.74451)
(2.96332 0 -9.04826)
(0.795184 0 -9.19154)
(-1.46636 0 -6.99402)
(-3.74683 0 -6.85048)
(-5.96033 0 -6.58607)
(-8.06869 0 -6.20983)
(-10.0372 0 -5.73348)
(-11.8353 0 -5.17043)
(-13.4369 0 -4.53493)
(-14.8207 0 -3.84138)
(-15.9701 0 -3.10376)
(-16.8728 0 -2.33528)
(-17.5205 0 -1.54813)
(-17.9088 0 -0.75339)
(-18.0366 0 0.0389142)
(-17.9058 0 0.819634)
(-17.521 0 1.5801)
(-16.8894 0 2.31215)
(-16.0205 0 3.00795)
(-14.9265 0 3.65981)
(-13.622 0 4.26007)
(-12.1246 0 4.80111)
(-10.4546 0 5.27551)
(-8.63489 0 5.67624)
(-6.69133 0 5.99701)
(-4.65191 0 6.23247)
(-2.54658 0 6.37849)
(-0.406623 0 6.43234)
(1.73587 0 6.39279)
(3.8487 0 6.26034)
(5.90017 0 6.03711)
(7.85973 0 5.72663)
(9.6985 0 5.33375)
(11.3898 0 4.86442)
(12.9094 0 4.32543)
(14.2359 0 3.72418)
(15.3507 0 3.06844)
(16.2382 0 2.36618)
(16.8852 0 1.62557)
(17.2816 0 0.855036)
(17.4199 0 0.063467)
(17.2951 0 -0.739662)
(16.9057 0 -1.54435)
(16.2531 0 -2.3397)
(15.3425 0 -3.11377)
(14.1832 0 -3.85355)
(12.7888 0 -4.5451)
(11.1776 0 -5.17382)
(9.37248 0 -5.72491)
(7.40137 0 -6.18391)
(5.29666 0 -6.53752)
(3.09485 0 -6.77443)
(0.835648 0 -6.88635)
(-1.43911 0 -6.86902)
(-3.68701 0 -6.72313)
(-5.86665 0 -6.45412)
(-7.93907 0 -6.07117)
(-9.86881 0 -5.58621)
(-11.6246 0 -5.01294)
(-13.18 0 -4.36598)
(-14.5131 0 -3.66013)
(-15.607 0 -2.90984)
(-16.4494 0 -2.12881)
(-17.0319 0 -1.32979)
(-17.3506 0 -0.524434)
(-17.4046 0 0.276608)
(-17.1967 0 1.06349)
(-16.7323 0 1.82692)
(-16.0197 0 2.55814)
(-15.07 0 3.24879)
(-13.8967 0 3.89076)
(-12.5165 0 4.47611)
(-10.9486 0 4.99715)
(-9.21525 0 5.44664)
(-7.34135 0 5.81796)
(-5.35422 0 6.10544)
(-3.28324 0 6.30458)
(-1.15934 0 6.4122)
(0.985584 0 6.42662)
(3.11929 0 6.34777)
(5.20985 0 6.17733)
(7.22626 0 5.91843)
(9.13905 0 5.57552)
(10.9208 0 5.15425)
(12.5464 0 4.66113)
(13.9935 0 4.10332)
(15.2428 0 3.48832)
(16.2773 0 2.82378)
(17.0831 0 2.11735)
(17.6488 0 1.37678)
(17.9654 0 0.609951)
(18.0266 0 -0.174841)
(17.8283 0 -0.968819)
(17.3694 0 -1.76261)
(16.652 0 -2.54591)
(15.6814 0 -3.30733)
(14.4671 0 -4.03439)
(13.0223 0 -4.71364)
(11.3651 0 -5.33095)
(9.51801 0 -5.87189)
(7.50834 0 -6.32236)
(5.36785 0 -6.66933)
(3.13227 0 -6.9017)
(0.840539 0 -7.01132)
(-1.52845 0 -4.27908)
(-3.90516 0 -4.19074)
(-6.21133 0 -4.02809)
(-8.40687 0 -3.79677)
(-10.4554 0 -3.50409)
(-12.3248 0 -3.15837)
(-13.988 0 -2.76843)
(-15.4229 0 -2.34317)
(-16.6122 0 -1.8912)
(-17.5433 0 -1.42064)
(-18.208 0 -0.938981)
(-18.602 0 -0.452991)
(-18.7243 0 0.0312324)
(-18.5775 0 0.508125)
(-18.1669 0 0.972293)
(-17.5004 0 1.4187)
(-16.5888 0 1.84255)
(-15.4455 0 2.23921)
(-14.0862 0 2.60406)
(-12.5297 0 2.93258)
(-10.7972 0 3.22036)
(-8.91285 0 3.46327)
(-6.90293 0 3.65758)
(-4.79606 0 3.80016)
(-2.62263 0 3.88857)
(-0.414264 0 3.92117)
(1.79664 0 3.89722)
(3.97755 0 3.81703)
(6.09644 0 3.68184)
(8.12232 0 3.49375)
(10.0258 0 3.25559)
(11.7794 0 2.97087)
(13.358 0 2.64358)
(14.7393 0 2.27811)
(15.9034 0 1.87907)
(16.8334 0 1.45125)
(17.515 0 0.99958)
(17.937 0 0.529218)
(18.0908 0 0.0456415)
(17.9709 0 -0.445265)
(17.575 0 -0.937413)
(16.9045 0 -1.42417)
(15.9643 0 -1.89823)
(14.764 0 -2.35161)
(13.3173 0 -2.77572)
(11.6432 0 -3.16157)
(9.76558 0 -3.50001)
(7.71355 0 -3.78208)
(5.52103 0 -3.99951)
(3.22632 0 -4.14526)
(0.871177 0 -4.21415)
(-1.50036 0 -4.20348)
(-3.8436 0 -4.1137)
(-6.11497 0 -3.94822)
(-8.27352 0 -3.71278)
(-10.2821 0 -3.41481)
(-12.1079 0 -3.06282)
(-13.7234 0 -2.66585)
(-15.1059 0 -2.23304)
(-16.2378 0 -1.77331)
(-17.1066 0 -1.29507)
(-17.704 0 -0.806156)
(-18.026 0 -0.313677)
(-18.0723 0 0.175886)
(-17.8461 0 0.656507)
(-17.3536 0 1.12242)
(-16.6042 0 1.56823)
(-15.6099 0 1.98885)
(-14.3858 0 2.37939)
(-12.9496 0 2.7351)
(-11.3217 0 3.05142)
(-9.52531 0 3.32404)
(-7.58623 0 3.54909)
(-5.53243 0 3.72323)
(-3.39382 0 3.84382)
(-1.20171 0 3.90898)
(1.01166 0 3.9177)
(3.21373 0 3.86997)
(5.37224 0 3.76678)
(7.45586 0 3.60999)
(9.43463 0 3.40224)
(11.2805 0 3.14683)
(12.9677 0 2.84762)
(14.4729 0 2.50883)
(15.7756 0 2.1349)
(16.8577 0 1.73041)
(17.7042 0 1.29996)
(18.3024 0 0.848234)
(18.6424 0 0.380083)
(18.7167 0 -0.0993696)
(18.5209 0 -0.584692)
(18.0534 0 -1.07019)
(17.3159 0 -1.54958)
(16.3138 0 -2.01591)
(15.0564 0 -2.46149)
(13.5577 0 -2.87807)
(11.8361 0 -3.25691)
(9.91517 0 -3.58912)
(7.82341 0 -3.86594)
(5.59407 0 -4.0793)
(3.26464 0 -4.22226)
(0.876082 0 -4.28973)
(-1.58401 0 -3.2529)
(-4.04672 0 -3.18742)
(-6.43545 0 -3.06659)
(-8.70825 0 -2.89424)
(-10.8272 0 -2.67538)
(-12.759 0 -2.41581)
(-14.4757 0 -2.12181)
(-15.9546 0 -1.79982)
(-17.178 0 -1.45626)
(-18.1333 0 -1.09731)
(-18.8123 0 -0.728841)
(-19.211 0 -0.356301)
(-19.3289 0 0.01528)
(-19.1687 0 0.381231)
(-18.7364 0 0.736934)
(-18.0406 0 1.07812)
(-17.0929 0 1.40085)
(-15.9075 0 1.70146)
(-14.5011 0 1.97651)
(-12.8933 0 2.22278)
(-11.1061 0 2.43732)
(-9.16419 0 2.61746)
(-7.09471 0 2.76091)
(-4.92678 0 2.86575)
(-2.69128 0 2.93054)
(-0.420313 0 2.95431)
(1.85323 0 2.93665)
(4.09635 0 2.87775)
(6.27651 0 2.77838)
(8.36221 0 2.63979)
(10.3234 0 2.46375)
(12.1321 0 2.25244)
(13.7625 0 2.00847)
(15.1912 0 1.73478)
(16.3977 0 1.43464)
(17.364 0 1.11158)
(18.075 0 0.769454)
(18.5185 0 0.4124)
(18.6853 0 0.0449433)
(18.5693 0 -0.328009)
(18.1679 0 -0.701475)
(17.482 0 -1.07011)
(16.5164 0 -1.42816)
(15.2805 0 -1.76947)
(13.7883 0 -2.08759)
(12.0591 0 -2.37589)
(10.1175 0 -2.6278)
(7.99364 0 -2.83701)
(5.72269 0 -2.99776)
(3.34463 0 -3.10525)
(0.903172 0 -3.15598)
(-1.5555 0 -3.14816)
(-3.98447 0 -3.08207)
(-6.33805 0 -2.96)
(-8.57344 0 -2.78584)
(-10.6519 0 -2.56469)
(-12.5394 0 -2.30246)
(-14.2075 0 -2.00558)
(-15.6328 0 -1.68065)
(-16.7977 0 -1.33427)
(-17.6892 0 -0.972814)
(-18.2993 0 -0.602339)
(-18.6243 0 -0.228499)
(-18.6642 0 0.143468)
(-18.4226 0 0.508598)
(-17.9064 0 0.862088)
(-17.1257 0 1.19952)
(-16.0934 0 1.51681)
(-14.8255 0 1.81023)
(-13.3406 0 2.07628)
(-11.66 0 2.31179)
(-9.8077 0 2.5139)
(-7.81022 0 2.68012)
(-5.69616 0 2.80835)
(-3.49597 0 2.89698)
(-1.24149 0 2.94488)
(1.03456 0 2.95141)
(3.29914 0 2.91657)
(5.51951 0 2.84091)
(7.66383 0 2.72553)
(9.70166 0 2.57201)
(11.6044 0 2.38237)
(13.3455 0 2.15901)
(14.901 0 1.90469)
(16.2495 0 1.62242)
(17.3722 0 1.3155)
(18.253 0 0.987408)
(18.8785 0 0.6419)
(19.238 0 0.282998)
(19.3233 0 -0.0849386)
(19.1295 0 -0.457273)
(18.6547 0 -0.829246)
(17.9002 0 -1.19572)
(16.8712 0 -1.55111)
(15.5771 0 -1.88947)
(14.0317 0 -2.20452)
(12.2542 0 -2.48984)
(10.2686 0 -2.73899)
(8.10439 0 -2.94579)
(5.79618 0 -3.10463)
(3.38307 0 -3.21077)
(0.907916 0 -3.26079)
)
;

boundaryField
{
    top
    {
        type            directionMixed;
        refValue        uniform (0 0 0);
        refGradient     uniform (0 0 0);
        valueFraction   uniform (0 0 0 0 0 1);
        value           nonuniform List<vector> 
102
(
(-1.58401 0 0)
(-4.04672 0 0)
(-6.43545 0 0)
(-8.70825 0 0)
(-10.8272 0 0)
(-12.759 0 0)
(-14.4757 0 0)
(-15.9546 0 0)
(-17.178 0 0)
(-18.1333 0 0)
(-18.8123 0 0)
(-19.211 0 0)
(-19.3289 0 0)
(-19.1687 0 0)
(-18.7364 0 0)
(-18.0406 0 0)
(-17.0929 0 0)
(-15.9075 0 0)
(-14.5011 0 0)
(-12.8933 0 0)
(-11.1061 0 0)
(-9.16419 0 0)
(-7.09471 0 0)
(-4.92678 0 0)
(-2.69128 0 0)
(-0.420313 0 0)
(1.85323 0 0)
(4.09635 0 0)
(6.27651 0 0)
(8.36221 0 0)
(10.3234 0 0)
(12.1321 0 0)
(13.7625 0 0)
(15.1912 0 0)
(16.3977 0 0)
(17.364 0 0)
(18.075 0 0)
(18.5185 0 0)
(18.6853 0 0)
(18.5693 0 0)
(18.1679 0 0)
(17.482 0 0)
(16.5164 0 0)
(15.2805 0 0)
(13.7883 0 0)
(12.0591 0 0)
(10.1175 0 0)
(7.99364 0 0)
(5.72269 0 0)
(3.34463 0 0)
(0.903172 0 0)
(-1.5555 0 0)
(-3.98447 0 0)
(-6.33805 0 0)
(-8.57344 0 0)
(-10.6519 0 0)
(-12.5394 0 0)
(-14.2075 0 0)
(-15.6328 0 0)
(-16.7977 0 0)
(-17.6892 0 0)
(-18.2993 0 0)
(-18.6243 0 0)
(-18.6642 0 0)
(-18.4226 0 0)
(-17.9064 0 0)
(-17.1257 0 0)
(-16.0934 0 0)
(-14.8255 0 0)
(-13.3406 0 0)
(-11.66 0 0)
(-9.8077 0 0)
(-7.81022 0 0)
(-5.69616 0 0)
(-3.49597 0 0)
(-1.24149 0 0)
(1.03456 0 0)
(3.29914 0 0)
(5.51951 0 0)
(7.66383 0 0)
(9.70166 0 0)
(11.6044 0 0)
(13.3455 0 0)
(14.901 0 0)
(16.2495 0 0)
(17.3722 0 0)
(18.253 0 0)
(18.8785 0 0)
(19.238 0 0)
(19.3233 0 0)
(19.1295 0 0)
(18.6547 0 0)
(17.9002 0 0)
(16.8712 0 0)
(15.5771 0 0)
(14.0317 0 0)
(12.2542 0 0)
(10.2686 0 0)
(8.10439 0 0)
(5.79618 0 0)
(3.38307 0 0)
(0.907916 0 0)
)
;
    }
    bottom
    {
        type            fixedValue;
        value           uniform (0 0 0);
    }
    frontAndBack
    {
        type            empty;
    }
    left_cyc
    {
        type            cyclic;
    }
    right_cyc
    {
        type            cyclic;
    }
}


// ************************************************************************* //
