/*--------------------------------*- C++ -*----------------------------------*\
| =========                 |                                                 |
| \\      /  F ield         | OpenFOAM: The Open Source CFD Toolbox           |
|  \\    /   O peration     | Version:  2.3.0                                 |
|   \\  /    A nd           | Web:      www.OpenFOAM.org                      |
|    \\/     M anipulation  |                                                 |
\*---------------------------------------------------------------------------*/
FoamFile
{
    version     2.0;
    format      ascii;
    class       volVectorField;
    location    "6000";
    object      U;
}
// * * * * * * * * * * * * * * * * * * * * * * * * * * * * * * * * * * * * * //

dimensions      [0 1 -1 0 0 0 0];

internalField   nonuniform List<vector> 
191
(
(-61.2886 0 -0.610225)
(-59.3282 0 -2.17372)
(-55.1421 0 -2.37228)
(-50.9428 0 -1.78221)
(-47.8769 0 -0.929931)
(-46.26 0 -0.134967)
(-45.9516 0 0.47193)
(-46.6342 0 0.889685)
(-47.9896 0 1.18493)
(-49.8004 0 1.44763)
(-51.9757 0 1.75774)
(-54.5164 0 2.19326)
(-57.5058 0 2.8499)
(-96.7829 0 2.04071)
(-97.4207 0 -4.36112)
(-94.3111 0 -6.44734)
(-90.0477 0 -5.82895)
(-86.1116 0 -3.9913)
(-83.1549 0 -1.92758)
(-81.3048 0 -0.154866)
(-80.4149 0 1.1475)
(-80.2141 0 2.00956)
(-80.3891 0 2.5754)
(-80.6338 0 2.98054)
(-80.6534 0 3.32147)
(-80.1283 0 3.66677)
(-94.4784 0 7.98617)
(-97.5293 0 -4.36652)
(-96.7807 0 -9.31783)
(-94.2696 0 -9.6019)
(-91.2316 0 -7.57325)
(-88.332 0 -4.83504)
(-85.8542 0 -2.28374)
(-83.8469 0 -0.309084)
(-82.2138 0 0.988088)
(-80.7468 0 1.66082)
(-79.1424 0 1.79843)
(-77.0187 0 1.45292)
(-73.9168 0 0.638351)
(-75.8099 0 15.0577)
(-80.6617 0 -2.04416)
(-82.2962 0 -9.7118)
(-82.0164 0 -11.3726)
(-80.6969 0 -9.89647)
(-78.891 0 -7.24369)
(-76.9271 0 -4.55149)
(-74.9754 0 -2.3773)
(-73.0849 0 -0.947098)
(-71.1943 0 -0.326822)
(-69.1178 0 -0.545226)
(-66.5491 0 -1.65324)
(-63.0678 0 -3.71406)
(-50.5449 0 22.5848)
(-56.3287 0 2.04133)
(-59.8121 0 -7.96616)
(-61.6045 0 -11.15)
(-62.1964 0 -10.6226)
(-61.9606 0 -8.52302)
(-61.1781 0 -6.12065)
(-60.0553 0 -4.08257)
(-58.7244 0 -2.7364)
(-57.2327 0 -2.26041)
(-55.5241 0 -2.80833)
(-53.4185 0 -4.55791)
(-50.6045 0 -7.68859)
(-23.0593 0 29.5097)
(-28.6743 0 7.0921)
(-33.0923 0 -4.54637)
(-36.3228 0 -9.0694)
(-38.4948 0 -9.59816)
(-39.7719 0 -8.3042)
(-40.3229 0 -6.48906)
(-40.3122 0 -4.85987)
(-39.8886 0 -3.79838)
(-39.1646 0 -3.55962)
(-38.1894 0 -4.39971)
(-36.917 0 -6.62237)
(-35.1806 0 -10.5327)
(4.05655 0 34.7801)
(-0.437332 0 12.025)
(-4.845 0 -0.373622)
(-8.69605 0 -5.80223)
(-11.8131 0 -7.21965)
(-14.1736 0 -6.73321)
(-15.821 0 -5.61207)
(-16.8393 0 -4.54423)
(-17.3435 0 -3.90857)
(-17.4631 0 -3.98351)
(-17.3118 0 -5.08211)
(-16.9465 0 -7.60024)
(-16.3333 0 -11.9552)
(28.9545 0 37.6661)
(26.1959 0 15.9988)
(22.4458 0 3.71901)
(18.6012 0 -2.10634)
(15.1278 0 -4.13184)
(12.2167 0 -4.30899)
(9.9231 0 -3.83353)
(8.22815 0 -3.34419)
(7.05735 0 -3.17898)
(6.28793 0 -3.59492)
(5.77598 0 -4.91998)
(5.40051 0 -7.60346)
(5.08888 0 -12.1359)
(49.9658 0 37.7379)
(49.303 0 18.5361)
(46.5762 0 7.23319)
(43.1056 0 1.52719)
(39.6569 0 -0.828254)
(36.6121 0 -1.52892)
(34.1181 0 -1.62996)
(32.1962 0 -1.68818)
(30.7855 0 -1.97837)
(29.7518 0 -2.7094)
(28.9142 0 -4.19744)
(28.097 0 -6.91259)
(65.292 0 34.9013)
(66.755 0 19.3925)
(65.2407 0 9.91139)
(62.4033 0 4.81347)
(59.2719 0 2.36546)
(56.4034 0 1.23618)
(54.0423 0 0.585895)
(52.2487 0 -0.0139096)
(50.965 0 -0.743637)
(50.021 0 -1.73401)
(49.1671 0 -3.27033)
(48.1523 0 -5.82224)
(72.7587 0 29.6856)
(75.955 0 18.6734)
(75.6848 0 11.6413)
(73.7238 0 7.53641)
(71.2324 0 5.19835)
(68.8555 0 3.72151)
(66.8862 0 2.54449)
(65.4108 0 1.41064)
(64.388 0 0.269436)
(63.6276 0 -0.886096)
(62.8191 0 -2.29284)
(61.6423 0 -4.42354)
(69.528 0 22.3633)
(73.7107 0 16.0683)
(74.6395 0 11.792)
(73.8971 0 8.97742)
(72.5181 0 7.0109)
(71.0611 0 5.41313)
(69.763 0 3.89366)
(68.6879 0 2.35326)
(67.8184 0 0.881304)
(67.0171 0 -0.333636)
(66.0494 0 -1.42416)
(64.6051 0 -2.89945)
(45.126 0 21.6039)
(53.2062 0 18.4615)
(57.8236 0 15.6883)
(60.2264 0 13.2961)
(61.3799 0 11.1993)
(61.8759 0 9.29458)
(61.9947 0 7.49704)
(61.8171 0 5.75503)
(61.346 0 4.06489)
(60.6067 0 2.52282)
(59.6709 0 1.31045)
(58.7363 0 0.3714)
(57.6699 0 -0.537542)
(24.1297 0 8.57505)
(30.9408 0 7.96972)
(36.7536 0 7.23434)
(41.6968 0 6.44022)
(45.8776 0 5.63481)
(49.3689 0 4.83874)
(52.2103 0 4.04978)
(54.4118 0 3.24878)
(55.9636 0 2.4171)
(56.8401 0 1.59728)
(57.074 0 0.910706)
(56.8381 0 0.33008)
(56.2138 0 -0.246353)
(21.3335 0 3.98234)
(28.0252 0 3.88364)
(33.9566 0 3.7603)
(39.1163 0 3.62075)
(43.5291 0 3.47067)
(47.2328 0 3.31215)
(50.263 0 3.14381)
(52.6453 0 2.96164)
(54.3942 0 2.76222)
(55.5306 0 2.54892)
(56.133 0 2.32703)
(56.3024 0 2.07319)
(56.0787 0 1.77187)
)
;

boundaryField
{
    top
    {
        type            directionMixed;
        refValue        uniform (0 0 0);
        refGradient     uniform (0 0 0);
        valueFraction   uniform (0 0 0 0 0 1);
        value           nonuniform List<vector> 
13
(
(21.3335 0 0)
(28.0252 0 0)
(33.9566 0 0)
(39.1163 0 0)
(43.5291 0 0)
(47.2328 0 0)
(50.263 0 0)
(52.6453 0 0)
(54.3942 0 0)
(55.5306 0 0)
(56.133 0 0)
(56.3024 0 0)
(56.0787 0 0)
)
;
    }
    bottom
    {
        type            fixedValue;
        value           uniform (0 0 0);
    }
    frontAndBack
    {
        type            empty;
    }
    left_cyc
    {
        type            cyclic;
    }
    right_cyc
    {
        type            cyclic;
    }
    procBoundary1to0
    {
        type            processor;
        value           nonuniform List<vector> 
16
(
(-57.8203 0 2.60822)
(-88.5476 0 13.8936)
(-84.6519 0 29.9125)
(-65.9614 0 44.4382)
(-41.8047 0 56.7252)
(-16.4671 0 65.607)
(7.71686 0 70.3225)
(29.1543 0 70.4402)
(46.522 0 65.8289)
(58.5814 0 56.8973)
(63.8433 0 44.8622)
(60.1277 0 30.7711)
(60.1277 0 30.7711)
(32.44 0 24.8617)
(16.2143 0 8.97667)
(13.961 0 4.04847)
)
;
    }
    procBoundary1to2
    {
        type            processor;
        value           nonuniform List<vector> 
16
(
(-61.1183 0 3.84016)
(-78.6891 0 4.0368)
(-69.3087 0 -0.653632)
(-58.1717 0 -6.73885)
(-46.6693 0 -12.251)
(-32.6996 0 -16.2557)
(-15.3421 0 -18.3655)
(4.80744 0 -18.8002)
(27.1353 0 -11.3615)
(27.1353 0 -11.3615)
(46.7157 0 -9.85832)
(59.7522 0 -7.6922)
(62.2787 0 -5.10773)
(56.1241 0 -1.51979)
(55.166 0 -0.844887)
(55.4771 0 1.42238)
)
;
    }
}


// ************************************************************************* //
