/*--------------------------------*- C++ -*----------------------------------*\
| =========                 |                                                 |
| \\      /  F ield         | OpenFOAM: The Open Source CFD Toolbox           |
|  \\    /   O peration     | Version:  2.3.0                                 |
|   \\  /    A nd           | Web:      www.OpenFOAM.org                      |
|    \\/     M anipulation  |                                                 |
\*---------------------------------------------------------------------------*/
FoamFile
{
    version     2.0;
    format      ascii;
    class       volVectorField;
    location    "14000";
    object      U;
}
// * * * * * * * * * * * * * * * * * * * * * * * * * * * * * * * * * * * * * //

dimensions      [0 1 -1 0 0 0 0];

internalField   nonuniform List<vector> 
3060
(
(1.66489 0 -2.32966)
(4.26652 0 -2.23985)
(6.74451 0 -2.0704)
(9.02432 0 -1.82104)
(11.0339 0 -1.49297)
(12.7068 0 -1.09262)
(13.9893 0 -0.637945)
(14.8499 0 -0.166248)
(15.2944 0 0.264353)
(15.3789 0 0.592388)
(15.1968 0 0.783311)
(14.8435 0 0.849419)
(14.3624 0 0.832733)
(13.7579 0 0.772877)
(13.0016 0 0.69459)
(12.0623 0 0.615462)
(10.927 0 0.565939)
(9.60512 0 0.563699)
(8.12433 0 0.575598)
(6.56408 0 0.552791)
(5.04127 0 0.487789)
(3.65591 0 0.394686)
(2.47364 0 0.295054)
(1.50767 0 0.209935)
(0.717311 0 0.153699)
(0.0256169 0 0.133115)
(-0.660774 0 0.150068)
(-1.43589 0 0.202995)
(-2.37892 0 0.285694)
(-3.53469 0 0.38449)
(-4.89493 0 0.478641)
(-6.39732 0 0.546291)
(-7.94413 0 0.572788)
(-9.41789 0 0.562558)
(-10.7339 0 0.562149)
(-11.8605 0 0.607282)
(-12.7864 0 0.682909)
(-13.5224 0 0.757355)
(-14.0987 0 0.810777)
(-14.5412 0 0.817831)
(-14.8452 0 0.740178)
(-14.9681 0 0.539057)
(-14.8176 0 0.206631)
(-14.3089 0 -0.221774)
(-13.3898 0 -0.686316)
(-12.0582 0 -1.13042)
(-10.3479 0 -1.51814)
(-8.31445 0 -1.8322)
(-6.02531 0 -2.06631)
(-3.55387 0 -2.2191)
(-0.976044 0 -2.2905)
(1.63093 0 -2.28025)
(4.18931 0 -2.18846)
(6.62213 0 -2.0153)
(8.85396 0 -1.76092)
(10.8125 0 -1.42751)
(12.4324 0 -1.0234)
(13.6625 0 -0.56986)
(14.4767 0 -0.10829)
(14.8886 0 0.301361)
(14.9612 0 0.602398)
(14.7858 0 0.770063)
(14.4446 0 0.822666)
(13.9688 0 0.800729)
(13.356 0 0.740041)
(12.5743 0 0.663153)
(11.5979 0 0.591884)
(10.4217 0 0.558593)
(9.06168 0 0.56651)
(7.55895 0 0.57069)
(6.01193 0 0.532803)
(4.53724 0 0.4567)
(3.2242 0 0.359295)
(2.12312 0 0.2628)
(1.228 0 0.186617)
(0.483301 0 0.14237)
(-0.195505 0 0.13481)
(-0.903592 0 0.16464)
(-1.73182 0 0.229014)
(-2.7501 0 0.319436)
(-3.98667 0 0.419503)
(-5.41394 0 0.507441)
(-6.9568 0 0.562948)
(-8.50738 0 0.57435)
(-9.95261 0 0.560792)
(-11.229 0 0.57395)
(-12.3147 0 0.634096)
(-13.2056 0 0.715219)
(-13.9198 0 0.790312)
(-14.4912 0 0.842037)
(-14.9411 0 0.841845)
(-15.2565 0 0.747717)
(-15.3814 0 0.5211)
(-15.2121 0 0.161888)
(-14.6648 0 -0.285192)
(-13.6954 0 -0.757287)
(-12.3093 0 -1.20075)
(-10.5447 0 -1.5838)
(-8.45969 0 -1.89214)
(-6.12238 0 -2.12116)
(-3.60573 0 -2.2703)
(-0.984651 0 -2.33984)
(1.37556 0 -3.65249)
(3.53883 0 -3.54759)
(5.63876 0 -3.35225)
(7.64186 0 -3.07194)
(9.52337 0 -2.71674)
(11.2712 0 -2.30405)
(12.8891 0 -1.86117)
(14.3954 0 -1.42498)
(15.8138 0 -1.0335)
(17.1538 0 -0.707749)
(18.3916 0 -0.435705)
(19.4665 0 -0.175208)
(20.3043 0 0.124206)
(20.8333 0 0.503825)
(20.9834 0 0.98075)
(20.6747 0 1.52352)
(19.815 0 2.03174)
(18.3861 0 2.41469)
(16.4311 0 2.64066)
(14.0495 0 2.68974)
(11.4248 0 2.57467)
(8.76608 0 2.31476)
(6.25559 0 1.97465)
(3.99208 0 1.64829)
(1.96694 0 1.4169)
(0.0871472 0 1.32843)
(-1.78315 0 1.39894)
(-3.7817 0 1.61507)
(-6.00736 0 1.93196)
(-8.47813 0 2.27081)
(-11.1046 0 2.53663)
(-13.7089 0 2.66033)
(-16.0826 0 2.62011)
(-18.0374 0 2.40149)
(-19.4671 0 2.02212)
(-20.3275 0 1.51255)
(-20.6308 0 0.960834)
(-20.4676 0 0.470914)
(-19.9195 0 0.0779329)
(-19.0588 0 -0.233763)
(-17.9593 0 -0.504619)
(-16.6965 0 -0.783872)
(-15.3308 0 -1.11195)
(-13.886 0 -1.49996)
(-12.3542 0 -1.92762)
(-10.7136 0 -2.35811)
(-8.94789 0 -2.75561)
(-7.0552 0 -3.09342)
(-5.04913 0 -3.35449)
(-2.95562 0 -3.52887)
(-0.808885 0 -3.61126)
(1.35265 0 -3.59942)
(3.48956 0 -3.49366)
(5.56411 0 -3.29691)
(7.54377 0 -3.01544)
(9.40533 0 -2.66069)
(11.1388 0 -2.25196)
(12.7501 0 -1.81848)
(14.2581 0 -1.39752)
(15.6833 0 -1.02369)
(17.0272 0 -0.710333)
(18.2557 0 -0.437694)
(19.3024 0 -0.161086)
(20.0918 0 0.167831)
(20.55 0 0.585162)
(20.6046 0 1.09676)
(20.1687 0 1.64955)
(19.1624 0 2.13147)
(17.5956 0 2.47287)
(15.5215 0 2.64744)
(13.0695 0 2.64459)
(10.4404 0 2.48148)
(7.83858 0 2.18934)
(5.42476 0 1.84708)
(3.2613 0 1.54931)
(1.30616 0 1.36681)
(-0.553187 0 1.33598)
(-2.45768 0 1.46284)
(-4.53637 0 1.72384)
(-6.8649 0 2.06224)
(-9.42539 0 2.39033)
(-12.0937 0 2.61803)
(-14.6769 0 2.69329)
(-16.965 0 2.59937)
(-18.7925 0 2.33147)
(-20.0808 0 1.91285)
(-20.7949 0 1.38451)
(-20.9784 0 0.851227)
(-20.7256 0 0.398288)
(-20.1115 0 0.0417181)
(-19.2069 0 -0.243509)
(-18.0834 0 -0.502195)
(-16.8148 0 -0.7848)
(-15.4542 0 -1.12767)
(-14.0151 0 -1.53352)
(-12.4826 0 -1.97515)
(-10.8327 0 -2.41346)
(-9.05046 0 -2.81363)
(-7.13621 0 -3.15103)
(-5.10564 0 -3.41041)
(-2.98612 0 -3.58307)
(-0.812727 0 -3.66442)
(1.30784 0 -5.81101)
(3.37049 0 -5.66382)
(5.38874 0 -5.39178)
(7.33971 0 -5.00616)
(9.20622 0 -4.52561)
(10.9774 0 -3.97793)
(12.6471 0 -3.40038)
(14.2085 0 -2.83477)
(15.6473 0 -2.31412)
(16.9368 0 -1.8454)
(18.0432 0 -1.40391)
(18.9368 0 -0.947053)
(19.601 0 -0.434538)
(20.0336 0 0.162976)
(20.2443 0 0.862203)
(20.246 0 1.67012)
(20.021 0 2.59553)
(19.4753 0 3.63581)
(18.4538 0 4.64966)
(16.8018 0 5.32299)
(14.4729 0 5.53495)
(11.6506 0 5.34744)
(8.63742 0 4.88434)
(5.6744 0 4.34289)
(2.85442 0 3.92341)
(0.142565 0 3.7557)
(-2.55957 0 3.88525)
(-5.35337 0 4.27439)
(-8.28308 0 4.80117)
(-11.2709 0 5.26924)
(-14.0884 0 5.47561)
(-16.4335 0 5.28994)
(-18.1081 0 4.64547)
(-19.1422 0 3.64019)
(-19.6884 0 2.58921)
(-19.9039 0 1.64943)
(-19.8881 0 0.827306)
(-19.6614 0 0.113259)
(-19.2113 0 -0.499176)
(-18.528 0 -1.02567)
(-17.6142 0 -1.49444)
(-16.4873 0 -1.94443)
(-15.1773 0 -2.41644)
(-13.7183 0 -2.93359)
(-12.1376 0 -3.48896)
(-10.4507 0 -4.05048)
(-8.66565 0 -4.57742)
(-6.79018 0 -5.03341)
(-4.83637 0 -5.39132)
(-2.8223 0 -5.63306)
(-0.771284 0 -5.748)
(1.29006 0 -5.73145)
(3.33423 0 -5.58409)
(5.3352 0 -5.31196)
(7.27082 0 -4.92743)
(9.12451 0 -4.45068)
(10.8855 0 -3.91129)
(12.5468 0 -3.34746)
(14.0988 0 -2.79932)
(15.5235 0 -2.29411)
(16.7909 0 -1.83087)
(17.8668 0 -1.38015)
(18.7238 0 -0.900168)
(19.3483 0 -0.354249)
(19.7409 0 0.282783)
(19.9139 0 1.02357)
(19.8759 0 1.87401)
(19.5903 0 2.84519)
(18.9366 0 3.90881)
(17.7548 0 4.85231)
(15.9049 0 5.37881)
(13.4155 0 5.45705)
(10.5269 0 5.17016)
(7.53711 0 4.66671)
(4.63961 0 4.15822)
(1.87599 0 3.82604)
(-0.818394 0 3.7705)
(-3.54944 0 4.00851)
(-6.40566 0 4.47386)
(-9.39572 0 5.01574)
(-12.3875 0 5.42495)
(-15.1118 0 5.5215)
(-17.279 0 5.19713)
(-18.7593 0 4.41219)
(-19.6455 0 3.36562)
(-20.0964 0 2.34946)
(-20.2586 0 1.45495)
(-20.2042 0 0.674851)
(-19.9386 0 0.00211046)
(-19.4478 0 -0.571995)
(-18.7246 0 -1.06736)
(-17.7747 0 -1.51631)
(-16.6186 0 -1.96103)
(-15.288 0 -2.44189)
(-13.8159 0 -2.97593)
(-12.2259 0 -3.5483)
(-10.5299 0 -4.12212)
(-8.73362 0 -4.65583)
(-6.84427 0 -5.1144)
(-4.87424 0 -5.4725)
(-2.84229 0 -5.71353)
(-0.77249 0 -5.82778)
(1.25156 0 -7.89507)
(3.22864 0 -7.72016)
(5.17141 0 -7.39814)
(7.06145 0 -6.94393)
(8.88312 0 -6.38003)
(10.6227 0 -5.73623)
(12.266 0 -5.04761)
(13.7943 0 -4.34903)
(15.1819 0 -3.66559)
(16.3976 0 -3.00294)
(17.4126 0 -2.34479)
(18.2076 0 -1.66151)
(18.7749 0 -0.923122)
(19.1149 0 -0.106669)
(19.2334 0 0.802707)
(19.1359 0 1.81562)
(18.8265 0 2.94142)
(18.3223 0 4.17267)
(17.6279 0 5.47407)
(16.6368 0 6.78418)
(15.0856 0 7.85294)
(12.7929 0 8.24863)
(9.88178 0 8.01703)
(6.67895 0 7.48288)
(3.42379 0 6.99354)
(0.186881 0 6.78458)
(-3.04322 0 6.93919)
(-6.28177 0 7.38915)
(-9.47204 0 7.91348)
(-12.3948 0 8.17034)
(-14.7224 0 7.82552)
(-16.3088 0 6.79232)
(-17.3121 0 5.48165)
(-18.0026 0 4.17047)
(-18.4972 0 2.92602)
(-18.7961 0 1.78451)
(-18.881 0 0.75514)
(-18.7478 0 -0.171047)
(-18.3915 0 -1.00403)
(-17.8069 0 -1.75759)
(-16.9939 0 -2.45337)
(-15.961 0 -3.11989)
(-14.728 0 -3.7852)
(-13.3238 0 -4.46433)
(-11.7799 0 -5.15136)
(-10.1226 0 -5.82165)
(-8.3717 0 -6.44118)
(-6.54236 0 -6.97574)
(-4.64927 0 -7.39643)
(-2.70878 0 -7.68172)
(-0.739691 0 -7.81776)
(1.23736 0 -7.79816)
(3.20116 0 -7.62382)
(5.13142 0 -7.30299)
(7.00997 0 -6.85142)
(8.821 0 -6.29255)
(10.55 0 -5.65691)
(12.1809 0 -4.97936)
(13.6926 0 -4.29255)
(15.0569 0 -3.6172)
(16.2422 0 -2.95372)
(17.2214 0 -2.28266)
(17.9774 0 -1.57482)
(18.5044 0 -0.802959)
(18.8041 0 0.0524993)
(18.8822 0 1.00374)
(18.7429 0 2.06074)
(18.3924 0 3.23039)
(17.8515 0 4.4956)
(17.0995 0 5.81655)
(15.9787 0 7.09853)
(14.2086 0 7.98231)
(11.7066 0 8.15227)
(8.68551 0 7.79383)
(5.46968 0 7.25899)
(2.23211 0 6.86822)
(-0.997412 0 6.80381)
(-4.2392 0 7.09619)
(-7.49283 0 7.6243)
(-10.6518 0 8.11633)
(-13.4337 0 8.21552)
(-15.5393 0 7.63347)
(-16.9213 0 6.45965)
(-17.8186 0 5.14048)
(-18.4605 0 3.85284)
(-18.9177 0 2.64559)
(-19.1742 0 1.54866)
(-19.2172 0 0.562754)
(-19.0431 0 -0.322245)
(-18.6458 0 -1.11745)
(-18.0205 0 -1.83958)
(-17.1684 0 -2.51364)
(-16.1001 0 -3.17053)
(-14.8377 0 -3.83783)
(-13.4116 0 -4.52659)
(-11.8518 0 -5.22557)
(-10.1824 0 -5.90617)
(-8.42064 0 -6.53276)
(-6.58017 0 -7.07122)
(-4.67507 0 -7.49354)
(-2.72168 0 -7.77918)
(-0.739103 0 -7.91503)
(1.19076 0 -9.82475)
(3.07295 0 -9.62913)
(4.92551 0 -9.26916)
(6.7314 0 -8.76134)
(8.47449 0 -8.12925)
(10.1385 0 -7.40212)
(11.705 0 -6.61187)
(13.1515 0 -5.78779)
(14.4511 0 -4.94954)
(15.5749 0 -4.10148)
(16.4981 0 -3.23251)
(17.2044 0 -2.32265)
(17.6871 0 -1.35168)
(17.9461 0 -0.304243)
(17.9854 0 0.828817)
(17.8115 0 2.05196)
(17.4344 0 3.36823)
(16.8687 0 4.78094)
(16.1225 0 6.28649)
(15.1971 0 7.85017)
(14.0522 0 9.35773)
(12.4649 0 10.5532)
(10.1006 0 11.0053)
(7.06695 0 10.7971)
(3.70091 0 10.4094)
(0.215922 0 10.2162)
(-3.26844 0 10.3478)
(-6.63705 0 10.6991)
(-9.69406 0 10.92)
(-12.1107 0 10.5246)
(-13.7384 0 9.36792)
(-14.8929 0 7.86574)
(-15.8153 0 6.29373)
(-16.5563 0 4.77294)
(-17.114 0 3.34294)
(-17.4813 0 2.00872)
(-17.6435 0 0.767254)
(-17.5908 0 -0.384236)
(-17.3172 0 -1.44939)
(-16.819 0 -2.43622)
(-16.0967 0 -3.3587)
(-15.1578 0 -4.23564)
(-14.0187 0 -5.08561)
(-12.7046 0 -5.91858)
(-11.2446 0 -6.7298)
(-9.66608 0 -7.49979)
(-7.99221 0 -8.1999)
(-6.24213 0 -8.79908)
(-4.43291 0 -9.26911)
(-2.5813 0 -9.58762)
(-0.70467 0 -9.73953)
(1.17885 0 -9.71764)
(3.05088 0 -9.52298)
(4.89346 0 -9.16476)
(6.68942 0 -8.65997)
(8.42204 0 -8.03264)
(10.0739 0 -7.31204)
(11.6251 0 -6.52921)
(13.0513 0 -5.71119)
(14.3242 0 -4.87412)
(15.4151 0 -4.01878)
(16.3009 0 -3.13224)
(16.9673 0 -2.19517)
(17.409 0 -1.18967)
(17.6267 0 -0.103249)
(17.6247 0 1.07071)
(17.4098 0 2.33528)
(16.9932 0 3.6935)
(16.3894 0 5.14755)
(15.6021 0 6.68772)
(14.6324 0 8.2571)
(13.391 0 9.70911)
(11.5825 0 10.7037)
(8.97441 0 10.9059)
(5.81163 0 10.6066)
(2.4008 0 10.2869)
(-1.09364 0 10.2353)
(-4.56125 0 10.498)
(-7.86985 0 10.8843)
(-10.7669 0 10.9669)
(-12.9236 0 10.3049)
(-14.3651 0 8.99161)
(-15.4417 0 7.45411)
(-16.3223 0 5.89773)
(-17.0225 0 4.4142)
(-17.5418 0 3.02588)
(-17.8686 0 1.73334)
(-17.9891 0 0.533082)
(-17.8946 0 -0.577964)
(-17.5791 0 -1.60516)
(-17.0394 0 -2.55917)
(-16.2771 0 -3.45682)
(-15.301 0 -4.31892)
(-14.1299 0 -5.16409)
(-12.7902 0 -5.99987)
(-11.3107 0 -6.81773)
(-9.71747 0 -7.59487)
(-8.03171 0 -8.30075)
(-6.2711 0 -8.90372)
(-4.45174 0 -9.3758)
(-2.58996 0 -9.69513)
(-0.703053 0 -9.8471)
(1.12263 0 -11.6637)
(2.89702 0 -11.4482)
(4.64328 0 -11.0511)
(6.34443 0 -10.4893)
(7.98343 0 -9.78599)
(9.54229 0 -8.96888)
(11.001 0 -8.06696)
(12.3364 0 -7.10613)
(13.5234 0 -6.10437)
(14.5367 0 -5.06828)
(15.3553 0 -3.9932)
(15.9655 0 -2.8674)
(16.361 0 -1.6776)
(16.541 0 -0.412886)
(16.5087 0 0.93372)
(16.2694 0 2.36511)
(15.8314 0 3.88044)
(15.207 0 5.47446)
(14.4113 0 7.13589)
(13.4601 0 8.84901)
(12.3571 0 10.5787)
(11.0484 0 12.2028)
(9.30898 0 13.4155)
(6.79777 0 13.8867)
(3.65602 0 13.8523)
(0.225405 0 13.7616)
(-3.21362 0 13.8001)
(-6.38418 0 13.8195)
(-8.95611 0 13.3872)
(-10.7424 0 12.217)
(-12.0652 0 10.6021)
(-13.1686 0 8.86409)
(-14.1163 0 7.13677)
(-14.9066 0 5.45889)
(-15.5241 0 3.84661)
(-15.9536 0 2.31184)
(-16.1827 0 0.860467)
(-16.2033 0 -0.505971)
(-16.0103 0 -1.78941)
(-15.6011 0 -2.9956)
(-14.9767 0 -4.13414)
(-14.144 0 -5.21689)
(-13.117 0 -6.25427)
(-11.9169 0 -7.24991)
(-10.5693 0 -8.19671)
(-9.09968 0 -9.07675)
(-7.53169 0 -9.86456)
(-5.886 0 -10.532)
(-4.18124 0 -11.0524)
(-2.43503 0 -11.404)
(-0.664747 0 -11.5714)
(1.11211 0 -11.5473)
(2.878 0 -11.3327)
(4.61545 0 -10.9371)
(6.30708 0 -10.3775)
(7.93511 0 -9.67724)
(9.48049 0 -8.86365)
(10.9218 0 -7.96466)
(12.235 0 -7.00428)
(13.3939 0 -5.99792)
(14.3739 0 -4.94981)
(15.1554 0 -3.85412)
(15.7262 0 -2.69958)
(16.081 0 -1.47465)
(16.22 0 -0.170631)
(16.1465 0 1.21723)
(15.8661 0 2.68998)
(15.388 0 4.24514)
(14.7256 0 5.8754)
(13.8943 0 7.56749)
(12.9084 0 9.30311)
(11.7611 0 11.0292)
(10.3537 0 12.571)
(8.38831 0 13.565)
(5.63117 0 13.8386)
(2.3663 0 13.7816)
(-1.09622 0 13.7737)
(-4.48108 0 13.8796)
(-7.4997 0 13.8324)
(-9.80455 0 13.1713)
(-11.4017 0 11.815)
(-12.6456 0 10.1437)
(-13.7089 0 8.41194)
(-14.6218 0 6.70992)
(-15.3756 0 5.06397)
(-15.9541 0 3.48887)
(-16.3427 0 1.9943)
(-16.53 0 0.584223)
(-16.5089 0 -0.741455)
(-16.2744 0 -1.98661)
(-15.8242 0 -3.15924)
(-15.1602 0 -4.2711)
(-14.2905 0 -5.33552)
(-13.2309 0 -6.36297)
(-12.0037 0 -7.3555)
(-10.6346 0 -8.30347)
(-9.14834 0 -9.18646)
(-7.56727 0 -9.97732)
(-5.91079 0 -10.6471)
(-4.19654 0 -11.1689)
(-2.44149 0 -11.521)
(-0.662673 0 -11.6883)
(1.04532 0 -13.3858)
(2.69661 0 -13.151)
(4.31971 0 -12.7175)
(5.89725 0 -12.1019)
(7.41151 0 -11.327)
(8.84381 0 -10.4187)
(10.174 0 -9.40422)
(11.3803 0 -8.3074)
(12.4402 0 -7.14593)
(13.3322 0 -5.92882)
(14.0388 0 -4.65664)
(14.5483 0 -3.32419)
(14.8548 0 -1.92415)
(14.9573 0 -0.450112)
(14.8583 0 1.10171)
(14.5629 0 2.73159)
(14.0786 0 4.4361)
(13.4161 0 6.20777)
(12.5888 0 8.03361)
(11.6121 0 9.89438)
(10.4999 0 11.763)
(9.25493 0 13.5951)
(7.797 0 15.2576)
(5.87671 0 16.4379)
(3.25837 0 16.9778)
(0.212649 0 17.0946)
(-2.84962 0 16.9556)
(-5.51992 0 16.4276)
(-7.49578 0 15.2798)
(-8.97499 0 13.6282)
(-10.2241 0 11.7884)
(-11.3354 0 9.90692)
(-12.3095 0 8.03065)
(-13.1326 0 6.18686)
(-13.7894 0 4.39531)
(-14.2665 0 2.66969)
(-14.5532 0 1.01825)
(-14.642 0 -0.554736)
(-14.5282 0 -2.04849)
(-14.2096 0 -3.46554)
(-13.6875 0 -4.81095)
(-12.9681 0 -6.09066)
(-12.0636 0 -7.30864)
(-10.9916 0 -8.46331)
(-9.77395 0 -9.54511)
(-8.43348 0 -10.5363)
(-6.9925 0 -11.4133)
(-5.47172 0 -12.1498)
(-3.8904 0 -12.7208)
(-2.26686 0 -13.1052)
(-0.618959 0 -13.2878)
(1.03558 0 -13.2615)
(2.67905 0 -13.0273)
(4.2937 0 -12.5945)
(5.86159 0 -11.9798)
(7.36423 0 -11.2056)
(8.78204 0 -10.2975)
(10.0939 0 -9.28151)
(11.2772 0 -8.18002)
(12.3091 0 -7.00886)
(13.1686 0 -5.77546)
(13.8394 0 -4.47968)
(14.3108 0 -3.11676)
(14.578 0 -1.68073)
(14.6406 0 -0.167058)
(14.5015 0 1.426)
(14.1661 0 3.09678)
(13.6427 0 4.84009)
(12.9427 0 6.64645)
(12.0802 0 8.50059)
(11.0703 0 10.3811)
(9.92607 0 12.2583)
(8.6336 0 14.0722)
(7.06289 0 15.6288)
(4.91047 0 16.6134)
(2.1037 0 17.0175)
(-0.992331 0 17.0905)
(-3.96935 0 16.8919)
(-6.42015 0 16.2011)
(-8.18997 0 14.8684)
(-9.5786 0 13.1396)
(-10.7876 0 11.2913)
(-11.8667 0 9.42162)
(-12.8069 0 7.56733)
(-13.5938 0 5.75342)
(-14.2123 0 3.99757)
(-14.6496 0 2.3112)
(-14.8958 0 0.700675)
(-14.944 0 -0.831525)
(-14.7899 0 -2.28659)
(-14.4316 0 -3.66905)
(-13.8713 0 -4.98576)
(-13.1162 0 -6.2438)
(-12.1797 0 -7.44728)
(-11.0805 0 -8.59361)
(-9.84054 0 -9.67152)
(-8.48236 0 -10.6615)
(-7.02737 0 -11.5383)
(-5.49528 0 -12.275)
(-3.90447 0 -12.8461)
(-2.27255 0 -13.2303)
(-0.616845 0 -13.4126)
(0.958776 0 -14.9772)
(2.47202 0 -14.7226)
(3.95654 0 -14.2519)
(5.3946 0 -13.5813)
(6.76819 0 -12.7329)
(8.05874 0 -11.732)
(9.24697 0 -10.6043)
(10.313 0 -9.3733)
(11.2373 0 -8.05734)
(12.0021 0 -6.66802)
(12.5928 0 -5.21031)
(12.9999 0 -3.6842)
(13.2184 0 -2.08724)
(13.2474 0 -0.416884)
(13.0893 0 1.32768)
(12.7489 0 3.14415)
(12.2337 0 5.02649)
(11.5532 0 6.96444)
(10.7197 0 8.94304)
(9.74671 0 10.9428)
(8.64783 0 12.9406)
(7.4372 0 14.9085)
(6.11008 0 16.7913)
(4.56172 0 18.4179)
(2.57505 0 19.4979)
(0.180862 0 19.8684)
(-2.23311 0 19.515)
(-4.26668 0 18.4564)
(-5.84311 0 16.8396)
(-7.1788 0 14.9485)
(-8.39094 0 12.9672)
(-9.48978 0 10.9542)
(-10.461 0 8.93718)
(-11.2914 0 6.93913)
(-11.9673 0 4.97984)
(-12.4765 0 3.07493)
(-12.8094 0 1.23548)
(-12.9587 0 -0.531487)
(-12.9199 0 -2.22253)
(-12.6908 0 -3.83718)
(-12.2724 0 -5.37661)
(-11.6701 0 -6.84192)
(-10.8938 0 -8.23187)
(-9.95823 0 -9.54053)
(-8.88143 0 -10.7557)
(-7.68341 0 -11.8588)
(-6.38449 0 -12.8267)
(-5.00452 0 -13.6343)
(-3.56266 0 -14.2574)
(-2.07753 0 -14.6755)
(-0.567426 0 -14.8739)
(0.949478 0 -14.8453)
(2.45504 0 -14.5909)
(3.93105 0 -14.1198)
(5.35917 0 -13.4483)
(6.72066 0 -12.5981)
(7.99619 0 -11.5939)
(9.16575 0 -10.4607)
(10.209 0 -9.22051)
(11.1062 0 -7.8905)
(11.8401 0 -6.48122)
(12.397 0 -4.99724)
(12.7681 0 -3.43896)
(12.9495 0 -1.80507)
(12.9407 0 -0.0946733)
(12.7447 0 1.69113)
(12.3667 0 3.54803)
(11.8146 0 5.46799)
(11.0987 0 7.43883)
(10.2315 0 9.44376)
(9.22694 0 11.462)
(8.09811 0 13.4703)
(6.85888 0 15.4366)
(5.47924 0 17.284)
(3.80742 0 18.7843)
(1.65123 0 19.6717)
(-0.798006 0 19.8429)
(-3.11987 0 19.2887)
(-4.97933 0 18.0476)
(-6.4546 0 16.3292)
(-7.74752 0 14.4159)
(-8.93137 0 12.4367)
(-9.99961 0 10.436)
(-10.9385 0 8.43936)
(-11.7346 0 6.46916)
(-12.3742 0 4.54384)
(-12.8459 0 2.67715)
(-13.1406 0 0.878214)
(-13.2516 0 -0.847886)
(-13.1746 0 -2.49974)
(-12.908 0 -4.07872)
(-12.4537 0 -5.58752)
(-11.8176 0 -7.02821)
(-11.0108 0 -8.39975)
(-10.0487 0 -9.69559)
(-8.94968 0 -10.9023)
(-7.73357 0 -12.0001)
(-6.42009 0 -12.9647)
(-5.02836 0 -13.7701)
(-3.57678 0 -14.3917)
(-2.08327 0 -14.8086)
(-0.565535 0 -15.0062)
(0.863617 0 -16.4234)
(2.22513 0 -16.1488)
(3.55756 0 -15.6401)
(4.84309 0 -14.9136)
(6.06387 0 -13.9911)
(7.20202 0 -12.8976)
(8.23964 0 -11.6586)
(9.15913 0 -10.2978)
(9.94387 0 -8.835)
(10.5793 0 -7.28431)
(11.0539 0 -5.65445)
(11.3601 0 -3.94966)
(11.4943 0 -2.17154)
(11.4564 0 -0.320953)
(11.249 0 1.60016)
(10.8775 0 3.58716)
(10.3491 0 5.63174)
(9.67327 0 7.72146)
(8.86145 0 9.83938)
(7.92694 0 11.9647)
(6.88395 0 14.074)
(5.74858 0 16.1441)
(4.54282 0 18.1407)
(3.25562 0 19.9635)
(1.80112 0 21.3376)
(0.139785 0 21.8797)
(-1.53452 0 21.3811)
(-3.01066 0 20.0265)
(-4.30745 0 18.1989)
(-5.51545 0 16.1877)
(-6.65187 0 14.1015)
(-7.69495 0 11.9754)
(-8.62823 0 9.83144)
(-9.43754 0 7.69272)
(-10.1096 0 5.58031)
(-10.633 0 3.5118)
(-10.9982 0 1.50053)
(-11.1981 0 -0.444153)
(-11.2275 0 -2.3164)
(-11.0839 0 -4.11296)
(-10.7676 0 -5.83155)
(-10.2825 0 -7.46925)
(-9.63644 0 -9.02055)
(-8.8411 0 -10.4758)
(-7.91143 0 -11.82)
(-6.86443 0 -13.0333)
(-5.71821 0 -14.0922)
(-4.49124 0 -14.9717)
(-3.20201 0 -15.6478)
(-1.869 0 -16.1004)
(-0.510641 0 -16.3149)
(0.854635 0 -16.284)
(2.20838 0 -16.0089)
(3.53215 0 -15.4986)
(4.80752 0 -14.7694)
(6.016 0 -13.8426)
(7.13909 0 -12.7427)
(8.15836 0 -11.4944)
(9.05589 0 -10.1206)
(9.8151 0 -8.63997)
(10.4218 0 -7.06618)
(10.8651 0 -5.40769)
(11.1382 0 -3.66917)
(11.2383 0 -1.85325)
(11.1657 0 0.0377253)
(10.9238 0 2)
(10.518 0 4.02688)
(9.95628 0 6.10803)
(9.24855 0 8.22903)
(8.40676 0 10.3713)
(7.44451 0 12.5129)
(6.37615 0 14.6312)
(5.21997 0 16.703)
(3.99446 0 18.6835)
(2.66339 0 20.4264)
(1.12991 0 21.5998)
(-0.565835 0 21.8385)
(-2.18503 0 21.0541)
(-3.58694 0 19.5311)
(-4.84835 0 17.6465)
(-6.0379 0 15.6258)
(-7.15184 0 13.5432)
(-8.16875 0 11.4274)
(-9.07351 0 9.30165)
(-9.85204 0 7.18881)
(-10.4915 0 5.10886)
(-10.9809 0 3.07759)
(-11.3114 0 1.10638)
(-11.4762 0 -0.79745)
(-11.4706 0 -2.63007)
(-11.2926 0 -4.38993)
(-10.9431 0 -6.07616)
(-10.4267 0 -7.68667)
(-9.75215 0 -9.21623)
(-8.93168 0 -10.6548)
(-7.98054 0 -11.9867)
(-6.91567 0 -13.1911)
(-5.7548 0 -14.2435)
(-4.51585 0 -15.1183)
(-3.2167 0 -15.7912)
(-1.87517 0 -16.2415)
(-0.509112 0 -16.4547)
(0.76074 0 -17.7114)
(1.95842 0 -17.4166)
(3.12722 0 -16.8699)
(4.24961 0 -16.0877)
(5.3084 0 -15.0919)
(6.28681 0 -13.9078)
(7.16865 0 -12.5615)
(7.93864 0 -11.0776)
(8.583 0 -9.47758)
(9.09012 0 -7.77811)
(9.45127 0 -5.9912)
(9.66104 0 -4.12466)
(9.71737 0 -2.18351)
(9.62129 0 -0.171635)
(9.37644 0 1.90649)
(8.98875 0 4.04401)
(8.46614 0 6.23063)
(7.81847 0 8.45193)
(7.05757 0 10.6891)
(6.19734 0 12.9193)
(5.25414 0 15.1167)
(4.24797 0 17.2544)
(3.20925 0 19.298)
(2.17275 0 21.161)
(1.14304 0 22.5968)
(0.101343 0 23.1811)
(-0.942313 0 22.6473)
(-1.97367 0 21.2291)
(-3.00899 0 19.3581)
(-4.04658 0 17.2989)
(-5.05259 0 15.1445)
(-5.99531 0 12.9293)
(-6.85424 0 10.6794)
(-7.61293 0 8.42035)
(-8.25736 0 6.1752)
(-8.77569 0 3.96347)
(-9.15803 0 1.80052)
(-9.39647 0 -0.302242)
(-9.48517 0 -2.33673)
(-9.42058 0 -4.2971)
(-9.20185 0 -6.17805)
(-8.83119 0 -7.97318)
(-8.31425 0 -9.67338)
(-7.66 0 -11.2656)
(-6.8804 0 -12.7324)
(-5.98966 0 -14.0521)
(-5.00355 0 -15.2)
(-3.93883 0 -16.1506)
(-2.81293 0 -16.8797)
(-1.64368 0 -17.3669)
(-0.449228 0 -17.5976)
(0.752106 0 -17.5644)
(1.94196 0 -17.2684)
(3.10205 0 -16.719)
(4.21429 0 -15.9322)
(5.26093 0 -14.9298)
(6.22469 0 -13.7364)
(7.08902 0 -12.3776)
(7.83845 0 -10.8774)
(8.45929 0 -9.25646)
(8.94026 0 -7.53128)
(9.2732 0 -5.71376)
(9.45333 0 -3.8122)
(9.47923 0 -1.83258)
(9.3525 0 0.219831)
(9.07727 0 2.33879)
(8.65994 0 4.51542)
(8.10892 0 6.73735)
(7.43457 0 8.98816)
(6.64929 0 11.2473)
(5.76766 0 13.491)
(4.80687 0 15.6933)
(3.78944 0 17.8278)
(2.75015 0 19.8526)
(1.71741 0 21.6432)
(0.683959 0 22.8805)
(-0.361234 0 23.1355)
(-1.39918 0 22.2964)
(-2.4288 0 20.7171)
(-3.46786 0 18.7935)
(-4.50193 0 16.7211)
(-5.49447 0 14.5654)
(-6.41837 0 12.3569)
(-7.25487 0 10.1224)
(-7.98829 0 7.88702)
(-8.60528 0 5.67264)
(-9.09452 0 3.49698)
(-9.44664 0 1.3734)
(-9.65421 0 -0.688762)
(-9.71184 0 -2.68337)
(-9.61652 0 -4.60625)
(-9.36798 0 -6.45339)
(-8.9691 0 -8.21919)
(-8.42615 0 -9.89489)
(-7.74866 0 -11.4673)
(-6.94886 0 -12.9184)
(-6.04098 0 -14.226)
(-5.04056 0 -15.3646)
(-3.96398 0 -16.3083)
(-2.82814 0 -17.0324)
(-1.65032 0 -17.5162)
(-0.448108 0 -17.745)
(0.651077 0 -18.8299)
(1.67441 0 -18.5153)
(2.66979 0 -17.9313)
(3.62048 0 -17.0948)
(4.51036 0 -16.0284)
(5.32409 0 -14.7579)
(6.04739 0 -13.3105)
(6.66737 0 -11.7122)
(7.17288 0 -9.98654)
(7.55506 0 -8.15263)
(7.80772 0 -6.2254)
(7.92762 0 -4.21579)
(7.91445 0 -2.13182)
(7.77066 0 0.0199463)
(7.50108 0 2.23266)
(7.11274 0 4.49739)
(6.61457 0 6.80191)
(6.01738 0 9.12986)
(5.33405 0 11.4603)
(4.57991 0 13.7676)
(3.77367 0 16.0222)
(2.93929 0 18.1899)
(2.11138 0 20.2259)
(1.3384 0 22.039)
(0.661114 0 23.4054)
(0.0709202 0 23.9533)
(-0.51519 0 23.4513)
(-1.18438 0 22.1017)
(-1.95066 0 20.2826)
(-2.77486 0 18.2327)
(-3.60735 0 16.049)
(-4.41205 0 13.7764)
(-5.16442 0 11.4488)
(-5.84545 0 9.09566)
(-6.43965 0 6.74297)
(-6.93406 0 4.41239)
(-7.31777 0 2.12126)
(-7.58183 0 -0.11705)
(-7.71926 0 -2.29232)
(-7.72523 0 -4.3963)
(-7.5974 0 -6.42098)
(-7.33622 0 -8.3569)
(-6.94511 0 -10.1918)
(-6.4305 0 -11.9097)
(-5.8016 0 -13.4904)
(-5.06996 0 -14.9102)
(-4.24898 0 -16.1431)
(-3.35353 0 -17.1623)
(-2.39957 0 -17.943)
(-1.40388 0 -18.4641)
(-0.383807 0 -18.7107)
(0.642933 0 -18.6752)
(1.65855 0 -18.3588)
(2.64541 0 -17.771)
(3.58627 0 -16.9283)
(4.46452 0 -15.8531)
(5.26446 0 -14.5708)
(5.97156 0 -13.1082)
(6.57282 0 -11.4909)
(7.05723 0 -9.74184)
(7.41625 0 -7.88013)
(7.64418 0 -5.92078)
(7.73836 0 -3.87523)
(7.69907 0 -1.75245)
(7.5293 0 0.439652)
(7.23444 0 2.6925)
(6.822 0 4.99515)
(6.30143 0 7.33328)
(5.68411 0 9.68846)
(4.98361 0 12.0379)
(4.21617 0 14.3546)
(3.40193 0 16.6082)
(2.5676 0 18.7632)
(1.75318 0 20.7676)
(1.00902 0 22.4981)
(0.365257 0 23.6706)
(-0.211635 0 23.9106)
(-0.818414 0 23.1214)
(-1.5216 0 21.611)
(-2.31309 0 19.7273)
(-3.14669 0 17.652)
(-3.97661 0 15.4586)
(-4.77164 0 13.1874)
(-5.50944 0 10.8713)
(-6.17226 0 8.53908)
(-6.74546 0 6.21499)
(-7.21671 0 3.91889)
(-7.57567 0 1.66602)
(-7.81388 0 -0.532289)
(-7.92487 0 -2.66777)
(-7.90436 0 -4.73382)
(-7.75059 0 -6.72362)
(-7.46459 0 -8.62855)
(-7.05037 0 -10.4367)
(-6.51482 0 -12.1321)
(-5.86744 0 -13.6944)
(-5.11986 0 -15.0994)
(-4.28536 0 -16.3206)
(-3.37853 0 -17.3308)
(-2.4149 0 -18.1049)
(-1.4108 0 -18.6216)
(-0.383082 0 -18.8658)
(0.535485 0 -19.769)
(1.37535 0 -19.4354)
(2.18904 0 -18.816)
(2.96107 0 -17.9283)
(3.67679 0 -16.7955)
(4.32263 0 -15.4449)
(4.88639 0 -13.9048)
(5.3575 0 -12.2032)
(5.72734 0 -10.3653)
(5.98956 0 -8.41299)
(6.14032 0 -6.36379)
(6.17846 0 -4.23142)
(6.10544 0 -2.02657)
(5.9252 0 0.241712)
(5.64397 0 2.56437)
(5.26999 0 4.93048)
(4.81334 0 7.32593)
(4.286 0 9.73234)
(3.70203 0 12.1264)
(3.07812 0 14.4794)
(2.4346 0 16.757)
(1.79732 0 18.9174)
(1.20112 0 20.9044)
(0.692375 0 22.6197)
(0.312492 0 23.8664)
(0.0467491 0 24.352)
(-0.213469 0 23.9038)
(-0.582516 0 22.6729)
(-1.08232 0 20.9546)
(-1.6729 0 18.9565)
(-2.30664 0 16.7813)
(-2.94746 0 14.4861)
(-3.56891 0 12.1127)
(-4.15028 0 9.69548)
(-4.67469 0 7.26373)
(-5.1279 0 4.84154)
(-5.49784 0 2.44827)
(-5.77435 0 0.0992186)
(-5.94914 0 -2.19336)
(-6.01598 0 -4.41897)
(-5.97096 0 -6.56708)
(-5.81272 0 -8.6255)
(-5.54256 0 -10.5791)
(-5.16454 0 -12.4092)
(-4.68532 0 -14.093)
(-4.11393 0 -15.6048)
(-3.46143 0 -16.9164)
(-2.74058 0 -18)
(-1.96556 0 -18.8294)
(-1.15165 0 -19.3827)
(-0.314931 0 -19.6444)
(0.528041 0 -19.6068)
(1.36059 0 -19.2709)
(2.16625 0 -18.6467)
(2.9291 0 -17.7514)
(3.63411 0 -16.608)
(4.26744 0 -15.2435)
(4.8167 0 -13.686)
(5.27132 0 -11.9631)
(5.62284 0 -10.0999)
(5.86522 0 -8.11826)
(5.99508 0 -6.03589)
(6.0118 0 -3.86711)
(5.91741 0 -1.62355)
(5.71642 0 0.684433)
(5.41559 0 3.04605)
(5.02371 0 5.44838)
(4.55142 0 7.87516)
(4.01129 0 10.3059)
(3.41817 0 12.7151)
(2.78978 0 15.0724)
(2.14804 0 17.3416)
(1.52137 0 19.4784)
(0.948935 0 21.4185)
(0.479574 0 23.0385)
(0.143915 0 24.0999)
(-0.104524 0 24.3146)
(-0.391986 0 23.6108)
(-0.806177 0 22.2203)
(-1.34154 0 20.4226)
(-1.95197 0 18.3848)
(-2.5936 0 16.19)
(-3.23428 0 13.8895)
(-3.84979 0 11.5229)
(-4.42083 0 9.12295)
(-4.93146 0 6.71702)
(-5.36816 0 4.32715)
(-5.71947 0 1.97055)
(-5.97574 0 -0.339585)
(-6.12924 0 -2.59292)
(-6.17429 0 -4.78056)
(-6.10757 0 -6.89319)
(-5.92826 0 -8.91945)
(-5.63821 0 -10.8447)
(-5.24193 0 -12.6503)
(-4.74635 0 -14.3134)
(-4.16065 0 -15.8081)
(-3.49581 0 -17.106)
(-2.76443 0 -18.1788)
(-1.98037 0 -19.0001)
(-1.15853 0 -19.5481)
(-0.314544 0 -19.8069)
(0.414711 0 -20.5199)
(1.0632 0 -20.1688)
(1.68814 0 -19.517)
(2.27579 0 -18.5826)
(2.81337 0 -17.3899)
(3.28934 0 -15.9675)
(3.69371 0 -14.3454)
(4.01825 0 -12.5532)
(4.25668 0 -10.6186)
(4.40497 0 -8.56563)
(4.46142 0 -6.41432)
(4.42677 0 -4.18092)
(4.30414 0 -1.87858)
(4.09895 0 0.481394)
(3.8187 0 2.88785)
(3.47282 0 5.32799)
(3.07246 0 7.78586)
(2.63053 0 10.2411)
(2.16196 0 12.6681)
(1.68409 0 15.035)
(1.21752 0 17.303)
(0.78735 0 19.4241)
(0.424857 0 21.3339)
(0.16716 0 22.9324)
(0.0422943 0 24.0521)
(0.0259824 0 24.475)
(0.0146647 0 24.081)
(-0.0998913 0 22.9752)
(-0.348278 0 21.3763)
(-0.704089 0 19.4579)
(-1.12949 0 17.3236)
(-1.59237 0 15.0387)
(-2.06709 0 12.6516)
(-2.53272 0 10.2014)
(-2.97167 0 7.72055)
(-3.36886 0 5.23552)
(-3.71121 0 2.76769)
(-3.98747 0 0.334225)
(-4.18811 0 -2.05071)
(-4.30558 0 -4.37449)
(-4.33447 0 -6.62426)
(-4.27167 0 -8.78533)
(-4.11657 0 -10.84)
(-3.87103 0 -12.7669)
(-3.5394 0 -14.541)
(-3.12827 0 -16.1341)
(-2.64636 0 -17.5165)
(-2.10419 0 -18.6582)
(-1.51385 0 -19.5319)
(-0.888705 0 -20.1148)
(-0.243064 0 -20.3904)
(0.408208 0 -20.3508)
(1.0501 0 -19.9971)
(1.66784 0 -19.3395)
(2.24734 0 -18.3962)
(2.7755 0 -17.1915)
(3.24061 0 -15.7534)
(3.63256 0 -14.1121)
(3.94317 0 -12.2971)
(4.16635 0 -10.3358)
(4.2984 0 -8.2524)
(4.33806 0 -6.06738)
(4.28658 0 -3.79758)
(4.14765 0 -1.45709)
(3.92724 0 0.941454)
(3.63344 0 3.38518)
(3.2762 0 5.8593)
(2.86724 0 8.34566)
(2.42012 0 10.8216)
(1.95049 0 13.2593)
(1.47669 0 15.6247)
(1.02068 0 17.8767)
(0.60955 0 19.9636)
(0.277207 0 21.8134)
(0.0613018 0 23.3074)
(-0.0210128 0 24.2534)
(-0.0215007 0 24.4429)
(-0.0580256 0 23.8257)
(-0.216963 0 22.5652)
(-0.504479 0 20.8754)
(-0.887294 0 18.9046)
(-1.32925 0 16.7409)
(-1.80077 0 14.4435)
(-2.27803 0 12.0578)
(-2.74132 0 9.62071)
(-3.17399 0 7.16229)
(-3.56165 0 4.70687)
(-3.89182 0 2.27358)
(-4.1538 0 -0.122541)
(-4.33864 0 -2.46925)
(-4.43932 0 -4.7555)
(-4.45101 0 -6.96967)
(-4.37118 0 -9.09793)
(-4.19971 0 -11.1231)
(-3.9389 0 -13.024)
(-3.59338 0 -14.7757)
(-3.16993 0 -16.35)
(-2.67727 0 -17.7168)
(-2.12581 0 -18.8463)
(-1.52741 0 -19.7108)
(-0.89514 0 -20.2874)
(-0.242941 0 -20.5598)
(0.289397 0 -21.0751)
(0.739616 0 -20.7088)
(1.16977 0 -20.0286)
(1.5683 0 -19.0535)
(1.92468 0 -17.8091)
(2.22967 0 -16.3253)
(2.4756 0 -14.6337)
(2.65654 0 -12.7662)
(2.76847 0 -10.7521)
(2.80943 0 -8.61775)
(2.77963 0 -6.3856)
(2.68148 0 -4.07415)
(2.51956 0 -1.69877)
(2.30053 0 0.727143)
(2.03301 0 3.19048)
(1.72731 0 5.67672)
(1.39533 0 8.16821)
(1.05053 0 10.6428)
(0.708024 0 13.0729)
(0.384872 0 15.4239)
(0.100485 0 17.6539)
(-0.122872 0 19.7107)
(-0.259968 0 21.5263)
(-0.285167 0 23.0046)
(-0.185777 0 24.0074)
(0.00696243 0 24.3761)
(0.203682 0 24.0292)
(0.311796 0 23.0381)
(0.295317 0 21.5606)
(0.165244 0 19.7384)
(-0.0526376 0 17.6698)
(-0.332641 0 15.4238)
(-0.652127 0 13.053)
(-0.991411 0 10.6001)
(-1.33323 0 8.09987)
(-1.66229 0 5.58107)
(-1.96497 0 3.06686)
(-2.22924 0 0.57611)
(-2.44465 0 -1.87526)
(-2.60251 0 -4.27263)
(-2.6961 0 -6.60101)
(-2.72083 0 -8.84342)
(-2.67437 0 -10.9798)
(-2.55662 0 -12.9864)
(-2.36979 0 -14.8358)
(-2.11818 0 -16.4978)
(-1.80814 0 -17.9405)
(-1.4478 0 -19.1325)
(-1.04689 0 -20.0449)
(-0.616476 0 -20.6535)
(-0.168599 0 -20.9413)
(0.284088 0 -20.9)
(0.728767 0 -20.5306)
(1.1529 0 -19.844)
(1.54464 0 -18.859)
(1.89325 0 -17.6013)
(2.18936 0 -16.1006)
(2.42527 0 -14.3886)
(2.59513 0 -12.4969)
(2.69515 0 -10.4552)
(2.72368 0 -8.28998)
(2.68139 0 -6.02408)
(2.57118 0 -3.67671)
(2.39819 0 -1.26422)
(2.16964 0 1.19863)
(1.8947 0 3.69708)
(1.58423 0 6.21456)
(1.25066 0 8.73123)
(0.908018 0 11.2226)
(0.572059 0 13.6586)
(0.260607 0 16.0023)
(-0.00595872 0 18.209)
(-0.204207 0 20.2228)
(-0.307909 0 21.9689)
(-0.292867 0 23.3387)
(-0.15654 0 24.181)
(0.0491935 0 24.3484)
(0.224975 0 23.8071)
(0.293642 0 22.6691)
(0.238209 0 21.0943)
(0.0769298 0 19.21)
(-0.164034 0 17.1037)
(-0.460127 0 14.8384)
(-0.789836 0 12.4634)
(-1.13439 0 10.0189)
(-1.47724 0 7.53734)
(-1.80371 0 5.04497)
(-2.10073 0 2.56269)
(-2.35682 0 0.10722)
(-2.56206 0 -2.30741)
(-2.7083 0 -4.66819)
(-2.78941 0 -6.96134)
(-2.80134 0 -9.17077)
(-2.74226 0 -11.277)
(-2.6125 0 -13.2566)
(-2.41456 0 -15.0824)
(-2.15296 0 -16.7242)
(-1.8341 0 -18.1501)
(-1.46607 0 -19.3286)
(-1.05844 0 -20.2308)
(-0.622046 0 -20.8326)
(-0.168655 0 -21.1168)
(0.16012 0 -21.4282)
(0.406088 0 -21.0492)
(0.636276 0 -20.3457)
(0.841754 0 -19.3375)
(1.01459 0 -18.0513)
(1.1481 0 -16.5184)
(1.23704 0 -14.7722)
(1.27778 0 -12.8461)
(1.26838 0 -10.7715)
(1.20879 0 -8.57681)
(1.10085 0 -6.28637)
(0.948367 0 -3.92086)
(0.757088 0 -1.49764)
(0.534634 0 0.967947)
(0.290357 0 3.46108)
(0.035118 0 5.96567)
(-0.218898 0 8.46266)
(-0.458269 0 10.9285)
(-0.668371 0 13.3338)
(-0.83336 0 15.6426)
(-0.936162 0 17.811)
(-0.958635 0 19.785)
(-0.882582 0 21.4971)
(-0.693422 0 22.8593)
(-0.391252 0 23.7595)
(-0.0109717 0 24.0832)
(0.372345 0 23.7755)
(0.68156 0 22.8847)
(0.878451 0 21.5238)
(0.961352 0 19.8063)
(0.944598 0 17.8217)
(0.846531 0 15.6383)
(0.685488 0 13.3104)
(0.478724 0 10.8825)
(0.242242 0 8.39144)
(-0.00918164 0 5.86726)
(-0.261974 0 3.33464)
(-0.5038 0 0.813909)
(-0.723655 0 -1.67745)
(-0.912072 0 -4.12305)
(-1.06134 0 -6.50594)
(-1.16567 0 -8.80708)
(-1.22127 0 -11.0042)
(-1.22636 0 -13.0715)
(-1.18117 0 -14.9795)
(-1.08785 0 -16.6958)
(-0.950349 0 -18.1869)
(-0.774292 0 -19.4195)
(-0.566784 0 -20.3633)
(-0.336197 0 -20.9931)
(-0.0918733 0 -21.291)
(0.156246 0 -21.2481)
(0.39805 0 -20.8659)
(0.623708 0 -20.1554)
(0.82409 0 -19.1366)
(0.991115 0 -17.8362)
(1.11803 0 -16.2855)
(1.19961 0 -14.5179)
(1.23235 0 -12.5669)
(1.21457 0 -10.4643)
(1.14654 0 -8.23865)
(1.03053 0 -5.91489)
(0.870844 0 -3.51438)
(0.67377 0 -1.05556)
(0.447476 0 1.44494)
(0.201842 0 3.97059)
(-0.0517792 0 6.50334)
(-0.300728 0 9.02189)
(-0.531127 0 11.5003)
(-0.727893 0 13.9068)
(-0.874712 0 16.2029)
(-0.954025 0 18.3418)
(-0.947339 0 20.2662)
(-0.836755 0 21.9031)
(-0.610398 0 23.1569)
(-0.277163 0 23.9101)
(0.113482 0 24.0592)
(0.479903 0 23.5813)
(0.755196 0 22.5531)
(0.915031 0 21.0929)
(0.964661 0 19.3072)
(0.920221 0 17.2782)
(0.800091 0 15.0695)
(0.622193 0 12.7322)
(0.4033 0 10.3081)
(0.158949 0 7.83163)
(-0.0965373 0 5.33037)
(-0.350042 0 2.8267)
(-0.589704 0 0.33878)
(-0.805019 0 -2.11778)
(-0.987054 0 -4.52816)
(-1.12866 0 -6.87664)
(-1.22456 0 -9.14509)
(-1.27147 0 -11.312)
(-1.26802 0 -13.3517)
(-1.21476 0 -15.2353)
(-1.11406 0 -16.9305)
(-0.969986 0 -18.4037)
(-0.788153 0 -19.6219)
(-0.575587 0 -20.5549)
(-0.340501 0 -21.1772)
(-0.092031 0 -21.4713)
(0.0274386 0 -21.5733)
(0.0640395 0 -21.185)
(0.0898986 0 -20.4643)
(0.0991239 0 -19.4318)
(0.0867064 0 -18.1155)
(0.0487155 0 -16.5477)
(-0.0175573 0 -14.7634)
(-0.113483 0 -12.7975)
(-0.238993 0 -10.6831)
(-0.392481 0 -8.45023)
(-0.570721 0 -6.12518)
(-0.768817 0 -3.73039)
(-0.980189 0 -1.28504)
(-1.19663 0 1.19388)
(-1.40844 0 3.69001)
(-1.60469 0 6.18599)
(-1.77339 0 8.66163)
(-1.90173 0 11.0924)
(-1.97625 0 13.448)
(-1.98304 0 15.6918)
(-1.90809 0 17.7794)
(-1.73799 0 19.6574)
(-1.46152 0 21.2615)
(-1.07356 0 22.5137)
(-0.58362 0 23.3246)
(-0.0279559 0 23.6112)
(0.530001 0 23.3361)
(1.02553 0 22.5324)
(1.42013 0 21.2813)
(1.70296 0 19.6726)
(1.87866 0 17.7848)
(1.95838 0 15.6831)
(1.95556 0 13.4209)
(1.8843 0 11.0434)
(1.75859 0 8.5878)
(1.59203 0 6.08531)
(1.39754 0 3.56149)
(1.18727 0 1.0378)
(0.972287 0 -1.46698)
(0.762431 0 -3.93495)
(0.566026 0 -6.34741)
(0.389735 0 -8.68351)
(0.238502 0 -10.9191)
(0.115543 0 -13.0265)
(0.0223931 0 -14.9743)
(-0.0410176 0 -16.7286)
(-0.0762692 0 -18.2541)
(-0.0863409 0 -19.5161)
(-0.07548 0 -20.483)
(-0.0490319 0 -21.1284)
(-0.0132094 0 -21.4338)
(0.0252171 0 -21.3899)
(0.0593155 0 -20.9981)
(0.0824215 0 -20.27)
(0.0885134 0 -19.2264)
(0.0725016 0 -17.8953)
(0.0304423 0 -16.3091)
(-0.0403049 0 -14.5029)
(-0.140952 0 -12.5118)
(-0.271175 0 -10.3694)
(-0.429024 0 -8.10594)
(-0.610854 0 -5.74839)
(-0.811287 0 -3.31996)
(-1.02324 0 -0.840856)
(-1.23798 0 1.67057)
(-1.44533 0 4.19634)
(-1.63393 0 6.71715)
(-1.79143 0 9.21061)
(-1.90469 0 11.6498)
(-1.96002 0 14.0022)
(-1.94335 0 16.2286)
(-1.84066 0 18.2819)
(-1.63887 0 20.1059)
(-1.32796 0 21.6324)
(-0.906077 0 22.7794)
(-0.390004 0 23.4563)
(0.173976 0 23.5901)
(0.718219 0 23.1653)
(1.18464 0 22.2345)
(1.54463 0 20.8853)
(1.79348 0 19.2051)
(1.93842 0 17.2684)
(1.99146 0 15.1365)
(1.96627 0 12.8603)
(1.87688 0 10.4822)
(1.73713 0 8.0372)
(1.56033 0 5.55397)
(1.35909 0 3.05586)
(1.14517 0 0.562203)
(0.929207 0 -1.91007)
(0.720538 0 -4.34457)
(0.526968 0 -6.72385)
(0.354651 0 -9.02797)
(0.208057 0 -11.2336)
(0.0899961 0 -13.3133)
(0.00167509 0 -15.2364)
(-0.0572112 0 -16.969)
(-0.0883833 0 -18.476)
(-0.0948719 0 -19.723)
(-0.080897 0 -20.6785)
(-0.0517139 0 -21.3161)
(-0.0133995 0 -21.6174)
(-0.108052 0 -21.5056)
(-0.285008 0 -21.1117)
(-0.466978 0 -20.3808)
(-0.656452 0 -19.3343)
(-0.855232 0 -18.0009)
(-1.06431 0 -16.4142)
(-1.28378 0 -14.6101)
(-1.51277 0 -12.6247)
(-1.74934 0 -10.4926)
(-1.9904 0 -8.24509)
(-2.23161 0 -5.91005)
(-2.46728 0 -3.51139)
(-2.69037 0 -1.06983)
(-2.89245 0 1.39621)
(-3.06392 0 3.86915)
(-3.19423 0 6.33064)
(-3.27212 0 8.75974)
(-3.28589 0 11.1314)
(-3.22378 0 13.4152)
(-3.07431 0 15.5746)
(-2.82695 0 17.5661)
(-2.47307 0 19.3386)
(-2.00786 0 20.8329)
(-1.43385 0 21.9815)
(-0.767082 0 22.7136)
(-0.0438976 0 22.9689)
(0.681023 0 22.7217)
(1.3522 0 21.9947)
(1.9318 0 20.8465)
(2.40269 0 19.348)
(2.76177 0 17.5664)
(3.01366 0 15.5615)
(3.16688 0 13.3846)
(3.23196 0 11.0796)
(3.22039 0 8.68375)
(3.14403 0 6.22833)
(3.01465 0 3.73941)
(2.84365 0 1.23918)
(2.64174 0 -1.25261)
(2.41865 0 -3.71679)
(2.18295 0 -6.13325)
(1.94181 0 -8.47956)
(1.70103 0 -10.7301)
(1.46501 0 -12.8554)
(1.23687 0 -14.8229)
(1.01851 0 -16.5972)
(0.810724 0 -18.1415)
(0.61327 0 -19.4203)
(0.424967 0 -20.4006)
(0.243798 0 -21.0554)
(0.0670553 0 -21.3652)
(-0.108438 0 -21.3207)
(-0.286001 0 -20.9231)
(-0.468718 0 -20.1846)
(-0.659141 0 -19.1267)
(-0.859091 0 -17.7781)
(-1.06952 0 -16.1727)
(-1.29042 0 -14.3465)
(-1.52073 0 -12.3361)
(-1.75824 0 -10.1763)
(-1.99954 0 -7.89898)
(-2.23986 0 -5.53263)
(-2.47308 0 -3.102)
(-2.69166 0 -0.628862)
(-2.88674 0 1.86704)
(-3.04827 0 4.36656)
(-3.16537 0 6.84947)
(-3.22652 0 9.2927)
(-3.21988 0 11.6689)
(-3.13365 0 13.9456)
(-2.9565 0 16.0837)
(-2.67831 0 18.0375)
(-2.2913 0 19.7537)
(-1.79237 0 21.1705)
(-1.18743 0 22.219)
(-0.498351 0 22.8296)
(0.231652 0 22.9503)
(0.9452 0 22.5705)
(1.59111 0 21.7269)
(2.13854 0 20.4843)
(2.57554 0 18.9136)
(2.90189 0 17.0803)
(3.12364 0 15.0417)
(3.25001 0 12.8468)
(3.29187 0 10.5373)
(3.26079 0 8.14822)
(3.16859 0 5.70843)
(3.02685 0 3.24186)
(2.8467 0 0.768675)
(2.63848 0 -1.69314)
(2.4115 0 -4.12593)
(2.17384 0 -6.51076)
(1.93221 0 -8.82619)
(1.69195 0 -11.0473)
(1.45708 0 -13.1454)
(1.23038 0 -15.0881)
(1.01351 0 -16.8404)
(0.807105 0 -18.3661)
(0.610823 0 -19.6294)
(0.423461 0 -20.598)
(0.243028 0 -21.2447)
(0.0668864 0 -21.5504)
(-0.245654 0 -21.2214)
(-0.639276 0 -20.8261)
(-1.03158 0 -20.0928)
(-1.42133 0 -19.0436)
(-1.8069 0 -17.7076)
(-2.18618 0 -16.1192)
(-2.55661 0 -14.315)
(-2.91507 0 -12.332)
(-3.25789 0 -10.2055)
(-3.58066 0 -7.96796)
(-3.87817 0 -5.6483)
(-4.14424 0 -3.27164)
(-4.37166 0 -0.859865)
(-4.55222 0 1.56744)
(-4.67681 0 3.99181)
(-4.7357 0 6.39421)
(-4.71878 0 8.75333)
(-4.61595 0 11.0441)
(-4.41751 0 13.2365)
(-4.11477 0 15.2951)
(-3.70079 0 17.1783)
(-3.17157 0 18.8384)
(-2.52787 0 20.2223)
(-1.77827 0 21.273)
(-0.943253 0 21.9345)
(-0.0586329 0 22.1628)
(0.827304 0 21.9399)
(1.66578 0 21.2817)
(2.41999 0 20.2308)
(3.06858 0 18.8427)
(3.60244 0 17.174)
(4.02048 0 15.2781)
(4.32653 0 13.2027)
(4.52743 0 10.9899)
(4.63186 0 8.67577)
(4.64951 0 6.29107)
(4.59056 0 3.86188)
(4.46522 0 1.41072)
(4.28336 0 -1.04197)
(4.05423 0 -3.47616)
(3.78621 0 -5.87058)
(3.48668 0 -8.20159)
(3.16197 0 -10.4423)
(2.81746 0 -12.5623)
(2.45766 0 -14.5278)
(2.08637 0 -16.3025)
(1.70673 0 -17.8489)
(1.32131 0 -19.1304)
(0.932166 0 -20.1135)
(0.540865 0 -20.7705)
(0.148526 0 -21.0816)
(-0.244064 0 -21.0368)
(-0.636224 0 -20.6378)
(-1.0271 0 -19.8969)
(-1.41546 0 -18.8361)
(-1.79963 0 -17.4849)
(-2.17742 0 -15.8777)
(-2.54612 0 -14.0517)
(-2.90243 0 -12.044)
(-3.24239 0 -9.89057)
(-3.56128 0 -7.62433)
(-3.85349 0 -5.27486)
(-4.11242 0 -2.86816)
(-4.33047 0 -0.427192)
(-4.49899 0 2.02719)
(-4.60855 0 4.475)
(-4.64917 0 6.89543)
(-4.61061 0 9.26516)
(-4.48277 0 11.557)
(-4.25614 0 13.739)
(-3.92245 0 15.7734)
(-3.47546 0 17.6168)
(-2.91239 0 19.22)
(-2.23599 0 20.5286)
(-1.45803 0 21.4853)
(-0.603612 0 22.037)
(0.286747 0 22.1463)
(1.16301 0 21.8057)
(1.9792 0 21.0412)
(2.70346 0 19.9009)
(3.31869 0 18.4419)
(3.81866 0 16.7204)
(4.20403 0 14.7885)
(4.47968 0 12.6922)
(4.65309 0 10.4715)
(4.73326 0 8.16052)
(4.73006 0 5.78794)
(4.65361 0 3.37776)
(4.51397 0 0.950586)
(4.32074 0 -1.47486)
(4.0828 0 -3.87993)
(3.80814 0 -6.24456)
(3.50369 0 -8.54609)
(3.17537 0 -10.7584)
(2.82819 0 -12.8518)
(2.46637 0 -14.7928)
(2.09342 0 -16.5457)
(1.71232 0 -18.0733)
(1.3255 0 -19.3394)
(0.934958 0 -20.3107)
(0.542221 0 -20.9596)
(0.148414 0 -21.2664)
(-0.384507 0 -20.7179)
(-0.996581 0 -20.3258)
(-1.6005 0 -19.5987)
(-2.19107 0 -18.559)
(-2.76302 0 -17.2361)
(-3.31107 0 -15.6645)
(-3.82991 0 -13.8812)
(-4.31426 0 -11.9234)
(-4.75879 0 -9.82697)
(-5.15793 0 -7.62481)
(-5.50581 0 -5.34647)
(-5.79602 0 -3.0179)
(-6.02151 0 -0.661835)
(-6.17461 0 1.70137)
(-6.24707 0 4.05265)
(-6.23037 0 6.37264)
(-6.11595 0 8.64003)
(-5.89562 0 10.8302)
(-5.56207 0 12.9141)
(-5.10957 0 14.858)
(-4.53478 0 16.623)
(-3.83798 0 18.1657)
(-3.0248 0 19.4395)
(-2.10848 0 20.3968)
(-1.11254 0 20.9939)
(-0.0720029 0 21.1982)
(0.969532 0 20.9972)
(1.96815 0 20.4019)
(2.88817 0 19.4437)
(3.70542 0 18.1656)
(4.40614 0 16.6146)
(4.98435 0 14.8375)
(5.43954 0 12.8777)
(5.77486 0 10.7743)
(5.99598 0 8.56171)
(6.11018 0 6.26965)
(6.12566 0 3.92372)
(6.05105 0 1.54639)
(5.895 0 -0.841599)
(5.6659 0 -3.21964)
(5.37163 0 -5.56571)
(5.01941 0 -7.85533)
(4.61589 0 -10.0608)
(4.16719 0 -12.1511)
(3.6791 0 -14.0918)
(3.15718 0 -15.8462)
(2.60693 0 -17.3765)
(2.03379 0 -18.6457)
(1.44316 0 -19.6202)
(0.840401 0 -20.2717)
(0.230711 0 -20.5803)
(-0.380849 0 -20.5359)
(-0.989281 0 -20.1401)
(-1.58949 0 -19.4054)
(-2.17623 0 -18.3541)
(-2.74413 0 -17.0162)
(-3.28777 0 -15.4262)
(-3.8017 0 -13.6215)
(-4.28041 0 -11.6398)
(-4.7183 0 -9.51742)
(-5.1095 0 -7.28789)
(-5.44777 0 -4.98149)
(-5.72633 0 -2.62502)
(-5.9378 0 -0.242283)
(-6.07414 0 2.14514)
(-6.12689 0 4.51677)
(-6.08736 0 6.85156)
(-5.947 0 9.12634)
(-5.69776 0 11.3145)
(-5.33271 0 13.3853)
(-4.84674 0 15.3031)
(-4.23748 0 17.0275)
(-3.50663 0 18.5142)
(-2.6619 0 19.7161)
(-1.71942 0 20.5865)
(-0.706291 0 21.0847)
(0.339201 0 21.1836)
(1.37231 0 20.878)
(2.35097 0 20.1864)
(3.243 0 19.1448)
(4.02768 0 17.7984)
(4.69394 0 16.1951)
(5.23769 0 14.3808)
(5.65969 0 12.3978)
(5.96399 0 10.2838)
(6.15679 0 8.07129)
(6.24569 0 5.78811)
(6.239 0 3.45796)
(6.14533 0 1.10156)
(5.97314 0 -1.26197)
(5.73054 0 -3.61333)
(5.42507 0 -5.93165)
(5.06359 0 -8.19343)
(4.65237 0 -10.3718)
(4.1972 0 -12.4364)
(3.70357 0 -14.3533)
(3.17679 0 -16.0864)
(2.62216 0 -17.5981)
(2.04496 0 -18.8521)
(1.45049 0 -19.8147)
(0.844014 0 -20.4582)
(0.230676 0 -20.7625)
(-0.523548 0 -19.9941)
(-1.35421 0 -19.61)
(-2.16951 0 -18.8983)
(-2.96013 0 -17.881)
(-3.71703 0 -16.5876)
(-4.43164 0 -15.0523)
(-5.09596 0 -13.3118)
(-5.70254 0 -11.4031)
(-6.24446 0 -9.3618)
(-6.71516 0 -7.22094)
(-7.10824 0 -5.01022)
(-7.41731 0 -2.75594)
(-7.63574 0 -0.481262)
(-7.75666 0 1.79301)
(-7.77305 0 4.04759)
(-7.67787 0 6.26312)
(-7.46441 0 8.41861)
(-7.12668 0 10.4903)
(-6.65998 0 12.4505)
(-6.06159 0 14.2679)
(-5.33172 0 15.9067)
(-4.47463 0 17.3285)
(-3.50007 0 18.4928)
(-2.42497 0 19.3606)
(-1.27486 0 19.8979)
(-0.08389 0 20.0807)
(1.10781 0 19.8997)
(2.25996 0 19.3629)
(3.33793 0 18.4935)
(4.31571 0 17.3247)
(5.17592 0 15.8951)
(5.90844 0 14.2447)
(6.50872 0 12.4123)
(6.97636 0 10.4335)
(7.31392 0 8.34049)
(7.52603 0 6.16143)
(7.61866 0 3.92103)
(7.59857 0 1.64139)
(7.47288 0 -0.65682)
(7.24877 0 -2.95279)
(6.93332 0 -5.22409)
(6.53339 0 -7.44586)
(6.05567 0 -9.59011)
(5.50688 0 -11.6256)
(4.89395 0 -13.5178)
(4.22415 0 -15.2303)
(3.50529 0 -16.7255)
(2.74571 0 -17.9666)
(1.95426 0 -18.9201)
(1.1402 0 -19.5581)
(0.313 0 -19.8603)
(-0.517776 0 -19.8168)
(-1.34258 0 -19.4291)
(-2.15186 0 -18.7099)
(-2.93616 0 -17.6814)
(-3.68634 0 -16.3733)
(-4.39365 0 -14.8202)
(-5.04987 0 -13.059)
(-5.64736 0 -11.1274)
(-6.17893 0 -9.06149)
(-6.63772 0 -6.89486)
(-7.01704 0 -4.65802)
(-7.31016 0 -2.37813)
(-7.51017 0 -0.0793701)
(-7.60996 0 2.2163)
(-7.60235 0 4.48825)
(-7.48027 0 6.71557)
(-7.23711 0 8.8756)
(-6.86718 0 10.9428)
(-6.3663 0 12.888)
(-5.73257 0 14.6782)
(-4.96731 0 16.2767)
(-4.07633 0 17.6444)
(-3.07142 0 18.7413)
(-1.97204 0 19.5297)
(-0.80646 0 19.9783)
(0.388869 0 20.0676)
(1.57308 0 19.7939)
(2.70711 0 19.1704)
(3.75884 0 18.2241)
(4.70499 0 16.9909)
(5.53059 0 15.5105)
(6.22743 0 13.8228)
(6.7924 0 11.9659)
(7.22613 0 9.97442)
(7.53189 0 7.87886)
(7.71479 0 5.70576)
(7.78106 0 3.47814)
(7.73751 0 1.21646)
(7.5912 0 -1.06007)
(7.34914 0 -3.33186)
(7.01812 0 -5.57761)
(6.6047 0 -7.77339)
(6.11528 0 -9.89204)
(5.55628 0 -11.903)
(4.93433 0 -13.7724)
(4.25648 0 -15.4643)
(3.53031 0 -16.9415)
(2.76399 0 -18.1677)
(1.96622 0 -19.1097)
(1.14611 0 -19.7397)
(0.313043 0 -20.0378)
(-0.66147 0 -19.0506)
(-1.70885 0 -18.6798)
(-2.73345 0 -17.9928)
(-3.7217 0 -17.0115)
(-4.66077 0 -15.7645)
(-5.53879 0 -14.2855)
(-6.34503 0 -12.6103)
(-7.06993 0 -10.7749)
(-7.70507 0 -8.81435)
(-8.24296 0 -6.76102)
(-8.67685 0 -4.64433)
(-9.00047 0 -2.49041)
(-9.20786 0 -0.322467)
(-9.29319 0 1.83869)
(-9.25086 0 3.97387)
(-9.07561 0 6.06403)
(-8.76278 0 8.08888)
(-8.30877 0 10.0258)
(-7.71162 0 11.849)
(-6.97169 0 13.5297)
(-6.09262 0 15.036)
(-5.0823 0 16.334)
(-3.95404 0 17.3898)
(-2.72763 0 18.1715)
(-1.42992 0 18.6527)
(-0.0942346 0 18.8155)
(1.24198 0 18.6533)
(2.54116 0 18.1717)
(3.76969 0 17.3879)
(4.90034 0 16.3275)
(5.91292 0 15.0219)
(6.79378 0 13.5047)
(7.5347 0 11.8098)
(8.13182 0 9.96912)
(8.58456 0 8.01208)
(8.89478 0 5.96494)
(9.06602 0 3.8512)
(9.10293 0 1.69219)
(9.01086 0 -0.491788)
(8.79557 0 -2.68009)
(8.46308 0 -4.85033)
(8.01965 0 -6.97767)
(7.47192 0 -9.03433)
(6.82706 0 -10.9894)
(6.09301 0 -12.8091)
(5.27873 0 -14.4575)
(4.39427 0 -15.898)
(3.45089 0 -17.0946)
(2.46089 0 -18.0146)
(1.43752 0 -18.6304)
(0.394635 0 -18.9223)
(-0.653594 0 -18.8803)
(-1.69291 0 -18.506)
(-2.7092 0 -17.8118)
(-3.68872 0 -16.8196)
(-4.61844 0 -15.5587)
(-5.4863 0 -14.0626)
(-6.28135 0 -12.3678)
(-6.99381 0 -10.5108)
(-7.615 0 -8.52706)
(-8.13717 0 -6.44978)
(-8.55332 0 -4.30905)
(-8.85692 0 -2.1319)
(-9.04177 0 0.057529)
(-9.10192 0 2.23733)
(-9.0317 0 4.38709)
(-8.8259 0 6.48635)
(-8.4801 0 8.51329)
(-7.99113 0 10.4438)
(-7.35766 0 12.2507)
(-6.58102 0 13.9041)
(-5.66607 0 15.3712)
(-4.62228 0 16.6182)
(-3.46487 0 17.6117)
(-2.21578 0 18.3215)
(-0.903982 0 18.7237)
(0.435616 0 18.804)
(1.76506 0 18.5597)
(3.04762 0 18.0005)
(4.25144 0 17.1468)
(5.35147 0 16.0266)
(6.32961 0 14.6726)
(7.17404 0 13.119)
(7.87804 0 11.3992)
(8.43889 0 9.54434)
(8.85688 0 7.58265)
(9.13446 0 5.53897)
(9.27555 0 3.43526)
(9.28499 0 1.29142)
(9.16814 0 -0.873584)
(8.93068 0 -3.04025)
(8.57846 0 -5.18722)
(8.11752 0 -7.29059)
(7.55422 0 -9.32339)
(6.8955 0 -11.2554)
(6.14905 0 -13.0535)
(5.32358 0 -14.6823)
(4.42895 0 -16.1056)
(3.47618 0 -17.288)
(2.47742 0 -18.1968)
(1.44571 0 -18.805)
(0.394744 0 -19.0929)
(-0.796719 0 -17.8905)
(-2.05654 0 -17.538)
(-3.28609 0 -16.8854)
(-4.4676 0 -15.9537)
(-5.58441 0 -14.7705)
(-6.62139 0 -13.368)
(-7.56512 0 -11.7806)
(-8.40401 0 -10.043)
(-9.12815 0 -8.18877)
(-9.72922 0 -6.24916)
(-10.2002 0 -4.25271)
(-10.5351 0 -2.22492)
(-10.7286 0 -0.188534)
(-10.7762 0 1.83602)
(-10.674 0 3.83002)
(-10.4184 0 5.77505)
(-10.0072 0 7.6518)
(-9.43925 0 9.43911)
(-8.71534 0 11.1135)
(-7.83897 0 12.6489)
(-6.81704 0 14.0173)
(-5.66074 0 15.1898)
(-4.38642 0 16.138)
(-3.01607 0 16.8364)
(-1.57744 0 17.2644)
(-0.103038 0 17.4087)
(1.37172 0 17.2642)
(2.81136 0 16.8351)
(4.18315 0 16.1342)
(5.45907 0 15.1814)
(6.61677 0 14.0016)
(7.63957 0 12.6229)
(8.51596 0 11.0742)
(9.23876 0 9.38365)
(9.80428 0 7.57755)
(10.2115 0 5.67999)
(10.4614 0 3.7129)
(10.5565 0 1.69655)
(10.5 0 -0.349444)
(10.2962 0 -2.405)
(9.94984 0 -4.44818)
(9.46653 0 -6.45471)
(8.85267 0 -8.39751)
(8.1158 0 -10.2466)
(7.26486 0 -11.9695)
(6.31039 0 -13.5316)
(5.26467 0 -14.8976)
(4.1418 0 -16.0332)
(2.95754 0 -16.9067)
(1.7291 0 -17.4918)
(0.474708 0 -17.7692)
(-0.786797 0 -17.7293)
(-2.03644 0 -17.3735)
(-3.25548 0 -16.7141)
(-4.42591 0 -15.7722)
(-5.53086 0 -14.5757)
(-6.55495 0 -13.1572)
(-7.48454 0 -11.5515)
(-8.30778 0 -9.79378)
(-9.01455 0 -7.91812)
(-9.5963 0 -5.95654)
(-10.0458 0 -3.93827)
(-10.3568 0 -1.88967)
(-10.524 0 0.165638)
(-10.5427 0 2.20623)
(-10.409 0 4.21224)
(-10.1197 0 6.16399)
(-9.67267 0 8.04085)
(-9.0674 0 9.82037)
(-8.3055 0 11.4779)
(-7.39144 0 12.9866)
(-6.33344 0 14.3179)
(-5.14423 0 15.4431)
(-3.8419 0 16.3347)
(-2.45025 0 16.9687)
(-0.998616 0 17.3268)
(0.479354 0 17.3985)
(1.94791 0 17.1818)
(3.37213 0 16.6839)
(4.72056 0 15.9202)
(5.96686 0 14.9127)
(7.09048 0 13.6879)
(8.07644 0 12.2744)
(8.91472 0 10.7011)
(9.59935 0 8.99559)
(10.1276 0 7.1833)
(10.4992 0 5.2871)
(10.7156 0 3.32763)
(10.7795 0 1.32388)
(10.6944 0 -0.70575)
(10.4645 0 -2.74218)
(10.0945 0 -4.76445)
(9.5898 0 -6.74915)
(8.9567 0 -8.67002)
(8.2025 0 -10.4978)
(7.33592 0 -12.2005)
(6.36726 0 -13.7442)
(5.30861 0 -15.0941)
(4.17382 0 -16.2162)
(2.97844 0 -17.0792)
(1.73945 0 -17.657)
(0.474861 0 -17.9306)
(-0.927494 0 -16.5192)
(-2.39267 0 -16.1904)
(-3.82024 0 -15.5817)
(-5.18825 0 -14.7131)
(-6.47636 0 -13.6107)
(-7.66626 0 -12.3048)
(-8.74193 0 -10.8276)
(-9.68976 0 -9.21189)
(-10.4985 0 -7.48914)
(-11.1589 0 -5.68899)
(-11.6638 0 -3.83849)
(-12.0075 0 -1.96199)
(-12.1856 0 -0.0812707)
(-12.1949 0 1.78406)
(-12.033 0 3.61607)
(-11.6985 0 5.3973)
(-11.1914 0 7.1097)
(-10.5132 0 8.73389)
(-9.6676 0 10.2487)
(-8.66097 0 11.6314)
(-7.50335 0 12.8577)
(-6.20888 0 13.9033)
(-4.79644 0 14.745)
(-3.28975 0 15.3624)
(-1.71711 0 15.7396)
(-0.110356 0 15.8663)
(1.49662 0 15.7388)
(3.06988 0 15.3602)
(4.57743 0 14.7401)
(5.99074 0 13.8938)
(7.28577 0 12.8413)
(8.44336 0 11.6055)
(9.449 0 10.2106)
(10.2924 0 8.68081)
(10.9669 0 7.03934)
(11.4685 0 5.30779)
(11.7957 0 3.50624)
(11.9485 0 1.65363)
(11.9282 0 -0.231489)
(11.7374 0 -2.12993)
(11.3795 0 -4.02067)
(10.8594 0 -5.8805)
(10.1831 0 -7.68361)
(9.35865 0 -9.4016)
(8.39579 0 -11.0037)
(7.30663 0 -12.4573)
(6.10562 0 -13.7294)
(4.80962 0 -14.7875)
(3.43776 0 -15.6019)
(2.01109 0 -16.1476)
(0.552163 0 -16.4064)
(-0.91563 0 -16.3692)
(-2.36865 0 -16.0373)
(-3.78365 0 -15.4223)
(-5.1384 0 -14.5443)
(-6.4123 0 -13.4296)
(-7.58675 0 -12.1089)
(-8.6455 0 -10.6149)
(-9.57469 0 -8.98075)
(-10.3628 0 -7.23854)
(-11.0006 0 -5.41856)
(-11.4805 0 -3.54857)
(-11.7968 0 -1.65368)
(-11.9451 0 0.243463)
(-11.922 0 2.12237)
(-11.7254 0 3.96409)
(-11.3543 0 5.75002)
(-10.809 0 7.46101)
(-10.0916 0 9.0766)
(-9.20658 0 10.5748)
(-8.1616 0 11.932)
(-6.9679 0 13.124)
(-5.64113 0 14.1266)
(-4.20169 0 14.9176)
(-2.67482 0 15.4781)
(-1.09002 0 15.794)
(0.520035 0 15.8574)
(2.12124 0 15.6668)
(3.68003 0 15.2277)
(5.16534 0 14.5519)
(6.54996 0 13.6566)
(7.81137 0 12.563)
(8.93192 0 11.2947)
(9.89857 0 9.87625)
(10.7023 0 8.33146)
(11.3374 0 6.68282)
(11.8007 0 4.951)
(12.0914 0 3.15499)
(12.2097 0 1.31264)
(12.1573 0 -0.558563)
(11.9367 0 -2.44034)
(11.5515 0 -4.31256)
(11.0064 0 -6.15283)
(10.3075 0 -7.9361)
(9.46243 0 -9.63464)
(8.48089 0 -11.2183)
(7.37474 0 -12.655)
(6.15821 0 -13.9122)
(4.84792 0 -14.9578)
(3.46273 0 -15.7624)
(2.02344 0 -16.3014)
(0.552329 0 -16.5567)
(-1.0518 0 -14.9454)
(-2.71214 0 -14.6452)
(-4.32782 0 -14.0898)
(-5.87293 0 -13.2975)
(-7.32358 0 -12.2924)
(-8.65844 0 -11.1024)
(-9.85902 0 -9.75708)
(-10.9098 0 -8.28646)
(-11.7981 0 -6.7196)
(-12.5141 0 -5.08378)
(-13.0503 0 -3.40407)
(-13.4013 0 -1.70308)
(-13.5636 0 -0.00116622)
(-13.5352 0 1.68333)
(-13.3156 0 3.33363)
(-12.9053 0 4.93352)
(-12.3067 0 6.46651)
(-11.5238 0 7.91523)
(-10.563 0 9.26112)
(-9.43372 0 10.4845)
(-8.14871 0 11.5651)
(-6.72474 0 12.4827)
(-5.18274 0 13.2187)
(-3.54776 0 13.7569)
(-1.84849 0 14.0849)
(-0.116284 0 14.1948)
(1.61604 0 14.0838)
(3.31561 0 13.7541)
(4.95096 0 13.2132)
(6.49319 0 12.4729)
(7.91697 0 11.5488)
(9.20106 0 10.4596)
(10.3284 0 9.22509)
(11.2858 0 7.86572)
(12.0637 0 6.40142)
(12.6554 0 4.85115)
(13.0567 0 3.23292)
(13.2653 0 1.56402)
(13.2804 0 -0.13835)
(13.103 0 -1.85628)
(12.7351 0 -3.57014)
(12.1808 0 -5.25828)
(11.4459 0 -6.89674)
(10.5388 0 -8.45925)
(9.47 0 -9.91742)
(8.25319 0 -11.2413)
(6.90484 0 -12.4005)
(5.44444 0 -13.3652)
(3.89432 0 -14.1081)
(2.27923 0 -14.6061)
(0.625818 0 -14.8424)
(-1.03814 0 -14.8084)
(-2.68453 0 -14.5054)
(-4.28577 0 -13.9442)
(-5.81564 0 -13.1434)
(-7.24993 0 -12.1273)
(-8.56702 0 -10.924)
(-9.74814 0 -9.56354)
(-10.7775 0 -8.07642)
(-11.6424 0 -6.49222)
(-12.3326 0 -4.83885)
(-12.8406 0 -3.14202)
(-13.1609 0 -1.42509)
(-13.2902 0 0.290836)
(-13.2264 0 1.98662)
(-12.9693 0 3.64458)
(-12.5198 0 5.24753)
(-11.8808 0 6.77805)
(-11.057 0 8.2179)
(-10.0558 0 9.54784)
(-8.88771 0 10.7478)
(-7.56671 0 11.7973)
(-6.11097 0 12.6767)
(-4.54281 0 13.3682)
(-2.88851 0 13.8568)
(-1.17771 0 14.1318)
(0.557613 0 14.1871)
(2.28448 0 14.0216)
(3.9703 0 13.6396)
(5.58428 0 13.0501)
(7.09859 0 12.2665)
(8.48918 0 11.3058)
(9.73616 0 10.1871)
(10.8238 0 8.93064)
(11.7403 0 7.55676)
(12.477 0 6.08483)
(13.0281 0 4.5331)
(13.3902 0 2.9187)
(13.5613 0 1.25798)
(13.5411 0 -0.432763)
(13.3305 0 -2.13642)
(12.932 0 -3.83418)
(12.3495 0 -5.50512)
(11.5888 0 -7.12599)
(10.6581 0 -8.67114)
(9.56786 0 -10.1128)
(8.33149 0 -11.4215)
(6.96526 0 -12.5672)
(5.48841 0 -13.5206)
(3.92296 0 -14.2547)
(2.29337 0 -14.7465)
(0.625964 0 -14.9796)
(-1.1675 0 -13.1813)
(-3.0095 0 -12.9145)
(-4.80026 0 -12.4211)
(-6.51016 0 -11.7175)
(-8.11203 0 -10.8253)
(-9.58174 0 -9.76949)
(-10.8985 0 -8.57641)
(-12.0449 0 -7.27288)
(-13.0072 0 -5.88487)
(-13.7748 0 -4.43686)
(-14.3398 0 -2.95133)
(-14.6973 0 -1.4487)
(-14.8445 0 0.0526356)
(-14.7807 0 1.53603)
(-14.507 0 2.9862)
(-14.0259 0 4.3885)
(-13.342 0 5.72825)
(-12.4618 0 6.9903)
(-11.3943 0 8.15878)
(-10.1516 0 9.21719)
(-8.74885 0 10.1488)
(-7.20512 0 10.9374)
(-5.543 0 11.5681)
(-3.78858 0 12.0282)
(-1.97087 0 12.3082)
(-0.120944 0 12.4019)
(1.72901 0 12.307)
(3.54678 0 12.0253)
(5.30117 0 11.5626)
(6.96298 0 10.9279)
(8.50585 0 10.1335)
(9.90683 0 9.19416)
(11.1467 0 8.12594)
(12.2097 0 6.94558)
(13.0836 0 5.66981)
(13.7592 0 4.31486)
(14.2296 0 2.89643)
(14.4904 0 1.42991)
(14.5388 0 -0.0691812)
(14.374 0 -1.58458)
(13.9969 0 -3.09851)
(13.4109 0 -4.5914)
(12.6216 0 -6.04169)
(11.6375 0 -7.42576)
(10.4702 0 -8.71821)
(9.13457 0 -9.89229)
(7.64905 0 -10.9208)
(6.03561 0 -11.7771)
(4.31951 0 -12.4368)
(2.52896 0 -12.8792)
(0.694418 0 -13.0892)
(-1.15223 0 -13.059)
(-2.9787 0 -12.7898)
(-4.75338 0 -12.2913)
(-6.44629 0 -11.5802)
(-8.02991 0 -10.6784)
(-9.47978 0 -9.61084)
(-10.7748 0 -8.40452)
(-11.8975 0 -7.08661)
(-12.8336 0 -5.68357)
(-13.5726 0 -4.2204)
(-14.1066 0 -2.72022)
(-14.4306 0 -1.20408)
(-14.5419 0 0.30895)
(-14.44 0 1.80151)
(-14.1262 0 3.25755)
(-13.6037 0 4.66162)
(-12.8775 0 5.99829)
(-11.9551 0 7.25172)
(-10.8463 0 8.40552)
(-9.56429 0 9.44295)
(-8.12565 0 10.3473)
(-6.55056 0 11.1028)
(-4.86288 0 11.6952)
(-3.08974 0 12.1131)
(-1.26093 0 12.348)
(0.591989 0 12.3953)
(2.4367 0 12.2542)
(4.24121 0 11.928)
(5.97486 0 11.4237)
(7.60931 0 10.7518)
(9.11931 0 9.9255)
(10.4831 0 8.96016)
(11.6828 0 7.87222)
(12.7038 0 6.67839)
(13.5349 0 5.39505)
(14.1679 0 4.03788)
(14.5967 0 2.62191)
(14.8174 0 1.16174)
(14.8275 0 -0.327845)
(14.6267 0 -1.8313)
(14.216 0 -3.33155)
(13.5989 0 -4.80969)
(12.7809 0 -6.24478)
(11.7706 0 -7.61377)
(10.5793 0 -8.89178)
(9.22185 0 -10.0525)
(7.71636 0 -11.0692)
(6.08453 0 -11.9156)
(4.35134 0 -12.5675)
(2.54463 0 -13.0045)
(0.694512 0 -13.2117)
(-1.27247 0 -11.2415)
(-3.27928 0 -11.0126)
(-5.22887 0 -10.5893)
(-7.08828 0 -9.98583)
(-8.82739 0 -9.22096)
(-10.4195 0 -8.31608)
(-11.8417 0 -7.294)
(-13.0752 0 -6.17779)
(-14.1048 0 -4.98984)
(-14.9194 0 -3.75127)
(-15.5109 0 -2.48155)
(-15.8746 0 -1.19838)
(-16.0085 0 0.0822337)
(-15.9128 0 1.34578)
(-15.5902 0 2.57882)
(-15.0451 0 3.76858)
(-14.2841 0 4.90245)
(-13.316 0 5.96764)
(-12.1521 0 6.95101)
(-10.8068 0 7.83916)
(-9.29762 0 8.61873)
(-7.64521 0 9.27695)
(-5.87362 0 9.80224)
(-4.00979 0 10.1848)
(-2.08307 0 10.4174)
(-0.124475 0 10.4951)
(1.83409 0 10.4162)
(3.76068 0 10.1821)
(5.62416 0 9.79709)
(7.39499 0 9.26827)
(9.04596 0 8.60507)
(10.5528 0 7.81886)
(11.8943 0 6.92233)
(13.0527 0 5.92885)
(14.0134 0 4.852)
(14.7646 0 3.70522)
(15.2975 0 2.50177)
(15.6052 0 1.25487)
(15.6834 0 -0.0219586)
(15.5297 0 -1.31446)
(15.144 0 -2.60715)
(14.5288 0 -3.88304)
(13.6897 0 -5.12343)
(12.6355 0 -6.30792)
(11.3785 0 -7.41456)
(9.93483 0 -8.4203)
(8.32471 0 -9.30169)
(6.57228 0 -10.0358)
(4.7055 0 -10.6016)
(2.75566 0 -10.9811)
(0.756692 0 -11.1613)
(-1.25581 0 -11.1354)
(-3.24576 0 -10.9044)
(-5.17787 0 -10.4768)
(-7.01881 0 -9.86703)
(-8.73805 0 -9.09394)
(-10.3086 0 -8.1792)
(-11.7072 0 -7.14597)
(-12.9147 0 -6.01766)
(-13.916 0 -4.81712)
(-14.6996 0 -3.56593)
(-15.2576 0 -2.28409)
(-15.5852 0 -0.989838)
(-15.6806 0 0.300225)
(-15.5445 0 1.57097)
(-15.1797 0 2.80835)
(-14.5912 0 3.99891)
(-13.7863 0 5.12947)
(-12.7747 0 6.18672)
(-11.5687 0 7.15716)
(-10.1838 0 8.02723)
(-8.63862 0 8.78367)
(-6.95509 0 9.41406)
(-5.1583 0 9.90745)
(-3.27611 0 10.255)
(-1.33855 0 10.4502)
(0.622964 0 10.4896)
(2.57642 0 10.3725)
(4.49004 0 10.1015)
(6.33316 0 9.68207)
(8.07698 0 9.12215)
(9.69524 0 8.43204)
(11.1647 0 7.62369)
(12.4655 0 6.71009)
(13.581 0 5.70465)
(14.4976 0 4.62073)
(15.2045 0 3.47137)
(15.6937 0 2.26931)
(15.959 0 1.02718)
(15.9964 0 -0.242125)
(15.8041 0 -1.52495)
(15.3821 0 -2.80641)
(14.7332 0 -4.07007)
(13.863 0 -5.29779)
(12.7803 0 -6.46963)
(11.4972 0 -7.56412)
(10.0297 0 -8.5586)
(8.39782 0 -9.43)
(6.62537 0 -10.1557)
(4.73999 0 -10.7149)
(2.77259 0 -11.0898)
(0.756707 0 -11.2676)
(-1.36475 0 -9.13853)
(-3.51645 0 -8.9515)
(-5.60567 0 -8.60572)
(-7.59654 0 -8.11297)
(-9.45632 0 -7.48858)
(-11.1561 0 -6.75012)
(-12.6713 0 -5.9163)
(-13.9814 0 -5.00601)
(-15.0706 0 -4.03762)
(-15.927 0 -3.02846)
(-16.5424 0 -1.99453)
(-16.9123 0 -0.950383)
(-17.0351 0 0.0907887)
(-16.9122 0 1.11698)
(-16.5474 0 2.11698)
(-15.9467 0 3.08016)
(-15.1185 0 3.99619)
(-14.0736 0 4.85479)
(-12.8254 0 5.64556)
(-11.3902 0 6.3581)
(-9.78718 0 6.98214)
(-8.03866 0 7.50801)
(-6.16975 0 7.92699)
(-4.20812 0 8.2318)
(-2.18349 0 8.41688)
(-0.127026 0 8.47868)
(1.92936 0 8.41584)
(3.95372 0 8.22939)
(5.91476 0 7.92257)
(7.78256 0 7.50066)
(9.52917 0 6.97071)
(11.1292 0 6.34126)
(12.5599 0 5.62193)
(13.8018 0 4.82298)
(14.8382 0 3.95497)
(15.6554 0 3.02853)
(16.2424 0 2.05433)
(16.5907 0 1.04319)
(16.6942 0 0.0063351)
(16.5494 0 -1.04434)
(16.1553 0 -2.09606)
(15.5138 0 -3.13485)
(14.6304 0 -4.14534)
(13.5141 0 -5.11077)
(12.1779 0 -6.01313)
(10.639 0 -6.83353)
(8.91918 0 -7.55274)
(7.04443 0 -8.15199)
(5.04507 0 -8.61396)
(2.9551 0 -8.92393)
(0.811477 0 -9.07112)
(-1.34693 0 -9.04995)
(-3.4807 0 -8.86127)
(-5.55133 0 -8.51206)
(-7.52252 0 -8.01422)
(-9.36113 0 -7.38323)
(-11.0379 0 -6.63689)
(-12.5278 0 -5.79415)
(-13.8103 0 -4.87422)
(-14.8693 0 -3.89583)
(-15.6927 0 -2.87668)
(-16.2725 0 -1.83321)
(-16.6042 0 -0.780429)
(-16.6864 0 0.268012)
(-16.521 0 1.29959)
(-16.1121 0 2.30259)
(-15.4663 0 3.26589)
(-14.5928 0 4.17873)
(-13.5033 0 5.03046)
(-12.2123 0 5.81043)
(-10.737 0 6.50814)
(-9.09787 0 7.11345)
(-7.31826 0 7.61697)
(-5.42429 0 8.01051)
(-3.44446 0 8.28741)
(-1.40911 0 8.44292)
(0.65024 0 8.47433)
(2.70158 0 8.38118)
(4.7131 0 8.16544)
(6.65395 0 7.83117)
(8.49486 0 7.3844)
(10.2088 0 6.8328)
(11.7712 0 6.18538)
(13.1607 0 5.452)
(14.3588 0 4.64299)
(15.3499 0 3.76878)
(16.1213 0 2.83973)
(16.6628 0 1.86614)
(16.9666 0 0.858386)
(17.0273 0 -0.172792)
(16.8417 0 -1.21601)
(16.4091 0 -2.25896)
(15.7317 0 -3.28814)
(14.8152 0 -4.28859)
(13.6684 0 -5.24396)
(12.3043 0 -6.13661)
(10.74 0 -6.948)
(8.99696 0 -7.65919)
(7.10085 0 -8.25167)
(5.08167 0 -8.70833)
(2.973 0 -9.01461)
(0.81139 0 -9.15985)
(-1.44282 0 -6.96922)
(-3.71711 0 -6.82615)
(-5.92446 0 -6.56167)
(-8.02651 0 -6.18483)
(-9.98836 0 -5.70737)
(-11.7792 0 -5.14275)
(-13.373 0 -4.50531)
(-14.7482 0 -3.80952)
(-15.888 0 -3.06947)
(-16.7802 0 -2.29847)
(-17.4164 0 -1.50884)
(-17.7922 0 -0.711783)
(-17.9067 0 0.0825422)
(-17.7617 0 0.864839)
(-17.3621 0 1.6263)
(-16.7153 0 2.35862)
(-15.8311 0 3.05387)
(-14.7219 0 3.70426)
(-13.4028 0 4.30205)
(-11.8916 0 4.83961)
(-10.209 0 5.30953)
(-8.37845 0 5.70487)
(-6.42596 0 6.01944)
(-4.37987 0 6.24805)
(-2.27032 0 6.38678)
(-0.128754 0 6.43307)
(2.01271 0 6.38594)
(4.12188 0 6.24613)
(6.16721 0 6.01595)
(8.11833 0 5.69915)
(9.94664 0 5.30072)
(11.6258 0 4.82674)
(13.1319 0 4.28409)
(14.444 0 3.68019)
(15.5438 0 3.0228)
(16.4159 0 2.31981)
(17.0478 0 1.57932)
(17.4294 0 0.809641)
(17.5534 0 0.0195183)
(17.4152 0 -0.78172)
(17.0131 0 -1.58422)
(16.3488 0 -2.37723)
(15.4274 0 -3.14892)
(14.2583 0 -3.88642)
(12.8549 0 -4.57589)
(11.2353 0 -5.20285)
(9.42258 0 -5.75256)
(7.44427 0 -6.21066)
(5.33264 0 -6.56386)
(3.124 0 -6.80089)
(0.857875 0 -6.91346)
(-1.4241 0 -6.89727)
(-3.67967 0 -6.75299)
(-5.8676 0 -6.48599)
(-7.94907 0 -6.10539)
(-9.88875 0 -5.62306)
(-11.6555 0 -5.05264)
(-13.2228 0 -4.40864)
(-14.569 0 -3.7058)
(-15.6771 0 -2.95845)
(-16.5347 0 -2.18022)
(-17.1336 0 -1.38373)
(-17.4695 0 -0.580525)
(-17.5416 0 0.218879)
(-17.3524 0 1.00478)
(-16.9072 0 1.768)
(-16.2139 0 2.49991)
(-15.2831 0 3.19226)
(-14.1284 0 3.83701)
(-12.7657 0 4.42627)
(-11.2139 0 4.95237)
(-9.49492 0 5.40799)
(-7.63312 0 5.78643)
(-5.65553 0 6.08185)
(-3.59125 0 6.28956)
(-1.47099 0 6.40617)
(0.67347 0 6.42975)
(2.80989 0 6.35997)
(4.90625 0 6.19825)
(6.93138 0 5.9475)
(8.85555 0 5.61197)
(10.651 0 5.19713)
(12.2922 0 4.70939)
(13.7565 0 4.15584)
(15.024 0 3.54395)
(16.0774 0 2.88141)
(16.9024 0 2.17596)
(17.4873 0 1.43543)
(17.8228 0 0.667822)
(17.9021 0 -0.118446)
(17.7213 0 -0.914457)
(17.279 0 -1.71071)
(16.5771 0 -2.49679)
(15.6209 0 -3.26119)
(14.4198 0 -3.99134)
(12.9872 0 -4.67369)
(11.3409 0 -5.294)
(9.50381 0 -5.83779)
(7.50313 0 -6.29087)
(5.37076 0 -6.64013)
(3.14258 0 -6.87442)
(0.857667 0 -6.98553)
(-1.50401 0 -4.26409)
(-3.87438 0 -4.17604)
(-6.17425 0 -4.01335)
(-8.36333 0 -3.78166)
(-10.405 0 -3.4883)
(-12.267 0 -3.14162)
(-13.9222 0 -2.75048)
(-15.3482 0 -2.32384)
(-16.5276 0 -1.87038)
(-17.4479 0 -1.39828)
(-18.1007 0 -0.915099)
(-18.4818 0 -0.42769)
(-18.5903 0 0.0577704)
(-18.429 0 0.535621)
(-18.0031 0 1.00038)
(-17.3211 0 1.44694)
(-16.3939 0 1.87045)
(-15.235 0 2.26618)
(-13.8609 0 2.62952)
(-12.2904 0 2.95592)
(-10.5453 0 3.24098)
(-8.64995 0 3.4806)
(-6.63105 0 3.67116)
(-4.51747 0 3.80959)
(-2.33981 0 3.89358)
(-0.129821 0 3.9216)
(2.08004 0 3.89307)
(4.25728 0 3.80842)
(6.36999 0 3.66903)
(8.38737 0 3.47711)
(10.2803 0 3.23558)
(12.0216 0 2.94803)
(13.5866 0 2.61851)
(14.9532 0 2.25141)
(16.102 0 1.85135)
(17.0164 0 1.42307)
(17.6825 0 0.971468)
(18.0893 0 0.501616)
(18.2284 0 0.0189178)
(18.0946 0 -0.47083)
(17.6858 0 -0.961638)
(17.0031 0 -1.44696)
(16.0519 0 -1.91956)
(14.8414 0 -2.37154)
(13.3854 0 -2.79438)
(11.7028 0 -3.17915)
(9.8173 0 -3.51674)
(7.75788 0 -3.79825)
(5.55826 0 -4.01543)
(3.25654 0 -4.16126)
(0.894287 0 -4.23054)
(-1.48466 0 -4.22058)
(-3.8358 0 -4.13179)
(-6.11572 0 -3.96754)
(-8.28362 0 -3.73355)
(-10.3024 0 -3.43719)
(-12.1396 0 -3.08694)
(-13.7674 0 -2.69179)
(-15.1634 0 -2.26082)
(-16.3101 0 -1.80289)
(-17.1947 0 -1.32637)
(-17.8089 0 -0.838994)
(-18.1488 0 -0.347825)
(-18.2138 0 0.140739)
(-18.0068 0 0.620769)
(-17.534 0 1.08657)
(-16.8043 0 1.53283)
(-15.8296 0 1.95451)
(-14.6243 0 2.34676)
(-13.2059 0 2.70487)
(-11.5943 0 3.02427)
(-9.81244 0 3.30062)
(-7.88557 0 3.52999)
(-5.84139 0 3.70895)
(-3.70951 0 3.83472)
(-1.52106 0 3.90532)
(0.691827 0 3.9196)
(2.89662 0 3.87736)
(5.06097 0 3.77945)
(7.15337 0 3.62759)
(9.1436 0 3.42431)
(11.0033 0 3.17282)
(12.7063 0 2.87689)
(14.229 0 2.54069)
(15.5502 0 2.16869)
(16.6517 0 1.76544)
(17.5178 0 1.33561)
(18.1357 0 0.883931)
(18.495 0 0.415318)
(18.5882 0 -0.0650329)
(18.4104 0 -0.551592)
(17.96 0 -1.03859)
(17.2386 0 -1.51968)
(16.2514 0 -1.98782)
(15.0078 0 -2.4353)
(13.5216 0 -2.85377)
(11.8114 0 -3.23446)
(9.90076 0 -3.56842)
(7.81828 0 -3.84685)
(5.59731 0 -4.06161)
(3.2755 0 -4.20575)
(0.893948 0 -4.27413)
(-1.55882 0 -3.23144)
(-4.01516 0 -3.16629)
(-6.39756 0 -3.04562)
(-8.66387 0 -2.87328)
(-10.7759 0 -2.65427)
(-12.7003 0 -2.39443)
(-14.4088 0 -2.10004)
(-15.8786 0 -1.77761)
(-17.092 0 -1.43358)
(-18.0362 0 -1.07417)
(-18.7031 0 -0.705292)
(-19.0886 0 -0.332446)
(-19.1924 0 0.0392946)
(-19.0173 0 0.405198)
(-18.5694 0 0.760604)
(-17.8577 0 1.10121)
(-16.894 0 1.42304)
(-15.6928 0 1.7224)
(-14.2712 0 1.99585)
(-12.6491 0 2.24018)
(-10.8491 0 2.45245)
(-8.89602 0 2.63001)
(-6.81742 0 2.77061)
(-4.64267 0 2.87239)
(-2.40287 0 2.93398)
(-0.130265 0 2.95447)
(2.14222 0 2.93352)
(4.3816 0 2.87139)
(6.55548 0 2.76893)
(8.63254 0 2.62747)
(10.5831 0 2.4488)
(12.3793 0 2.23516)
(13.9957 0 1.98919)
(15.4095 0 1.71386)
(16.6003 0 1.41242)
(17.5507 0 1.08841)
(18.2458 0 0.745647)
(18.6738 0 0.388246)
(18.8255 0 0.0206951)
(18.6953 0 -0.352146)
(18.2806 0 -0.725358)
(17.5824 0 -1.09365)
(16.6055 0 -1.45129)
(15.3592 0 -1.79219)
(13.8576 0 -2.10993)
(12.1198 0 -2.39793)
(10.1702 0 -2.64964)
(8.03888 0 -2.85877)
(5.76078 0 -3.01959)
(3.37567 0 -3.12731)
(0.927043 0 -3.17843)
(-1.53911 0 -3.17112)
(-3.97607 0 -3.10568)
(-6.33833 0 -2.98437)
(-8.58322 0 -2.81103)
(-10.6721 0 -2.59075)
(-12.5712 0 -2.32941)
(-14.2519 0 -2.0334)
(-15.6911 0 -1.7093)
(-16.871 0 -1.36365)
(-17.7787 0 -1.00281)
(-18.4061 0 -0.632774)
(-18.7494 0 -0.259172)
(-18.8085 0 0.112802)
(-18.5867 0 0.478246)
(-18.0906 0 0.832394)
(-17.3301 0 1.17085)
(-16.3178 0 1.48957)
(-15.0692 0 1.78481)
(-13.6024 0 2.0531)
(-11.9385 0 2.29125)
(-10.101 0 2.49637)
(-8.11589 0 2.66592)
(-6.0116 0 2.79777)
(-3.81825 0 2.89023)
(-1.5675 0 2.94208)
(0.708066 0 2.95264)
(2.97541 0 2.92178)
(5.2017 0 2.85)
(7.35495 0 2.73831)
(9.40443 0 2.58823)
(11.3212 0 2.4017)
(13.0784 0 2.18111)
(14.6517 0 1.92915)
(16.0191 0 1.64885)
(17.1616 0 1.34348)
(18.0626 0 1.01655)
(18.7083 0 0.671815)
(19.0876 0 0.313333)
(19.1923 0 -0.0545073)
(19.017 0 -0.427006)
(18.5597 0 -0.799366)
(17.8217 0 -1.16641)
(16.808 0 -1.52252)
(15.528 0 -1.8617)
(13.9955 0 -2.17765)
(12.2295 0 -2.46389)
(10.2544 0 -2.71397)
(8.09969 0 -2.92167)
(5.79999 0 -3.08133)
(3.39458 0 -3.18821)
(0.926495 0 -3.23885)
)
;

boundaryField
{
    top
    {
        type            directionMixed;
        refValue        uniform (0 0 0);
        refGradient     uniform (0 0 0);
        valueFraction   uniform (0 0 0 0 0 1);
        value           nonuniform List<vector> 
102
(
(-1.55882 0 0)
(-4.01516 0 0)
(-6.39756 0 0)
(-8.66387 0 0)
(-10.7759 0 0)
(-12.7003 0 0)
(-14.4088 0 0)
(-15.8786 0 0)
(-17.092 0 0)
(-18.0362 0 0)
(-18.7031 0 0)
(-19.0886 0 0)
(-19.1924 0 0)
(-19.0173 0 0)
(-18.5694 0 0)
(-17.8577 0 0)
(-16.894 0 0)
(-15.6928 0 0)
(-14.2712 0 0)
(-12.6491 0 0)
(-10.8491 0 0)
(-8.89602 0 0)
(-6.81742 0 0)
(-4.64267 0 0)
(-2.40287 0 0)
(-0.130265 0 0)
(2.14222 0 0)
(4.3816 0 0)
(6.55548 0 0)
(8.63254 0 0)
(10.5831 0 0)
(12.3793 0 0)
(13.9957 0 0)
(15.4095 0 0)
(16.6003 0 0)
(17.5507 0 0)
(18.2458 0 0)
(18.6738 0 0)
(18.8255 0 0)
(18.6953 0 0)
(18.2806 0 0)
(17.5824 0 0)
(16.6055 0 0)
(15.3592 0 0)
(13.8576 0 0)
(12.1198 0 0)
(10.1702 0 0)
(8.03888 0 0)
(5.76078 0 0)
(3.37567 0 0)
(0.927043 0 0)
(-1.53911 0 0)
(-3.97607 0 0)
(-6.33833 0 0)
(-8.58322 0 0)
(-10.6721 0 0)
(-12.5712 0 0)
(-14.2519 0 0)
(-15.6911 0 0)
(-16.871 0 0)
(-17.7787 0 0)
(-18.4061 0 0)
(-18.7494 0 0)
(-18.8085 0 0)
(-18.5867 0 0)
(-18.0906 0 0)
(-17.3301 0 0)
(-16.3178 0 0)
(-15.0692 0 0)
(-13.6024 0 0)
(-11.9385 0 0)
(-10.101 0 0)
(-8.11589 0 0)
(-6.0116 0 0)
(-3.81825 0 0)
(-1.5675 0 0)
(0.708066 0 0)
(2.97541 0 0)
(5.2017 0 0)
(7.35495 0 0)
(9.40443 0 0)
(11.3212 0 0)
(13.0784 0 0)
(14.6517 0 0)
(16.0191 0 0)
(17.1616 0 0)
(18.0626 0 0)
(18.7083 0 0)
(19.0876 0 0)
(19.1923 0 0)
(19.017 0 0)
(18.5597 0 0)
(17.8217 0 0)
(16.808 0 0)
(15.528 0 0)
(13.9955 0 0)
(12.2295 0 0)
(10.2544 0 0)
(8.09969 0 0)
(5.79999 0 0)
(3.39458 0 0)
(0.926495 0 0)
)
;
    }
    bottom
    {
        type            fixedValue;
        value           uniform (0 0 0);
    }
    frontAndBack
    {
        type            empty;
    }
    left_cyc
    {
        type            cyclic;
    }
    right_cyc
    {
        type            cyclic;
    }
}


// ************************************************************************* //
