/*--------------------------------*- C++ -*----------------------------------*\
| =========                 |                                                 |
| \\      /  F ield         | OpenFOAM: The Open Source CFD Toolbox           |
|  \\    /   O peration     | Version:  2.3.0                                 |
|   \\  /    A nd           | Web:      www.OpenFOAM.org                      |
|    \\/     M anipulation  |                                                 |
\*---------------------------------------------------------------------------*/
FoamFile
{
    version     2.0;
    format      ascii;
    class       surfaceScalarField;
    location    "19000";
    object      phi;
}
// * * * * * * * * * * * * * * * * * * * * * * * * * * * * * * * * * * * * * //

dimensions      [0 3 -1 0 0 0 0];

internalField   nonuniform List<scalar> 
356
(
0.308005
0.00239684
0.313009
-0.00500397
0.327122
-0.0141135
0.350225
-0.0231029
0.378324
-0.0280992
0.401274
-0.0229499
0.401819
-0.000545113
0.357875
0.0439441
0.248629
0.109246
0.069617
0.179012
-0.137963
0.20758
-0.295045
0.157082
0.0852838
0.547112
-0.00580515
0.562072
-0.0199645
0.584122
-0.0361628
0.611163
-0.050144
0.636868
-0.0538041
0.648686
-0.0347678
0.626534
0.0216068
0.542861
0.127617
0.370273
0.281834
0.102278
0.447006
-0.203421
0.513279
-0.441551
0.395212
0.225158
0.578343
-0.0203962
0.595932
-0.0375539
0.61564
-0.0558705
0.63466
-0.0691634
0.647189
-0.0663331
0.643118
-0.030697
0.606591
0.0581334
0.51584
0.218368
0.347522
0.450153
0.0952379
0.699291
-0.18952
0.798037
-0.415576
0.621269
0.364825
0.517276
-0.0335326
0.53006
-0.0503375
0.540975
-0.0667861
0.547299
-0.0754867
0.544594
-0.0636286
0.52602
-0.0121226
0.481579
0.102575
0.398307
0.301639
0.262292
0.586168
0.0709637
0.890619
-0.140782
1.00978
-0.315218
0.795704
0.481716
0.409254
-0.0402877
0.413218
-0.0543011
0.412841
-0.066409
0.406044
-0.0686901
0.390088
-0.0476729
0.361378
0.0165877
0.315619
0.148333
0.248226
0.369033
0.155682
0.678712
0.0409892
1.00531
-0.0804047
1.13118
-0.189186
0.904486
0.565946
0.266853
-0.039089
0.261502
-0.0489501
0.2509
-0.0558071
0.233953
-0.0517431
0.209664
-0.0233836
0.177411
0.0488406
0.137601
0.188142
0.0925046
0.414129
0.047739
0.723477
0.0111567
1.04189
-0.0202292
1.16256
-0.0608793
0.945136
0.612354
0.100867
-0.0308704
0.0882635
-0.0363463
0.0708165
-0.0383601
0.0483978
-0.0293243
0.0215002
0.00351395
-0.007958
0.0782988
-0.0358776
0.216062
-0.0543615
0.432613
-0.0508652
0.719981
-0.0155106
1.00654
0.0334335
1.11362
0.0572558
0.921314
0.618686
-0.0720693
-0.0182185
-0.0887342
-0.0196814
-0.109363
-0.0177312
-0.13328
-0.00540783
-0.158564
0.0287986
-0.18105
0.100784
-0.193209
0.228222
-0.182722
0.422126
-0.133531
0.67079
-0.0374302
0.910439
0.07698
0.999208
0.157274
0.84102
0.585125
-0.233412
-0.00411233
-0.251269
-0.00182397
-0.27244
0.00343971
-0.295387
0.0175385
-0.316626
0.0500375
-0.329747
0.113906
-0.324209
0.222684
-0.285127
0.383044
-0.196428
0.582091
-0.0539078
0.767918
0.108745
0.836555
0.234059
0.715706
0.515238
-0.365403
0.00914771
-0.38231
0.0150834
-0.402026
0.0231553
-0.422159
0.0376723
-0.437855
0.0657336
-0.440751
0.116801
-0.418331
0.200264
-0.355039
0.319752
-0.237016
0.464069
-0.0645202
0.595422
0.127905
0.64413
0.283892
0.559719
0.416859
-0.449569
0.0201566
-0.463685
0.0291998
-0.479841
0.0393109
-0.495227
0.053058
-0.504291
0.0747979
-0.497805
0.110315
-0.462767
0.165226
-0.384425
0.24141
-0.2518
0.331444
-0.0684793
0.412101
0.133236
0.442415
0.302057
0.390897
0.30275
-0.466611
0.0279288
-0.475738
0.0383263
-0.48538
0.0489528
-0.49318
0.0608584
-0.494265
0.0758831
-0.480407
0.0964562
-0.440106
0.124926
-0.360742
0.162046
-0.233838
0.20454
-0.0639276
0.24219
0.121794
0.256693
0.280084
0.232607
-0.410472
0.030554
-0.411119
0.0389734
-0.409591
0.047425
-0.404879
0.0561462
-0.394375
0.0653797
-0.373238
0.0753186
-0.334328
0.0860161
-0.269505
0.0972226
-0.173076
0.108111
-0.0477616
0.116876
0.0887786
0.120153
0.114769
-0.355478
0.0187709
-0.339355
0.0228501
-0.318922
0.0269924
-0.294045
0.0312697
-0.264389
0.0357229
-0.229391
0.0403206
-0.18829
0.0449152
-0.140269
0.0492022
-0.0848788
0.0527201
-0.022962
0.0549597
0.0416208
0.0555704
0.0544608
-0.343253
-0.325903
-0.304152
-0.277804
-0.246619
-0.210375
-0.168993
-0.122714
-0.0722972
-0.0191398
0.034791
)
;

boundaryField
{
    top
    {
        type            calculated;
        value           nonuniform List<scalar> 
12
(
0.0056954
0.00549985
0.00524087
0.00492218
0.00453757
0.00407653
0.00353347
0.00292283
0.00230362
0.00180229
0.0016396
0.00192742
)
;
    }
    bottom
    {
        type            calculated;
        value           uniform 0;
    }
    frontAndBack
    {
        type            empty;
        value           nonuniform 0();
    }
    left_cyc
    {
        type            cyclic;
        value           nonuniform 0();
    }
    right_cyc
    {
        type            cyclic;
        value           nonuniform 0();
    }
    procBoundary0to1
    {
        type            processor;
        value           nonuniform List<scalar> 
16
(
-0.380329
-0.581425
-0.555243
-0.432109
-0.273416
-0.107287
0.0509236
0.190835
0.303945
0.382271
0.416167
0.391458
0.191376
0.206617
0.101929
0.0873244
)
;
    }
    procBoundary0to3throughleft_cyc
    {
        type            processorCyclic;
        value           nonuniform List<scalar> 
15
(
-0.310402
-0.53891
-0.563752
-0.50414
-0.402499
-0.268051
-0.109086
0.0594174
0.219306
0.352143
0.43856
0.458839
0.407847
0.367261
0.356329
)
;
    }
}


// ************************************************************************* //
