/*--------------------------------*- C++ -*----------------------------------*\
| =========                 |                                                 |
| \\      /  F ield         | OpenFOAM: The Open Source CFD Toolbox           |
|  \\    /   O peration     | Version:  2.3.0                                 |
|   \\  /    A nd           | Web:      www.OpenFOAM.org                      |
|    \\/     M anipulation  |                                                 |
\*---------------------------------------------------------------------------*/
FoamFile
{
    version     2.0;
    format      ascii;
    class       surfaceScalarField;
    location    "19000";
    object      phi;
}
// * * * * * * * * * * * * * * * * * * * * * * * * * * * * * * * * * * * * * //

dimensions      [0 3 -1 0 0 0 0];

internalField   nonuniform List<scalar> 
353
(
-0.412483
0.0251204
-0.443373
0.0308897
-0.479809
0.0364363
-0.515257
0.0354476
-0.527707
0.0124505
-0.487112
-0.0405954
-0.395979
-0.0911333
-0.271076
-0.124903
-0.123507
-0.147569
0.028437
-0.151944
0.179696
-0.151259
0.321296
-0.1416
-0.113308
-0.521808
0.0140238
-0.501018
0.0100995
-0.466949
0.00236671
-0.415861
-0.0156401
-0.344952
-0.0584584
-0.260222
-0.125325
-0.178292
-0.173063
-0.109401
-0.193794
-0.0500477
-0.206922
0.0107772
-0.212769
0.0710611
-0.211543
0.132467
-0.203006
-0.187942
-0.455188
-0.0190553
-0.408494
-0.0365943
-0.347577
-0.0585504
-0.277888
-0.0853285
-0.215171
-0.121176
-0.170074
-0.170422
-0.129484
-0.213653
-0.0846808
-0.238597
-0.0385687
-0.253034
0.00820948
-0.259547
0.0548175
-0.258151
0.100681
-0.248869
-0.231319
-0.38081
-0.0539581
-0.333374
-0.0840302
-0.273808
-0.118117
-0.20921
-0.149926
-0.155852
-0.174535
-0.121989
-0.204285
-0.0933807
-0.242262
-0.0626669
-0.269311
-0.0290278
-0.286673
0.00613315
-0.294708
0.0409112
-0.292929
0.0735208
-0.281478
-0.305584
-0.0820111
-0.267171
-0.122443
-0.218237
-0.16705
-0.163584
-0.204579
-0.115475
-0.222645
-0.084994
-0.234765
-0.063289
-0.263966
-0.0422604
-0.29034
-0.0196405
-0.309293
0.00407489
-0.318424
0.0275058
-0.31636
-0.303463
-0.214432
-0.0997947
-0.189137
-0.147738
-0.155414
-0.200773
-0.115474
-0.244519
-0.0764034
-0.261715
-0.0514593
-0.259709
-0.0370008
-0.278425
-0.0245784
-0.302762
-0.0115028
-0.322369
0.00231205
-0.332238
0.0159248
-0.329973
-0.316163
-0.100979
-0.10693
-0.0896903
-0.159027
-0.0733792
-0.217084
-0.0527406
-0.265158
-0.0310572
-0.283399
-0.0185646
-0.272202
-0.0131664
-0.283823
-0.0090339
-0.306895
-0.00439432
-0.327008
0.000813529
-0.337446
0.00586161
-0.335021
-0.320488
0.0308664
-0.104707
0.0287929
-0.156953
0.0266398
-0.214931
0.0241686
-0.262686
0.0213065
-0.280537
0.0159152
-0.266811
0.0099546
-0.277863
0.00553747
-0.302477
0.00221834
-0.323689
-0.000565422
-0.334663
-0.00349128
-0.332095
-0.316772
0.178514
-0.0584155
0.168587
-0.0947793
0.154328
-0.142695
0.133936
-0.194539
0.10704
-0.235791
0.0765197
-0.250016
0.0510141
-0.241305
0.0335326
-0.260381
0.0204856
-0.28943
0.00901715
-0.312221
-0.0020495
-0.323596
-0.013213
-0.320931
-0.304894
0.307775
-0.0475832
0.291258
-0.0782619
0.266192
-0.117628
0.229728
-0.158076
0.181295
-0.187357
0.126945
-0.195666
0.0844666
-0.198827
0.058653
-0.234568
0.0372804
-0.268058
0.0167167
-0.291657
-0.00391531
-0.302964
-0.0245596
-0.300287
-0.284127
0.3938
-0.0335828
0.371415
-0.0558765
0.337462
-0.0836753
0.289157
-0.109771
0.226448
-0.124648
0.16342
-0.132639
0.119676
-0.155082
0.0878025
-0.202694
0.0574322
-0.237687
0.0259896
-0.260214
-0.00620274
-0.270772
-0.0382536
-0.268236
-0.252973
0.410029
-0.0167364
0.383344
-0.0291918
0.344561
-0.0448925
0.294736
-0.0599452
0.239411
-0.0693231
0.192476
-0.0857033
0.159441
-0.122048
0.122045
-0.165298
0.0807206
-0.196363
0.0366584
-0.216152
-0.0087356
-0.225378
-0.0538129
-0.223159
-0.209807
0.369481
-0.00570736
0.35215
-0.0118604
0.326002
-0.0187442
0.293474
-0.0274169
0.263533
-0.0393822
0.236282
-0.058453
0.201953
-0.0877181
0.156283
-0.119628
0.103717
-0.143798
0.0471706
-0.159605
-0.0112277
-0.166979
-0.0691838
-0.165203
-0.154527
0.363612
0.0014773
0.35319
-0.00143802
0.339181
-0.00473526
0.321254
-0.00949001
0.299353
-0.0174812
0.271714
-0.0308137
0.233093
-0.0490973
0.181776
-0.0683115
0.121429
-0.0834511
0.0554333
-0.0936094
-0.0131682
-0.0983778
-0.0811437
-0.0972272
-0.0903345
0.366081
0.359779
0.351181
0.339524
0.322587
0.296225
0.25624
0.201674
0.135701
0.062217
-0.0147624
-0.0908973
)
;

boundaryField
{
    top
    {
        type            calculated;
        value           nonuniform List<scalar> 
13
(
0.0054628
0.00486374
0.00386226
0.0021675
-0.000544185
-0.00445153
-0.0091125
-0.0137452
-0.0174789
-0.0201249
-0.0213984
-0.0210923
-0.0192697
)
;
    }
    bottom
    {
        type            calculated;
        value           uniform 0;
    }
    frontAndBack
    {
        type            empty;
        value           nonuniform 0();
    }
    left_cyc
    {
        type            cyclic;
        value           nonuniform 0();
    }
    right_cyc
    {
        type            cyclic;
        value           nonuniform 0();
    }
    procBoundary2to1
    {
        type            processor;
        value           nonuniform List<scalar> 
16
(
0.387363
0.532905
0.488267
0.415713
0.333637
0.232215
0.108114
-0.0330894
0.0657202
-0.185819
-0.318608
-0.407801
-0.426875
-0.380511
-0.370797
-0.370066
)
;
    }
    procBoundary2to3
    {
        type            processor;
        value           nonuniform List<scalar> 
16
(
0.434603
0.207101
0.144058
0.10293
-0.260729
0.0494905
0.0286246
0.0101872
-0.00720801
-0.0250902
-0.0453272
-0.0694075
-0.0969787
-0.124464
-0.145337
-0.161962
)
;
    }
}


// ************************************************************************* //
