/*--------------------------------*- C++ -*----------------------------------*\
| =========                 |                                                 |
| \\      /  F ield         | OpenFOAM: The Open Source CFD Toolbox           |
|  \\    /   O peration     | Version:  2.3.0                                 |
|   \\  /    A nd           | Web:      www.OpenFOAM.org                      |
|    \\/     M anipulation  |                                                 |
\*---------------------------------------------------------------------------*/
FoamFile
{
    version     2.0;
    format      ascii;
    class       volScalarField;
    location    "13000";
    object      p_rgh;
}
// * * * * * * * * * * * * * * * * * * * * * * * * * * * * * * * * * * * * * //

dimensions      [0 2 -2 0 0 0 0];

internalField   nonuniform List<scalar> 
3060
(
-38.8545
-42.0675
-48.0781
-56.8243
-68.2369
-82.2545
-98.8319
-117.928
-139.478
-163.352
-189.331
-217.086
-246.156
-275.913
-305.514
-333.924
-360.078
-383.071
-402.163
-416.955
-427.672
-434.84
-439.256
-441.751
-442.978
-443.326
-442.917
-441.621
-439.043
-434.521
-427.22
-416.347
-401.38
-382.108
-358.947
-332.643
-304.122
-274.469
-244.73
-215.747
-188.145
-162.386
-138.795
-117.588
-98.8893
-82.7635
-69.2518
-58.4012
-50.2729
-44.9332
-42.4376
-42.8169
-46.0658
-52.1461
-60.9979
-72.5549
-86.7593
-103.567
-122.935
-144.786
-168.974
-195.256
-223.272
-252.523
-282.331
-311.791
-339.828
-365.384
-387.586
-405.738
-419.589
-429.455
-435.941
-439.874
-442.061
-443.096
-443.303
-442.745
-441.232
-438.304
-433.245
-425.212
-413.46
-397.533
-377.351
-353.447
-326.601
-297.769
-268.03
-238.382
-209.605
-182.28
-156.829
-133.552
-112.641
-94.2047
-78.2998
-64.9654
-54.2508
-46.2207
-40.9441
-38.4782
-66.8189
-69.461
-74.4368
-81.7571
-91.4446
-103.527
-118.019
-134.896
-154.066
-175.355
-198.504
-223.139
-248.736
-274.602
-300.032
-324.709
-348.491
-370.541
-389.402
-404.112
-414.971
-422.59
-427.681
-430.869
-432.605
-433.14
-432.544
-430.74
-427.473
-422.288
-414.552
-403.555
-388.687
-369.679
-347.531
-323.696
-298.985
-273.535
-247.7
-222.196
-197.72
-174.792
-153.782
-134.949
-118.459
-104.398
-92.783
-83.5959
-76.8064
-72.3908
-70.3389
-70.6503
-73.3246
-78.3639
-85.7823
-95.606
-107.864
-122.57
-139.689
-159.115
-180.66
-204.037
-228.842
-254.508
-280.306
-305.566
-330.073
-353.58
-375.047
-393.009
-406.801
-416.872
-423.869
-428.493
-431.338
-432.807
-433.103
-432.265
-430.178
-426.54
-420.847
-412.444
-400.624
-384.808
-364.966
-342.328
-318.268
-293.389
-267.786
-241.918
-216.514
-192.227
-169.538
-148.786
-130.209
-113.956
-100.1
-88.6529
-79.5936
-72.8946
-68.5359
-66.5103
-81.3686
-84.2219
-89.5577
-97.3204
-107.425
-119.742
-134.089
-150.234
-167.927
-186.928
-207.036
-228.087
-249.97
-272.628
-295.99
-319.429
-341.526
-361.034
-377.978
-392.664
-404.359
-412.516
-417.948
-421.461
-423.465
-424.109
-423.407
-421.341
-417.757
-412.238
-403.972
-392.159
-377.388
-360.37
-340.786
-318.647
-295.245
-271.975
-249.434
-227.688
-206.792
-186.869
-168.09
-150.669
-134.853
-120.897
-109.03
-99.43
-92.2195
-87.4793
-85.2617
-85.5992
-88.4854
-93.8823
-101.732
-111.943
-124.38
-138.85
-155.114
-172.916
-192.015
-212.209
-233.338
-255.295
-278.034
-301.431
-324.668
-346.215
-365.077
-381.501
-395.607
-406.465
-413.915
-418.861
-422.017
-423.717
-424.064
-423.066
-420.686
-416.721
-410.661
-401.626
-389.024
-373.72
-356.152
-335.91
-313.299
-289.776
-266.573
-244.113
-222.442
-201.626
-181.793
-163.116
-145.807
-130.112
-116.281
-104.533
-95.0369
-87.9087
-83.2244
-81.0339
-61.6696
-64.6693
-70.256
-78.3412
-88.8016
-101.471
-116.138
-132.553
-150.45
-169.58
-189.738
-210.777
-232.607
-255.154
-278.192
-300.956
-322.376
-342.098
-360.264
-375.756
-388.175
-398.021
-404.697
-408.968
-411.465
-412.297
-411.409
-408.856
-404.52
-397.759
-387.835
-375.35
-359.788
-341.599
-321.861
-300.416
-277.667
-254.693
-232.245
-210.536
-189.642
-169.661
-150.748
-133.12
-117.033
-102.758
-90.5439
-80.5991
-73.0852
-68.1206
-65.789
-66.1447
-69.1764
-74.822
-82.9894
-93.5497
-106.329
-121.107
-137.626
-155.617
-174.83
-195.064
-216.179
-238.088
-260.702
-283.719
-306.23
-327.218
-346.559
-364.199
-378.901
-390.716
-399.835
-405.854
-409.685
-411.802
-412.238
-410.96
-408.022
-403.206
-395.715
-385.136
-371.987
-355.661
-337.033
-316.888
-295.028
-272.081
-249.137
-226.768
-205.139
-184.321
-164.417
-145.591
-128.06
-112.081
-97.9188
-85.8142
-75.9672
-68.5319
-63.6215
-61.3166
-31.1052
-34.1238
-39.7336
-47.8356
-58.3017
-70.9737
-85.6653
-102.169
-120.268
-139.751
-160.417
-182.078
-204.539
-227.561
-250.798
-273.727
-295.847
-317.172
-337.581
-355.425
-369.709
-380.676
-388.621
-394.072
-397.354
-398.478
-397.3
-393.966
-388.461
-380.462
-369.436
-355.094
-337.183
-316.746
-295.402
-273.252
-250.309
-227.096
-204.137
-181.778
-160.255
-139.768
-120.511
-102.69
-86.5222
-72.2276
-60.014
-50.0659
-42.5382
-37.5546
-35.2092
-35.5675
-38.6154
-44.2795
-52.4581
-63.0194
-75.8004
-90.6095
-107.234
-125.455
-145.055
-165.834
-187.598
-210.141
-233.207
-256.408
-279.18
-301.097
-322.258
-342.234
-359.213
-372.661
-382.828
-390.137
-395.041
-397.822
-398.398
-396.684
-392.851
-386.773
-378.1
-366.263
-351.056
-332.349
-311.602
-290.092
-267.736
-244.668
-221.442
-198.539
-176.268
-154.851
-134.479
-115.342
-97.6429
-81.597
-67.4195
-55.3134
-45.4579
-38.0034
-33.07
-30.7493
0.974797
-2.15719
-7.96222
-16.3222
-27.0899
-40.0916
-55.1318
-72.002
-90.4907
-110.394
-131.52
-153.69
-176.719
-200.394
-224.425
-248.449
-271.936
-294.429
-315.464
-334.555
-350.902
-363.135
-371.656
-377.411
-381.237
-382.67
-381.188
-377.331
-371.548
-362.99
-350.694
-334.272
-315.112
-294.006
-271.46
-247.937
-223.905
-199.902
-176.289
-153.354
-131.317
-110.364
-90.6833
-72.4708
-55.9366
-41.2959
-28.7586
-18.5193
-10.7489
-5.59039
-3.15644
-3.5289
-6.68975
-12.5485
-20.9843
-31.8468
-44.958
-60.1186
-77.1161
-95.7359
-115.771
-137.028
-159.322
-182.462
-206.216
-230.27
-254.217
-277.521
-299.738
-320.365
-338.942
-354.352
-365.557
-373.298
-378.524
-381.84
-382.566
-380.419
-376.095
-369.705
-360.309
-346.955
-329.715
-310.083
-288.607
-265.814
-242.139
-218.072
-194.091
-170.56
-147.739
-125.827
-105.006
-85.4577
-67.3764
-50.9691
-36.4478
-24.0183
-13.8711
-6.17325
-1.06447
1.34497
33.9032
30.6186
24.5461
15.8263
4.62942
-8.84982
-24.4008
-41.8066
-60.8543
-81.3432
-103.089
-125.923
-149.678
-174.168
-199.161
-224.414
-249.471
-273.84
-296.892
-317.763
-335.365
-348.355
-356.584
-361.656
-364.804
-366.108
-364.784
-361.636
-356.56
-348.283
-335.189
-317.473
-296.506
-273.378
-248.953
-223.862
-198.602
-173.632
-149.193
-125.521
-102.806
-81.2208
-60.9435
-42.1646
-25.0909
-9.94011
3.06831
13.7237
21.8338
27.2327
29.7863
29.395
26.0808
19.9534
11.1555
-0.139419
-13.7334
-29.4125
-46.9567
-66.1505
-86.791
-108.692
-131.679
-155.578
-180.191
-205.27
-230.527
-255.488
-279.64
-302.284
-322.52
-339.132
-350.882
-358.134
-362.615
-365.349
-366.007
-364.115
-360.534
-354.789
-345.419
-331.115
-312.512
-290.978
-267.499
-242.897
-217.743
-192.519
-167.632
-143.317
-119.79
-97.2275
-75.7968
-55.6703
-37.0365
-20.1
-5.07556
7.82036
18.3805
26.416
31.7639
34.2923
65.5453
62.0479
55.5989
46.3689
34.5622
20.4078
4.14637
-13.9817
-33.7491
-54.9504
-77.4073
-100.967
-125.491
-150.842
-176.855
-203.351
-229.905
-256.004
-280.975
-303.912
-323.62
-338.303
-346.588
-350.255
-351.924
-352.508
-351.954
-350.317
-346.636
-338.244
-323.415
-303.585
-280.55
-255.498
-229.341
-202.749
-176.24
-150.243
-124.928
-100.467
-77.0048
-54.6882
-33.6792
-14.1651
3.64052
19.5037
33.1802
44.428
53.0204
58.7581
61.4785
61.0611
57.5326
51.0255
41.713
29.8025
15.5259
-0.872868
-19.1512
-39.0796
-60.4512
-83.0861
-106.828
-131.534
-157.057
-183.217
-209.787
-236.315
-262.252
-286.865
-309.188
-327.899
-341.067
-347.931
-350.874
-352.195
-352.456
-351.594
-349.555
-344.967
-335.034
-318.816
-298.109
-274.534
-249.184
-222.906
-196.317
-169.903
-144.059
-118.917
-94.6363
-71.3556
-49.2152
-28.3747
-9.01983
8.63757
24.3656
37.9225
49.0694
57.5829
63.2667
65.9603
95.1857
91.4015
84.4415
74.5163
61.8782
46.8061
29.5885
10.5056
-10.1862
-32.2663
-55.5565
-79.9208
-105.257
-131.481
-158.506
-186.188
-214.139
-241.846
-268.613
-293.501
-315.296
-332.338
-342.635
-346.449
-347.148
-347.21
-347.219
-346.555
-342.678
-332.233
-315.045
-293.129
-268.14
-241.291
-213.519
-185.523
-157.817
-130.793
-104.582
-79.2808
-54.9824
-31.8004
-9.88303
10.5796
29.3557
46.1796
60.7649
72.8208
82.0703
88.2676
91.2125
90.7603
86.9425
79.9198
69.9057
57.1556
41.9519
24.5861
5.34052
-15.5271
-37.7955
-61.2861
-85.8614
-111.416
-137.858
-165.089
-192.91
-220.9
-248.502
-274.96
-299.268
-320.12
-335.706
-344.224
-346.894
-347.226
-347.195
-347.079
-345.89
-340.632
-328.416
-309.921
-287.17
-261.679
-234.58
-206.746
-178.816
-151.266
-124.455
-98.4628
-73.3774
-49.2871
-26.3025
-4.57066
15.7186
34.3344
51.0125
65.4691
77.4163
86.5806
92.7194
95.6354
122.723
118.562
110.927
100.081
86.3397
70.0516
51.5729
31.2431
9.36414
-13.815
-38.1078
-63.3914
-89.5991
-116.704
-144.698
-173.457
-202.642
-231.768
-260.149
-286.848
-310.654
-330.057
-343.289
-349.619
-351.339
-351.566
-351.41
-349.693
-343.265
-329.887
-310.347
-286.421
-259.621
-231.154
-201.955
-172.711
-143.909
-115.893
-88.768
-62.5553
-37.294
-13.0656
9.99137
31.6742
51.7187
69.8099
85.5993
98.7268
108.846
115.65
118.889
118.391
114.193
106.49
95.5464
81.683
65.252
46.6129
26.1074
4.03845
-19.3453
-43.8584
-69.3783
-95.8368
-123.202
-151.452
-180.408
-209.693
-238.773
-266.9
-293.069
-315.996
-334.082
-345.598
-350.452
-351.508
-351.544
-351.127
-348.536
-340.477
-325.457
-304.725
-280.019
-252.768
-224.107
-194.904
-165.786
-137.196
-109.442
-82.576
-56.6105
-31.5813
-7.56913
15.2866
36.7822
56.6537
74.5871
90.2364
103.245
113.271
120.01
123.218
148.503
143.862
135.363
123.335
108.174
90.3204
70.2195
48.2914
24.9026
0.345752
-25.1732
-51.537
-78.7102
-106.721
-135.631
-165.338
-195.562
-225.866
-255.596
-283.846
-309.446
-330.996
-346.991
-356.514
-360.595
-361.597
-360.629
-356.514
-346.884
-330.754
-309.073
-283.356
-255.002
-225.179
-194.79
-164.488
-134.711
-105.741
-77.667
-50.4369
-24.0393
1.47159
25.958
49.1924
70.8617
90.5818
107.92
122.425
133.66
141.238
144.852
144.297
139.615
131.04
118.904
103.609
85.5993
65.3246
43.2075
19.6153
-5.16059
-30.9163
-57.537
-84.9876
-113.291
-142.5
-172.45
-202.825
-233.137
-262.67
-290.451
-315.245
-335.604
-350.056
-358.039
-361.099
-361.525
-359.907
-354.61
-343.381
-325.782
-303.015
-276.586
-247.84
-217.878
-187.538
-157.413
-127.893
-99.2242
-71.4406
-44.4827
-18.3366
6.94233
31.2136
54.2475
75.7304
95.2793
112.464
126.838
137.97
145.476
149.055
173.093
167.86
158.294
144.799
127.874
108.07
85.9469
62.0256
36.7573
10.4948
-16.5227
-44.1731
-72.4438
-101.409
-131.19
-161.71
-192.763
-223.97
-254.728
-284.173
-311.191
-334.472
-352.669
-364.834
-371.205
-373.08
-371.191
-364.757
-352.481
-334.155
-310.747
-283.612
-254.057
-223.195
-191.884
-160.725
-130.097
-100.208
-71.1234
-42.732
-14.9791
12.0987
38.3529
63.5164
87.2096
108.958
128.223
144.439
157.056
165.591
169.666
169.04
163.762
154.11
140.495
123.421
103.447
81.1352
57.0113
31.5269
5.03343
-22.2332
-50.1553
-78.723
-108.008
-138.111
-168.907
-200.152
-231.413
-262.024
-291.056
-317.34
-339.533
-356.322
-366.975
-372.07
-372.951
-370.015
-362.219
-348.424
-328.763
-304.361
-276.579
-246.686
-215.734
-184.515
-153.573
-123.234
-93.6713
-64.8994
-36.7974
-9.3098
17.5239
43.551
68.5013
91.9942
113.557
132.654
148.724
161.226
169.68
173.715
197.119
191.183
180.341
165.09
146.047
123.9
99.3387
73.0104
45.4684
17.1426
-11.6798
-40.8582
-70.3917
-100.392
-131.004
-162.21
-193.882
-225.71
-257.143
-287.371
-315.339
-339.815
-359.54
-373.533
-381.546
-384.08
-381.489
-373.387
-359.277
-339.422
-314.819
-286.728
-256.38
-224.826
-192.87
-161.056
-129.692
-98.9055
-68.7234
-38.994
-9.63274
19.3294
47.7184
75.2116
101.345
125.536
147.115
165.381
179.651
189.328
193.951
193.242
187.254
176.316
160.931
141.724
119.389
94.6236
68.0785
40.3086
11.7421
-17.3373
-46.7952
-76.6353
-106.97
-137.912
-169.414
-201.305
-233.219
-264.543
-294.405
-321.699
-345.168
-363.582
-376.093
-382.676
-383.907
-379.987
-370.424
-354.856
-333.762
-308.238
-279.556
-248.914
-217.306
-185.474
-153.901
-122.843
-92.3923
-62.5346
-33.1038
-4.01539
24.6945
52.8463
80.114
106.033
130.021
151.415
169.519
183.661
193.247
197.825
221.167
214.419
202.104
184.821
163.327
138.458
111.062
81.9243
51.719
20.9675
-9.98026
-40.947
-71.9285
-103.058
-134.485
-166.272
-198.373
-230.55
-262.303
-292.881
-321.3
-346.4
-366.988
-382.052
-391.05
-393.987
-390.955
-381.847
-366.656
-345.932
-320.697
-292.146
-261.432
-229.535
-197.197
-164.911
-132.909
-101.238
-69.8433
-38.5774
-7.33644
23.8395
54.7329
84.9503
113.928
140.956
165.219
185.858
202.04
213.034
218.287
217.482
210.677
198.254
180.822
159.145
134.071
106.453
77.0837
46.6388
15.6387
-15.5688
-46.8148
-78.101
-109.561
-141.317
-173.405
-205.737
-238.021
-269.687
-299.932
-327.725
-351.882
-371.232
-384.843
-392.334
-393.788
-389.267
-378.653
-362.051
-340.161
-314.066
-284.968
-253.99
-222.058
-189.862
-157.827
-126.131
-94.7822
-63.7188
-32.7522
-1.78492
29.1343
59.7819
89.7616
118.509
145.316
169.376
189.835
205.873
216.766
221.968
245.733
238.078
224.115
204.561
180.322
152.406
121.826
89.5236
56.303
22.7882
-10.5976
-43.6131
-76.2346
-108.595
-140.848
-173.14
-205.506
-237.806
-269.55
-300.051
-328.423
-353.595
-374.443
-389.96
-399.448
-402.597
-399.323
-389.702
-374.044
-353.05
-327.731
-299.21
-268.552
-236.636
-204.135
-171.532
-138.959
-106.382
-73.6625
-40.658
-7.26912
26.4389
60.1788
93.4748
125.652
155.862
183.129
206.423
224.742
237.21
243.168
242.256
234.536
220.453
200.732
176.292
148.15
117.331
84.7809
51.3086
17.5372
-16.1052
-49.3921
-82.3054
-114.977
-147.544
-180.128
-212.724
-245.143
-276.795
-306.982
-334.766
-359.05
-378.726
-392.842
-400.804
-402.385
-397.55
-386.427
-369.418
-347.321
-321.193
-292.158
-261.251
-229.292
-196.945
-164.589
-132.313
-100.043
-67.634
-34.9159
-1.79301
31.657
65.143
98.1887
130.12
160.09
187.133
210.228
228.386
240.74
246.641
271.216
262.573
246.822
224.81
197.608
166.4
132.375
96.6353
60.123
23.568
-12.5417
-47.8433
-82.2906
-115.991
-149.106
-181.856
-214.34
-246.467
-277.872
-307.957
-335.908
-360.743
-381.415
-396.943
-406.553
-409.769
-406.401
-396.636
-380.95
-360.116
-335.117
-306.995
-276.725
-245.11
-212.736
-179.956
-146.853
-113.326
-79.164
-44.2292
-8.45132
28.0751
64.9404
101.591
137.239
170.889
201.4
227.561
248.195
262.263
268.988
267.96
259.245
243.36
221.163
193.739
162.284
128
91.9974
55.2208
18.3948
-17.9588
-53.5175
-88.2346
-122.214
-155.615
-188.63
-221.321
-253.545
-284.871
-314.659
-342.056
-366.057
-385.621
-399.808
-407.919
-409.554
-404.621
-393.39
-376.418
-354.545
-328.784
-300.178
-269.672
-238.023
-205.778
-173.221
-140.389
-107.144
-73.2566
-38.5849
-3.05487
33.2129
69.8135
106.201
141.585
174.977
205.242
231.184
251.637
265.579
272.24
297.923
288.228
270.594
246.012
215.725
181.097
143.491
104.166
64.2048
24.4593
-14.4666
-52.1979
-88.6073
-123.745
-157.788
-191.009
-223.566
-255.428
-286.329
-315.764
-343.016
-367.205
-387.371
-402.583
-412.055
-415.236
-411.879
-402.23
-386.839
-366.492
-342.116
-314.664
-285.008
-253.853
-221.69
-188.772
-155.12
-120.574
-84.8682
-47.866
-9.55618
29.8826
70.0166
110.175
149.438
186.663
220.545
249.694
272.75
288.508
296.056
294.9
285.125
267.343
242.557
212.027
177.131
139.246
99.6424
59.4086
19.3998
-19.7742
-57.7496
-94.4023
-129.78
-164.07
-197.521
-230.251
-262.185
-293.002
-322.152
-348.881
-372.287
-391.412
-405.356
-413.387
-415.026
-410.146
-399.094
-382.489
-361.167
-336.077
-308.166
-278.279
-247.082
-215.019
-182.291
-148.874
-114.573
-79.1031
-42.3392
-4.2698
34.9178
74.7884
114.673
153.655
190.601
224.215
253.122
275.98
291.598
299.073
326.116
315.348
295.823
268.687
235.354
197.356
156.214
113.333
69.9186
26.9373
-14.9097
-55.1782
-93.6621
-130.338
-165.404
-199.166
-231.825
-263.411
-293.739
-322.402
-348.789
-372.13
-391.568
-406.247
-415.41
-418.489
-415.21
-405.846
-390.965
-371.321
-347.764
-321.144
-292.219
-261.586
-229.639
-196.548
-162.273
-126.612
-89.2636
-50.0855
-9.14282
33.3034
76.7441
120.406
163.251
204.003
241.207
273.31
298.78
316.24
324.629
323.342
312.487
292.8
265.443
231.845
193.557
152.117
108.939
65.2423
21.9957
-20.097
-60.5947
-99.2933
-136.167
-171.436
-205.384
-238.178
-269.805
-300.034
-328.417
-354.308
-376.916
-395.383
-408.875
-416.678
-418.288
-413.561
-402.878
-386.863
-366.308
-342.08
-315.021
-285.865
-255.171
-223.291
-190.349
-156.266
-120.808
-83.6536
-44.6868
-3.97193
38.2272
81.4001
124.776
167.322
207.773
244.687
276.528
301.781
319.088
327.398
356.024
344.234
322.924
293.394
257.216
216.072
171.617
125.374
78.6595
32.5359
-12.2033
-55.0283
-95.645
-133.944
-170.139
-204.552
-237.409
-268.786
-298.57
-326.446
-351.914
-374.319
-392.917
-406.943
-415.701
-418.639
-415.475
-406.491
-392.236
-373.403
-350.749
-325.007
-296.821
-266.677
-234.875
-201.513
-166.507
-129.626
-90.5569
-49.1539
-5.57099
39.8401
86.4812
133.484
179.707
223.762
264.068
298.931
326.665
345.735
354.927
353.514
341.63
320.147
290.38
253.918
212.463
167.688
121.131
74.12
27.7246
-17.2586
-60.2992
-101.103
-139.557
-175.912
-210.466
-243.414
-274.797
-304.461
-332.057
-357.051
-378.771
-396.468
-409.394
-416.887
-418.45
-413.934
-403.724
-388.418
-368.74
-345.455
-319.291
-290.867
-260.638
-228.864
-195.607
-160.746
-124.025
-85.1096
-43.8924
-0.525582
44.6389
91.004
137.705
183.61
227.342
267.337
301.918
329.419
348.324
357.431
387.812
375.123
352.259
320.66
282.031
238.173
190.841
141.649
91.9914
43.0096
-4.42186
-49.6867
-92.3974
-132.347
-169.761
-204.947
-238.137
-269.435
-298.786
-325.96
-350.559
-372.046
-389.791
-403.134
-411.453
-414.234
-411.198
-402.625
-389.023
-371.008
-349.233
-324.316
-296.781
-267.012
-235.223
-201.457
-165.601
-127.42
-86.6144
-43.0409
3.04767
51.205
100.745
150.716
199.897
246.816
289.797
327.04
356.734
377.209
387.11
385.585
372.797
349.749
317.899
278.969
234.779
187.108
137.582
87.6123
38.3488
-9.32813
-54.7992
-97.6747
-137.744
-175.276
-210.559
-243.796
-275.063
-304.271
-331.159
-355.303
-376.148
-393.062
-405.393
-412.548
-414.059
-409.775
-400.074
-385.505
-366.707
-344.339
-319.011
-291.228
-261.345
-229.545
-195.839
-160.084
-122.024
-81.3359
-37.9277
7.95172
55.8585
105.11
154.763
203.605
250.18
292.83
329.773
359.221
379.52
389.331
421.594
408.207
384.154
350.992
310.521
264.619
215.104
163.633
111.647
60.3389
10.643
-36.748
-81.3563
-122.875
-161.523
-197.567
-231.22
-262.594
-291.672
-318.295
-342.157
-362.828
-379.793
-392.493
-400.39
-403.018
-400.103
-391.92
-378.926
-361.655
-340.652
-316.425
-289.388
-259.832
-227.904
-193.61
-156.829
-117.349
-74.9085
-29.3839
18.8725
69.3246
121.211
173.519
224.978
274.067
319.061
358.095
389.276
410.83
421.284
419.67
406.179
381.935
348.51
307.723
261.474
211.6
159.777
107.463
55.8598
5.91243
-41.6813
-86.4398
-128.052
-166.786
-202.889
-236.55
-267.857
-296.769
-323.099
-346.521
-366.591
-382.787
-394.561
-401.394
-402.856
-398.799
-389.585
-375.704
-357.706
-336.144
-311.515
-284.217
-254.52
-222.544
-188.269
-151.551
-112.157
-69.8094
-24.438
23.6094
73.8018
125.385
177.356
228.456
277.182
321.828
360.548
391.471
412.842
423.203
457.44
443.635
418.902
384.873
343.402
296.393
245.671
192.895
139.506
86.7101
35.4737
-13.457
-59.5291
-102.345
-142.089
-178.962
-213.13
-244.691
-273.647
-299.884
-323.173
-343.178
-359.482
-371.626
-379.151
-381.64
-378.829
-370.982
-358.507
-341.856
-321.476
-297.773
-271.07
-241.583
-209.413
-174.55
-136.891
-96.27
-52.4965
-5.48443
44.3236
96.3188
149.689
203.393
256.147
306.432
352.519
392.531
424.542
446.72
457.509
455.84
441.929
417.001
382.702
340.906
293.537
242.442
189.298
135.564
82.4587
30.9614
-18.1744
-64.3908
-107.291
-147.103
-184.007
-218.152
-249.617
-278.385
-304.323
-327.185
-346.623
-362.217
-373.513
-380.069
-381.492
-377.637
-368.85
-355.562
-338.236
-317.326
-293.228
-266.253
-236.6
-204.35
-169.473
-131.848
-91.2926
-47.5993
-0.739392
48.8518
100.573
153.623
206.971
259.35
309.257
354.983
394.673
426.42
448.41
459.104
495.376
481.519
456.757
422.755
381.364
334.459
283.816
231.041
177.528
124.45
72.7651
23.2386
-23.5312
-67.0778
-107.524
-144.974
-179.527
-211.243
-240.117
-266.062
-288.898
-308.363
-324.123
-335.802
-343.012
-345.381
-342.653
-335.084
-323.036
-306.889
-287.008
-263.713
-237.257
-207.808
-175.443
-140.161
-101.899
-60.5635
-16.0593
31.6378
82.0198
134.437
188.062
241.868
294.607
344.809
390.799
430.745
462.745
484.963
495.802
494.122
480.159
455.202
420.93
379.212
331.942
280.919
227.765
173.893
120.492
68.5345
18.7978
-28.1091
-71.7637
-112.277
-149.744
-184.253
-215.853
-244.525
-270.167
-292.589
-311.519
-326.622
-337.525
-343.851
-345.245
-341.564
-333.137
-320.342
-303.569
-283.183
-259.502
-232.768
-203.135
-170.668
-135.35
-97.1062
-55.8291
-11.4091
36.1252
86.2754
138.402
191.69
245.126
297.478
347.294
392.919
432.541
464.277
486.308
497.051
535.391
521.925
497.924
465.029
425.03
379.712
330.745
279.624
227.645
175.898
125.285
76.5446
30.2746
-13.0314
-53.3984
-90.8196
-125.308
-156.867
-185.465
-211.015
-233.366
-252.302
-267.551
-278.803
-285.726
-287.985
-285.332
-278.017
-266.363
-250.693
-231.306
-208.464
-182.372
-153.173
-120.946
-85.7208
-47.4941
-6.26095
37.9585
85.1029
134.642
185.932
238.179
290.418
341.489
390.027
434.466
473.081
504.054
525.603
536.145
534.507
520.939
496.749
463.591
423.272
377.594
328.247
276.745
224.401
172.321
121.423
72.4607
26.0472
-17.4034
-57.8509
-95.2889
-129.727
-161.161
-189.552
-214.804
-236.758
-255.193
-269.834
-280.375
-286.492
-287.86
-284.338
-276.24
-263.901
-247.65
-227.787
-204.572
-178.203
-148.814
-116.476
-81.2076
-42.9976
-1.8312
42.2832
89.2441
138.532
189.515
241.413
293.275
343.958
392.112
436.193
474.49
505.207
526.574
537.023
577.439
564.876
542.544
511.999
474.907
432.901
387.489
340.004
291.589
243.203
195.642
149.558
105.496
63.9142
24.9157
-11.3757
-44.8824
-75.5423
-103.282
-127.997
-149.543
-167.727
-182.319
-193.054
-199.642
-201.78
-199.225
-192.221
-181.063
-166.03
-147.377
-125.327
-100.062
-71.7211
-40.4048
-6.18628
30.8671
70.6665
113.07
157.914
204.707
252.867
301.691
350.329
397.76
442.775
483.976
519.799
548.576
568.64
578.484
576.952
564.293
541.784
510.993
473.598
431.251
385.474
337.618
288.842
240.12
192.263
145.939
101.706
59.947
20.8483
-15.4716
-48.9351
-79.4772
-107.02
-131.453
-152.628
-170.35
-184.387
-194.477
-200.337
-201.666
-198.323
-190.612
-178.832
-163.267
-144.174
-121.774
-96.2462
-67.7248
-36.3036
-2.05038
34.9732
74.6838
116.948
161.582
208.105
255.949
304.422
352.69
399.744
444.393
485.254
520.778
549.314
569.21
578.967
621.442
610.344
590.676
563.844
531.324
494.54
454.784
413.179
370.673
328.049
285.943
244.874
205.263
167.462
131.72
98.2632
67.2487
38.7986
13.0291
-9.9314
-29.9306
-46.788
-60.2952
-70.2189
-76.3039
-78.2689
-75.8839
-69.383
-59.0375
-45.0937
-27.7768
-7.28808
16.1982
42.5341
71.5923
103.254
137.389
173.824
212.31
252.575
294.24
336.849
379.844
422.541
464.103
503.524
539.62
571.046
596.344
614.03
622.734
621.376
610.194
590.369
563.317
530.526
493.433
453.344
411.396
368.549
325.6
283.196
241.868
202.049
164.047
128.183
94.6776
63.6857
35.3307
9.73125
-12.9813
-32.6527
-49.1013
-62.1193
-71.476
-76.9191
-78.1686
-75.0874
-67.9635
-57.0702
-42.657
-24.9507
-4.15285
19.5639
46.0542
75.1943
106.869
140.949
177.265
215.568
255.599
296.986
339.283
381.944
424.294
465.51
504.599
540.389
571.549
596.633
614.169
622.796
667.291
658.248
642.283
620.584
594.375
564.814
532.93
499.598
465.537
431.318
397.384
364.072
331.627
300.207
270.212
241.932
215.567
191.276
169.202
149.488
132.29
117.778
106.141
97.5863
92.3374
90.6462
92.7248
98.3557
107.296
119.328
134.253
151.886
172.062
194.626
219.434
246.341
275.177
305.719
337.646
370.597
404.377
438.714
473.239
507.47
540.791
572.434
601.472
626.828
647.309
661.682
668.783
667.672
658.559
642.465
620.584
594.15
564.331
532.165
498.54
464.18
429.667
395.45
361.871
329.182
297.556
267.423
239.069
212.696
188.462
166.512
146.99
130.053
115.871
104.634
96.5444
91.8251
90.7294
93.3857
99.5298
108.919
121.333
136.572
154.451
174.803
197.477
222.329
249.215
277.968
308.361
340.067
372.772
406.284
440.335
474.564
508.497
541.524
572.888
601.671
626.806
647.111
661.36
668.398
714.872
708.467
697.233
682.068
663.88
643.509
621.682
598.993
575.909
552.77
529.811
507.161
484.857
462.824
441.544
421.312
402.322
384.725
368.651
354.23
341.598
330.9
322.293
315.945
312.037
310.777
312.344
316.552
323.203
332.118
343.135
356.1
370.871
387.314
405.296
424.682
445.313
466.971
489.322
511.969
534.952
558.216
581.604
604.854
627.588
649.302
669.36
686.997
701.343
711.478
716.517
715.726
709.27
697.941
682.643
664.291
643.73
621.693
598.782
575.466
552.092
528.893
505.999
483.44
461.209
439.784
419.457
400.423
382.831
366.815
352.505
340.038
329.56
321.225
315.2
311.667
310.836
312.817
317.387
324.349
333.523
344.746
357.864
372.734
389.223
407.2
426.53
447.052
468.544
490.656
513.07
535.822
558.855
582.012
605.035
627.549
649.057
668.929
686.405
700.622
710.667
715.66
764.011
760.791
755.243
747.908
739.314
729.931
720.14
710.233
700.406
690.771
681.358
672.108
662.858
653.311
643.912
634.873
626.312
618.306
610.923
604.231
598.307
593.234
589.104
586.02
584.098
583.474
584.268
586.355
589.603
593.9
599.147
605.253
612.136
619.721
627.94
636.72
645.976
655.574
665.262
674.693
684.149
693.776
703.613
713.612
723.639
733.472
742.793
751.193
758.181
763.218
765.764
765.361
762.112
756.511
749.102
740.416
730.926
721.016
710.98
701.015
691.233
681.658
672.225
662.756
653.041
643.508
634.363
625.721
617.661
610.253
603.567
597.678
592.672
588.641
585.687
583.927
583.5
584.481
586.722
590.092
594.48
599.786
605.921
612.801
620.355
628.513
637.206
646.344
655.785
665.254
674.502
683.798
693.277
702.974
712.841
722.743
732.46
741.677
749.988
756.905
761.891
764.413
814.736
815.17
816.126
817.717
820.026
823.095
826.92
831.456
836.622
842.304
848.356
854.593
860.754
866.429
871.826
876.95
881.75
886.169
890.149
893.644
896.617
899.04
900.9
902.197
902.944
903.172
902.92
902.149
900.828
898.944
896.501
893.514
890.01
886.027
881.615
876.831
871.731
866.358
860.682
854.567
848.423
842.499
836.974
831.99
827.654
824.041
821.187
819.083
817.677
816.877
816.562
816.605
817.036
817.985
819.568
821.867
824.922
828.731
833.246
838.385
844.029
850.03
856.191
862.23
867.806
873.105
878.125
882.817
887.12
890.981
894.352
897.197
899.493
901.228
902.402
903.032
903.154
902.794
901.904
900.459
898.449
895.879
892.765
889.138
885.036
880.511
875.618
870.414
864.934
859.12
852.92
846.717
840.751
835.195
830.187
825.833
822.206
819.341
817.228
815.815
815.01
814.693
)
;

boundaryField
{
    top
    {
        type            fixedFluxPressure;
        gradient        nonuniform List<scalar> 
102
(
1563.38
1684.06
1898.16
2190.85
2546.72
2951.07
3390.78
3854.69
4333.72
4820.95
5311.83
5804.77
6303.38
6821.14
7333.61
7829.67
8302.12
8745.13
9153.38
9521.78
9845.38
10119.4
10339.1
10500.2
10598.5
10630
10591.5
10486.2
10318.3
10091.7
9810.81
9480.3
9104.96
8689.78
8239.94
7760.9
7258.81
6741.56
6222.26
5721.03
5224.81
4731.03
4241.94
3762.72
3300.89
2866.16
2470.34
2127.13
1851.64
1659.37
1564.84
1579.58
1701.06
1916.66
2211.45
2569.89
2977.18
3420.08
3887.32
4369.76
4860.5
5355.07
5852.31
6357.04
6878.22
7392.64
7889.43
8361.4
8802.66
9207.86
9571.87
9889.76
10156.8
10368.3
10520.1
10608.2
10628.4
10578.9
10463.6
10286.6
10052.1
9764.59
9428.69
9049.28
8631.36
8180.08
7700.89
7200
6685.64
6172.47
5675.33
5182.57
4692.11
4206.34
3730.45
3271.91
2840.33
2447.41
2106.74
1833.29
1642.46
1548.67
)
;
        value           nonuniform List<scalar> 
102
(
840.792
843.238
847.762
854.231
862.471
872.279
883.433
895.701
908.851
922.654
936.887
951.339
965.811
980.115
994.053
1007.44
1020.12
1031.92
1042.71
1052.34
1060.71
1067.7
1073.22
1077.2
1079.59
1080.34
1079.44
1076.92
1072.8
1067.14
1060.01
1051.52
1041.76
1030.86
1018.95
1006.18
992.711
978.718
964.386
949.917
935.503
921.349
907.673
894.702
882.669
871.811
862.359
854.535
848.538
844.533
842.643
842.931
845.387
849.93
856.426
864.698
874.542
885.732
898.035
911.214
925.038
939.281
953.729
968.18
982.443
996.316
1009.62
1022.17
1033.83
1044.44
1053.88
1062.03
1068.77
1074.03
1077.74
1079.83
1080.29
1079.11
1076.3
1071.9
1065.98
1058.62
1049.91
1039.96
1028.89
1016.85
1003.97
990.414
976.361
961.994
947.508
933.094
918.953
905.301
892.361
880.365
869.545
860.131
852.34
846.37
842.385
840.504
)
;
    }
    bottom
    {
        type            fixedFluxPressure;
        gradient        nonuniform List<scalar> 
102
(
0
0
0
0
0
0
0
0
0
0
0
0
0
0
0
0
0
0
0
0
0
0
0
0
0
0
0
0
0
0
0
0
0
0
0
0
0
0
0
0
0
0
0
0
0
0
0
0
0
0
0
0
0
0
0
0
0
0
0
0
0
0
0
0
0
0
0
0
0
0
0
0
0
0
0
0
0
0
0
0
0
0
0
0
0
0
0
0
0
0
0
0
0
0
0
0
0
0
0
0
0
-1.65507e-14
)
;
        value           nonuniform List<scalar> 
102
(
-38.8545
-42.0675
-48.0781
-56.8243
-68.2369
-82.2545
-98.8319
-117.928
-139.478
-163.352
-189.331
-217.086
-246.156
-275.913
-305.514
-333.924
-360.078
-383.071
-402.163
-416.955
-427.672
-434.84
-439.256
-441.751
-442.978
-443.326
-442.917
-441.621
-439.043
-434.521
-427.22
-416.347
-401.38
-382.108
-358.947
-332.643
-304.122
-274.469
-244.73
-215.747
-188.145
-162.386
-138.795
-117.588
-98.8893
-82.7635
-69.2518
-58.4012
-50.2729
-44.9332
-42.4376
-42.8169
-46.0658
-52.1461
-60.9979
-72.5549
-86.7593
-103.567
-122.935
-144.786
-168.974
-195.256
-223.272
-252.523
-282.331
-311.791
-339.828
-365.384
-387.586
-405.738
-419.589
-429.455
-435.941
-439.874
-442.061
-443.096
-443.303
-442.745
-441.232
-438.304
-433.245
-425.212
-413.46
-397.533
-377.351
-353.447
-326.601
-297.769
-268.03
-238.382
-209.605
-182.28
-156.829
-133.552
-112.641
-94.2047
-78.2998
-64.9654
-54.2508
-46.2207
-40.9441
-38.4782
)
;
    }
    frontAndBack
    {
        type            empty;
    }
    left_cyc
    {
        type            cyclic;
    }
    right_cyc
    {
        type            cyclic;
    }
}


// ************************************************************************* //
