/*--------------------------------*- C++ -*----------------------------------*\
| =========                 |                                                 |
| \\      /  F ield         | OpenFOAM: The Open Source CFD Toolbox           |
|  \\    /   O peration     | Version:  2.3.0                                 |
|   \\  /    A nd           | Web:      www.OpenFOAM.org                      |
|    \\/     M anipulation  |                                                 |
\*---------------------------------------------------------------------------*/
FoamFile
{
    version     2.0;
    format      ascii;
    class       surfaceScalarField;
    location    "13000";
    object      phi;
}
// * * * * * * * * * * * * * * * * * * * * * * * * * * * * * * * * * * * * * //

dimensions      [0 3 -1 0 0 0 0];

internalField   nonuniform List<scalar> 
5988
(
3.59635e-08
-3.17728e-08
6.71935e-08
-3.123e-08
9.74227e-08
-3.02292e-08
1.26226e-07
-2.88031e-08
1.53219e-07
-2.69936e-08
1.7807e-07
-2.48507e-08
2.00498e-07
-2.24281e-08
2.20274e-07
-1.97758e-08
2.372e-07
-1.69256e-08
2.5107e-07
-1.38707e-08
2.61619e-07
-1.05484e-08
2.68457e-07
-6.83852e-09
2.71042e-07
-2.58441e-09
2.68691e-07
2.35019e-09
2.60713e-07
7.97792e-09
2.46662e-07
1.40519e-08
2.26619e-07
2.00423e-08
2.01326e-07
2.52934e-08
1.72278e-07
2.90483e-08
1.41491e-07
3.0787e-08
1.10921e-07
3.05693e-08
8.21619e-08
2.87595e-08
5.60235e-08
2.61384e-08
3.24212e-08
2.36023e-08
1.05861e-08
2.1835e-08
-1.06192e-08
2.12053e-08
-3.24427e-08
2.18235e-08
-5.60213e-08
2.35785e-08
-8.2122e-08
2.61008e-08
-1.10827e-07
2.87051e-08
-1.4132e-07
3.04925e-08
-1.71999e-07
3.06795e-08
-2.00899e-07
2.88996e-08
-2.25995e-07
2.50964e-08
-2.45787e-07
1.97915e-08
-2.59525e-07
1.37387e-08
-2.67127e-07
7.60152e-09
-2.69046e-07
1.91902e-09
-2.65984e-07
-3.06143e-09
-2.58627e-07
-7.35728e-09
-2.47521e-07
-1.11063e-08
-2.33058e-07
-1.44627e-08
-2.15516e-07
-1.75421e-08
-1.95114e-07
-2.04019e-08
-1.72069e-07
-2.30447e-08
-1.46632e-07
-2.54369e-08
-1.19104e-07
-2.75284e-08
-8.98374e-08
-2.92666e-08
-5.92338e-08
-3.06036e-08
-2.77343e-08
-3.14995e-08
4.18982e-09
-3.19241e-08
3.60494e-08
-3.18596e-08
6.73587e-08
-3.13093e-08
9.76532e-08
-3.02946e-08
1.26501e-07
-2.88482e-08
1.53514e-07
-2.70126e-08
1.78351e-07
-2.48372e-08
2.00726e-07
-2.23748e-08
2.20399e-07
-1.96729e-08
2.37157e-07
-1.67577e-08
2.5077e-07
-1.36135e-08
2.60937e-07
-1.01673e-08
2.67227e-07
-6.29015e-09
2.69053e-07
-1.82504e-09
2.65707e-07
3.34596e-09
2.56523e-07
9.1835e-09
2.41163e-07
1.53605e-08
2.19876e-07
2.12862e-08
1.93606e-07
2.62706e-08
1.64036e-07
2.957e-08
1.33222e-07
3.08139e-08
1.03072e-07
3.01505e-08
7.50086e-08
2.80629e-08
4.96107e-08
2.5398e-08
2.65865e-08
2.30241e-08
5.04259e-09
2.1544e-08
-1.62085e-08
2.12511e-08
-3.84071e-08
2.21986e-08
-6.26229e-08
2.42158e-08
-8.94756e-08
2.68527e-08
-1.18825e-07
2.93496e-08
-1.49631e-07
3.08059e-08
-1.8016e-07
3.05293e-08
-2.08407e-07
2.82469e-08
-2.32436e-07
2.40286e-08
-2.50948e-07
1.85123e-08
-2.63388e-07
1.24397e-08
-2.6983e-07
6.44215e-09
-2.70814e-07
9.83789e-10
-2.6705e-07
-3.76389e-09
-2.5919e-07
-7.85968e-09
-2.47737e-07
-1.14535e-08
-2.33041e-07
-1.46962e-08
-2.15347e-07
-1.76938e-08
-1.94854e-07
-2.04933e-08
-1.71764e-07
-2.30893e-08
-1.46321e-07
-2.54436e-08
-1.18817e-07
-2.7504e-08
-8.95995e-08
-2.92173e-08
-5.90642e-08
-3.05352e-08
-2.76459e-08
-3.14183e-08
-3.18366e-08
5.43256e-08
-7.97795e-08
1.01951e-07
-7.88552e-08
1.48872e-07
-7.71508e-08
1.94795e-07
-7.47257e-08
2.39449e-07
-7.16476e-08
2.82568e-07
-6.79701e-08
3.23849e-07
-6.37085e-08
3.62893e-07
-5.882e-08
3.99162e-07
-5.31949e-08
4.31949e-07
-4.66572e-08
4.60368e-07
-3.89671e-08
4.8335e-07
-2.98203e-08
4.99623e-07
-1.88575e-08
5.07684e-07
-5.71083e-09
5.05848e-07
9.8138e-09
4.92518e-07
2.73817e-08
4.66609e-07
4.59507e-08
4.28016e-07
6.38865e-08
3.78267e-07
7.87972e-08
3.20653e-07
8.84016e-08
2.59071e-07
9.21516e-08
1.97193e-07
9.06368e-08
1.37532e-07
8.57994e-08
8.09248e-08
8.02098e-08
2.67421e-08
7.60178e-08
-2.65241e-08
7.44715e-08
-8.06623e-08
7.59616e-08
-1.37179e-07
8.00952e-08
-1.967e-07
8.56216e-08
-2.58381e-07
9.03868e-08
-3.19702e-07
9.18131e-08
-3.76973e-07
8.79511e-08
-4.26283e-07
7.82094e-08
-4.64341e-07
6.3154e-08
-4.89633e-07
4.50837e-08
-5.02283e-07
2.6389e-08
-5.03395e-07
8.71336e-09
-4.94585e-07
-6.89134e-09
-4.77551e-07
-2.00957e-08
-4.53806e-07
-3.11016e-08
-4.24636e-07
-4.02768e-08
-3.9112e-07
-4.7979e-08
-3.54151e-07
-5.45105e-08
-3.14443e-07
-6.01103e-08
-2.72535e-07
-6.49523e-08
-2.28829e-07
-6.91435e-08
-1.83634e-07
-7.27231e-08
-1.37227e-07
-7.56733e-08
-8.98903e-08
-7.79406e-08
-4.19292e-08
-7.94606e-08
6.32676e-09
-8.01801e-08
5.45383e-08
-8.00711e-08
1.02367e-07
-7.91381e-08
1.49489e-07
-7.74165e-08
1.95605e-07
-7.49641e-08
2.40437e-07
-7.18449e-08
2.83705e-07
-6.81054e-08
3.25081e-07
-6.375e-08
3.6413e-07
-5.87223e-08
4.0027e-07
-5.28975e-08
4.32741e-07
-4.60843e-08
4.606e-07
-3.80271e-08
4.82718e-07
-2.84075e-08
4.97752e-07
-1.6859e-08
5.04129e-07
-3.03074e-09
5.00133e-07
1.31791e-08
4.84242e-07
3.12511e-08
4.55558e-07
4.99703e-08
4.1432e-07
6.7509e-08
3.62553e-07
8.13366e-08
3.03833e-07
8.95337e-08
2.42097e-07
9.18869e-08
1.80804e-07
8.93558e-08
1.22058e-07
8.41443e-08
6.62716e-08
7.88101e-08
1.25276e-08
7.52879e-08
-4.08088e-08
7.45875e-08
-9.55068e-08
7.68966e-08
-1.52906e-07
8.16146e-08
-2.13299e-07
8.7246e-08
-2.75403e-07
9.14537e-08
-3.36329e-07
9.17322e-08
-3.92251e-07
8.64508e-08
-4.39332e-07
7.53281e-08
-4.74664e-07
5.93607e-08
-4.97209e-07
4.10572e-08
-5.07387e-07
2.26173e-08
-5.06456e-07
5.51149e-09
-4.96079e-07
-9.39356e-09
-4.77907e-07
-2.19357e-08
-4.53381e-07
-3.23851e-08
-4.23718e-07
-4.11164e-08
-3.89938e-07
-4.8477e-08
-3.52877e-07
-5.47542e-08
-3.13199e-07
-6.01713e-08
-2.71401e-07
-6.48871e-08
-2.27851e-07
-6.89936e-08
-1.82839e-07
-7.25169e-08
-1.36626e-07
-7.54295e-08
-8.94899e-08
-7.76716e-08
-4.17323e-08
-7.91759e-08
-7.98879e-08
6.08883e-08
-1.33584e-07
1.14196e-07
-1.32163e-07
1.66572e-07
-1.29526e-07
2.17581e-07
-1.25735e-07
2.66787e-07
-1.20853e-07
3.13738e-07
-1.14921e-07
3.57962e-07
-1.07933e-07
3.98961e-07
-9.98187e-08
4.36211e-07
-9.04445e-08
4.69178e-07
-7.96241e-08
4.97342e-07
-6.71315e-08
5.20235e-07
-5.27131e-08
5.37477e-07
-3.61e-08
5.48785e-07
-1.70189e-08
5.53753e-07
4.84577e-09
5.51198e-07
2.9937e-08
5.38591e-07
5.85576e-08
5.12719e-07
8.97589e-08
4.71157e-07
1.20359e-07
4.13864e-07
1.45694e-07
3.44339e-07
1.61677e-07
2.6825e-07
1.66725e-07
1.90397e-07
1.63652e-07
1.13405e-07
1.57202e-07
3.78096e-08
1.51613e-07
-3.71549e-08
1.49436e-07
-1.12672e-07
1.51479e-07
-1.89507e-07
1.5693e-07
-2.67121e-07
1.63236e-07
-3.42888e-07
1.66154e-07
-4.12003e-07
1.60928e-07
-4.68799e-07
1.44747e-07
-5.09795e-07
1.19205e-07
-5.35059e-07
8.84178e-08
-5.47043e-07
5.70681e-08
-5.4898e-07
2.83259e-08
-5.43385e-07
3.11843e-09
-5.31416e-07
-1.88605e-08
-5.13468e-07
-3.80437e-08
-4.89832e-07
-5.47375e-08
-4.609e-07
-6.92089e-08
-4.27156e-07
-8.17228e-08
-3.89135e-07
-9.25314e-08
-3.47385e-07
-1.0186e-07
-3.02444e-07
-1.09894e-07
-2.54823e-07
-1.16765e-07
-2.05007e-07
-1.22539e-07
-1.5346e-07
-1.2722e-07
-1.00631e-07
-1.30769e-07
-4.69665e-08
-1.33125e-07
7.08755e-09
-1.34234e-07
6.10829e-08
-1.34066e-07
1.14572e-07
-1.32627e-07
1.67108e-07
-1.29953e-07
2.18246e-07
-1.26102e-07
2.67532e-07
-1.21131e-07
3.14499e-07
-1.15072e-07
3.58654e-07
-1.07906e-07
3.99479e-07
-9.95472e-08
4.36432e-07
-8.985e-08
4.68964e-07
-7.86167e-08
4.96551e-07
-6.56137e-08
5.18727e-07
-5.05841e-08
5.35131e-07
-3.32622e-08
5.45478e-07
-1.33783e-08
5.49258e-07
9.39899e-09
5.44981e-07
3.55281e-08
5.29824e-07
6.51274e-08
5.00603e-07
9.67306e-08
4.55336e-07
1.26603e-07
3.94825e-07
1.50045e-07
3.23415e-07
1.63297e-07
2.46778e-07
1.65993e-07
1.69208e-07
1.61714e-07
9.27357e-08
1.55282e-07
1.74678e-08
1.50556e-07
-5.75512e-08
1.49606e-07
-1.33476e-07
1.52822e-07
-2.10821e-07
1.58959e-07
-2.8856e-07
1.64985e-07
-3.63461e-07
1.66355e-07
-4.30301e-07
1.58573e-07
-4.83651e-07
1.39801e-07
-5.20965e-07
1.12642e-07
-5.43058e-07
8.14542e-08
-5.52718e-07
5.0717e-08
-5.53108e-07
2.30072e-08
-5.46407e-07
-1.18951e-09
-5.33513e-07
-2.22877e-08
-5.14755e-07
-4.06937e-08
-4.90435e-07
-5.67044e-08
-4.6096e-07
-7.05914e-08
-4.26816e-07
-8.26211e-08
-3.8853e-07
-9.3041e-08
-3.46633e-07
-1.02068e-07
-3.01644e-07
-1.09876e-07
-2.54056e-07
-1.16582e-07
-2.04333e-07
-1.2224e-07
-1.52922e-07
-1.2684e-07
-1.00259e-07
-1.30335e-07
-4.67785e-08
-1.32657e-07
-1.3375e-07
6.3706e-08
-1.89876e-07
1.19361e-07
-1.87818e-07
1.7382e-07
-1.83985e-07
2.26528e-07
-1.78443e-07
2.76934e-07
-1.71259e-07
3.24494e-07
-1.62481e-07
3.68675e-07
-1.52115e-07
4.08967e-07
-1.4011e-07
4.44887e-07
-1.26365e-07
4.75998e-07
-1.10735e-07
5.01912e-07
-9.30461e-08
5.22306e-07
-7.31068e-08
5.36916e-07
-5.071e-08
5.45513e-07
-2.56154e-08
5.47845e-07
2.51364e-09
5.43628e-07
3.4154e-08
5.32561e-07
6.96244e-08
5.13863e-07
1.08457e-07
4.84929e-07
1.49293e-07
4.41254e-07
1.89369e-07
3.80261e-07
2.2267e-07
3.04454e-07
2.42533e-07
2.20186e-07
2.4792e-07
1.32738e-07
2.4465e-07
4.46272e-08
2.39724e-07
-4.34766e-08
2.3754e-07
-1.31484e-07
2.39486e-07
-2.18731e-07
2.44176e-07
-3.02706e-07
2.47212e-07
-3.78144e-07
2.41592e-07
-4.38706e-07
2.2149e-07
-4.81915e-07
1.87955e-07
-5.10374e-07
1.47665e-07
-5.28585e-07
1.06629e-07
-5.39128e-07
6.76106e-08
-5.42771e-07
3.19688e-08
-5.39815e-07
1.62891e-10
-5.30547e-07
-2.81287e-08
-5.15218e-07
-5.33723e-08
-4.94064e-07
-7.58916e-08
-4.67357e-07
-9.59165e-08
-4.35433e-07
-1.13647e-07
-3.98694e-07
-1.2927e-07
-3.57597e-07
-1.42957e-07
-3.1264e-07
-1.5485e-07
-2.64355e-07
-1.6505e-07
-2.13293e-07
-1.73601e-07
-1.60016e-07
-1.80498e-07
-1.05092e-07
-1.85694e-07
-4.90919e-08
-1.89125e-07
7.40955e-09
-1.90736e-07
6.38353e-08
-1.90492e-07
1.19609e-07
-1.884e-07
1.74156e-07
-1.845e-07
2.26908e-07
-1.78853e-07
2.77297e-07
-1.7152e-07
3.24762e-07
-1.62538e-07
3.68757e-07
-1.51901e-07
4.08759e-07
-1.39549e-07
4.44277e-07
-1.25368e-07
4.7487e-07
-1.09209e-07
5.0015e-07
-9.08942e-08
5.19799e-07
-7.02335e-08
5.3356e-07
-4.70225e-08
5.41197e-07
-2.10155e-08
5.42448e-07
8.14805e-09
5.37027e-07
4.09493e-08
5.24592e-07
7.75619e-08
5.04049e-07
1.17274e-07
4.72165e-07
1.58487e-07
4.2448e-07
1.9773e-07
3.59544e-07
2.28234e-07
2.81223e-07
2.44313e-07
1.95994e-07
2.46943e-07
1.08405e-07
2.42872e-07
2.03508e-08
2.3861e-07
-6.77671e-08
2.37724e-07
-1.5582e-07
2.40875e-07
-2.42784e-07
2.45924e-07
-3.2545e-07
2.47651e-07
-3.97915e-07
2.3882e-07
-4.54371e-07
2.15028e-07
-4.93766e-07
1.79196e-07
-5.19612e-07
1.38487e-07
-5.36155e-07
9.79973e-08
-5.45385e-07
5.99472e-08
-5.47855e-07
2.54769e-08
-5.4385e-07
-5.19412e-09
-5.33652e-07
-3.24864e-08
-5.17499e-07
-5.68461e-08
-4.95627e-07
-7.85767e-08
-4.68312e-07
-9.79058e-08
-4.35898e-07
-1.15036e-07
-3.98784e-07
-1.30155e-07
-3.57422e-07
-1.4343e-07
-3.12302e-07
-1.54996e-07
-2.63942e-07
-1.64943e-07
-2.12877e-07
-1.73304e-07
-1.59655e-07
-1.80062e-07
-1.04828e-07
-1.85162e-07
-4.89513e-08
-1.88533e-07
-1.90116e-07
6.428e-08
-2.46672e-07
1.20335e-07
-2.43873e-07
1.75001e-07
-2.38652e-07
2.27643e-07
-2.31085e-07
2.77642e-07
-2.21259e-07
3.24407e-07
-2.09246e-07
3.6738e-07
-1.95087e-07
4.06049e-07
-1.78778e-07
4.39954e-07
-1.6027e-07
4.68692e-07
-1.39473e-07
4.91917e-07
-1.16271e-07
5.09333e-07
-9.05228e-08
5.2069e-07
-6.20669e-08
5.25782e-07
-3.07077e-08
5.24489e-07
3.80698e-09
5.16877e-07
4.1766e-08
5.03206e-07
8.32953e-08
4.8358e-07
1.28083e-07
4.57473e-07
1.754e-07
4.23035e-07
2.23807e-07
3.75806e-07
2.69899e-07
3.11213e-07
3.07126e-07
2.30842e-07
3.2829e-07
1.41315e-07
3.34178e-07
4.79548e-08
3.33084e-07
-4.6362e-08
3.31857e-07
-1.39613e-07
3.32737e-07
-2.28936e-07
3.33499e-07
-3.09032e-07
3.27308e-07
-3.73306e-07
3.05865e-07
-4.20188e-07
2.68372e-07
-4.54257e-07
2.22024e-07
-4.79961e-07
1.73369e-07
-4.99139e-07
1.25807e-07
-5.12306e-07
8.07777e-08
-5.19351e-07
3.90135e-08
-5.20015e-07
8.26783e-10
-5.14238e-07
-3.39057e-08
-5.02147e-07
-6.54627e-08
-4.83955e-07
-9.40834e-08
-4.59921e-07
-1.19951e-07
-4.30351e-07
-1.43217e-07
-3.95607e-07
-1.64014e-07
-3.5611e-07
-1.82454e-07
-3.12341e-07
-1.98619e-07
-2.64834e-07
-2.12557e-07
-2.14169e-07
-2.24266e-07
-1.60959e-07
-2.33707e-07
-1.05845e-07
-2.40808e-07
-4.94799e-08
-2.4549e-07
7.4689e-09
-2.47684e-07
6.43295e-08
-2.47353e-07
1.20431e-07
-2.44502e-07
1.75109e-07
-2.39179e-07
2.27713e-07
-2.31457e-07
2.77608e-07
-2.21415e-07
3.2419e-07
-2.0912e-07
3.66889e-07
-1.946e-07
4.05184e-07
-1.77844e-07
4.3861e-07
-1.58794e-07
4.66761e-07
-1.3736e-07
4.89291e-07
-1.13424e-07
5.05906e-07
-8.68481e-08
5.16358e-07
-5.74749e-08
5.20452e-07
-2.51094e-08
5.18097e-07
1.05028e-08
5.09417e-07
4.96292e-08
4.94679e-07
9.22995e-08
4.73874e-07
1.38079e-07
4.46238e-07
1.86123e-07
4.09361e-07
2.34607e-07
3.58178e-07
2.79417e-07
2.89292e-07
3.13199e-07
2.06107e-07
3.30128e-07
1.15362e-07
3.33617e-07
2.16203e-08
3.32352e-07
-7.26453e-08
3.3199e-07
-1.65353e-07
3.33583e-07
-2.53113e-07
3.33684e-07
-3.29903e-07
3.2444e-07
-3.89783e-07
2.987e-07
-4.33078e-07
2.58323e-07
-4.65022e-07
2.1114e-07
-4.89324e-07
1.62789e-07
-5.07369e-07
1.16042e-07
-5.19474e-07
7.20526e-08
-5.25447e-07
3.14499e-08
-5.2506e-07
-5.58119e-09
-5.18306e-07
-3.92409e-08
-5.05335e-07
-6.98169e-08
-4.86367e-07
-9.7545e-08
-4.61662e-07
-1.2261e-07
-4.3153e-07
-1.45168e-07
-3.96332e-07
-1.65353e-07
-3.56485e-07
-1.83276e-07
-3.12464e-07
-1.99017e-07
-2.64793e-07
-2.12613e-07
-2.14041e-07
-2.24057e-07
-1.60806e-07
-2.33297e-07
-1.05713e-07
-2.40255e-07
-4.93993e-08
-2.44847e-07
-2.46999e-07
6.30912e-08
-3.02416e-07
1.18022e-07
-2.98804e-07
1.71432e-07
-2.92062e-07
2.22635e-07
-2.82288e-07
2.70975e-07
-2.69599e-07
3.15836e-07
-2.54107e-07
3.56654e-07
-2.35905e-07
3.92923e-07
-2.15048e-07
4.24206e-07
-1.91553e-07
4.50128e-07
-1.65396e-07
4.70379e-07
-1.36522e-07
4.84703e-07
-1.04846e-07
4.92896e-07
-7.02606e-08
4.9482e-07
-3.26311e-08
4.90435e-07
8.19163e-09
4.79872e-07
5.23295e-08
4.63429e-07
9.97379e-08
4.41453e-07
1.50059e-07
4.14219e-07
2.02634e-07
3.81559e-07
2.56467e-07
3.41669e-07
3.09789e-07
2.90021e-07
3.58774e-07
2.21865e-07
3.96446e-07
1.38916e-07
4.17128e-07
4.77403e-08
4.24259e-07
-4.58387e-08
4.25436e-07
-1.36922e-07
4.2382e-07
-2.1971e-07
4.16287e-07
-2.8766e-07
3.95258e-07
-3.39065e-07
3.57271e-07
-3.78673e-07
3.0798e-07
-4.11006e-07
2.54358e-07
-4.37863e-07
2.00225e-07
-4.59403e-07
1.47347e-07
-4.75348e-07
9.6723e-08
-4.85351e-07
4.90162e-08
-4.89113e-07
4.58879e-09
-4.86511e-07
-3.65082e-08
-4.77588e-07
-7.43856e-08
-4.62492e-07
-1.09179e-07
-4.41434e-07
-1.41009e-07
-4.14682e-07
-1.69969e-07
-3.82563e-07
-1.96133e-07
-3.45468e-07
-2.19548e-07
-3.03859e-07
-2.40228e-07
-2.58264e-07
-2.58151e-07
-2.09273e-07
-2.73257e-07
-1.57525e-07
-2.85454e-07
-1.03701e-07
-2.94632e-07
-4.85093e-08
-3.00682e-07
7.32287e-09
-3.03516e-07
6.30583e-08
-3.03088e-07
1.17962e-07
-2.99405e-07
1.71309e-07
-2.92526e-07
2.22399e-07
-2.82546e-07
2.7056e-07
-2.69577e-07
3.15165e-07
-2.53724e-07
3.55639e-07
-2.35074e-07
3.91471e-07
-2.13676e-07
4.22219e-07
-1.89542e-07
4.47507e-07
-1.62648e-07
4.67025e-07
-1.32942e-07
4.8052e-07
-1.00343e-07
4.87796e-07
-6.47511e-08
4.88728e-07
-2.60408e-08
4.83308e-07
1.59227e-08
4.71712e-07
6.12253e-08
4.54266e-07
1.09746e-07
4.31309e-07
1.61035e-07
4.03072e-07
2.1436e-07
3.69105e-07
2.68574e-07
3.26954e-07
3.21568e-07
2.71484e-07
3.68669e-07
1.99167e-07
4.02445e-07
1.13542e-07
4.19241e-07
2.13125e-08
4.24581e-07
-7.21143e-08
4.25417e-07
-1.61768e-07
4.23236e-07
-2.41398e-07
4.13314e-07
-3.05066e-07
3.88107e-07
-3.53047e-07
3.46681e-07
-3.90717e-07
2.95994e-07
-4.2187e-07
2.42294e-07
-4.47741e-07
1.8866e-07
-4.68295e-07
1.36597e-07
-4.83229e-07
8.69857e-08
-4.92193e-07
4.04142e-08
-4.94925e-07
-2.84896e-09
-4.91346e-07
-4.28205e-08
-4.81525e-07
-7.96375e-08
-4.65622e-07
-1.13448e-07
-4.43854e-07
-1.44378e-07
-4.16491e-07
-1.72531e-07
-3.83859e-07
-1.97985e-07
-3.46349e-07
-2.20786e-07
-3.04417e-07
-2.40949e-07
-2.58585e-07
-2.58446e-07
-2.09431e-07
-2.73211e-07
-1.57582e-07
-2.85145e-07
-1.03705e-07
-2.94133e-07
-4.84916e-08
-3.0006e-07
-3.02838e-07
6.04565e-08
-3.5583e-07
1.13015e-07
-3.51362e-07
1.63977e-07
-3.43024e-07
2.12631e-07
-3.30941e-07
2.58304e-07
-3.15272e-07
3.00378e-07
-2.96181e-07
3.38294e-07
-2.73822e-07
3.71567e-07
-2.4832e-07
3.99781e-07
-2.19767e-07
4.22597e-07
-1.88212e-07
4.39741e-07
-1.53666e-07
4.51004e-07
-1.16109e-07
4.56237e-07
-7.54941e-08
4.55369e-07
-3.17631e-08
4.4843e-07
1.51313e-08
4.35586e-07
6.5173e-08
4.1714e-07
1.18185e-07
3.93455e-07
1.73744e-07
3.64911e-07
2.31178e-07
3.31819e-07
2.89559e-07
2.94025e-07
3.47583e-07
2.49675e-07
4.03124e-07
1.94326e-07
4.51795e-07
1.24561e-07
4.86893e-07
4.35054e-08
5.05315e-07
-4.14683e-08
5.10409e-07
-1.22465e-07
5.04817e-07
-1.92126e-07
4.85948e-07
-2.47325e-07
4.50457e-07
-2.91473e-07
4.01419e-07
-3.29014e-07
3.45522e-07
-3.61801e-07
2.87145e-07
-3.89984e-07
2.28408e-07
-4.13249e-07
1.70612e-07
-4.31215e-07
1.14689e-07
-4.43516e-07
6.13173e-08
-4.49853e-07
1.09256e-08
-4.50062e-07
-3.62991e-08
-4.44119e-07
-8.03287e-08
-4.32104e-07
-1.21195e-07
-4.14172e-07
-1.5894e-07
-3.90547e-07
-1.93594e-07
-3.61517e-07
-2.25164e-07
-3.27442e-07
-2.53623e-07
-2.88758e-07
-2.78912e-07
-2.45979e-07
-3.00931e-07
-1.99686e-07
-3.1955e-07
-1.50525e-07
-3.34615e-07
-9.91943e-08
-3.45963e-07
-4.64289e-08
-3.53448e-07
7.00908e-09
-3.56954e-07
6.03454e-08
-3.56425e-07
1.12808e-07
-3.51867e-07
1.6364e-07
-3.43358e-07
2.12114e-07
-3.31021e-07
2.57547e-07
-3.15009e-07
2.99306e-07
-2.95484e-07
3.36828e-07
-2.72596e-07
3.6962e-07
-2.46467e-07
3.97265e-07
-2.17187e-07
4.19423e-07
-1.84806e-07
4.35822e-07
-1.49341e-07
4.46258e-07
-1.10779e-07
4.50592e-07
-6.9085e-08
4.48768e-07
-2.42171e-08
4.40844e-07
2.38464e-08
4.27023e-07
7.50463e-08
4.0763e-07
1.29139e-07
3.83038e-07
1.85628e-07
3.53625e-07
2.43773e-07
3.19641e-07
3.02558e-07
2.80657e-07
3.60552e-07
2.34119e-07
4.15207e-07
1.75227e-07
4.61337e-07
1.02025e-07
4.92443e-07
1.92242e-08
5.07382e-07
-6.54848e-08
5.10126e-07
-1.44215e-07
5.01966e-07
-2.10215e-07
4.79314e-07
-2.62166e-07
4.40059e-07
-3.04458e-07
3.88973e-07
-3.40942e-07
3.32478e-07
-3.72855e-07
2.74207e-07
-4.0016e-07
2.15964e-07
-4.22506e-07
1.58943e-07
-4.39515e-07
1.03995e-07
-4.50832e-07
5.17316e-08
-4.56187e-07
2.50563e-09
-4.5545e-07
-4.35573e-08
-4.48622e-07
-8.64653e-08
-4.35798e-07
-1.26272e-07
-4.17141e-07
-1.63035e-07
-3.92877e-07
-1.96795e-07
-3.63298e-07
-2.27564e-07
-3.28762e-07
-2.55322e-07
-2.89703e-07
-2.80008e-07
-2.46626e-07
-3.01522e-07
-2.00107e-07
-3.1973e-07
-1.5078e-07
-3.34472e-07
-9.93278e-08
-3.45585e-07
-4.64718e-08
-3.52916e-07
-3.56352e-07
5.66496e-08
-4.05879e-07
1.05827e-07
-4.00539e-07
1.5338e-07
-3.90577e-07
1.98593e-07
-3.76154e-07
2.40796e-07
-3.57475e-07
2.79381e-07
-3.34766e-07
3.13811e-07
-3.08252e-07
3.43626e-07
-2.78136e-07
3.68446e-07
-2.44588e-07
3.8797e-07
-2.07735e-07
4.01968e-07
-1.67664e-07
4.10283e-07
-1.24424e-07
4.12827e-07
-7.80378e-08
4.09588e-07
-2.85245e-08
4.0065e-07
2.4069e-08
3.86208e-07
7.96152e-08
3.66561e-07
1.37832e-07
3.42077e-07
1.98228e-07
3.13163e-07
2.60092e-07
2.80227e-07
3.22495e-07
2.43564e-07
3.84245e-07
2.02945e-07
4.43743e-07
1.56514e-07
4.98226e-07
1.00892e-07
5.42516e-07
3.56594e-08
5.70547e-07
-3.36528e-08
5.79722e-07
-9.8853e-08
5.70017e-07
-1.54403e-07
5.41497e-07
-2.00707e-07
4.96761e-07
-2.41147e-07
4.41859e-07
-2.77579e-07
3.81953e-07
-3.10231e-07
3.19797e-07
-3.38807e-07
2.56983e-07
-3.62895e-07
1.947e-07
-3.82087e-07
1.33882e-07
-3.96016e-07
7.52458e-08
-4.04382e-07
1.92916e-08
-4.06994e-07
-3.36869e-08
-4.03774e-07
-8.35484e-08
-3.9474e-07
-1.30229e-07
-3.79989e-07
-1.73691e-07
-3.59692e-07
-2.13891e-07
-3.34093e-07
-2.50763e-07
-3.03513e-07
-2.84203e-07
-2.68355e-07
-3.14069e-07
-2.29105e-07
-3.40181e-07
-1.86326e-07
-3.62329e-07
-1.40653e-07
-3.80288e-07
-9.2782e-08
-3.93835e-07
-4.34532e-08
-4.02776e-07
6.55995e-09
-4.06968e-07
5.64696e-08
-4.06334e-07
1.0549e-07
-4.00888e-07
1.52856e-07
-3.90723e-07
1.97835e-07
-3.76e-07
2.39748e-07
-3.56922e-07
2.77977e-07
-3.33713e-07
3.11978e-07
-3.06597e-07
3.41288e-07
-2.75778e-07
3.65526e-07
-2.41424e-07
3.84389e-07
-2.0367e-07
3.97655e-07
-1.62607e-07
4.05171e-07
-1.18295e-07
4.0686e-07
-7.07738e-08
4.02727e-07
-2.00842e-08
3.92879e-07
3.36947e-08
3.77537e-07
9.03884e-08
3.57022e-07
1.49654e-07
3.31716e-07
2.10934e-07
3.02033e-07
2.73456e-07
2.68368e-07
3.36223e-07
2.30949e-07
3.97971e-07
1.89245e-07
4.56911e-07
1.40831e-07
5.09751e-07
8.25377e-08
5.50736e-07
1.55253e-08
5.74395e-07
-5.3493e-08
5.79144e-07
-1.16517e-07
5.64991e-07
-1.69457e-07
5.32254e-07
-2.14054e-07
4.84655e-07
-2.53545e-07
4.28465e-07
-2.89244e-07
3.68176e-07
-3.2116e-07
3.06123e-07
-3.48952e-07
2.43756e-07
-3.72204e-07
1.82195e-07
-3.90517e-07
1.22309e-07
-4.03539e-07
6.47531e-08
-4.10993e-07
9.96015e-09
-4.12717e-07
-4.18338e-08
-4.08653e-07
-9.05294e-08
-3.98833e-07
-1.36092e-07
-3.83366e-07
-1.78503e-07
-3.62426e-07
-2.17735e-07
-3.3626e-07
-2.5373e-07
-3.05193e-07
-2.8639e-07
-2.69623e-07
-3.15578e-07
-2.30032e-07
-3.41113e-07
-1.86977e-07
-3.62785e-07
-1.41082e-07
-3.80367e-07
-9.30303e-08
-3.93636e-07
-4.35502e-08
-4.02396e-07
-4.06502e-07
5.18932e-08
-4.51725e-07
9.68732e-08
-4.45519e-07
1.40245e-07
-4.33949e-07
1.81305e-07
-4.17214e-07
2.19402e-07
-3.95572e-07
2.53954e-07
-3.69318e-07
2.84455e-07
-3.38752e-07
3.10481e-07
-3.04162e-07
3.31694e-07
-2.658e-07
3.47836e-07
-2.23878e-07
3.58731e-07
-1.78559e-07
3.64275e-07
-1.29968e-07
3.64439e-07
-7.82019e-08
3.59271e-07
-2.33566e-08
3.48904e-07
3.44362e-08
3.33563e-07
9.49562e-08
3.13559e-07
1.57835e-07
2.8927e-07
2.22517e-07
2.61121e-07
2.88241e-07
2.29578e-07
3.54037e-07
1.95117e-07
4.18707e-07
1.58122e-07
4.80739e-07
1.18454e-07
5.37893e-07
7.48557e-08
5.86114e-07
2.63718e-08
6.19031e-07
-2.45128e-08
6.30606e-07
-7.2972e-08
6.18477e-07
-1.16507e-07
5.85033e-07
-1.56062e-07
5.36317e-07
-1.92898e-07
4.78694e-07
-2.27152e-07
4.16207e-07
-2.58437e-07
3.51082e-07
-2.86275e-07
2.84821e-07
-3.102e-07
2.18625e-07
-3.29783e-07
1.53465e-07
-3.44649e-07
9.01111e-08
-3.54485e-07
2.91282e-08
-3.5907e-07
-2.9102e-08
-3.58275e-07
-8.43436e-08
-3.52058e-07
-1.36446e-07
-3.40458e-07
-1.85291e-07
-3.2359e-07
-2.30759e-07
-3.01648e-07
-2.72705e-07
-2.74907e-07
-3.10944e-07
-2.43729e-07
-3.45247e-07
-2.08563e-07
-3.75348e-07
-1.69941e-07
-4.00951e-07
-1.28473e-07
-4.21756e-07
-8.48352e-08
-4.37473e-07
-3.97557e-08
-4.47856e-07
6.00174e-09
-4.52725e-07
5.16566e-08
-4.51989e-07
9.64311e-08
-4.45663e-07
1.39569e-07
-4.33861e-07
1.80354e-07
-4.16785e-07
2.18127e-07
-3.94694e-07
2.52296e-07
-3.67882e-07
2.82351e-07
-3.36652e-07
3.07865e-07
-3.01292e-07
3.28501e-07
-2.6206e-07
3.44003e-07
-2.19172e-07
3.542e-07
-1.72804e-07
3.58996e-07
-1.23091e-07
3.58373e-07
-7.01512e-08
3.52395e-07
-1.41064e-08
3.41215e-07
4.48751e-08
3.25079e-07
1.06524e-07
3.04317e-07
1.70415e-07
2.79322e-07
2.35929e-07
2.50534e-07
3.02245e-07
2.18424e-07
3.68333e-07
1.83464e-07
4.3293e-07
1.45968e-07
4.94407e-07
1.05533e-07
5.50186e-07
6.06989e-08
5.9557e-07
1.11968e-08
6.23897e-07
-3.95074e-08
6.29848e-07
-8.67772e-08
6.1226e-07
-1.29177e-07
5.74654e-07
-1.68069e-07
5.23547e-07
-2.04421e-07
4.64816e-07
-2.38162e-07
4.01917e-07
-2.6886e-07
3.36821e-07
-2.96039e-07
2.70935e-07
-3.19243e-07
2.05398e-07
-3.38056e-07
1.41122e-07
-3.52117e-07
7.88146e-08
-3.61137e-07
1.89796e-08
-3.64913e-07
-3.80572e-08
-3.63337e-07
-9.21054e-08
-3.56382e-07
-1.43047e-07
-3.44096e-07
-1.90789e-07
-3.26601e-07
-2.3523e-07
-3.04095e-07
-2.76235e-07
-2.76857e-07
-3.13628e-07
-2.45247e-07
-3.47187e-07
-2.09711e-07
-3.76649e-07
-1.70776e-07
-4.0172e-07
-1.29043e-07
-4.221e-07
-8.51787e-08
-4.37501e-07
-3.98981e-08
-4.47677e-07
-4.52448e-07
4.63702e-08
-4.92689e-07
8.6497e-08
-4.85646e-07
1.2507e-07
-4.72522e-07
1.61413e-07
-4.53557e-07
1.9491e-07
-4.29069e-07
2.25015e-07
-3.99423e-07
2.51264e-07
-3.65001e-07
2.73277e-07
-3.26175e-07
2.90763e-07
-2.83287e-07
3.03517e-07
-2.36632e-07
3.11415e-07
-1.86457e-07
3.14411e-07
-1.32964e-07
3.12534e-07
-7.63247e-08
3.05888e-07
-1.6711e-08
2.94657e-07
4.56674e-08
2.79104e-07
1.1051e-07
2.59565e-07
1.77373e-07
2.36445e-07
2.45637e-07
2.10205e-07
3.14481e-07
1.8137e-07
3.82872e-07
1.50541e-07
4.49537e-07
1.18392e-07
5.12887e-07
8.55572e-08
5.70728e-07
5.22343e-08
6.19437e-07
1.81242e-08
6.53141e-07
-1.64778e-08
6.65208e-07
-5.0563e-08
6.52562e-07
-8.38279e-08
6.18297e-07
-1.16566e-07
5.69055e-07
-1.48578e-07
5.10706e-07
-1.79225e-07
4.46855e-07
-2.0783e-07
3.79687e-07
-2.33793e-07
3.10784e-07
-2.56587e-07
2.41418e-07
-2.75747e-07
1.72625e-07
-2.9087e-07
1.05235e-07
-3.0162e-07
3.98783e-08
-3.07735e-07
-2.29869e-08
-3.09037e-07
-8.30424e-08
-3.05425e-07
-1.40057e-07
-2.9688e-07
-1.93836e-07
-2.8346e-07
-2.44179e-07
-2.65304e-07
-2.90862e-07
-2.42636e-07
-3.33612e-07
-2.1577e-07
-3.72113e-07
-1.85108e-07
-4.06009e-07
-1.51143e-07
-4.34917e-07
-1.14445e-07
-4.58453e-07
-7.56576e-08
-4.7626e-07
-3.54785e-08
-4.88035e-07
5.35592e-09
-4.93559e-07
4.60912e-08
-4.92724e-07
8.59757e-08
-4.85547e-07
1.24281e-07
-4.72167e-07
1.60322e-07
-4.52827e-07
1.93474e-07
-4.27846e-07
2.23185e-07
-3.97593e-07
2.48987e-07
-3.62454e-07
2.70499e-07
-3.22804e-07
2.87432e-07
-2.78993e-07
2.99584e-07
-2.31325e-07
3.06838e-07
-1.80057e-07
3.09156e-07
-1.2541e-07
3.06581e-07
-6.75754e-08
2.9923e-07
-6.75579e-09
2.87305e-07
5.68002e-08
2.71087e-07
1.22742e-07
2.50933e-07
1.9057e-07
2.27261e-07
2.59601e-07
2.00551e-07
3.28955e-07
1.71348e-07
3.97536e-07
1.40275e-07
4.64003e-07
1.08021e-07
5.26661e-07
7.51531e-08
5.83054e-07
4.17017e-08
6.29022e-07
7.40332e-09
6.58195e-07
-2.7161e-08
6.64413e-07
-6.10456e-08
6.46145e-07
-9.42198e-08
6.07828e-07
-1.2692e-07
5.56247e-07
-1.58791e-07
4.96687e-07
-1.89159e-07
4.32286e-07
-2.17368e-07
3.65029e-07
-2.42837e-07
2.96405e-07
-2.65059e-07
2.2762e-07
-2.83587e-07
1.5965e-07
-2.98036e-07
9.32628e-08
-3.08085e-07
2.90287e-08
-3.13492e-07
-3.26496e-08
-3.14097e-07
-9.15012e-08
-3.09813e-07
-1.47331e-07
-3.00631e-07
-1.99971e-07
-2.86619e-07
-2.49243e-07
-2.67919e-07
-2.94934e-07
-2.44762e-07
-3.36786e-07
-2.17459e-07
-3.7449e-07
-1.86414e-07
-4.07694e-07
-1.52114e-07
-4.36021e-07
-1.15122e-07
-4.59091e-07
-7.60736e-08
-4.76549e-07
-3.56561e-08
-4.88095e-07
-4.93511e-07
4.02281e-08
-5.28225e-07
7.4974e-08
-5.20392e-07
1.08255e-07
-5.05803e-07
1.39439e-07
-4.84741e-07
1.67956e-07
-4.57586e-07
1.93308e-07
-4.24775e-07
2.15081e-07
-3.86774e-07
2.32947e-07
-3.44041e-07
2.46668e-07
-2.97007e-07
2.56092e-07
-2.46056e-07
2.6115e-07
-1.91515e-07
2.61853e-07
-1.33667e-07
2.58287e-07
-7.27588e-08
2.50612e-07
-9.03545e-09
2.39059e-07
5.72201e-08
2.23934e-07
1.25635e-07
2.05611e-07
1.95697e-07
1.84525e-07
2.66723e-07
1.61182e-07
3.37825e-07
1.36163e-07
4.0789e-07
1.10151e-07
4.75549e-07
8.3951e-08
5.39087e-07
5.8462e-08
5.96217e-07
3.43891e-08
6.4351e-07
1.17309e-08
6.75799e-07
-1.03379e-08
6.87277e-07
-3.29733e-08
6.75197e-07
-5.69973e-08
6.42321e-07
-8.24066e-08
5.94465e-07
-1.08491e-07
5.3679e-07
-1.34349e-07
4.72713e-07
-1.59171e-07
4.04509e-07
-1.82275e-07
3.33888e-07
-2.03076e-07
2.62219e-07
-2.21069e-07
1.90619e-07
-2.35817e-07
1.19982e-07
-2.46945e-07
5.10066e-08
-2.54151e-07
-1.57813e-08
-2.57204e-07
-7.9989e-08
-2.55951e-07
-1.4131e-07
-2.50314e-07
-1.99473e-07
-2.40293e-07
-2.542e-07
-2.25972e-07
-3.05183e-07
-2.0752e-07
-3.52064e-07
-1.85196e-07
-3.94437e-07
-1.59351e-07
-4.31854e-07
-1.30425e-07
-4.63843e-07
-9.89408e-08
-4.89938e-07
-6.54934e-08
-5.09708e-07
-3.07357e-08
-5.22793e-07
4.63975e-09
-5.28935e-07
3.99217e-08
-5.28006e-07
7.44018e-08
-5.20027e-07
1.07396e-07
-5.05161e-07
1.38265e-07
-4.83695e-07
1.6643e-07
-4.56012e-07
1.91392e-07
-4.22554e-07
2.12731e-07
-3.83793e-07
2.30122e-07
-3.40195e-07
2.43329e-07
-2.922e-07
2.52206e-07
-2.40201e-07
2.5669e-07
-1.84542e-07
2.56804e-07
-1.25523e-07
2.52644e-07
-6.34158e-08
2.44385e-07
1.50298e-09
2.32276e-07
6.89092e-08
2.16639e-07
1.38379e-07
1.97865e-07
2.09344e-07
1.76408e-07
2.81058e-07
1.52794e-07
3.52569e-07
1.27629e-07
4.22701e-07
1.01628e-07
4.90004e-07
7.56341e-08
5.52655e-07
5.05395e-08
6.08149e-07
2.69174e-08
6.52644e-07
4.53452e-09
6.80578e-07
-1.75789e-08
6.86526e-07
-4.05556e-08
6.69122e-07
-6.50367e-08
6.32309e-07
-9.07967e-08
5.82007e-07
-1.17033e-07
5.22923e-07
-1.42858e-07
4.58111e-07
-1.67498e-07
3.89669e-07
-1.90301e-07
3.19208e-07
-2.10708e-07
2.48026e-07
-2.28231e-07
1.77174e-07
-2.42451e-07
1.07483e-07
-2.53012e-07
3.959e-08
-2.59628e-07
-2.60339e-08
-2.62085e-07
-8.90442e-08
-2.60243e-07
-1.49173e-07
-2.54036e-07
-2.06178e-07
-2.43473e-07
-2.59805e-07
-2.28645e-07
-3.09762e-07
-2.09726e-07
-3.55706e-07
-1.86977e-07
-3.97238e-07
-1.60749e-07
-4.33921e-07
-1.3148e-07
-4.6529e-07
-9.96867e-08
-4.90885e-07
-6.59578e-08
-5.10278e-07
-3.09374e-08
-5.23115e-07
-5.29139e-07
3.35854e-08
-5.57892e-07
6.25261e-08
-5.49333e-07
9.01233e-08
-5.334e-07
1.15803e-07
-5.10421e-07
1.39054e-07
-4.80836e-07
1.59434e-07
-4.45156e-07
1.76588e-07
-4.03928e-07
1.90245e-07
-3.57698e-07
2.00222e-07
-3.06985e-07
2.06424e-07
-2.52257e-07
2.08835e-07
-1.93927e-07
2.07521e-07
-1.32353e-07
2.02621e-07
-6.78587e-08
1.94345e-07
-7.59195e-10
1.82972e-07
6.85936e-08
1.68846e-07
1.3976e-07
1.52376e-07
2.12167e-07
1.3403e-07
2.85069e-07
1.14343e-07
3.57512e-07
9.39262e-08
4.28307e-07
7.34855e-08
4.9599e-07
5.3832e-08
5.58741e-07
3.58398e-08
6.14209e-07
2.0187e-08
6.59163e-07
6.77756e-09
6.89209e-07
-5.67091e-09
6.99726e-07
-1.90626e-08
6.88589e-07
-3.46776e-08
6.57936e-07
-5.26075e-08
6.12394e-07
-7.21688e-08
5.56351e-07
-9.2484e-08
4.93028e-07
-1.12739e-07
4.24765e-07
-1.32228e-07
3.53377e-07
-1.50337e-07
2.80328e-07
-1.66529e-07
2.06811e-07
-1.80335e-07
1.33788e-07
-1.91347e-07
6.20186e-08
-1.9922e-07
-7.90781e-09
-2.03679e-07
-7.55304e-08
-2.04517e-07
-1.40472e-07
-2.01603e-07
-2.02387e-07
-1.94882e-07
-2.60921e-07
-1.84382e-07
-3.15684e-07
-1.70215e-07
-3.66232e-07
-1.52583e-07
-4.12069e-07
-1.31778e-07
-4.52658e-07
-1.08182e-07
-4.87439e-07
-8.22564e-08
-5.15863e-07
-5.45374e-08
-5.37427e-07
-2.56185e-08
-5.51711e-07
3.86701e-09
-5.5842e-07
3.32668e-08
-5.57406e-07
6.19313e-08
-5.48692e-07
8.92357e-08
-5.32465e-07
1.146e-07
-5.0906e-07
1.37506e-07
-4.78919e-07
1.57513e-07
-4.42561e-07
1.74261e-07
-4.00542e-07
1.87484e-07
-3.53418e-07
1.97001e-07
-3.01717e-07
2.02723e-07
-2.45923e-07
2.04646e-07
-1.86464e-07
2.02843e-07
-1.2372e-07
1.97467e-07
-5.80395e-08
1.88741e-07
1.02284e-08
1.76961e-07
8.06891e-08
1.62488e-07
1.52852e-07
1.45746e-07
2.26086e-07
1.27221e-07
2.99583e-07
1.07469e-07
3.72322e-07
8.71251e-08
4.43044e-07
6.6925e-08
5.10204e-07
4.77079e-08
5.71872e-07
3.03388e-08
6.25518e-07
1.53626e-08
6.6762e-07
2.38673e-09
6.93554e-07
-1.01339e-08
6.99047e-07
-2.40555e-08
6.83043e-07
-4.03564e-08
6.4861e-07
-5.88661e-08
6.00517e-07
-7.88104e-08
5.42867e-07
-9.93191e-08
4.7862e-07
-1.19608e-07
4.09959e-07
-1.38999e-07
3.38599e-07
-1.56902e-07
2.65929e-07
-1.72799e-07
1.93071e-07
-1.86239e-07
1.20923e-07
-1.9683e-07
5.0181e-08
-2.04244e-07
-1.86201e-08
-2.08219e-07
-8.50687e-08
-2.08565e-07
-1.48827e-07
-2.05161e-07
-2.09582e-07
-1.97963e-07
-2.67003e-07
-1.87006e-07
-3.20719e-07
-1.72409e-07
-3.70303e-07
-1.54377e-07
-4.1527e-07
-1.33205e-07
-4.55094e-07
-1.0927e-07
-4.89225e-07
-8.30339e-08
-5.17121e-07
-5.5026e-08
-5.38286e-07
-2.58333e-08
-5.52308e-07
-5.58891e-07
2.65374e-08
-5.81332e-07
4.93317e-08
-5.72127e-07
7.09349e-08
-5.55003e-07
9.08437e-08
-5.3033e-07
1.08614e-07
-4.98607e-07
1.23873e-07
-4.60415e-07
1.36329e-07
-4.16383e-07
1.4577e-07
-3.6714e-07
1.52073e-07
-3.13288e-07
1.55196e-07
-2.5538e-07
1.55176e-07
-1.93907e-07
1.52129e-07
-1.29306e-07
1.4624e-07
-6.19693e-08
1.37762e-07
7.71852e-09
1.27014e-07
7.93417e-08
1.14373e-07
1.52401e-07
1.00271e-07
2.26269e-07
8.51946e-08
3.00145e-07
6.96865e-08
3.7302e-07
5.435e-08
4.43644e-07
3.98529e-08
5.10487e-07
2.69156e-08
5.71678e-07
1.62403e-08
6.24884e-07
8.2678e-09
6.67136e-07
2.69e-09
6.94787e-07
-1.89508e-09
7.04311e-07
-7.46113e-09
6.94155e-07
-1.54077e-08
6.65883e-07
-2.60384e-08
6.23025e-07
-3.89075e-08
5.6922e-07
-5.33098e-08
5.0743e-07
-6.85223e-08
4.39977e-07
-8.38755e-08
3.6873e-07
-9.87644e-08
2.95217e-07
-1.12645e-07
2.20691e-07
-1.25029e-07
1.46172e-07
-1.35484e-07
7.24733e-08
-1.43632e-07
2.40322e-10
-1.49157e-07
-7.00049e-08
-1.5181e-07
-1.37819e-07
-1.51411e-07
-2.02786e-07
-1.47854e-07
-2.64478e-07
-1.41113e-07
-3.22425e-07
-1.31244e-07
-3.761e-07
-1.1839e-07
-4.24923e-07
-1.0278e-07
-4.68268e-07
-8.47284e-08
-5.05491e-07
-6.46287e-08
-5.35963e-07
-4.29455e-08
-5.5911e-07
-2.01996e-08
-5.74457e-07
3.04869e-09
-5.81669e-07
2.6221e-08
-5.80578e-07
4.87413e-08
-5.71212e-07
7.00581e-08
-5.53782e-07
8.96635e-08
-5.28665e-07
1.0711e-07
-4.96366e-07
1.22025e-07
-4.57476e-07
1.34116e-07
-4.12632e-07
1.43175e-07
-3.62477e-07
1.49084e-07
-3.07626e-07
1.51808e-07
-2.48647e-07
1.51394e-07
-1.86051e-07
1.47968e-07
-1.20294e-07
1.41729e-07
-5.18001e-08
1.32943e-07
1.90137e-08
1.21945e-07
9.16878e-08
1.09125e-07
1.65672e-07
9.49311e-08
2.4028e-07
7.9866e-08
3.14648e-07
6.44891e-08
3.87699e-07
4.94221e-08
4.58111e-07
3.53512e-08
5.24275e-07
2.30056e-08
5.84218e-07
1.30566e-08
6.35467e-07
5.80705e-09
6.7487e-07
6.74791e-10
6.98686e-07
-3.98376e-09
7.03705e-07
-1.00984e-08
6.89158e-07
-1.8791e-08
6.57302e-07
-3.01202e-08
6.11846e-07
-4.3538e-08
5.56285e-07
-5.83237e-08
4.93405e-07
-7.37673e-08
4.25402e-07
-8.92179e-08
3.5405e-07
-1.04089e-07
2.80799e-07
-1.17852e-07
2.06835e-07
-1.30036e-07
1.33107e-07
-1.40222e-07
6.03672e-08
-1.48048e-07
-1.07939e-08
-1.53213e-07
-7.99039e-08
-1.5548e-07
-1.4656e-07
-1.54682e-07
-2.1038e-07
-1.50724e-07
-2.70961e-07
-1.43589e-07
-3.27854e-07
-1.3334e-07
-3.80552e-07
-1.20124e-07
-4.28486e-07
-1.04173e-07
-4.71045e-07
-8.58017e-08
-5.07596e-07
-6.5402e-08
-5.37521e-07
-4.34351e-08
-5.60253e-07
-2.0417e-08
-5.75326e-07
-5.82406e-07
1.91621e-08
-5.98255e-07
3.55368e-08
-5.88502e-07
5.09014e-08
-5.70368e-07
6.48349e-08
-5.44264e-07
7.69723e-08
-5.10744e-07
8.70157e-08
-4.70459e-07
9.47412e-08
-4.24108e-07
1.00003e-07
-3.72402e-07
1.02735e-07
-3.16019e-07
1.02946e-07
-2.55591e-07
1.00723e-07
-1.91684e-07
9.62231e-08
-1.24806e-07
8.96704e-08
-5.54167e-08
8.13528e-08
1.60361e-08
7.16159e-08
8.90786e-08
6.08565e-08
1.63161e-07
4.95171e-08
2.37608e-07
3.80822e-08
3.1158e-07
2.70756e-08
3.84026e-07
1.70559e-08
4.53663e-07
8.60558e-09
5.18937e-07
2.29856e-09
5.77985e-07
-1.38886e-09
6.28572e-07
-2.29126e-09
6.68038e-07
-9.10274e-10
6.93406e-07
1.37939e-09
7.02021e-07
2.76598e-09
6.92768e-07
1.87741e-09
6.66772e-07
-1.78361e-09
6.26686e-07
-8.04746e-09
5.75484e-07
-1.64347e-08
5.15817e-07
-2.63693e-08
4.49912e-07
-3.72668e-08
3.79627e-07
-4.8567e-08
3.06517e-07
-5.97444e-08
2.31869e-07
-7.03129e-08
1.56741e-07
-7.98289e-08
8.19893e-08
-8.78952e-08
8.30661e-09
-9.41672e-08
-6.37328e-08
-9.83605e-08
-1.33626e-07
-1.00255e-07
-2.00891e-07
-9.97019e-08
-2.65031e-07
-9.66247e-08
-3.25502e-07
-9.10257e-08
-3.81699e-07
-8.29868e-08
-4.32962e-07
-7.26708e-08
-4.78584e-07
-6.03196e-08
-5.17842e-07
-4.62498e-08
-5.50032e-07
-3.0844e-08
-5.74516e-07
-1.45384e-08
-5.90763e-07
2.19374e-09
-5.98401e-07
1.88613e-08
-5.97246e-07
3.49758e-08
-5.87326e-07
5.00719e-08
-5.68878e-07
6.3726e-08
-5.42319e-07
7.55718e-08
-5.08211e-07
8.53115e-08
-4.67215e-07
9.27238e-08
-4.20044e-07
9.76668e-08
-3.6742e-07
1.0008e-07
-3.10039e-07
9.99813e-08
-2.48549e-07
9.7467e-08
-1.83536e-07
9.27053e-08
-1.15533e-07
8.59334e-08
-4.50282e-08
7.74522e-08
2.7495e-08
6.76206e-08
1.01519e-07
5.68485e-08
1.76444e-07
4.55911e-08
2.51537e-07
3.43449e-08
3.25894e-07
2.36451e-08
3.98398e-07
1.40599e-08
4.67696e-07
6.17597e-09
5.32159e-07
5.56396e-10
5.89837e-07
-2.37335e-09
6.38397e-07
-2.58132e-09
6.75078e-07
-7.93484e-10
6.96898e-07
1.42999e-09
7.01482e-07
2.31044e-09
6.88278e-07
6.91583e-10
6.58921e-07
-3.71758e-09
6.16255e-07
-1.06398e-08
5.63207e-07
-1.95591e-08
5.02325e-07
-2.98937e-08
4.35737e-07
-4.10656e-08
3.65222e-07
-5.25247e-08
2.92259e-07
-6.37572e-08
2.18067e-07
-7.42893e-08
1.43639e-07
-8.36901e-08
6.97679e-08
-9.15754e-08
-2.90861e-09
-9.76143e-08
-7.38651e-08
-1.01535e-07
-1.42639e-07
-1.03131e-07
-2.08785e-07
-1.02262e-07
-2.7183e-07
-9.88639e-08
-3.31253e-07
-9.29448e-08
-3.86471e-07
-8.45928e-08
-4.36838e-07
-7.39744e-08
-4.81663e-07
-6.13333e-08
-5.20237e-07
-4.69859e-08
-5.51868e-07
-3.13132e-08
-5.75926e-07
-1.47484e-08
-5.9189e-07
-5.99394e-07
1.15259e-08
-6.08431e-07
2.12653e-08
-5.98241e-07
3.02023e-08
-5.79305e-07
3.80093e-08
-5.52071e-07
4.44093e-08
-5.17144e-07
4.91859e-08
-4.75235e-07
5.2189e-08
-4.27112e-07
5.3338e-08
-3.73551e-07
5.2623e-08
-3.15304e-07
5.01032e-08
-2.53071e-07
4.59059e-08
-1.87487e-07
4.02232e-08
-1.19123e-07
3.33082e-08
-4.85017e-08
2.54706e-08
2.38737e-08
1.70701e-08
9.74791e-08
8.50808e-09
1.71723e-07
2.20176e-10
2.45896e-07
-7.33127e-09
3.19131e-07
-1.36659e-08
3.90361e-07
-1.82981e-08
4.58295e-07
-2.07598e-08
5.21399e-07
-2.06457e-08
5.77871e-07
-1.77061e-08
6.25632e-07
-1.2019e-08
6.62351e-07
-4.2274e-09
6.85614e-07
4.36936e-09
6.93424e-07
1.21604e-08
6.84977e-07
1.7849e-08
6.61083e-07
2.07962e-08
6.23739e-07
2.09277e-08
5.75353e-07
1.84962e-08
5.18249e-07
1.39091e-08
4.54499e-07
7.63614e-09
3.859e-07
1.64675e-10
3.13988e-07
-8.0232e-09
2.40057e-07
-1.64635e-08
1.65181e-07
-2.47192e-08
9.0245e-08
-3.23881e-08
1.59756e-08
-3.91111e-08
-5.70098e-08
-4.45805e-08
-1.28156e-07
-4.8547e-08
-1.96925e-07
-5.08243e-08
-2.62754e-07
-5.1293e-08
-3.25033e-07
-4.99038e-08
-3.83089e-07
-4.66788e-08
-4.36187e-07
-4.17122e-08
-4.83551e-07
-3.51691e-08
-5.24385e-07
-2.72812e-08
-5.5792e-07
-1.83396e-08
-5.83457e-07
-8.6846e-09
-6.00418e-07
1.30972e-09
-6.08395e-07
1.12526e-08
-6.07189e-07
2.07559e-08
-5.9683e-07
2.94526e-08
-5.77575e-07
3.70143e-08
-5.49881e-07
4.31643e-08
-5.14361e-07
4.76879e-08
-4.71739e-07
5.04383e-08
-4.22795e-07
5.13402e-08
-3.68322e-07
5.03902e-08
-3.09089e-07
4.76563e-08
-2.45815e-07
4.32756e-08
-1.79156e-07
3.74515e-08
-1.09709e-07
3.04491e-08
-3.80258e-08
2.25904e-08
3.53537e-08
1.42467e-08
1.09863e-07
5.83e-09
1.84861e-07
-2.21495e-09
2.59582e-07
-9.41841e-09
3.33097e-07
-1.52955e-08
4.04276e-07
-1.93606e-08
4.71762e-07
-2.11545e-08
5.33953e-07
-2.0299e-08
5.88982e-07
-1.66065e-08
6.34704e-07
-1.02767e-08
6.68748e-07
-2.12616e-09
6.88748e-07
6.41298e-09
6.92943e-07
1.3753e-08
6.80938e-07
1.8754e-08
6.5392e-07
2.09421e-08
6.14067e-07
2.03471e-08
5.63802e-07
1.72726e-08
5.05399e-07
1.21467e-08
4.40863e-07
5.44542e-09
3.71923e-07
-2.34549e-09
3.00049e-07
-1.07493e-08
2.26471e-07
-1.931e-08
1.522e-07
-2.76001e-08
7.8058e-08
-3.52284e-08
4.71971e-09
-4.18475e-08
-6.7246e-08
-4.71619e-08
-1.37325e-07
-5.09343e-08
-2.05012e-07
-5.29893e-08
-2.69775e-07
-5.32174e-08
-3.31025e-07
-5.15773e-08
-3.88111e-07
-4.80975e-08
-4.40318e-07
-4.2877e-08
-4.86884e-07
-3.60838e-08
-5.27031e-07
-2.79508e-08
-5.60001e-07
-1.87695e-08
-5.85107e-07
-8.87867e-09
-6.01781e-07
-6.09622e-07
3.68906e-09
-6.11685e-07
6.6294e-09
-6.01182e-07
8.99959e-09
-5.81675e-07
1.05752e-08
-5.53646e-07
1.11754e-08
-5.17744e-07
1.06709e-08
-4.74731e-07
8.98843e-09
-4.25429e-07
6.11343e-09
-3.70676e-07
2.09068e-09
-3.11281e-07
-2.97588e-09
-2.48005e-07
-8.92438e-09
-1.81539e-07
-1.5537e-08
-1.1251e-07
-2.25431e-08
-4.14956e-08
-2.96237e-08
3.09544e-08
-3.64197e-08
1.04275e-07
-4.25406e-08
1.77844e-07
-4.75748e-08
2.50931e-07
-5.11003e-08
3.22657e-07
-5.26994e-08
3.9196e-07
-5.19779e-08
4.57574e-07
-4.85952e-08
5.18016e-07
-4.23149e-08
5.71591e-07
-3.30899e-08
6.16407e-07
-2.11929e-08
6.50454e-07
-7.36074e-09
6.71782e-07
7.18661e-09
6.78877e-07
2.1012e-08
6.71152e-07
3.2898e-08
6.49197e-07
4.21113e-08
6.14525e-07
4.83827e-08
5.69081e-07
5.1762e-08
5.1487e-07
5.24874e-08
4.53774e-07
5.09013e-08
3.87486e-07
4.73996e-08
3.1749e-07
4.24014e-08
2.45055e-07
3.63305e-08
1.71252e-07
2.96001e-08
9.69754e-08
2.26015e-08
2.29742e-08
1.56942e-08
-5.01025e-08
9.19587e-09
-1.21658e-07
3.37475e-09
-1.91104e-07
-1.55531e-09
-2.57824e-07
-5.43794e-09
-3.21151e-07
-8.17632e-09
-3.8035e-07
-9.73432e-09
-4.34629e-07
-1.01366e-08
-4.83148e-07
-9.46743e-09
-5.25054e-07
-7.86745e-09
-5.5952e-07
-5.5282e-09
-5.85796e-07
-2.68333e-09
-6.03263e-07
4.03415e-10
-6.11482e-07
3.45344e-09
-6.10239e-07
6.19043e-09
-5.99567e-07
8.35719e-09
-5.79742e-07
9.73007e-09
-5.51254e-07
1.01302e-08
-5.14761e-07
9.43114e-09
-4.7104e-07
7.56414e-09
-4.20928e-07
4.52036e-09
-3.65278e-07
3.51881e-10
-3.04921e-07
-4.82874e-09
-2.40634e-07
-1.08498e-08
-1.73135e-07
-1.74829e-08
-1.03076e-07
-2.44461e-08
-3.10626e-08
-3.14099e-08
4.23175e-08
-3.80055e-08
1.16459e-07
-4.38348e-08
1.9069e-07
-4.84807e-08
2.64228e-07
-5.15193e-08
3.36136e-07
-5.25351e-08
4.05291e-07
-5.1143e-08
4.70369e-07
-4.70218e-08
5.29832e-07
-3.99729e-08
5.81933e-07
-3.00156e-08
6.24747e-07
-1.75287e-08
6.56261e-07
-3.38015e-09
6.74599e-07
1.1117e-08
6.78445e-07
2.45415e-08
6.67513e-07
3.57873e-08
6.42674e-07
4.42498e-08
6.05605e-07
4.97551e-08
5.58297e-07
5.24108e-08
5.02743e-07
5.24871e-08
4.40786e-07
5.03424e-08
3.74068e-07
4.63797e-08
3.04012e-07
4.10194e-08
2.31831e-07
3.46819e-08
1.58537e-07
2.77744e-08
8.49655e-08
2.068e-08
1.18141e-08
1.37484e-08
-6.03144e-08
7.28632e-09
-1.30863e-07
1.55089e-09
-1.99277e-07
-3.25459e-09
-2.64969e-07
-6.98333e-09
-3.27296e-07
-9.54686e-09
-3.85547e-07
-1.0916e-08
-4.38948e-07
-1.11208e-08
-4.86679e-07
-1.02496e-08
-5.27902e-07
-8.44585e-09
-5.61805e-07
-5.90257e-09
-5.8765e-07
-2.85408e-09
-6.0483e-07
-6.12911e-07
-4.28962e-09
-6.07889e-07
-8.26132e-09
-5.9721e-07
-1.25491e-08
-5.77387e-07
-1.72656e-08
-5.4893e-07
-2.24888e-08
-5.12521e-07
-2.82564e-08
-4.68963e-07
-3.45624e-08
-4.19123e-07
-4.13561e-08
-3.63882e-07
-4.85402e-08
-3.04097e-07
-5.59715e-08
-2.40573e-07
-6.34604e-08
-1.7405e-07
-7.07728e-08
-1.05198e-07
-7.76315e-08
-3.46369e-08
-8.37214e-08
3.70443e-08
-8.86977e-08
1.09251e-07
-9.21961e-08
1.81342e-07
-9.3844e-08
2.52578e-07
-9.32751e-08
3.22088e-07
-9.01477e-08
3.88833e-07
-8.41685e-08
4.51595e-07
-7.51265e-08
5.08974e-07
-6.29429e-08
5.59407e-07
-4.77425e-08
6.01207e-07
-2.99467e-08
6.32658e-07
-1.03533e-08
6.52188e-07
9.88537e-09
6.58638e-07
2.94658e-08
6.51571e-07
4.72379e-08
6.31425e-07
6.24071e-08
5.99356e-07
7.45551e-08
5.56933e-07
8.35594e-08
5.05865e-07
8.95007e-08
4.47832e-07
9.25916e-08
3.84395e-07
9.31269e-08
3.16955e-07
9.14495e-08
2.46732e-07
8.79274e-08
1.74774e-07
8.29347e-08
1.01968e-07
7.68368e-08
2.9072e-08
6.99795e-08
-4.32451e-08
6.26775e-08
-1.14356e-07
5.52069e-08
-1.83633e-07
4.78001e-08
-2.50417e-07
4.06435e-08
-3.13994e-07
3.38766e-08
-3.73583e-07
2.75916e-08
-4.28344e-07
2.18335e-08
-4.7739e-07
1.66015e-08
-5.19822e-07
1.18508e-08
-5.5477e-07
7.497e-09
-5.81442e-07
3.42159e-09
-5.99187e-07
-5.18553e-10
-6.07542e-07
-4.47932e-09
-6.06278e-07
-8.61459e-09
-5.95431e-07
-1.30621e-08
-5.75294e-07
-1.7932e-08
-5.46384e-07
-2.3299e-08
-5.09394e-07
-2.91965e-08
-4.65142e-07
-3.56135e-08
-4.14511e-07
-4.24929e-08
-3.58399e-07
-4.97299e-08
-2.97684e-07
-5.71728e-08
-2.33191e-07
-6.46228e-08
-1.65685e-07
-7.18361e-08
-9.58623e-08
-7.85257e-08
-2.4373e-08
-8.43675e-08
4.81593e-08
-8.90097e-08
1.21101e-07
-9.20834e-08
1.93764e-07
-9.32145e-08
2.65359e-07
-9.204e-08
3.34961e-07
-8.82266e-08
4.01478e-07
-8.14975e-08
4.6364e-07
-7.16691e-08
5.20004e-07
-5.87061e-08
5.6897e-07
-4.27992e-08
6.0884e-07
-2.44597e-08
6.37921e-07
-4.58421e-09
6.54724e-07
1.56101e-08
6.58251e-07
3.48305e-08
6.48293e-07
5.20059e-08
6.25499e-07
6.64412e-08
5.91169e-07
7.78022e-08
5.46936e-07
8.60258e-08
4.9452e-07
9.12316e-08
4.35581e-07
9.36561e-08
3.71643e-07
9.36083e-08
3.0406e-07
9.14384e-08
2.34001e-07
8.75158e-08
1.6246e-07
8.22124e-08
9.0269e-08
7.58883e-08
1.81382e-08
6.88816e-08
-5.33077e-08
6.14979e-08
-1.23479e-07
5.40035e-08
-1.91782e-07
4.66209e-08
-2.57586e-07
3.95274e-08
-3.20203e-07
3.28543e-08
-3.78874e-07
2.66866e-08
-4.32781e-07
2.10633e-08
-4.81056e-07
1.59785e-08
-5.22817e-07
1.13836e-08
-5.5721e-07
7.19102e-09
-5.83458e-07
3.28005e-09
-6.00919e-07
-6.09137e-07
-1.23477e-08
-5.96976e-07
-2.3291e-08
-5.86267e-07
-3.42776e-08
-5.664e-07
-4.53016e-08
-5.37906e-07
-5.63329e-08
-5.0149e-07
-6.73142e-08
-4.57982e-07
-7.81596e-08
-4.08278e-07
-8.87535e-08
-3.53288e-07
-9.89497e-08
-2.93901e-07
-1.0857e-07
-2.30953e-07
-1.17406e-07
-1.65214e-07
-1.25214e-07
-9.73897e-08
-1.31722e-07
-2.81287e-08
-1.36631e-07
4.19528e-08
-1.39622e-07
1.12243e-07
-1.40371e-07
1.82091e-07
-1.38557e-07
2.50764e-07
-1.33881e-07
3.17411e-07
-1.26085e-07
3.81037e-07
-1.1498e-07
4.40491e-07
-1.00482e-07
4.94476e-07
-8.26528e-08
5.41577e-07
-6.17594e-08
5.80313e-07
-3.8336e-08
6.09235e-07
-1.32199e-08
6.27072e-07
1.24896e-08
6.32929e-07
3.75867e-08
6.26474e-07
6.09737e-08
6.08038e-07
8.18164e-08
5.78514e-07
9.95835e-08
5.39166e-07
1.1401e-07
4.91439e-07
1.25034e-07
4.36808e-07
1.32743e-07
3.76686e-07
1.37328e-07
3.1237e-07
1.39046e-07
2.45014e-07
1.38198e-07
1.75622e-07
1.35106e-07
1.0506e-07
1.30097e-07
3.40813e-08
1.23489e-07
-3.66374e-08
1.15583e-07
-1.0645e-07
1.06652e-07
-1.74702e-07
9.69382e-08
-2.40703e-07
8.66513e-08
-3.03707e-07
7.59687e-08
-3.62901e-07
6.50356e-08
-4.17411e-07
5.39662e-08
-4.66321e-07
4.28445e-08
-5.08701e-07
3.17256e-08
-5.43651e-07
2.06372e-08
-5.70354e-07
9.58369e-09
-5.88134e-07
-1.44916e-09
-5.96509e-07
-1.24853e-08
-5.95242e-07
-2.35472e-08
-5.8437e-07
-3.46447e-08
-5.64197e-07
-4.57679e-08
-5.35261e-07
-5.68821e-08
-4.9828e-07
-6.79247e-08
-4.541e-07
-7.88039e-08
-4.03631e-07
-8.93976e-08
-3.47805e-07
-9.95521e-08
-2.87529e-07
-1.09082e-07
-2.23662e-07
-1.17768e-07
-1.56998e-07
-1.25361e-07
-8.82696e-08
-1.31579e-07
-1.81548e-08
-1.36116e-07
5.26966e-08
-1.38651e-07
1.23635e-07
-1.38855e-07
1.93969e-07
-1.36413e-07
2.62917e-07
-1.3103e-07
3.29579e-07
-1.22466e-07
3.92913e-07
-1.10552e-07
4.51727e-07
-9.52358e-08
5.04688e-07
-7.66262e-08
5.5036e-07
-5.50525e-08
5.87266e-07
-3.11239e-08
6.13993e-07
-5.75214e-09
6.29352e-07
1.99174e-08
6.32582e-07
4.46865e-08
6.23524e-07
6.75142e-08
6.02671e-07
8.7643e-08
5.71041e-07
1.04614e-07
5.29965e-07
1.1822e-07
4.80914e-07
1.28442e-07
4.25358e-07
1.35397e-07
3.64688e-07
1.39295e-07
3.00162e-07
1.40406e-07
2.32891e-07
1.39037e-07
1.63829e-07
1.3551e-07
9.37952e-08
1.30152e-07
2.34969e-08
1.23274e-07
-4.64304e-08
1.15171e-07
-1.15376e-07
1.06108e-07
-1.82719e-07
9.63167e-08
-2.47796e-07
8.60001e-08
-3.09886e-07
7.53271e-08
-3.68201e-07
6.4436e-08
-4.2189e-07
5.34343e-08
-4.70054e-07
4.24004e-08
-5.11783e-07
3.13842e-08
-5.46194e-07
2.04092e-08
-5.72483e-07
9.47571e-09
-5.89985e-07
-5.98227e-07
-2.04152e-08
-5.78936e-07
-3.83298e-08
-5.68352e-07
-5.60006e-08
-5.4873e-07
-7.3298e-08
-5.20608e-07
-9.00803e-08
-4.84707e-07
-1.06194e-07
-4.41869e-07
-1.21472e-07
-3.93e-07
-1.35736e-07
-3.39024e-07
-1.48794e-07
-2.80843e-07
-1.60439e-07
-2.19308e-07
-1.70447e-07
-1.55206e-07
-1.78576e-07
-8.92606e-08
-1.84567e-07
-2.21376e-08
-1.88147e-07
4.55325e-08
-1.89036e-07
1.13132e-07
-1.86958e-07
1.80013e-07
-1.81655e-07
2.45461e-07
-1.72902e-07
3.08659e-07
-1.60531e-07
3.68666e-07
-1.4446e-07
4.24419e-07
-1.24718e-07
4.74735e-07
-1.01495e-07
5.18354e-07
-7.51737e-08
5.53992e-07
-4.63747e-08
5.80436e-07
-1.59612e-08
5.96659e-07
1.50075e-08
6.0196e-07
4.53959e-08
5.96086e-07
7.41461e-08
5.79288e-07
1.00397e-07
5.52263e-07
1.23532e-07
5.16032e-07
1.43167e-07
4.71804e-07
1.59117e-07
4.20858e-07
1.71351e-07
3.64452e-07
1.79953e-07
3.03768e-07
1.85093e-07
2.39874e-07
1.86995e-07
1.7372e-07
1.8592e-07
1.06135e-07
1.82145e-07
3.78567e-08
1.7595e-07
-3.04428e-08
1.67612e-07
-9.81114e-08
1.57391e-07
-1.64481e-07
1.45531e-07
-2.28844e-07
1.32259e-07
-2.90435e-07
1.17786e-07
-3.48428e-07
1.02307e-07
-4.01932e-07
8.6004e-08
-4.50018e-07
6.90463e-08
-4.91743e-07
5.15908e-08
-5.26195e-07
3.37815e-08
-5.52545e-07
1.57506e-08
-5.70103e-07
-2.38049e-09
-5.78378e-07
-2.04966e-08
-5.77126e-07
-3.84816e-08
-5.66385e-07
-5.62113e-08
-5.46467e-07
-7.35506e-08
-5.17921e-07
-9.03521e-08
-4.81479e-07
-1.06456e-07
-4.37996e-07
-1.21689e-07
-3.88398e-07
-1.35866e-07
-3.33628e-07
-1.48788e-07
-2.74607e-07
-1.6024e-07
-2.12209e-07
-1.69992e-07
-1.47247e-07
-1.77793e-07
-8.04679e-08
-1.8338e-07
-1.25681e-08
-1.86474e-07
5.57905e-08
-1.86794e-07
1.23955e-07
-1.84066e-07
1.9124e-07
-1.78037e-07
2.56888e-07
-1.68495e-07
3.20037e-07
-1.5529e-07
3.79708e-07
-1.38364e-07
4.34801e-07
-1.17786e-07
4.84109e-07
-9.37873e-08
5.26362e-07
-6.68108e-08
5.6029e-07
-3.75381e-08
5.8472e-07
-6.88954e-09
5.98703e-07
2.40427e-08
6.01649e-07
5.41283e-08
5.93438e-07
8.23505e-08
5.74449e-07
1.07908e-07
5.45483e-07
1.30246e-07
5.07627e-07
1.49035e-07
4.62125e-07
1.64132e-07
4.10261e-07
1.7554e-07
3.5328e-07
1.83368e-07
2.92334e-07
1.87801e-07
2.28458e-07
1.89074e-07
1.62556e-07
1.87451e-07
9.54177e-08
1.83211e-07
2.77366e-08
1.76633e-07
-3.9852e-08
1.67986e-07
-1.06729e-07
1.57526e-07
-1.72258e-07
1.45488e-07
-2.35758e-07
1.32094e-07
-2.96491e-07
1.17545e-07
-3.53652e-07
1.02031e-07
-4.06375e-07
8.57258e-08
-4.53749e-07
6.87936e-08
-4.94851e-07
5.13847e-08
-5.28785e-07
3.36377e-08
-5.54736e-07
1.5679e-08
-5.72027e-07
-5.80173e-07
-2.84113e-08
-5.53833e-07
-5.32286e-08
-5.43535e-07
-7.75055e-08
-5.24453e-07
-1.00986e-07
-4.97128e-07
-1.23415e-07
-4.62278e-07
-1.44542e-07
-4.20742e-07
-1.64121e-07
-3.7342e-07
-1.81913e-07
-3.21232e-07
-1.97683e-07
-2.65073e-07
-2.11197e-07
-2.05793e-07
-2.22225e-07
-1.44179e-07
-2.30531e-07
-8.09549e-08
-2.35876e-07
-1.67918e-08
-2.38024e-07
4.76796e-08
-2.36739e-07
1.11847e-07
-2.31805e-07
1.75079e-07
-2.23031e-07
2.36687e-07
-2.10273e-07
2.95901e-07
-1.93456e-07
3.51849e-07
-1.72596e-07
4.03559e-07
-1.47835e-07
4.49974e-07
-1.1947e-07
4.89988e-07
-8.79812e-08
5.22504e-07
-5.40549e-08
5.46509e-07
-1.85719e-08
5.61176e-07
1.7438e-08
5.6595e-07
5.289e-08
5.60634e-07
8.67556e-08
5.45422e-07
1.18155e-07
5.20863e-07
1.46406e-07
4.87781e-07
1.71027e-07
4.47183e-07
1.91724e-07
4.00161e-07
2.08356e-07
3.47821e-07
2.20905e-07
2.91219e-07
2.29448e-07
2.31331e-07
2.3413e-07
1.69038e-07
2.35141e-07
1.05124e-07
2.32702e-07
4.02956e-08
2.27048e-07
-2.47881e-08
2.18419e-07
-8.94825e-08
2.07057e-07
-1.53119e-07
1.93203e-07
-2.14989e-07
1.77094e-07
-2.74326e-07
1.5897e-07
-3.30303e-07
1.39073e-07
-3.82035e-07
1.17651e-07
-4.28596e-07
9.49587e-08
-4.69051e-07
7.12548e-08
-5.02491e-07
4.68015e-08
-5.28092e-07
2.18617e-08
-5.45163e-07
-3.30336e-09
-5.53213e-07
-2.84345e-08
-5.51995e-07
-5.32722e-08
-5.41547e-07
-7.75545e-08
-5.22185e-07
-1.01019e-07
-4.94457e-07
-1.23403e-07
-4.59095e-07
-1.44449e-07
-4.1695e-07
-1.63905e-07
-3.68942e-07
-1.81524e-07
-3.16009e-07
-1.97064e-07
-2.59067e-07
-2.10287e-07
-1.98986e-07
-2.20955e-07
-1.36579e-07
-2.28827e-07
-7.25961e-08
-2.33661e-07
-7.73396e-09
-2.35217e-07
5.73463e-08
-2.33262e-07
1.22001e-07
-2.27584e-07
1.85562e-07
-2.18001e-07
2.47305e-07
-2.04385e-07
3.06421e-07
-1.86681e-07
3.62004e-07
-1.64935e-07
4.13055e-07
-1.39325e-07
4.585e-07
-1.10194e-07
4.97231e-07
-7.80731e-08
5.28169e-07
-4.3699e-08
5.50346e-07
-7.99709e-09
5.63001e-07
2.7979e-08
5.65673e-07
6.31481e-08
5.58269e-07
9.65122e-08
5.41085e-07
1.27238e-07
5.14757e-07
1.54696e-07
4.8017e-07
1.78454e-07
4.38367e-07
1.98261e-07
3.90454e-07
2.1401e-07
3.37531e-07
2.25711e-07
2.80633e-07
2.3346e-07
2.20709e-07
2.37416e-07
1.586e-07
2.37777e-07
9.50563e-08
2.34767e-07
3.07465e-08
2.28621e-07
-3.37058e-08
2.19578e-07
-9.76859e-08
2.07874e-07
-1.60554e-07
1.93745e-07
-2.21629e-07
1.77421e-07
-2.80168e-07
1.59136e-07
-3.35368e-07
1.39127e-07
-3.86365e-07
1.17633e-07
-4.32256e-07
9.49032e-08
-4.72121e-07
7.11886e-08
-5.0507e-07
4.67448e-08
-5.30292e-07
2.18278e-08
-5.47109e-07
-5.55037e-07
-3.62425e-08
-5.21812e-07
-6.78145e-08
-5.11963e-07
-9.8546e-08
-4.93721e-07
-1.28054e-07
-4.6762e-07
-1.55972e-07
-4.34361e-07
-1.81952e-07
-3.94762e-07
-2.05671e-07
-3.49701e-07
-2.26832e-07
-3.00071e-07
-2.4516e-07
-2.46746e-07
-2.604e-07
-1.90553e-07
-2.72316e-07
-1.32263e-07
-2.80685e-07
-7.25857e-08
-2.85296e-07
-1.21802e-08
-2.85952e-07
4.83354e-08
-2.82472e-07
1.08367e-07
-2.747e-07
1.67307e-07
-2.6252e-07
2.24508e-07
-2.45871e-07
2.79252e-07
-2.24768e-07
3.30746e-07
-1.99326e-07
3.78117e-07
-1.69787e-07
4.20435e-07
-1.36542e-07
4.56744e-07
-1.00152e-07
4.86114e-07
-6.13549e-08
5.07712e-07
-2.10433e-08
5.20864e-07
1.97745e-08
5.25132e-07
6.00495e-08
5.20359e-07
9.8775e-08
5.06697e-07
1.35058e-07
4.8458e-07
1.68163e-07
4.54676e-07
1.97531e-07
4.17815e-07
2.2277e-07
3.74922e-07
2.43639e-07
3.26952e-07
2.60022e-07
2.74836e-07
2.71904e-07
2.19449e-07
2.79347e-07
1.61595e-07
2.82468e-07
1.02002e-07
2.81424e-07
4.13397e-08
2.76397e-07
-1.97616e-08
2.6759e-07
-8.06754e-08
2.55219e-07
-1.40748e-07
2.39513e-07
-1.99283e-07
2.20718e-07
-2.55532e-07
1.991e-07
-3.08685e-07
1.74944e-07
-3.57879e-07
1.48563e-07
-4.02215e-07
1.20293e-07
-4.40781e-07
9.04948e-08
-4.72693e-07
5.95478e-08
-4.97145e-07
2.78463e-08
-5.13462e-07
-4.20708e-09
-5.21159e-07
-3.62074e-08
-5.19994e-07
-6.77499e-08
-5.10005e-07
-9.84337e-08
-4.91501e-07
-1.27868e-07
-4.65023e-07
-1.55676e-07
-4.31286e-07
-1.81506e-07
-3.91121e-07
-2.05025e-07
-3.45423e-07
-2.2593e-07
-2.95104e-07
-2.43939e-07
-2.41057e-07
-2.58794e-07
-1.84132e-07
-2.70252e-07
-1.25121e-07
-2.78087e-07
-6.47606e-08
-2.82087e-07
-3.73355e-09
-2.82055e-07
5.73143e-08
-2.77814e-07
1.17759e-07
-2.69216e-07
1.76964e-07
-2.56156e-07
2.34245e-07
-2.38591e-07
2.88856e-07
-2.1656e-07
3.39973e-07
-1.90209e-07
3.86704e-07
-1.59816e-07
4.28107e-07
-1.25816e-07
4.6323e-07
-8.88139e-08
4.91167e-07
-4.95899e-08
5.11122e-07
-9.07201e-09
5.22484e-07
3.1714e-08
5.24887e-07
7.1722e-08
5.18261e-07
1.09968e-07
5.02839e-07
1.45596e-07
4.79129e-07
1.77915e-07
4.4785e-07
2.0641e-07
4.09872e-07
2.30731e-07
3.66134e-07
2.50671e-07
3.17591e-07
2.66145e-07
2.6516e-07
2.77158e-07
2.09695e-07
2.8379e-07
1.51969e-07
2.86168e-07
9.26783e-08
2.84455e-07
3.24594e-08
2.78836e-07
-2.80876e-08
2.69515e-07
-8.83641e-08
2.56703e-07
-1.47743e-07
2.40628e-07
-2.05554e-07
2.21531e-07
-2.6107e-07
1.9967e-07
-3.13507e-07
1.75326e-07
-3.62022e-07
1.48804e-07
-4.05734e-07
1.20434e-07
-4.43751e-07
9.05682e-08
-4.75204e-07
5.95782e-08
-4.99302e-07
2.78501e-08
-5.15381e-07
-5.22965e-07
-4.38017e-08
-4.83115e-07
-8.18895e-08
-4.73875e-07
-1.1884e-07
-4.56771e-07
-1.54145e-07
-4.32314e-07
-1.87329e-07
-4.01177e-07
-2.17951e-07
-3.6414e-07
-2.45613e-07
-3.22038e-07
-2.69963e-07
-2.75721e-07
-2.90689e-07
-2.2602e-07
-3.07518e-07
-1.73725e-07
-3.20211e-07
-1.19569e-07
-3.28562e-07
-6.42344e-08
-3.32391e-07
-8.35156e-09
-3.31543e-07
4.74878e-08
-3.25895e-07
1.02718e-07
-3.15357e-07
1.56769e-07
-2.99887e-07
2.09038e-07
-2.79507e-07
2.58872e-07
-2.5432e-07
3.05559e-07
-2.24536e-07
3.48332e-07
-1.90485e-07
3.86384e-07
-1.52643e-07
4.18902e-07
-1.11637e-07
4.45108e-07
-6.82424e-08
4.64317e-07
-2.33643e-08
4.75986e-07
2.20049e-08
4.79763e-07
6.68414e-08
4.75522e-07
1.10153e-07
4.63385e-07
1.51036e-07
4.43697e-07
1.88715e-07
4.16997e-07
2.22564e-07
3.83966e-07
2.52107e-07
3.45379e-07
2.77012e-07
3.02047e-07
2.9707e-07
2.54777e-07
3.12178e-07
2.04342e-07
3.22312e-07
1.5146e-07
3.27516e-07
9.67983e-08
3.2788e-07
4.09758e-08
3.23531e-07
-1.54128e-08
3.14628e-07
-7.17725e-08
3.01359e-07
-1.27478e-07
2.83939e-07
-1.81864e-07
2.6262e-07
-2.34213e-07
2.37688e-07
-2.83753e-07
2.09471e-07
-3.29663e-07
1.78342e-07
-3.71086e-07
1.44717e-07
-4.07156e-07
1.09054e-07
-4.3703e-07
7.18484e-08
-4.59939e-07
3.36233e-08
-4.75237e-07
-5.07938e-09
-4.82457e-07
-4.371e-08
-4.81364e-07
-8.17199e-08
-4.71995e-07
-1.18571e-07
-4.5465e-07
-1.53747e-07
-4.29848e-07
-1.8676e-07
-3.98272e-07
-2.17165e-07
-3.60717e-07
-2.44554e-07
-3.18033e-07
-2.68569e-07
-2.71089e-07
-2.88892e-07
-2.20734e-07
-3.05246e-07
-1.67778e-07
-3.1739e-07
-1.12977e-07
-3.25115e-07
-5.70356e-08
-3.28242e-07
-6.07271e-10
-3.26619e-07
5.56915e-08
-3.20128e-07
1.11269e-07
-3.08691e-07
1.65527e-07
-2.9228e-07
2.17834e-07
-2.70936e-07
2.67512e-07
-2.4479e-07
3.13826e-07
-2.1408e-07
3.55993e-07
-1.79174e-07
3.93201e-07
-1.40588e-07
4.24644e-07
-9.89866e-08
4.49566e-07
-5.5183e-08
4.67318e-07
-1.01084e-08
4.77409e-07
3.52307e-08
4.79548e-07
7.98127e-08
4.73679e-07
1.22663e-07
4.59989e-07
1.62908e-07
4.38884e-07
1.99809e-07
4.10949e-07
2.3278e-07
3.76901e-07
2.61384e-07
3.37529e-07
2.85324e-07
2.93651e-07
3.04421e-07
2.46063e-07
3.18595e-07
1.95521e-07
3.27843e-07
1.42721e-07
3.3222e-07
8.83011e-08
3.31826e-07
3.28534e-08
3.26793e-07
-2.30549e-08
3.17283e-07
-7.88534e-08
3.03481e-07
-1.33942e-07
2.85604e-07
-1.87677e-07
2.63898e-07
-2.39364e-07
2.38646e-07
-2.88254e-07
2.10169e-07
-3.33545e-07
1.78833e-07
-3.74399e-07
1.45048e-07
-4.09965e-07
1.09263e-07
-4.39419e-07
7.19632e-08
-4.62003e-07
3.36636e-08
-4.77082e-07
-4.84196e-07
-5.09686e-08
-4.38088e-07
-9.52305e-08
-4.29613e-07
-1.38068e-07
-4.13933e-07
-1.78855e-07
-3.91528e-07
-2.17008e-07
-3.63024e-07
-2.52002e-07
-3.29147e-07
-2.83367e-07
-2.90673e-07
-3.10698e-07
-2.4839e-07
-3.33649e-07
-2.03069e-07
-3.51933e-07
-1.55441e-07
-3.65311e-07
-1.06191e-07
-3.73593e-07
-5.59524e-08
-3.76631e-07
-5.31377e-09
-3.74316e-07
4.51732e-08
-3.66581e-07
9.49832e-08
-3.53403e-07
1.43591e-07
-3.34814e-07
1.90449e-07
-3.10916e-07
2.34974e-07
-2.81899e-07
2.76541e-07
-2.48054e-07
3.14488e-07
-2.09796e-07
3.48127e-07
-1.67672e-07
3.76777e-07
-1.22361e-07
3.99798e-07
-7.46728e-08
4.16629e-07
-2.55209e-08
4.26834e-07
2.41117e-08
4.3013e-07
7.32175e-08
4.26417e-07
1.20813e-07
4.15789e-07
1.65985e-07
3.98525e-07
2.07926e-07
3.75056e-07
2.45953e-07
3.4594e-07
2.79519e-07
3.11812e-07
3.08211e-07
2.73355e-07
3.31734e-07
2.31254e-07
3.49898e-07
1.86178e-07
3.626e-07
1.38758e-07
3.69808e-07
8.95904e-08
3.71546e-07
3.92375e-08
3.67886e-07
-1.17528e-08
3.58942e-07
-6.28283e-08
3.4487e-07
-1.13407e-07
3.25874e-07
-1.62868e-07
3.02206e-07
-2.10544e-07
2.74172e-07
-2.55719e-07
2.42139e-07
-2.9763e-07
2.06535e-07
-3.35483e-07
1.67852e-07
-3.68473e-07
1.26642e-07
-3.9582e-07
8.35092e-08
-4.16806e-07
3.9101e-08
-4.30828e-07
-5.90638e-09
-4.37449e-07
-5.08232e-08
-4.36447e-07
-9.49619e-08
-4.27856e-07
-1.37652e-07
-4.1196e-07
-1.78257e-07
-3.89243e-07
-2.16184e-07
-3.60345e-07
-2.50897e-07
-3.26003e-07
-2.81921e-07
-2.87009e-07
-3.08843e-07
-2.44166e-07
-3.31314e-07
-1.98263e-07
-3.49042e-07
-1.50051e-07
-3.61786e-07
-1.00233e-07
-3.69357e-07
-4.94642e-08
-3.7161e-07
1.6456e-09
-3.68442e-07
5.25234e-08
-3.59793e-07
1.0262e-07
-3.45653e-07
1.51386e-07
-3.2607e-07
1.98252e-07
-3.0117e-07
2.42611e-07
-2.71166e-07
2.83823e-07
-2.36384e-07
3.21212e-07
-1.97272e-07
3.5409e-07
-1.54413e-07
3.81784e-07
-1.08522e-07
4.03675e-07
-6.04378e-08
4.19235e-07
-1.10969e-08
4.28068e-07
3.85068e-08
4.29944e-07
8.73676e-08
4.24818e-07
1.34516e-07
4.1284e-07
1.79064e-07
3.94336e-07
2.20234e-07
3.69779e-07
2.57381e-07
3.39754e-07
2.89993e-07
3.04917e-07
3.17691e-07
2.65953e-07
3.40209e-07
2.23545e-07
3.57384e-07
1.78346e-07
3.69134e-07
1.30972e-07
3.7544e-07
8.19941e-08
3.76341e-07
3.19532e-08
3.71913e-07
-1.8627e-08
3.62276e-07
-6.92161e-08
3.47588e-07
-1.19254e-07
3.28053e-07
-1.68141e-07
3.0392e-07
-2.15231e-07
2.75493e-07
-2.59827e-07
2.43132e-07
-3.01185e-07
2.07261e-07
-3.38527e-07
1.68362e-07
-3.71066e-07
1.26978e-07
-3.98035e-07
8.37033e-08
-4.18729e-07
3.91754e-08
-4.32554e-07
-4.3908e-07
-5.76111e-08
-3.87194e-07
-1.07593e-07
-3.79631e-07
-1.55882e-07
-3.65645e-07
-2.01738e-07
-3.45671e-07
-2.44484e-07
-3.20278e-07
-2.83509e-07
-2.90121e-07
-3.18283e-07
-2.55899e-07
-3.48351e-07
-2.18322e-07
-3.73338e-07
-1.78082e-07
-3.92941e-07
-1.35838e-07
-4.06923e-07
-9.22083e-08
-4.15112e-07
-4.77635e-08
-4.1739e-07
-3.03566e-09
-4.13694e-07
4.14766e-08
-4.04009e-07
8.52985e-08
-3.88377e-07
1.27958e-07
-3.669e-07
1.68972e-07
-3.39758e-07
2.07832e-07
-3.07217e-07
2.44e-07
-2.69647e-07
2.76918e-07
-2.27534e-07
3.06013e-07
-1.81484e-07
3.30726e-07
-1.32222e-07
3.50536e-07
-8.05848e-08
3.64992e-07
-2.74943e-08
3.73744e-07
2.60704e-08
3.76565e-07
7.91105e-08
3.73377e-07
1.30647e-07
3.64253e-07
1.79756e-07
3.49416e-07
2.25602e-07
3.2921e-07
2.67458e-07
3.04083e-07
3.04716e-07
2.74554e-07
3.3689e-07
2.41181e-07
3.63607e-07
2.04537e-07
3.84599e-07
1.65186e-07
3.99687e-07
1.23671e-07
4.08766e-07
8.05108e-08
4.11799e-07
3.62049e-08
4.08802e-07
-8.75577e-09
3.99846e-07
-5.38725e-08
3.85059e-07
-9.86198e-08
3.64629e-07
-1.42438e-07
3.38808e-07
-1.84724e-07
3.07923e-07
-2.24833e-07
2.72373e-07
-2.6208e-07
2.32639e-07
-2.95749e-07
1.89282e-07
-3.25116e-07
1.42939e-07
-3.49477e-07
9.43166e-08
-3.68184e-07
4.41786e-08
-3.8069e-07
-6.6729e-09
-3.86598e-07
-5.74165e-08
-3.85703e-07
-1.07234e-07
-3.78039e-07
-1.55331e-07
-3.63863e-07
-2.00957e-07
-3.43617e-07
-2.43424e-07
-3.17879e-07
-2.82113e-07
-2.87315e-07
-3.16483e-07
-2.52638e-07
-3.46077e-07
-2.14573e-07
-3.70513e-07
-1.73827e-07
-3.89486e-07
-1.31078e-07
-4.02759e-07
-8.69593e-08
-4.10162e-07
-4.20613e-08
-4.11582e-07
3.06558e-09
-4.06963e-07
4.7904e-08
-3.96301e-07
9.19586e-08
-3.79652e-07
1.34738e-07
-3.57138e-07
1.75737e-07
-3.2896e-07
2.14433e-07
-2.95412e-07
2.50275e-07
-2.56896e-07
2.82695e-07
-2.13929e-07
3.11123e-07
-1.67152e-07
3.35007e-07
-1.17321e-07
3.53844e-07
-6.52983e-08
3.67212e-07
-1.20244e-08
3.74794e-07
4.15124e-08
3.76407e-07
9.43147e-08
3.72016e-07
1.45415e-07
3.6174e-07
1.9391e-07
3.4584e-07
2.38993e-07
3.24696e-07
2.79967e-07
2.9878e-07
3.16259e-07
2.68625e-07
3.47414e-07
2.34798e-07
3.73091e-07
1.97868e-07
3.93047e-07
1.5839e-07
4.07125e-07
1.16894e-07
4.15238e-07
7.38808e-08
4.17361e-07
2.98299e-08
4.13522e-07
-1.47873e-08
4.03796e-07
-5.9491e-08
3.88317e-07
-1.03775e-07
3.67274e-07
-1.47098e-07
3.4092e-07
-1.88877e-07
3.09575e-07
-2.28483e-07
2.73637e-07
-2.65247e-07
2.33579e-07
-2.98469e-07
1.89954e-07
-3.27441e-07
1.4339e-07
-3.51471e-07
9.45832e-08
-3.69921e-07
4.42842e-08
-3.82255e-07
-3.88079e-07
-6.35894e-08
-3.31019e-07
-1.18718e-07
-3.24502e-07
-1.71908e-07
-3.12455e-07
-2.22321e-07
-2.95259e-07
-2.69189e-07
-2.7341e-07
-3.11832e-07
-2.47478e-07
-3.49661e-07
-2.18071e-07
-3.82179e-07
-1.85803e-07
-4.08985e-07
-1.51276e-07
-4.29762e-07
-1.15061e-07
-4.44277e-07
-7.76933e-08
-4.52371e-07
-3.96691e-08
-4.53956e-07
-1.45032e-09
-4.49009e-07
3.65293e-08
-4.37566e-07
7.38553e-08
-4.19726e-07
1.10118e-07
-3.95657e-07
1.44903e-07
-3.65607e-07
1.77782e-07
-3.29913e-07
2.08306e-07
-2.89013e-07
2.36018e-07
-2.43452e-07
2.60453e-07
-1.93888e-07
2.81162e-07
-1.41084e-07
2.97732e-07
-8.5897e-08
3.09805e-07
-2.92599e-08
3.17107e-07
2.78481e-08
3.19458e-07
8.44309e-08
3.16794e-07
1.39508e-07
3.09176e-07
1.92148e-07
2.96776e-07
2.4149e-07
2.79868e-07
2.8677e-07
2.58804e-07
3.27328e-07
2.33996e-07
3.62617e-07
2.05893e-07
3.92196e-07
1.74958e-07
4.15726e-07
1.41656e-07
4.32958e-07
1.06439e-07
4.43724e-07
6.97447e-08
4.47927e-07
3.20023e-08
4.45533e-07
-6.36258e-09
4.36576e-07
-4.49152e-08
4.21155e-07
-8.3199e-08
3.99446e-07
-1.20728e-07
3.71701e-07
-1.56979e-07
3.38261e-07
-1.91394e-07
2.99558e-07
-2.23376e-07
2.56117e-07
-2.52307e-07
2.0856e-07
-2.77559e-07
1.57603e-07
-2.98519e-07
1.04043e-07
-3.14624e-07
4.87489e-08
-3.25396e-07
-7.36275e-09
-3.30486e-07
-6.33508e-08
-3.29715e-07
-1.18278e-07
-3.23112e-07
-1.71237e-07
-3.10903e-07
-2.21377e-07
-2.93476e-07
-2.67921e-07
-2.71335e-07
-3.10177e-07
-2.45059e-07
-3.47549e-07
-2.15267e-07
-3.79534e-07
-1.82588e-07
-4.05726e-07
-1.47635e-07
-4.25809e-07
-1.10996e-07
-4.39549e-07
-7.32192e-08
-4.46792e-07
-3.48183e-08
-4.47456e-07
3.72937e-09
-4.41526e-07
4.19743e-08
-4.29052e-07
7.94845e-08
-4.10149e-07
1.15834e-07
-3.85005e-07
1.50593e-07
-3.53891e-07
1.8332e-07
-3.17173e-07
2.13557e-07
-2.75319e-07
2.40841e-07
-2.28906e-07
2.6471e-07
-1.7862e-07
2.84722e-07
-1.25255e-07
3.00479e-07
-6.96896e-08
3.11647e-07
-1.28729e-08
3.17978e-07
4.42078e-08
3.19327e-07
1.00558e-07
3.15666e-07
1.55207e-07
3.07091e-07
2.07241e-07
2.93807e-07
2.55824e-07
2.76113e-07
3.0022e-07
2.54383e-07
3.39802e-07
2.29043e-07
3.74053e-07
2.00547e-07
4.02562e-07
1.69359e-07
4.25016e-07
1.35936e-07
4.41189e-07
1.00721e-07
4.50933e-07
6.4137e-08
4.54165e-07
2.6598e-08
4.50864e-07
-1.14864e-08
4.41071e-07
-4.96978e-08
4.24892e-07
-8.75961e-08
4.02504e-07
-1.24711e-07
3.74163e-07
-1.60536e-07
3.40207e-07
-1.94526e-07
3.01062e-07
-2.26101e-07
2.57247e-07
-2.54655e-07
2.09378e-07
-2.79572e-07
1.58158e-07
-3.00251e-07
1.04374e-07
-3.16138e-07
4.88823e-08
-3.26763e-07
-3.31782e-07
-6.87606e-08
-2.70277e-07
-1.2834e-07
-2.64922e-07
-1.85767e-07
-2.55028e-07
-2.40116e-07
-2.4091e-07
-2.90545e-07
-2.22981e-07
-3.3631e-07
-2.01713e-07
-3.76774e-07
-1.77607e-07
-4.11406e-07
-1.51171e-07
-4.39781e-07
-1.22902e-07
-4.61571e-07
-9.32705e-08
-4.76547e-07
-6.27182e-08
-4.84561e-07
-3.16548e-08
-4.8555e-07
-4.6133e-10
-4.79524e-07
3.05038e-08
-4.66564e-07
6.08952e-08
-4.4682e-07
9.03738e-08
-4.20516e-07
1.186e-07
-3.8796e-07
1.45225e-07
-3.49549e-07
1.69896e-07
-3.05778e-07
1.92247e-07
-2.57244e-07
2.11919e-07
-2.04644e-07
2.28562e-07
-1.48773e-07
2.4186e-07
-9.0506e-08
2.51539e-07
-3.07863e-08
2.57387e-07
2.94033e-08
2.59268e-07
8.90653e-08
2.57132e-07
1.47216e-07
2.51025e-07
2.02911e-07
2.4108e-07
2.55273e-07
2.27506e-07
3.03506e-07
2.10571e-07
3.46908e-07
1.90594e-07
3.8488e-07
1.67921e-07
4.16924e-07
1.42914e-07
4.42641e-07
1.15939e-07
4.61722e-07
8.73581e-08
4.73941e-07
5.75256e-08
4.7915e-07
2.67928e-08
4.77275e-07
-4.48749e-09
4.68314e-07
-3.59537e-08
4.52344e-07
-6.72291e-08
4.29529e-07
-9.79125e-08
4.00123e-07
-1.27573e-07
3.64479e-07
-1.5575e-07
3.23053e-07
-1.81951e-07
2.76412e-07
-2.05666e-07
2.25228e-07
-2.26376e-07
1.70284e-07
-2.43575e-07
1.12456e-07
-2.56796e-07
5.27024e-08
-2.65643e-07
-7.95939e-09
-2.69824e-07
-6.84837e-08
-2.69191e-07
-1.27829e-07
-2.63766e-07
-1.84992e-07
-2.53741e-07
-2.39032e-07
-2.39436e-07
-2.89097e-07
-2.2127e-07
-3.34433e-07
-1.99723e-07
-3.74393e-07
-1.75306e-07
-4.08443e-07
-1.48538e-07
-4.36152e-07
-1.19926e-07
-4.57194e-07
-8.99536e-08
-4.71339e-07
-5.90741e-08
-4.78447e-07
-2.77104e-08
-4.78461e-07
3.7437e-09
-4.71403e-07
3.49165e-08
-4.57367e-07
6.54487e-08
-4.36521e-07
9.49882e-08
-4.09111e-07
1.23183e-07
-3.7547e-07
1.49678e-07
-3.36021e-07
1.74109e-07
-2.9129e-07
1.9611e-07
-2.41902e-07
2.15322e-07
-1.88585e-07
2.31404e-07
-1.32157e-07
2.44051e-07
-7.35169e-08
2.53006e-07
-1.36202e-08
2.58081e-07
4.65427e-08
2.59164e-07
1.05975e-07
2.56233e-07
1.63702e-07
2.49364e-07
2.18797e-07
2.38712e-07
2.70404e-07
2.24507e-07
3.17751e-07
2.07036e-07
3.60169e-07
1.86626e-07
3.97087e-07
1.63629e-07
4.28036e-07
1.3841e-07
4.52644e-07
1.11328e-07
4.70625e-07
8.27393e-08
4.81775e-07
5.29869e-08
4.85963e-07
2.24108e-08
4.83125e-07
-8.64902e-09
4.73272e-07
-3.98445e-08
4.56488e-07
-7.08122e-08
4.32941e-07
-1.01164e-07
4.02887e-07
-1.30482e-07
3.66677e-07
-1.58316e-07
3.24764e-07
-1.84188e-07
2.77707e-07
-2.07598e-07
2.26171e-07
-2.28037e-07
1.70928e-07
-2.45008e-07
1.12843e-07
-2.58052e-07
5.28598e-08
-2.6678e-07
-2.70904e-07
-7.29846e-08
-2.05804e-07
-1.36199e-07
-2.01708e-07
-1.97085e-07
-1.94141e-07
-2.54646e-07
-1.83349e-07
-3.07979e-07
-1.69648e-07
-3.56291e-07
-1.53401e-07
-3.98905e-07
-1.34993e-07
-4.35262e-07
-1.14815e-07
-4.64918e-07
-9.32461e-08
-4.87539e-07
-7.06488e-08
-5.02896e-07
-4.73616e-08
-5.10852e-07
-2.36985e-08
-5.11362e-07
4.87528e-11
-5.04464e-07
2.36053e-08
-4.90271e-07
4.67029e-08
-4.68977e-07
6.90795e-08
-4.40853e-07
9.04751e-08
-4.06254e-07
1.10627e-07
-3.65629e-07
1.2927e-07
-3.19517e-07
1.46135e-07
-2.68554e-07
1.60956e-07
-2.13471e-07
1.73479e-07
-1.55085e-07
1.83475e-07
-9.42903e-08
1.90744e-07
-3.20366e-08
1.95133e-07
3.06875e-08
1.96544e-07
9.28805e-08
1.94939e-07
1.53553e-07
1.90352e-07
2.11753e-07
1.82881e-07
2.66585e-07
1.72674e-07
3.17228e-07
1.59928e-07
3.62949e-07
1.44873e-07
4.03107e-07
1.27762e-07
4.3716e-07
1.08862e-07
4.64656e-07
8.84424e-08
4.8524e-07
6.67749e-08
4.98637e-07
4.41278e-08
5.0466e-07
2.07698e-08
5.03199e-07
-3.02644e-09
4.94227e-07
-2.6981e-08
4.77802e-07
-5.0805e-08
4.54081e-07
-7.41913e-08
4.23318e-07
-9.681e-08
3.85875e-07
-1.18307e-07
3.4223e-07
-1.38306e-07
2.92978e-07
-1.56414e-07
2.38836e-07
-1.72234e-07
1.80638e-07
-1.85377e-07
1.19326e-07
-1.95483e-07
5.59313e-08
-2.02248e-07
-8.44659e-09
-2.05446e-07
-7.26756e-08
-2.04962e-07
-1.35629e-07
-2.00813e-07
-1.96222e-07
-1.93148e-07
-2.53444e-07
-1.82214e-07
-3.06381e-07
-1.68333e-07
-3.54228e-07
-1.51875e-07
-3.96301e-07
-1.33233e-07
-4.32035e-07
-1.12804e-07
-4.60984e-07
-9.09776e-08
-4.82813e-07
-6.81241e-08
-4.97296e-07
-4.45918e-08
-5.04302e-07
-2.07043e-08
-5.03795e-07
3.23682e-09
-4.95825e-07
2.69461e-08
-4.80521e-07
5.01451e-08
-4.58095e-07
7.25622e-08
-4.28841e-07
9.39291e-08
-3.9314e-07
1.13977e-07
-3.51466e-07
1.32435e-07
-3.04388e-07
1.49032e-07
-2.52571e-07
1.63505e-07
-1.96773e-07
1.75606e-07
-1.37835e-07
1.85113e-07
-7.66692e-08
1.9184e-07
-1.42401e-08
1.95652e-07
4.84577e-08
1.96466e-07
1.10423e-07
1.94268e-07
1.70676e-07
1.89111e-07
2.28279e-07
1.81109e-07
2.82357e-07
1.70429e-07
3.32114e-07
1.57279e-07
3.76844e-07
1.41896e-07
4.15936e-07
1.24538e-07
4.48874e-07
1.05472e-07
4.75236e-07
8.49665e-08
4.94688e-07
6.32871e-08
5.06979e-07
4.06952e-08
5.11939e-07
1.74509e-08
5.09473e-07
-6.18242e-09
4.99564e-07
-2.99355e-08
4.82281e-07
-5.35295e-08
4.57784e-07
-7.66672e-08
4.26331e-07
-9.90282e-08
3.88282e-07
-1.20268e-07
3.44112e-07
-1.40018e-07
2.9441e-07
-1.57896e-07
2.39884e-07
-1.73511e-07
1.81358e-07
-1.86481e-07
1.1976e-07
-1.96454e-07
5.61089e-08
-2.03129e-07
-2.06283e-07
-7.61314e-08
-1.38551e-07
-1.42053e-07
-1.35786e-07
-2.05515e-07
-1.3068e-07
-2.65467e-07
-1.23397e-07
-3.20962e-07
-1.14153e-07
-3.71169e-07
-1.03193e-07
-4.15383e-07
-9.0779e-08
-4.53024e-07
-7.71733e-08
-4.83637e-07
-6.26336e-08
-5.06881e-07
-4.74047e-08
-5.22527e-07
-3.17157e-08
-5.30446e-07
-1.5779e-08
-5.30606e-07
2.08671e-10
-5.23062e-07
1.60615e-08
-5.07955e-07
3.15954e-08
-4.85507e-07
4.66317e-08
-4.56026e-07
6.09942e-08
-4.19906e-07
7.45073e-08
-3.7763e-07
8.69939e-08
-3.29772e-07
9.82768e-08
-2.76999e-07
1.08182e-07
-2.20063e-07
1.16544e-07
-1.59802e-07
1.23213e-07
-9.7118e-08
1.2806e-07
-3.29703e-08
1.30985e-07
3.16485e-08
1.31925e-07
9.5733e-08
1.30854e-07
1.58289e-07
1.27796e-07
2.18358e-07
1.22812e-07
2.75031e-07
1.16001e-07
3.27471e-07
1.07488e-07
3.74919e-07
9.74249e-08
4.16706e-07
8.59755e-08
4.52253e-07
7.33145e-08
4.81074e-07
5.9621e-08
5.02775e-07
4.50748e-08
5.17046e-07
2.98562e-08
5.23669e-07
1.4147e-08
5.22509e-07
-1.86651e-09
5.13521e-07
-1.7993e-08
4.96753e-07
-3.40373e-08
4.72354e-07
-4.97922e-08
4.40579e-07
-6.50347e-08
4.01797e-07
-7.9525e-08
3.565e-07
-9.30088e-08
3.05307e-07
-1.05221e-07
2.48964e-07
-1.15891e-07
1.88346e-07
-1.24758e-07
1.2444e-07
-1.31578e-07
5.83353e-08
-1.36143e-07
-8.80923e-09
-1.38302e-07
-7.57963e-08
-1.37975e-07
-1.41435e-07
-1.35175e-07
-2.04581e-07
-1.30002e-07
-2.6417e-07
-1.22624e-07
-3.19243e-07
-1.1326e-07
-3.68959e-07
-1.0216e-07
-4.12604e-07
-8.95885e-08
-4.49592e-07
-7.58156e-08
-4.79466e-07
-6.11039e-08
-5.01885e-07
-4.57045e-08
-5.16625e-07
-2.98526e-08
-5.23562e-07
-1.37669e-08
-5.22674e-07
2.34886e-09
-5.1403e-07
1.83017e-08
-4.97785e-07
3.39009e-08
-4.74185e-07
4.89614e-08
-4.43558e-07
6.33019e-08
-4.06323e-07
7.67424e-08
-3.62992e-07
8.91031e-08
-3.14165e-07
1.00206e-07
-2.60538e-07
1.09878e-07
-2.0289e-07
1.17958e-07
-1.42079e-07
1.24301e-07
-7.90264e-08
1.28788e-07
-1.47045e-08
1.3133e-07
4.98882e-08
1.31873e-07
1.13747e-07
1.30409e-07
1.75886e-07
1.26971e-07
2.3536e-07
1.21635e-07
2.91281e-07
1.14508e-07
3.42834e-07
1.05726e-07
3.89288e-07
9.54419e-08
4.3e-07
8.38255e-08
4.6442e-07
7.10516e-08
4.92089e-07
5.72978e-08
5.12635e-07
4.27407e-08
5.25774e-07
2.75562e-08
5.31304e-07
1.19208e-08
5.29108e-07
-3.98549e-09
5.19151e-07
-1.99787e-08
5.01492e-07
-3.58705e-08
4.76285e-07
-5.14602e-08
4.43788e-07
-6.6531e-08
4.0437e-07
-8.08497e-08
3.58519e-07
-9.41677e-08
3.06849e-07
-1.06225e-07
2.50097e-07
-1.16759e-07
1.89126e-07
-1.2551e-07
1.24913e-07
-1.32241e-07
5.85295e-08
-1.36746e-07
-1.38875e-07
-7.80863e-08
-6.95718e-08
-1.4569e-07
-6.81828e-08
-2.10753e-07
-6.5617e-08
-2.72192e-07
-6.19579e-08
-3.29032e-07
-5.73131e-08
-3.80419e-07
-5.18059e-08
-4.2563e-07
-4.55675e-08
-4.64073e-07
-3.87303e-08
-4.95283e-07
-3.14238e-08
-5.18917e-07
-2.37712e-08
-5.34744e-07
-1.58881e-08
-5.42642e-07
-7.88141e-09
-5.42583e-07
1.49741e-10
-5.34633e-07
8.11188e-09
-5.18949e-07
1.59111e-08
-4.95774e-07
2.34566e-08
-4.65439e-07
3.06594e-08
-4.28363e-07
3.74315e-08
-3.85054e-07
4.36844e-08
-3.36107e-07
4.93304e-08
-2.82209e-07
5.42835e-08
-2.24127e-07
5.84624e-08
-1.62707e-07
6.17932e-08
-9.88602e-08
6.42131e-08
-3.35478e-08
6.56731e-08
3.22354e-08
6.61417e-08
9.74828e-08
6.56071e-08
1.61199e-07
6.408e-08
2.2242e-07
6.15911e-08
2.80232e-07
5.81883e-08
3.33787e-07
5.39338e-08
3.82311e-07
4.89009e-08
4.25115e-07
4.3171e-08
4.61599e-07
3.68303e-08
4.91253e-07
2.99674e-08
5.13655e-07
2.26723e-08
5.28476e-07
1.50353e-08
5.35475e-07
7.14831e-09
5.34503e-07
-8.94075e-10
5.25504e-07
-8.99439e-09
5.08521e-07
-1.70545e-08
4.83699e-07
-2.49701e-08
4.51293e-07
-3.26288e-08
4.11678e-07
-3.99099e-08
3.65355e-07
-4.66852e-08
3.12955e-07
-5.28213e-08
2.55246e-07
-5.81828e-08
1.93126e-07
-6.26377e-08
1.27612e-07
-6.60639e-08
5.9826e-08
-6.83575e-08
-9.03398e-09
-6.94419e-08
-7.77312e-08
-6.92776e-08
-1.45035e-07
-6.78709e-08
-2.09765e-07
-6.5272e-08
-2.70823e-07
-6.15654e-08
-3.27223e-07
-5.68607e-08
-3.78099e-07
-5.12833e-08
-4.22721e-07
-4.49666e-08
-4.60491e-07
-3.8046e-08
-4.90941e-07
-3.06538e-08
-5.13729e-07
-2.29163e-08
-5.2863e-07
-1.49522e-08
-5.35525e-07
-6.87157e-09
-5.34399e-07
1.22309e-09
-5.25332e-07
9.23447e-09
-5.08496e-07
1.70654e-08
-4.84157e-07
2.46219e-08
-4.52668e-07
3.18127e-08
-4.14473e-07
3.85474e-08
-3.70106e-07
4.47366e-08
-3.20192e-07
5.0292e-08
-2.65443e-07
5.51284e-08
-2.06651e-07
5.91662e-08
-1.44685e-07
6.23348e-08
-8.04718e-08
6.45754e-08
-1.49864e-08
6.58444e-08
5.07708e-08
6.6116e-08
1.15794e-07
6.53853e-08
1.79096e-07
6.36696e-08
2.39726e-07
6.10053e-08
2.96789e-07
5.74452e-08
3.49459e-07
5.30555e-08
3.96989e-07
4.79122e-08
4.38716e-07
4.20982e-08
4.74068e-07
3.57001e-08
5.02559e-07
2.88061e-08
5.23796e-07
2.15045e-08
5.37468e-07
1.38835e-08
5.43357e-07
6.03254e-09
5.41328e-07
-1.95688e-09
5.31341e-07
-9.9912e-09
5.13446e-07
-1.79756e-08
4.87794e-07
-2.5809e-08
4.54646e-07
-3.33823e-08
4.14374e-07
-4.05778e-08
3.67477e-07
-4.72704e-08
3.14581e-07
-5.33296e-08
2.56444e-07
-5.86226e-08
1.93954e-07
-6.30198e-08
1.28114e-07
-6.64013e-08
6.00334e-08
-6.86647e-08
-6.97345e-08
-7.87569e-08
-1.4694e-07
-2.12557e-07
-2.74515e-07
-3.31828e-07
-3.83634e-07
-4.29201e-07
-4.67931e-07
-4.99355e-07
-5.23126e-07
-5.39015e-07
-5.46896e-07
-5.46746e-07
-5.38634e-07
-5.22723e-07
-4.99267e-07
-4.68607e-07
-4.31176e-07
-3.87491e-07
-3.38161e-07
-2.83877e-07
-2.25415e-07
-1.63622e-07
-9.94087e-08
-3.37355e-08
3.24062e-08
9.80133e-08
1.62093e-07
2.23684e-07
2.81873e-07
3.35806e-07
3.84707e-07
4.27878e-07
4.64709e-07
4.94676e-07
5.17348e-07
5.32384e-07
5.39532e-07
5.38638e-07
5.29643e-07
5.12589e-07
4.87619e-07
4.5499e-07
4.1508e-07
3.68395e-07
3.15574e-07
2.57391e-07
1.94753e-07
1.28689e-07
6.03319e-08
-9.11001e-09
-7.83876e-08
-1.46259e-07
-2.11531e-07
-2.73096e-07
-3.29957e-07
-3.8124e-07
-4.26207e-07
-4.64253e-07
-4.94906e-07
-5.17823e-07
-5.32775e-07
-5.39646e-07
-5.38423e-07
-5.29189e-07
-5.12123e-07
-4.87502e-07
-4.55689e-07
-4.17141e-07
-3.72405e-07
-3.22113e-07
-2.66984e-07
-2.07818e-07
-1.45483e-07
-8.09079e-08
-1.50635e-08
5.10525e-08
1.16438e-07
1.80107e-07
2.41113e-07
2.98558e-07
3.51613e-07
3.99526e-07
4.41624e-07
4.77324e-07
5.0613e-07
5.27634e-07
5.41518e-07
5.47551e-07
5.45594e-07
5.35602e-07
5.17627e-07
4.91818e-07
4.58435e-07
4.17858e-07
3.70587e-07
3.17258e-07
2.58635e-07
1.95615e-07
1.29214e-07
6.05494e-08
)
;

boundaryField
{
    top
    {
        type            calculated;
        value           nonuniform List<scalar> 
102
(
4.1359e-25
-4.1359e-25
0
0
0
0
-8.27181e-25
0
0
0
0
0
-1.65436e-24
0
0
0
0
0
0
0
0
0
0
0
0
0
0
0
0
0
0
0
0
0
0
0
0
1.65436e-24
0
0
0
0
0
0
0
0
0
0
0
0
0
0
0
0
0
0
0
8.27181e-25
0
0
0
0
0
0
0
0
0
0
0
0
0
0
0
0
0
0
0
0
0
0
0
0
0
0
0
0
0
0
-1.65436e-24
0
0
0
0
0
0
8.27181e-25
0
0
0
0
0
0
)
;
    }
    bottom
    {
        type            calculated;
        value           uniform 0;
    }
    frontAndBack
    {
        type            empty;
        value           nonuniform 0();
    }
    left_cyc
    {
        type            cyclic;
        value           nonuniform List<scalar> 
30
(
-4.19074e-09
-6.31889e-09
-7.0838e-09
-7.41442e-09
-7.48355e-09
-7.34721e-09
-7.04224e-09
-6.60054e-09
-6.04801e-09
-5.40595e-09
-4.69151e-09
-3.91848e-09
-3.09794e-09
-2.23896e-09
-1.34927e-09
-4.35885e-10
4.94332e-10
1.4341e-09
2.37522e-09
3.30825e-09
4.22222e-09
5.10459e-09
5.94123e-09
6.71671e-09
7.41467e-09
8.01839e-09
8.51151e-09
8.87885e-09
9.107e-09
9.18513e-09
)
;
    }
    right_cyc
    {
        type            cyclic;
        value           nonuniform List<scalar> 
30
(
4.19074e-09
6.31889e-09
7.0838e-09
7.41442e-09
7.48355e-09
7.34721e-09
7.04224e-09
6.60054e-09
6.04801e-09
5.40595e-09
4.69151e-09
3.91848e-09
3.09794e-09
2.23896e-09
1.34927e-09
4.35885e-10
-4.94332e-10
-1.4341e-09
-2.37522e-09
-3.30825e-09
-4.22222e-09
-5.10459e-09
-5.94123e-09
-6.71671e-09
-7.41467e-09
-8.01839e-09
-8.51151e-09
-8.87885e-09
-9.107e-09
-9.18513e-09
)
;
    }
}


// ************************************************************************* //
