/*--------------------------------*- C++ -*----------------------------------*\
| =========                 |                                                 |
| \\      /  F ield         | OpenFOAM: The Open Source CFD Toolbox           |
|  \\    /   O peration     | Version:  2.3.0                                 |
|   \\  /    A nd           | Web:      www.OpenFOAM.org                      |
|    \\/     M anipulation  |                                                 |
\*---------------------------------------------------------------------------*/
FoamFile
{
    version     2.0;
    format      ascii;
    class       volVectorField;
    location    "13000";
    object      U;
}
// * * * * * * * * * * * * * * * * * * * * * * * * * * * * * * * * * * * * * //

dimensions      [0 1 -1 0 0 0 0];

internalField   nonuniform List<vector> 
3060
(
(1.67596 0 -2.33426)
(4.2815 0 -2.24439)
(6.76335 0 -2.07505)
(9.04708 0 -1.82594)
(11.0606 0 -1.49818)
(12.7377 0 -1.09803)
(14.024 0 -0.643217)
(14.888 0 -0.170677)
(15.3347 0 0.261652)
(15.4197 0 0.591937)
(15.2363 0 0.784806)
(14.8815 0 0.85202)
(14.3992 0 0.83571)
(13.795 0 0.775848)
(13.0405 0 0.697422)
(12.1042 0 0.617722)
(10.9724 0 0.566811)
(9.65397 0 0.563445)
(8.17552 0 0.575783)
(6.61464 0 0.554365)
(5.08794 0 0.490437)
(3.69636 0 0.397855)
(2.50674 0 0.29807)
(1.53403 0 0.212229)
(0.739007 0 0.154948)
(0.0455249 0 0.133197)
(-0.639509 0 0.148971)
(-1.41031 0 0.200816)
(-2.34676 0 0.282721)
(-3.4951 0 0.381265)
(-4.8488 0 0.47584)
(-6.34686 0 0.544515)
(-7.89254 0 0.57238)
(-9.36826 0 0.562737)
(-10.6875 0 0.561298)
(-11.8176 0 0.604969)
(-12.7465 0 0.679929)
(-13.4843 0 0.754242)
(-14.0608 0 0.807712)
(-14.5023 0 0.815205)
(-14.8047 0 0.738734)
(-14.9264 0 0.539646)
(-14.7765 0 0.209543)
(-14.2701 0 -0.217085)
(-13.3545 0 -0.680744)
(-12.0271 0 -1.12467)
(-10.3211 0 -1.51258)
(-8.29189 0 -1.82692)
(-6.00699 0 -2.06125)
(-3.53975 0 -2.21411)
(-0.966214 0 -2.28542)
(1.63626 0 -2.27486)
(4.18979 0 -2.18258)
(6.6173 0 -2.00874)
(8.84327 0 -1.75357)
(10.7954 0 -1.41936)
(12.4085 0 -1.01471)
(13.6319 0 -0.56127)
(14.44 0 -0.100957)
(14.8474 0 0.306133)
(14.9181 0 0.603943)
(14.7428 0 0.768863)
(14.4023 0 0.819859)
(13.9265 0 0.797242)
(13.312 0 0.736378)
(12.5269 0 0.659657)
(11.546 0 0.589461)
(10.3651 0 0.558039)
(9.00081 0 0.566782)
(7.49618 0 0.569803)
(5.95134 0 0.530301)
(4.48254 0 0.453065)
(3.1779 0 0.35534)
(2.0858 0 0.259349)
(1.19812 0 0.184256)
(0.457826 0 0.141385)
(-0.220308 0 0.135286)
(-0.931545 0 0.166528)
(-1.76626 0 0.232113)
(-2.79316 0 0.323269)
(-4.03852 0 0.423306)
(-5.47263 0 0.510383)
(-7.01915 0 0.564448)
(-8.56922 0 0.574235)
(-10.0106 0 0.56068)
(-11.2823 0 0.57554)
(-12.3633 0 0.637187)
(-13.2502 0 0.718733)
(-13.9619 0 0.793833)
(-14.5327 0 0.845258)
(-14.9832 0 0.844029)
(-15.2992 0 0.747752)
(-15.4233 0 0.518053)
(-15.2508 0 0.155829)
(-14.6982 0 -0.293169)
(-13.7222 0 -0.765865)
(-12.3294 0 -1.20902)
(-10.5584 0 -1.59133)
(-8.46734 0 -1.89883)
(-6.12465 0 -2.12708)
(-3.60315 0 -2.27559)
(-0.977669 0 -2.34469)
(1.38416 0 -3.65746)
(3.54988 0 -3.55235)
(5.65204 0 -3.35689)
(7.65711 0 -3.07646)
(9.54021 0 -2.72106)
(11.2891 0 -2.30791)
(12.9073 0 -1.86415)
(14.4133 0 -1.42661)
(15.8307 0 -1.03355)
(17.17 0 -0.706654)
(18.4081 0 -0.434568)
(19.4848 0 -0.175411)
(20.3262 0 0.121441)
(20.8608 0 0.497679)
(21.0186 0 0.971265)
(20.7204 0 1.51251)
(19.8735 0 2.02252)
(18.4569 0 2.40894)
(16.5128 0 2.63931)
(14.1383 0 2.69314)
(11.5149 0 2.58239)
(8.85183 0 2.32578)
(6.33291 0 1.98644)
(4.06003 0 1.65797)
(2.02776 0 1.42242)
(0.145122 0 1.3288)
(-1.72302 0 1.39408)
(-3.71494 0 1.60581)
(-5.93134 0 1.92021)
(-8.39329 0 2.2594)
(-11.0147 0 2.52823)
(-13.6195 0 2.65625)
(-15.9996 0 2.62075)
(-17.9649 0 2.40668)
(-19.4068 0 2.03097)
(-20.2801 0 1.52352)
(-20.5942 0 0.970562)
(-20.4391 0 0.477361)
(-19.8968 0 0.0809385)
(-19.04 0 -0.233401)
(-17.9425 0 -0.505662)
(-16.6801 0 -0.784911)
(-15.3137 0 -1.11183)
(-13.868 0 -1.49823)
(-12.3358 0 -1.92447)
(-10.6957 0 -2.35402)
(-8.93118 0 -2.75099)
(-7.04023 0 -3.08855)
(-5.0363 0 -3.34946)
(-2.94522 0 -3.52367)
(-0.801129 0 -3.60582)
(1.35761 0 -3.59365)
(3.49164 0 -3.48749)
(5.56328 0 -3.2903)
(7.54017 0 -3.00845)
(9.39926 0 -2.65358)
(11.1309 0 -2.2452)
(12.7412 0 -1.81276)
(14.2492 0 -1.39354)
(15.6748 0 -1.0217)
(17.0186 0 -0.709651)
(18.2454 0 -0.436794)
(19.2881 0 -0.158217)
(20.0711 0 0.17413)
(20.5205 0 0.595685)
(20.5633 0 1.11083)
(20.112 0 1.6639)
(19.0889 0 2.14225)
(17.5065 0 2.47866)
(15.4196 0 2.64725)
(12.9606 0 2.63871)
(10.3322 0 2.4703)
(7.73767 0 2.17507)
(5.33492 0 1.83328)
(3.18211 0 1.53924)
(1.23375 0 1.36247)
(-0.624557 0 1.33811)
(-2.53399 0 1.47106)
(-4.6223 0 1.7366)
(-6.96224 0 2.0767)
(-9.53181 0 2.40283)
(-12.2032 0 2.62581)
(-14.7823 0 2.69564)
(-17.0595 0 2.59564)
(-18.872 0 2.32242)
(-20.144 0 1.89962)
(-20.8415 0 1.36982)
(-21.0121 0 0.839102)
(-20.7493 0 0.390325)
(-20.128 0 0.0376124)
(-19.2184 0 -0.244975)
(-18.0923 0 -0.502666)
(-16.8231 0 -0.785973)
(-15.4628 0 -1.13067)
(-14.024 0 -1.53846)
(-12.491 0 -1.98146)
(-10.8397 0 -2.42038)
(-9.0553 0 -2.82057)
(-7.13848 0 -3.15765)
(-5.10515 0 -3.41657)
(-2.98284 0 -3.58875)
(-0.806722 0 -3.66969)
(1.31563 0 -5.81849)
(3.38001 0 -5.67093)
(5.39979 0 -5.39853)
(7.35204 0 -5.01252)
(9.21955 0 -4.5314)
(10.9914 0 -3.98283)
(12.6616 0 -3.40398)
(14.2236 0 -2.83676)
(15.6632 0 -2.31467)
(16.9543 0 -1.84536)
(18.0629 0 -1.4046)
(18.9593 0 -0.949747)
(19.6267 0 -0.440208)
(20.0625 0 0.153723)
(20.2763 0 0.849128)
(20.2812 0 1.65316)
(20.061 0 2.57439)
(19.5239 0 3.61169)
(18.5157 0 4.62987)
(16.8812 0 5.31602)
(14.5677 0 5.54025)
(11.7529 0 5.36233)
(8.73866 0 4.90409)
(5.76984 0 4.36083)
(2.94417 0 3.93414)
(0.22986 0 3.75645)
(-2.47046 0 3.87581)
(-5.25891 0 4.25712)
(-8.18258 0 4.78116)
(-11.1684 0 5.2532)
(-13.9923 0 5.46871)
(-16.3519 0 5.29519)
(-18.044 0 4.66388)
(-19.092 0 3.66414)
(-19.6473 0 2.61063)
(-19.8677 0 1.6667)
(-19.8552 0 0.840713)
(-19.6316 0 0.122871)
(-19.1848 0 -0.493162)
(-18.5049 0 -1.02268)
(-17.5941 0 -1.49351)
(-16.4695 0 -1.94427)
(-15.1611 0 -2.41571)
(-13.7031 0 -2.93139)
(-12.1231 0 -3.48509)
(-10.4367 0 -4.04522)
(-8.6525 0 -4.57119)
(-6.77814 0 -5.02654)
(-4.82574 0 -5.38399)
(-2.81332 0 -5.62534)
(-0.764147 0 -5.73986)
(1.29524 0 -5.72287)
(3.33739 0 -5.57504)
(5.3364 0 -5.30251)
(7.27019 0 -4.91777)
(9.12227 0 -4.44121)
(10.8819 0 -3.90261)
(12.5419 0 -3.34025)
(14.0925 0 -2.79404)
(15.5151 0 -2.29048)
(16.7795 0 -1.8277)
(17.8514 0 -1.37579)
(18.7039 0 -0.893108)
(19.3234 0 -0.343403)
(19.7112 0 0.298022)
(19.8797 0 1.04337)
(19.8367 0 1.89852)
(19.5433 0 2.87471)
(18.8762 0 3.93961)
(17.6751 0 4.87269)
(15.8028 0 5.38263)
(13.2968 0 5.4463)
(10.4028 0 5.14916)
(7.41675 0 4.64275)
(4.52658 0 4.13932)
(1.76843 0 3.81762)
(-0.925103 0 3.7747)
(-3.66031 0 4.02425)
(-6.52378 0 4.49687)
(-9.51971 0 5.03872)
(-12.5099 0 5.43984)
(-15.2213 0 5.52326)
(-17.3672 0 5.18303)
(-18.8262 0 4.38355)
(-19.6968 0 3.33456)
(-20.1377 0 2.32287)
(-20.2942 0 1.43329)
(-20.2353 0 0.657818)
(-19.9651 0 -0.0103997)
(-19.4694 0 -0.580403)
(-18.7415 0 -1.07255)
(-17.7875 0 -1.51962)
(-16.628 0 -1.9641)
(-15.295 0 -2.44618)
(-13.8213 0 -2.98213)
(-12.2301 0 -3.55624)
(-10.5328 0 -4.13113)
(-8.73507 0 -4.66523)
(-6.84405 0 -5.1237)
(-4.87217 0 -5.48142)
(-2.83829 0 -5.72195)
(-0.766558 0 -5.83571)
(1.25874 0 -7.90421)
(3.23705 0 -7.72878)
(5.18092 0 -7.40621)
(7.07191 0 -6.95141)
(8.89438 0 -6.38676)
(10.6347 0 -5.74201)
(12.2789 0 -5.05226)
(13.8083 0 -4.35251)
(15.1976 0 -3.66826)
(16.4156 0 -3.00559)
(17.4334 0 -2.34852)
(18.2316 0 -1.66741)
(18.8021 0 -0.932037)
(19.1454 0 -0.119157)
(19.2672 0 0.786358)
(19.1732 0 1.79521)
(18.8673 0 2.91688)
(18.3662 0 4.14475)
(17.6762 0 5.44401)
(16.695 0 6.75516)
(15.1625 0 7.83763)
(12.8895 0 8.25451)
(9.99019 0 8.03638)
(6.78951 0 7.50436)
(3.53272 0 7.00736)
(0.294736 0 6.7856)
(-2.93461 0 6.92703)
(-6.17149 0 7.36823)
(-9.36306 0 7.89307)
(-12.2962 0 8.16195)
(-14.6428 0 7.83781)
(-16.2485 0 6.82033)
(-17.2627 0 5.51154)
(-17.9578 0 4.19844)
(-18.4556 0 2.95079)
(-18.7579 0 1.80527)
(-18.8463 0 0.771884)
(-18.7165 0 -0.158128)
(-18.3636 0 -0.994678)
(-17.7824 0 -1.75128)
(-16.9726 0 -2.44926)
(-15.9426 0 -3.1169)
(-14.712 0 -3.7822)
(-13.3097 0 -4.46048)
(-11.767 0 -5.1463)
(-10.1107 0 -5.81538)
(-8.3606 0 -6.43389)
(-6.53216 0 -6.96763)
(-4.6401 0 -7.38765)
(-2.7008 0 -7.67236)
(-0.733025 0 -7.80786)
(1.24262 0 -7.78773)
(3.20497 0 -7.61292)
(5.13381 0 -7.29176)
(7.01096 0 -6.84007)
(8.82062 0 -6.28145)
(10.5482 0 -5.64651)
(12.1774 0 -4.97004)
(13.6868 0 -4.28444)
(15.048 0 -3.60987)
(16.2294 0 -2.94616)
(17.2041 0 -2.27354)
(17.9554 0 -1.56288)
(18.4774 0 -0.787268)
(18.7722 0 0.0724889)
(18.8454 0 1.02832)
(18.7011 0 2.09014)
(18.3458 0 3.26446)
(17.8005 0 4.53307)
(17.041 0 5.85568)
(15.9033 0 7.13225)
(14.1079 0 7.99215)
(11.5837 0 8.13826)
(8.55273 0 7.76828)
(5.33647 0 7.23582)
(2.1007 0 6.85741)
(-1.12853 0 6.80933)
(-4.37197 0 7.11604)
(-7.62678 0 7.65064)
(-10.7802 0 8.13612)
(-13.5437 0 8.21521)
(-15.6238 0 7.60643)
(-16.9844 0 6.4208)
(-17.8714 0 5.10184)
(-18.5083 0 3.81707)
(-18.961 0 2.61419)
(-19.2125 0 1.5222)
(-19.2506 0 0.541047)
(-19.0717 0 -0.33948)
(-18.6696 0 -1.13065)
(-18.0395 0 -1.84951)
(-17.1828 0 -2.52144)
(-16.1103 0 -3.17754)
(-14.8446 0 -3.84524)
(-13.4159 0 -4.5351)
(-11.8543 0 -5.23526)
(-10.1834 0 -5.91673)
(-8.42029 0 -6.54372)
(-6.5785 0 -7.08219)
(-4.67203 0 -7.50421)
(-2.71723 0 -7.78939)
(-0.733264 0 -7.92472)
(1.19741 0 -9.83488)
(3.08055 0 -9.63863)
(4.93396 0 -9.278)
(6.74065 0 -8.76949)
(8.48452 0 -8.13662)
(10.1494 0 -7.40863)
(11.717 0 -6.61751)
(13.1651 0 -5.79272)
(14.4667 0 -4.95424)
(15.593 0 -4.10673)
(16.5192 0 -3.23928)
(17.2288 0 -2.33185)
(17.7148 0 -1.36402)
(17.9772 0 -0.320184)
(18.0199 0 0.809057)
(17.8495 0 2.02832)
(17.4758 0 3.34066)
(16.9133 0 4.74946)
(16.1706 0 6.25157)
(15.2489 0 7.81392)
(14.1113 0 9.32498)
(12.5415 0 10.5355)
(10.2004 0 11.0115)
(7.1803 0 10.8147)
(3.81915 0 10.4228)
(0.335416 0 10.2172)
(-3.14997 0 10.3359)
(-6.5228 0 10.6814)
(-9.59194 0 10.9112)
(-12.031 0 10.5388)
(-13.6778 0 9.39925)
(-14.8403 0 7.90147)
(-15.7664 0 6.32864)
(-16.5109 0 4.8046)
(-17.0719 0 3.3708)
(-17.4426 0 2.03272)
(-17.6082 0 0.787442)
(-17.559 0 -0.367815)
(-17.2888 0 -1.43655)
(-16.7941 0 -2.42653)
(-16.0751 0 -3.35146)
(-15.1392 0 -4.22994)
(-14.0029 0 -5.08046)
(-12.691 0 -5.91318)
(-11.2325 0 -6.72365)
(-9.65521 0 -7.49271)
(-7.9823 0 -8.19189)
(-6.23309 0 -8.79022)
(-4.42474 0 -9.2595)
(-2.57405 0 -9.57733)
(-0.698426 0 -9.72861)
(1.18402 0 -9.70613)
(3.05494 0 -9.51098)
(4.89636 0 -9.15241)
(6.69108 0 -8.64749)
(8.42234 0 -8.02031)
(10.0726 0 -7.30014)
(11.6218 0 -6.51792)
(13.0453 0 -5.70039)
(14.3147 0 -4.86329)
(15.4016 0 -4.007)
(16.2827 0 -3.11839)
(16.9442 0 -2.17824)
(17.3809 0 -1.16891)
(17.5937 0 -0.0782294)
(17.5868 0 1.10015)
(17.367 0 2.36918)
(16.9457 0 3.73193)
(16.3375 0 5.19039)
(15.5453 0 6.73396)
(14.5701 0 8.30294)
(13.3159 0 9.74659)
(11.4801 0 10.7152)
(8.84663 0 10.8918)
(5.67174 0 10.5862)
(2.25679 0 10.2764)
(-1.23826 0 10.2409)
(-4.70338 0 10.5166)
(-8.00365 0 10.9032)
(-10.8801 0 10.9663)
(-13.0071 0 10.2744)
(-14.4308 0 8.94715)
(-15.4999 0 7.40708)
(-16.3758 0 5.85315)
(-17.0713 0 4.37389)
(-17.5862 0 2.99016)
(-17.9082 0 1.70219)
(-18.0238 0 0.506432)
(-17.9243 0 -0.600226)
(-17.6039 0 -1.62336)
(-17.0594 0 -2.57393)
(-16.2923 0 -3.46905)
(-15.3119 0 -4.32972)
(-14.1371 0 -5.1745)
(-12.7945 0 -6.0106)
(-11.3128 0 -6.82905)
(-9.71778 0 -7.60671)
(-8.03062 0 -8.31284)
(-6.26877 0 -8.91577)
(-4.44826 0 -9.38756)
(-2.58537 0 -9.70642)
(-0.697404 0 -9.85782)
(1.12882 0 -11.6747)
(2.90398 0 -11.4586)
(4.65097 0 -11.0608)
(6.35287 0 -10.4983)
(7.99269 0 -9.79426)
(9.55256 0 -8.97651)
(11.0125 0 -8.07406)
(12.3497 0 -7.113)
(13.5388 0 -6.11151)
(14.5548 0 -5.07639)
(15.3764 0 -4.00311)
(15.9899 0 -2.8799)
(16.3887 0 -1.69332)
(16.5721 0 -0.432261)
(16.5432 0 0.910473)
(16.3074 0 2.33794)
(15.8729 0 3.84947)
(15.2517 0 5.43998)
(14.4591 0 7.09839)
(13.5109 0 8.80912)
(12.4114 0 10.5382)
(11.1102 0 12.1679)
(9.38865 0 13.3981)
(6.90127 0 13.8895)
(3.77249 0 13.8599)
(0.346203 0 13.7624)
(-3.0962 0 13.7932)
(-6.27838 0 13.8151)
(-8.87309 0 13.4013)
(-10.679 0 12.25)
(-12.01 0 10.6418)
(-13.1172 0 8.90376)
(-14.0678 0 7.17427)
(-14.8612 0 5.49351)
(-15.482 0 3.87784)
(-15.9149 0 2.33937)
(-16.1475 0 0.884169)
(-16.1716 0 -0.486081)
(-15.982 0 -1.77313)
(-15.5762 0 -2.98254)
(-14.9552 0 -4.12367)
(-14.1255 0 -5.20823)
(-13.1012 0 -6.24659)
(-11.9035 0 -7.24247)
(-10.5576 0 -8.189)
(-9.08941 0 -9.06845)
(-7.5225 0 -9.85556)
(-5.87771 0 -10.5223)
(-4.17377 0 -11.042)
(-2.42837 0 -11.3928)
(-0.658914 0 -11.5595)
(1.11706 0 -11.5348)
(2.882 0 -11.3196)
(4.6184 0 -10.9236)
(6.30883 0 -10.3637)
(7.93544 0 -9.66333)
(9.47905 0 -8.84976)
(10.9181 0 -7.95081)
(12.2284 0 -6.99025)
(13.3838 0 -5.9832)
(14.3597 0 -4.93361)
(15.1366 0 -3.83553)
(15.7026 0 -2.67777)
(16.0525 0 -1.44896)
(16.1866 0 -0.140674)
(16.1082 0 1.25162)
(15.823 0 2.72877)
(15.3402 0 4.28814)
(14.6733 0 5.92217)
(13.838 0 7.61739)
(12.848 0 9.35506)
(11.6951 0 11.0795)
(10.2746 0 12.6096)
(8.28115 0 13.577)
(5.49905 0 13.8318)
(2.22253 0 13.7755)
(-1.24178 0 13.7773)
(-4.61873 0 13.8885)
(-7.6177 0 13.8296)
(-9.89202 0 13.141)
(-11.4711 0 11.767)
(-12.7076 0 10.0912)
(-13.7665 0 8.36075)
(-14.6754 0 6.66167)
(-15.4249 0 5.01932)
(-15.9989 0 3.44836)
(-16.3826 0 1.95821)
(-16.5652 0 0.552646)
(-16.5392 0 -0.768622)
(-16.2998 0 -2.00968)
(-15.8447 0 -3.17877)
(-15.1761 0 -4.28786)
(-14.3021 0 -5.35041)
(-13.2387 0 -6.37686)
(-12.0084 0 -7.36902)
(-10.6368 0 -8.31696)
(-9.14867 0 -9.19999)
(-7.56608 0 -9.99079)
(-5.90835 0 -10.6603)
(-4.19302 0 -11.1817)
(-2.43701 0 -11.5332)
(-0.657308 0 -11.7)
(1.05104 0 -13.3976)
(2.70303 0 -13.162)
(4.32683 0 -12.7278)
(5.90512 0 -12.1117)
(7.42026 0 -11.3362)
(8.85365 0 -10.4276)
(10.1853 0 -9.41289)
(11.3934 0 -8.31626)
(12.4554 0 -7.1555)
(13.35 0 -5.93974)
(14.0596 0 -4.66965)
(14.5722 0 -3.33996)
(14.882 0 -1.94324)
(14.9878 0 -0.472904)
(14.8922 0 1.07502)
(14.6002 0 2.70099)
(14.1192 0 4.40176)
(13.46 0 6.17001)
(12.6358 0 7.993)
(11.6619 0 9.85165)
(10.5526 0 11.7191)
(9.31124 0 13.552)
(7.86187 0 15.2219)
(5.96089 0 16.4193)
(3.3618 0 16.9732)
(0.32298 0 17.0947)
(-2.7446 0 16.9595)
(-5.43266 0 16.4439)
(-7.4291 0 15.3134)
(-8.91786 0 13.6704)
(-10.171 0 11.8319)
(-11.2851 0 9.94942)
(-12.2621 0 8.07121)
(-13.0882 0 6.22474)
(-13.7482 0 4.42992)
(-14.2287 0 2.70067)
(-14.5188 0 1.04542)
(-14.611 0 -0.531399)
(-14.5005 0 -2.02881)
(-14.1852 0 -3.44916)
(-13.6663 0 -4.79732)
(-12.9499 0 -6.07911)
(-12.0481 0 -7.29843)
(-10.9784 0 -8.45379)
(-9.7626 0 -9.53575)
(-8.42361 0 -10.5268)
(-6.9838 0 -11.4033)
(-5.46397 0 -12.1392)
(-3.88347 0 -12.7096)
(-2.26069 0 -13.0932)
(-0.613551 0 -13.2752)
(1.04018 0 -13.2482)
(2.68276 0 -13.0133)
(4.29638 0 -12.5799)
(5.86305 0 -11.9647)
(7.3642 0 -11.19)
(8.78013 0 -10.2816)
(10.0896 0 -9.26504)
(11.27 0 -8.16277)
(12.2984 0 -6.99032)
(13.1539 0 -5.75497)
(13.8203 0 -4.45649)
(14.2871 0 -3.09016)
(14.5496 0 -1.65019)
(14.6074 0 -0.132245)
(14.4636 0 1.46522)
(14.1236 0 3.14032)
(13.5956 0 4.88767)
(12.8912 0 6.69757)
(12.0247 0 8.55452)
(11.011 0 10.4368)
(9.863 0 12.3145)
(8.56432 0 14.1251)
(6.97873 0 15.6672)
(4.799 0 16.6298)
(1.97412 0 17.021)
(-1.12466 0 17.0897)
(-4.08922 0 16.8821)
(-6.51352 0 16.1708)
(-8.26321 0 14.8189)
(-9.6433 0 13.0835)
(-10.8482 0 11.2348)
(-11.9236 0 9.36655)
(-12.8599 0 7.51482)
(-13.6426 0 5.70428)
(-14.2566 0 3.95239)
(-14.6892 0 2.27033)
(-14.9307 0 0.664263)
(-14.9742 0 -0.86353)
(-14.8153 0 -2.31445)
(-14.4524 0 -3.69324)
(-13.8876 0 -5.00693)
(-13.1283 0 -6.2627)
(-12.1881 0 -7.46462)
(-11.0858 0 -8.60998)
(-9.8433 0 -9.68728)
(-8.48308 0 -10.6768)
(-7.02646 0 -11.5532)
(-5.49308 0 -12.2894)
(-3.9012 0 -12.8599)
(-2.26836 0 -13.2434)
(-0.611852 0 -13.4251)
(0.964027 0 -14.9896)
(2.47795 0 -14.7344)
(3.96316 0 -14.263)
(5.402 0 -13.5919)
(6.77651 0 -12.7431)
(8.06821 0 -11.7421)
(9.25788 0 -10.6146)
(10.3257 0 -9.38416)
(11.2522 0 -8.06929)
(12.0194 0 -6.68166)
(12.613 0 -5.22629)
(13.023 0 -3.70311)
(13.2446 0 -2.10957)
(13.2767 0 -0.442972)
(13.1218 0 1.29767)
(12.7847 0 3.11025)
(12.2726 0 4.98891)
(11.5953 0 6.92358)
(10.7646 0 8.89948)
(9.79445 0 10.8973)
(8.69823 0 12.8938)
(7.49007 0 14.8614)
(6.16695 0 16.7462)
(4.62816 0 18.3825)
(2.65733 0 19.4792)
(0.27068 0 19.8675)
(-2.1491 0 19.5317)
(-4.19832 0 18.4899)
(-5.78539 0 16.8836)
(-7.12552 0 14.995)
(-8.34015 0 13.0137)
(-9.44162 0 10.9995)
(-10.4156 0 8.98068)
(-11.2489 0 6.9801)
(-11.9278 0 5.01768)
(-12.4402 0 3.10922)
(-12.7763 0 1.26598)
(-12.9289 0 -0.504832)
(-12.8933 0 -2.19959)
(-12.6673 0 -3.81763)
(-12.252 0 -5.35996)
(-11.6525 0 -6.82758)
(-10.8787 0 -8.21922)
(-9.94535 0 -9.52894)
(-8.87042 0 -10.7446)
(-7.6739 0 -11.8479)
(-6.37619 0 -12.8156)
(-4.99721 0 -13.6228)
(-3.5562 0 -14.2454)
(-2.07183 0 -14.6628)
(-0.562475 0 -14.8605)
(0.95364 0 -14.8311)
(2.45831 0 -14.5759)
(3.93329 0 -14.104)
(5.36015 0 -13.4318)
(6.72009 0 -12.5808)
(7.99369 0 -11.5758)
(9.16087 0 -10.4415)
(10.2012 0 -9.20007)
(11.0951 0 -7.86828)
(11.8252 0 -6.45664)
(12.378 0 -4.96967)
(12.7448 0 -3.40782)
(12.9217 0 -1.76991)
(12.9084 0 -0.0552171)
(12.708 0 1.73496)
(12.3256 0 3.59608)
(11.7691 0 5.51992)
(11.0491 0 7.49407)
(10.1781 0 9.50155)
(9.16993 0 11.5215)
(8.03771 0 13.5305)
(6.79508 0 15.4961)
(5.4085 0 17.338)
(3.72087 0 18.8222)
(1.54702 0 19.6874)
(-0.905202 0 19.8362)
(-3.21383 0 19.2591)
(-5.0545 0 17.9983)
(-6.52024 0 16.2704)
(-7.80903 0 14.3553)
(-8.98963 0 12.3765)
(-10.0544 0 10.3772)
(-10.9896 0 8.38283)
(-11.7816 0 6.41575)
(-12.417 0 4.4942)
(-12.8843 0 2.6317)
(-13.1745 0 0.837172)
(-13.2811 0 -0.884518)
(-13.1996 0 -2.53217)
(-12.9287 0 -4.10735)
(-12.4701 0 -5.61289)
(-11.8301 0 -7.05095)
(-11.0198 0 -8.42047)
(-10.0546 0 -9.71481)
(-8.95305 0 -10.9204)
(-7.73484 0 -12.0173)
(-6.41969 0 -12.9811)
(-5.02661 0 -13.7857)
(-3.57393 0 -14.4065)
(-2.07951 0 -14.8226)
(-0.56099 0 -15.0194)
(0.868364 0 -16.4365)
(2.23056 0 -16.1612)
(3.5637 0 -15.6519)
(4.85002 0 -14.925)
(6.07174 0 -14.0024)
(7.21106 0 -12.909)
(8.25011 0 -11.6705)
(9.17132 0 -10.3106)
(9.95811 0 -8.84921)
(10.5958 0 -7.3005)
(11.073 0 -5.6732)
(11.382 0 -3.9715)
(11.5191 0 -2.1969)
(11.484 0 -0.350125)
(11.2796 0 1.56705)
(10.911 0 3.55018)
(10.3855 0 5.59115)
(9.71246 0 7.6777)
(8.90327 0 9.79307)
(7.9712 0 11.9165)
(6.93048 0 14.0247)
(5.79704 0 16.0944)
(4.59291 0 18.0917)
(3.30904 0 19.92)
(1.86143 0 21.3099)
(0.204699 0 21.8781)
(-1.47323 0 21.4061)
(-2.95652 0 20.0685)
(-4.25706 0 18.2471)
(-5.46676 0 16.2369)
(-6.60505 0 14.1504)
(-7.65038 0 12.0232)
(-8.58608 0 9.87767)
(-9.398 0 7.73656)
(-10.0728 0 5.62115)
(-10.5991 0 3.54916)
(-10.9673 0 1.53413)
(-11.1701 0 -0.414402)
(-11.2024 0 -2.29041)
(-11.0617 0 -4.09044)
(-10.7482 0 -5.81209)
(-10.2657 0 -7.45231)
(-9.62198 0 -9.00557)
(-8.82875 0 -10.4622)
(-7.90086 0 -11.8073)
(-6.85535 0 -13.021)
(-5.71035 0 -14.08)
(-4.48438 0 -14.9592)
(-3.19602 0 -15.6349)
(-1.86379 0 -16.0869)
(-0.506183 0 -16.3007)
(0.858294 0 -16.269)
(2.21114 0 -15.9929)
(3.53386 0 -15.4817)
(4.80794 0 -14.7515)
(6.01485 0 -13.8236)
(7.13602 0 -12.7224)
(8.15296 0 -11.4726)
(9.04774 0 -10.0971)
(9.80379 0 -8.61428)
(10.4069 0 -7.03778)
(10.8465 0 -5.37605)
(11.1157 0 -3.63382)
(11.2116 0 -1.81379)
(11.135 0 0.0814933)
(10.8889 0 2.0481)
(10.4792 0 4.07912)
(9.91357 0 6.16399)
(9.20216 0 8.28808)
(8.35694 0 10.4326)
(7.39154 0 12.5757)
(6.32032 0 14.6946)
(5.16188 0 16.7662)
(3.93388 0 18.7441)
(2.59703 0 20.4757)
(1.05469 0 21.6239)
(-0.642957 0 21.8275)
(-2.25461 0 21.0127)
(-3.64905 0 19.4732)
(-4.90715 0 17.5836)
(-6.09463 0 15.562)
(-7.20592 0 13.4797)
(-8.2198 0 11.3651)
(-9.12124 0 9.24142)
(-9.8962 0 7.13146)
(-10.5319 0 5.05509)
(-11.0173 0 3.0279)
(-11.3438 0 1.06104)
(-11.5044 0 -0.838388)
(-11.4947 0 -2.66675)
(-11.3127 0 -4.42269)
(-10.9593 0 -6.10546)
(-10.4394 0 -7.71303)
(-9.76149 0 -9.24017)
(-8.9381 0 -10.6768)
(-7.98447 0 -12.0071)
(-6.91752 0 -13.2102)
(-5.75496 0 -14.2614)
(-4.51464 0 -15.1352)
(-3.21437 0 -15.807)
(-1.87192 0 -16.2564)
(-0.505072 0 -16.4686)
(0.764942 0 -17.7253)
(1.96331 0 -17.4297)
(3.13282 0 -16.8825)
(4.25601 0 -16.1)
(5.31574 0 -15.1043)
(6.29529 0 -13.9205)
(7.17849 0 -12.5749)
(7.95011 0 -11.0923)
(8.59636 0 -9.4939)
(9.10561 0 -7.79666)
(9.46908 0 -6.01249)
(9.68132 0 -4.14916)
(9.74021 0 -2.21162)
(9.64672 0 -0.203588)
(9.40446 0 1.87061)
(9.01931 0 4.0043)
(8.49916 0 6.1874)
(7.85383 0 8.40567)
(7.09507 0 10.6404)
(6.23676 0 12.869)
(5.29515 0 15.0657)
(4.29009 0 17.2033)
(3.25159 0 19.248)
(2.21471 0 21.116)
(1.1852 0 22.567)
(0.14401 0 23.1792)
(-0.900016 0 22.6744)
(-1.93169 0 21.2728)
(-2.96666 0 19.4074)
(-4.00436 0 17.3494)
(-5.01142 0 15.1951)
(-5.9557 0 12.9793)
(-6.81652 0 10.728)
(-7.57733 0 8.46669)
(-8.22408 0 6.21866)
(-8.74486 0 4.00356)
(-9.12973 0 1.8369)
(-9.37076 0 -0.269705)
(-9.46206 0 -2.30797)
(-9.40004 0 -4.27189)
(-9.18379 0 -6.15602)
(-8.81549 0 -7.95386)
(-8.3007 0 -9.65625)
(-7.64839 0 -11.2502)
(-6.87046 0 -12.7181)
(-5.98114 0 -14.0385)
(-4.99621 0 -15.1866)
(-3.93249 0 -16.1372)
(-2.80745 0 -16.866)
(-1.63899 0 -17.3527)
(-0.445306 0 -17.5826)
(0.755221 0 -17.5485)
(1.94417 0 -17.2515)
(3.10319 0 -16.7009)
(4.21416 0 -15.9128)
(5.25926 0 -14.909)
(6.22116 0 -13.714)
(7.08327 0 -12.3534)
(7.83014 0 -10.851)
(8.44807 0 -9.22755)
(8.92585 0 -7.49938)
(9.25537 0 -5.67843)
(9.43195 0 -3.77302)
(9.45424 0 -1.78925)
(9.32388 0 0.267465)
(9.04509 0 2.3907)
(8.6243 0 4.57135)
(8.06999 0 6.79682)
(7.39258 0 9.0505)
(6.60452 0 11.3117)
(5.72047 0 13.5564)
(4.75773 0 15.7589)
(3.73918 0 17.8926)
(2.69999 0 19.9145)
(1.66757 0 21.695)
(0.633525 0 22.9067)
(-0.411841 0 23.1233)
(-1.44907 0 22.2524)
(-2.47873 0 20.6576)
(-3.51817 0 18.7291)
(-4.55161 0 16.6554)
(-5.54248 0 14.4995)
(-6.46414 0 12.2918)
(-7.29801 0 10.059)
(-8.02848 0 7.82624)
(-8.64227 0 5.61525)
(-9.12811 0 3.44353)
(-9.4767 0 1.32421)
(-9.68066 0 -0.733578)
(-9.73466 0 -2.72391)
(-9.63575 0 -4.64277)
(-9.38372 0 -6.48627)
(-8.98155 0 -8.24888)
(-8.43558 0 -9.92183)
(-7.75538 0 -11.4919)
(-6.95322 0 -12.9411)
(-6.04335 0 -14.2469)
(-5.04128 0 -15.3841)
(-3.96333 0 -16.3264)
(-2.82637 0 -17.0492)
(-1.64762 0 -17.5319)
(-0.444618 0 -17.7597)
(0.654687 0 -18.8445)
(1.67869 0 -18.5291)
(2.67478 0 -17.9446)
(3.62625 0 -17.108)
(4.51703 0 -16.0417)
(5.33183 0 -14.7718)
(6.0564 0 -13.3253)
(6.67786 0 -11.7286)
(7.18508 0 -10.0048)
(7.56914 0 -8.17327)
(7.82385 0 -6.24894)
(7.94589 0 -4.24265)
(7.93493 0 -2.16233)
(7.79334 0 -0.0144111)
(7.52593 0 2.19441)
(7.13967 0 4.45541)
(6.64344 0 6.75653)
(6.04803 0 9.08163)
(5.36622 0 11.4099)
(4.61329 0 13.7159)
(3.80782 0 15.9702)
(2.97356 0 18.1386)
(2.14468 0 20.1768)
(1.36932 0 21.996)
(0.688956 0 23.3774)
(0.0970609 0 23.9515)
(-0.487645 0 23.4766)
(-1.15378 0 22.1433)
(-1.91754 0 20.3308)
(-2.74063 0 18.2833)
(-3.57316 0 16.1004)
(-4.3786 0 13.8278)
(-5.13214 0 11.499)
(-5.81468 0 9.14394)
(-6.41063 0 6.78857)
(-6.90696 0 4.45474)
(-7.29274 0 2.15999)
(-7.55896 0 -0.0821121)
(-7.69858 0 -2.26115)
(-7.70675 0 -4.36873)
(-7.58108 0 -6.39668)
(-7.32196 0 -8.33545)
(-6.93276 0 -10.1727)
(-6.41988 0 -11.8925)
(-5.7925 0 -13.4746)
(-5.06217 0 -14.8953)
(-4.24231 0 -16.1287)
(-3.34783 0 -17.148)
(-2.3947 0 -17.9285)
(-1.39978 0 -18.4491)
(-0.380464 0 -18.6949)
(0.64548 0 -18.6585)
(1.66021 0 -18.3409)
(2.64603 0 -17.7517)
(3.58565 0 -16.9076)
(4.46243 0 -15.8306)
(5.26063 0 -14.5465)
(5.96569 0 -13.0817)
(6.56461 0 -11.4619)
(7.04642 0 -9.71005)
(7.40262 0 -7.84512)
(7.62756 0 -5.88217)
(7.71866 0 -3.8327)
(7.67627 0 -1.70575)
(7.50344 0 0.490608)
(7.20562 0 2.74762)
(6.79039 0 5.05414)
(6.26723 0 7.39559)
(5.64761 0 9.75335)
(4.94516 0 12.1044)
(4.17626 0 14.4217)
(3.36119 0 16.6747)
(2.52703 0 18.8278)
(1.71442 0 20.8278)
(0.973706 0 22.5472)
(0.333512 0 23.6951)
(-0.242605 0 23.8992)
(-0.852231 0 23.0799)
(-1.55918 0 21.5537)
(-2.35318 0 19.6637)
(-3.18752 0 17.5858)
(-4.01697 0 15.3913)
(-4.81078 0 13.1203)
(-5.54681 0 10.8055)
(-6.20747 0 8.47557)
(-6.77819 0 6.15463)
(-7.24672 0 3.86227)
(-7.60277 0 1.61355)
(-7.83795 0 -0.580465)
(-7.94584 0 -2.71168)
(-7.92223 0 -4.77365)
(-7.76542 0 -6.75969)
(-7.47652 0 -8.66123)
(-7.05959 0 -10.4664)
(-6.52159 0 -12.1592)
(-5.87205 0 -13.7192)
(-5.12261 0 -15.1222)
(-4.28654 0 -16.3415)
(-3.37839 0 -17.3501)
(-2.41368 0 -18.1228)
(-1.40867 0 -18.6382)
(-0.380173 0 -18.8812)
(0.538456 0 -19.7842)
(1.37896 0 -19.4498)
(2.19332 0 -18.83)
(2.96608 0 -17.9423)
(3.68263 0 -16.8099)
(4.32944 0 -15.4599)
(4.89434 0 -13.921)
(5.36677 0 -12.221)
(5.73809 0 -10.3852)
(6.00193 0 -8.43546)
(6.15442 0 -6.38926)
(6.19435 0 -4.26027)
(6.12314 0 -2.05908)
(5.94467 0 0.205387)
(5.66513 0 2.52424)
(5.2927 0 4.88674)
(4.83742 0 7.27898)
(4.31122 0 9.68279)
(3.72808 0 12.075)
(3.1046 0 14.4272)
(2.461 0 16.705)
(1.8229 0 18.8671)
(1.2248 0 20.8576)
(0.712739 0 22.5802)
(0.32878 0 23.8417)
(0.0607969 0 24.3505)
(-0.197588 0 23.9262)
(-0.562587 0 22.7109)
(-1.05893 0 21.0004)
(-1.64748 0 19.0061)
(-2.28033 0 16.8327)
(-2.92102 0 14.538)
(-3.54287 0 12.1639)
(-4.12505 0 9.74506)
(-4.65056 0 7.31088)
(-5.10512 0 4.88562)
(-5.4766 0 2.48886)
(-5.75478 0 0.136111)
(-5.93132 0 -2.1602)
(-5.99996 0 -4.3894)
(-5.95673 0 -6.54084)
(-5.80022 0 -8.60222)
(-5.5317 0 -10.5584)
(-5.15517 0 -12.3905)
(-4.67729 0 -14.0759)
(-4.10708 0 -15.5887)
(-3.45559 0 -16.901)
(-2.73562 0 -17.9848)
(-1.96139 0 -18.8141)
(-1.14821 0 -19.3669)
(-0.312207 0 -19.6279)
(0.530007 0 -19.5892)
(1.36171 0 -19.2521)
(2.16639 0 -18.6263)
(2.9281 0 -17.7293)
(3.63176 0 -16.584)
(4.2635 0 -15.2173)
(4.81095 0 -13.6574)
(5.26352 0 -11.9318)
(5.61277 0 -10.0656)
(5.85274 0 -8.08055)
(5.98008 0 -5.99449)
(5.99424 0 -3.82175)
(5.89732 0 -1.57406)
(5.69389 0 0.738088)
(5.39078 0 3.10371)
(4.99683 0 5.50969)
(4.52274 0 7.93952)
(3.98117 0 10.3724)
(3.38703 0 12.7829)
(2.75819 0 15.1401)
(2.11675 0 17.4078)
(1.49144 0 19.5414)
(0.921952 0 21.4753)
(0.457247 0 23.083)
(0.126301 0 24.1213)
(-0.121138 0 24.3047)
(-0.412349 0 23.5737)
(-0.831546 0 22.167)
(-1.37056 0 20.3613)
(-1.98292 0 18.3193)
(-2.62525 0 16.1224)
(-3.26576 0 13.8214)
(-3.88047 0 11.4556)
(-4.45023 0 9.05753)
(-4.95919 0 6.65443)
(-5.39393 0 4.26807)
(-5.74302 0 1.91542)
(-5.9969 0 -0.390533)
(-6.14788 0 -2.63966)
(-6.19037 0 -4.82322)
(-6.12109 0 -6.93201)
(-5.93931 0 -8.95474)
(-5.64693 0 -10.8768)
(-5.24849 0 -12.6795)
(-4.751 0 -14.3401)
(-4.16361 0 -15.8325)
(-3.49734 0 -17.1283)
(-2.76475 0 -18.1992)
(-1.97967 0 -19.019)
(-1.15697 0 -19.5655)
(-0.312242 0 -19.8231)
(0.416994 0 -20.5357)
(1.06606 0 -20.1839)
(1.6916 0 -19.5318)
(2.2799 0 -18.5973)
(2.81821 0 -17.4051)
(3.29503 0 -15.9835)
(3.70038 0 -14.3627)
(4.02603 0 -12.5723)
(4.2657 0 -10.64)
(4.41532 0 -8.58963)
(4.47316 0 -6.44138)
(4.43992 0 -4.21138)
(4.31868 0 -1.91267)
(4.1148 0 0.443581)
(3.83573 0 2.84637)
(3.49084 0 5.28308)
(3.09124 0 7.73798)
(2.64979 0 10.1909)
(2.18134 0 12.6165)
(1.70316 0 14.983)
(1.23573 0 17.2519)
(0.803976 0 19.3755)
(0.438952 0 21.29)
(0.177649 0 22.8967)
(0.0488037 0 24.0306)
(0.0304301 0 24.4737)
(0.0207937 0 24.1002)
(-0.0898508 0 23.0094)
(-0.334536 0 21.4191)
(-0.687723 0 19.5057)
(-1.11148 0 17.374)
(-1.57345 0 15.0903)
(-2.04783 0 12.703)
(-2.51355 0 10.2516)
(-2.95295 0 7.7686)
(-3.35087 0 5.28075)
(-3.69419 0 2.80962)
(-3.9716 0 0.372588)
(-4.17353 0 -2.01599)
(-4.29237 0 -4.34333)
(-4.32265 0 -6.59643)
(-4.26125 0 -8.76051)
(-4.10747 0 -10.8178)
(-3.86318 0 -12.7469)
(-3.53268 0 -14.5227)
(-3.12256 0 -16.1171)
(-2.64152 0 -17.5001)
(-2.10013 0 -18.6422)
(-1.51048 0 -19.5159)
(-0.885991 0 -20.0983)
(-0.241 0 -20.3731)
(0.409589 0 -20.3324)
(1.05072 0 -19.9773)
(1.66759 0 -19.3181)
(2.24607 0 -18.373)
(2.77304 0 -17.1661)
(3.23678 0 -15.7257)
(3.62717 0 -14.0817)
(3.93604 0 -12.2638)
(4.15736 0 -10.2993)
(4.28743 0 -8.21245)
(4.32507 0 -6.0237)
(4.27158 0 -3.74996)
(4.13073 0 -1.40542)
(3.90854 0 0.997133)
(3.61317 0 3.44466)
(3.25463 0 5.92215)
(2.8447 0 8.41121)
(2.39701 0 10.889)
(1.9273 0 13.3273)
(1.45401 0 15.692)
(0.999292 0 17.9416)
(0.59046 0 20.024)
(0.261716 0 21.8661)
(0.0506463 0 23.347)
(-0.0271889 0 24.2719)
(-0.0267619 0 24.4344)
(-0.0667768 0 23.7931)
(-0.230718 0 22.5166)
(-0.522377 0 20.8173)
(-0.907982 0 18.8409)
(-1.35161 0 16.6741)
(-1.82396 0 14.3754)
(-2.30137 0 11.99)
(-2.76428 0 9.55426)
(-3.19613 0 7.09829)
(-3.58261 0 4.64607)
(-3.9113 0 2.2165)
(-4.17157 0 -0.175623)
(-4.35451 0 -2.51823)
(-4.4532 0 -4.80046)
(-4.46286 0 -7.01078)
(-4.38101 0 -9.13542)
(-4.2076 0 -11.1573)
(-3.94499 0 -13.0552)
(-3.59783 0 -14.8041)
(-3.17294 0 -16.3758)
(-2.67902 0 -17.7404)
(-2.12648 0 -18.8678)
(-1.52718 0 -19.7306)
(-0.89413 0 -20.3056)
(-0.241262 0 -20.5767)
(0.290948 0 -21.0915)
(0.741653 0 -20.7245)
(1.17231 0 -20.0439)
(1.57138 0 -19.0689)
(1.92836 0 -17.825)
(2.23404 0 -16.3421)
(2.48077 0 -14.652)
(2.66259 0 -12.7863)
(2.77549 0 -10.7745)
(2.81748 0 -8.64295)
(2.78872 0 -6.41388)
(2.69159 0 -4.1058)
(2.53061 0 -1.73397)
(2.31242 0 0.688339)
(2.04554 0 3.14819)
(1.74028 0 5.63122)
(1.40846 0 8.12002)
(1.06349 0 10.5927)
(0.720449 0 13.0217)
(0.396309 0 15.3729)
(0.110403 0 17.6044)
(-0.115104 0 19.6645)
(-0.255081 0 21.4856)
(-0.283834 0 22.9727)
(-0.187954 0 23.9888)
(0.00308234 0 24.375)
(0.201186 0 24.0458)
(0.312709 0 23.0685)
(0.29982 0 21.6002)
(0.172683 0 19.7838)
(-0.0430038 0 17.7187)
(-0.321453 0 15.4744)
(-0.639918 0 13.104)
(-0.978628 0 10.6502)
(-1.32025 0 8.14819)
(-1.64944 0 5.62686)
(-1.95252 0 3.10958)
(-2.21741 0 0.615436)
(-2.43362 0 -1.83944)
(-2.5924 0 -4.24029)
(-2.68699 0 -6.57197)
(-2.71276 0 -8.81741)
(-2.66731 0 -10.9565)
(-2.55053 0 -12.9653)
(-2.36459 0 -14.8165)
(-2.11379 0 -16.4799)
(-1.80446 0 -17.9235)
(-1.44476 0 -19.1159)
(-1.04443 0 -20.0282)
(-0.614561 0 -20.6364)
(-0.167228 0 -20.9235)
(0.284882 0 -20.8809)
(0.728922 0 -20.5101)
(1.15232 0 -19.8217)
(1.54322 0 -18.8347)
(1.89084 0 -17.5747)
(2.18583 0 -16.0715)
(2.42049 0 -14.3567)
(2.58897 0 -12.462)
(2.68752 0 -10.417)
(2.71456 0 -8.24828)
(2.67076 0 -5.97866)
(2.55912 0 -3.62742)
(2.38483 0 -1.21103)
(2.15519 0 1.25564)
(1.8794 0 3.75762)
(1.5684 0 6.27815)
(1.23467 0 8.79713)
(0.892304 0 11.2898)
(0.557133 0 13.7259)
(0.247069 0 16.0682)
(-0.0173985 0 18.2717)
(-0.212703 0 20.2799)
(-0.312519 0 22.0173)
(-0.292919 0 23.3738)
(-0.152757 0 24.1969)
(0.0537275 0 24.3412)
(0.22659 0 23.7786)
(0.290725 0 22.625)
(0.231058 0 21.0399)
(0.066448 0 19.149)
(-0.176954 0 17.0386)
(-0.474722 0 14.7712)
(-0.805459 0 12.3959)
(-1.15049 0 9.95229)
(-1.49335 0 7.47275)
(-1.81942 0 4.98322)
(-2.11571 0 2.50437)
(-2.37078 0 0.0526694)
(-2.57477 0 -2.35804)
(-2.71961 0 -4.71489)
(-2.79923 0 -7.00422)
(-2.80964 0 -9.21002)
(-2.74905 0 -11.3128)
(-2.61786 0 -13.2893)
(-2.4186 0 -15.1122)
(-2.15582 0 -16.7513)
(-1.83592 0 -18.1748)
(-1.467 0 -19.3511)
(-1.05861 0 -20.2513)
(-0.621567 0 -20.8514)
(-0.167613 0 -21.1342)
(0.160897 0 -21.445)
(0.407228 0 -21.0653)
(0.637788 0 -20.3615)
(0.843669 0 -19.3534)
(1.01696 0 -18.0678)
(1.15099 0 -16.536)
(1.24051 0 -14.7913)
(1.28189 0 -12.8671)
(1.27318 0 -10.7949)
(1.21429 0 -8.60287)
(1.10703 0 -6.3155)
(0.955169 0 -3.95328)
(0.764399 0 -1.5335)
(0.542294 0 0.928653)
(0.298156 0 3.41851)
(0.0428003 0 5.92017)
(-0.211631 0 8.41477)
(-0.451759 0 10.879)
(-0.663002 0 13.2837)
(-0.829559 0 15.5932)
(-0.934398 0 17.7636)
(-0.959414 0 19.7415)
(-0.886398 0 21.4596)
(-0.700588 0 22.8307)
(-0.401415 0 23.7433)
(-0.0225007 0 24.0823)
(0.361921 0 23.7899)
(0.674013 0 22.9118)
(0.874241 0 21.5601)
(0.960199 0 19.849)
(0.946012 0 17.8684)
(0.850007 0 15.6873)
(0.690558 0 13.3602)
(0.484965 0 10.932)
(0.249273 0 8.43942)
(-0.00170067 0 5.91301)
(-0.254341 0 3.37759)
(-0.49627 0 0.853693)
(-0.71644 0 -1.64101)
(-0.905335 0 -4.08996)
(-1.0552 0 -6.47609)
(-1.16019 0 -8.78022)
(-1.21647 0 -10.9801)
(-1.22224 0 -13.0496)
(-1.17769 0 -14.9594)
(-1.08496 0 -16.6772)
(-0.947985 0 -18.1692)
(-0.7724 0 -19.4023)
(-0.565324 0 -20.3461)
(-0.335145 0 -20.9755)
(-0.0912296 0 -21.2726)
(0.156456 0 -21.2286)
(0.397778 0 -20.8448)
(0.622882 0 -20.1325)
(0.822624 0 -19.1115)
(0.988912 0 -17.8087)
(1.11499 0 -16.2553)
(1.19566 0 -14.4849)
(1.22741 0 -12.5308)
(1.2086 0 -10.4249)
(1.13955 0 -8.1957)
(1.02258 0 -5.86828)
(0.862053 0 -3.46404)
(0.664313 0 -1.00149)
(0.43759 0 1.50257)
(0.191822 0 4.03145)
(-0.0615842 0 6.56689)
(-0.309919 0 9.08732)
(-0.539255 0 11.5666)
(-0.734459 0 13.9726)
(-0.879163 0 16.2667)
(-0.955754 0 18.4016)
(-0.945708 0 20.3197)
(-0.831181 0 21.9474)
(-0.600687 0 23.1881)
(-0.264268 0 23.9238)
(0.126976 0 24.053)
(0.491025 0 23.5563)
(0.762352 0 22.5132)
(0.918069 0 21.0424)
(0.964068 0 19.2493)
(0.916632 0 17.2155)
(0.794132 0 15.0041)
(0.614444 0 12.6658)
(0.394288 0 10.2422)
(0.149149 0 7.76724)
(-0.106699 0 5.26844)
(-0.360193 0 2.76786)
(-0.599524 0 0.283435)
(-0.814244 0 -2.16941)
(-0.995481 0 -4.57601)
(-1.13614 0 -6.92077)
(-1.23103 0 -9.18562)
(-1.27689 0 -11.349)
(-1.27241 0 -13.3856)
(-1.21819 0 -15.2661)
(-1.11662 0 -16.9585)
(-0.971757 0 -18.4292)
(-0.789249 0 -19.6452)
(-0.576107 0 -20.576)
(-0.34053 0 -21.1966)
(-0.0916355 0 -21.4892)
(0.0274049 0 -21.5904)
(0.0642205 0 -21.2014)
(0.0903007 0 -20.4803)
(0.0997698 0 -19.4481)
(0.0876305 0 -18.1323)
(0.0499584 0 -16.5657)
(-0.0159566 0 -14.7829)
(-0.111496 0 -12.819)
(-0.236612 0 -10.707)
(-0.389725 0 -8.47681)
(-0.567647 0 -6.15477)
(-0.765523 0 -3.76317)
(-0.976821 0 -1.3211)
(-1.19338 0 1.15459)
(-1.40554 0 3.64769)
(-1.60242 0 6.14102)
(-1.77207 0 8.61461)
(-1.90171 0 11.0441)
(-1.97789 0 13.3995)
(-1.98672 0 15.6444)
(-1.9142 0 17.7345)
(-1.7469 0 19.6168)
(-1.4735 0 21.2272)
(-1.08864 0 22.4882)
(-0.601258 0 23.3104)
(-0.046698 0 23.6103)
(0.512145 0 23.3487)
(1.0101 0 22.5566)
(1.40776 0 21.3145)
(1.69365 0 19.7123)
(1.87215 0 17.8291)
(1.95431 0 15.73)
(1.95356 0 13.4691)
(1.88398 0 11.0915)
(1.7596 0 8.63489)
(1.59401 0 6.13049)
(1.4002 0 3.60415)
(1.19032 0 1.07754)
(0.975495 0 -1.43038)
(0.765601 0 -3.90154)
(0.569009 0 -6.31713)
(0.392429 0 -8.65615)
(0.240845 0 -10.8944)
(0.11751 0 -13.0041)
(0.0239865 0 -14.9538)
(-0.0397757 0 -16.7096)
(-0.0753469 0 -18.236)
(-0.085705 0 -19.4986)
(-0.0751031 0 -20.4655)
(-0.0488987 0 -21.1105)
(-0.0133201 0 -21.4151)
(0.024845 0 -21.37)
(0.0586484 0 -20.9765)
(0.0814119 0 -20.2466)
(0.0871046 0 -19.2008)
(0.0706335 0 -17.8671)
(0.0280587 0 -16.2782)
(-0.043247 0 -14.4691)
(-0.144473 0 -12.4749)
(-0.275264 0 -10.3292)
(-0.433627 0 -8.06227)
(-0.615869 0 -5.70117)
(-0.816558 0 -3.26916)
(-1.02855 0 -0.786567)
(-1.24306 0 1.72814)
(-1.44986 0 4.2568)
(-1.63755 0 6.77991)
(-1.79371 0 9.27484)
(-1.90522 0 11.7144)
(-1.95832 0 14.0659)
(-1.93894 0 16.2897)
(-1.83307 0 18.3385)
(-1.62767 0 20.1557)
(-1.31288 0 21.6728)
(-0.887281 0 22.8072)
(-0.368557 0 23.4684)
(0.195904 0 23.5847)
(0.738208 0 23.1432)
(1.20117 0 22.1985)
(1.55725 0 20.8386)
(1.80233 0 19.1507)
(1.94388 0 17.2087)
(1.994 0 15.0735)
(1.96638 0 12.7958)
(1.87504 0 10.4176)
(1.73379 0 7.97376)
(1.55591 0 5.49258)
(1.354 0 2.9972)
(1.13974 0 0.506726)
(0.923733 0 -1.96208)
(0.715261 0 -4.393)
(0.52207 0 -6.76868)
(0.350254 0 -9.06928)
(0.204234 0 -11.2715)
(0.0867706 0 -13.348)
(-0.000964458 0 -15.268)
(-0.0593042 0 -16.9978)
(-0.0899866 0 -18.5022)
(-0.0960504 0 -19.7468)
(-0.0817156 0 -20.7001)
(-0.0522305 0 -21.3359)
(-0.0136597 0 -21.6357)
(-0.108926 0 -21.5229)
(-0.285837 0 -21.1282)
(-0.467756 0 -20.397)
(-0.657164 0 -19.3507)
(-0.855857 0 -18.018)
(-1.06483 0 -16.4324)
(-1.28418 0 -14.6298)
(-1.51304 0 -12.6464)
(-1.74952 0 -10.5166)
(-1.99053 0 -8.27185)
(-2.23179 0 -5.93971)
(-2.46764 0 -3.54412)
(-2.69107 0 -1.10565)
(-2.89371 0 1.35739)
(-3.066 0 3.82757)
(-3.19743 0 6.28672)
(-3.27674 0 8.7141)
(-3.29227 0 11.0848)
(-3.23225 0 13.3688)
(-3.08521 0 15.5296)
(-2.84057 0 17.5239)
(-2.48965 0 19.3009)
(-2.02748 0 20.8016)
(-1.45633 0 21.9586)
(-0.791764 0 22.7011)
(-0.0694908 0 22.9682)
(0.656155 0 22.7327)
(1.32941 0 22.0163)
(1.9118 0 20.8768)
(2.38569 0 19.3848)
(2.74772 0 17.6079)
(3.00232 0 15.606)
(3.15798 0 13.4307)
(3.22517 0 11.126)
(3.21539 0 8.72943)
(3.14049 0 6.27243)
(3.01227 0 3.7813)
(2.84213 0 1.27841)
(2.64082 0 -1.21628)
(2.41812 0 -3.68348)
(2.18263 0 -6.10292)
(1.94157 0 -8.45206)
(1.70077 0 -10.7051)
(1.46469 0 -12.8328)
(1.23645 0 -14.8022)
(1.01798 0 -16.5779)
(0.8101 0 -18.1233)
(0.612563 0 -19.4025)
(0.424193 0 -20.383)
(0.242966 0 -21.0373)
(0.066167 0 -21.3463)
(-0.109391 0 -21.3005)
(-0.287035 0 -20.9014)
(-0.469857 0 -20.1609)
(-0.660411 0 -19.1007)
(-0.860517 0 -17.7497)
(-1.07112 0 -16.1415)
(-1.29219 0 -14.3123)
(-1.52265 0 -12.2988)
(-1.76026 0 -10.1357)
(-2.00156 0 -7.85511)
(-2.24175 0 -5.48535)
(-2.47465 0 -3.05136)
(-2.69266 0 -0.574983)
(-2.88687 0 1.92389)
(-3.04721 0 4.42595)
(-3.16274 0 6.91076)
(-3.22192 0 9.35504)
(-3.2129 0 11.7312)
(-3.12388 0 14.0065)
(-2.94357 0 16.1416)
(-2.66186 0 18.0905)
(-2.27111 0 19.7997)
(-1.76842 0 21.2072)
(-1.16012 0 22.2438)
(-0.468806 0 22.8402)
(0.261592 0 22.9455)
(0.973523 0 22.5509)
(1.61639 0 21.6944)
(2.16013 0 20.4414)
(2.59331 0 18.8628)
(2.91602 0 17.024)
(3.13443 0 14.9817)
(3.25784 0 12.7848)
(3.29715 0 10.4748)
(3.26395 0 8.0864)
(3.17002 0 5.64825)
(3.02695 0 3.18404)
(2.84582 0 0.71371)
(2.63694 0 -1.74493)
(2.40957 0 -4.17436)
(2.17173 0 -6.55577)
(1.93008 0 -8.86779)
(1.6899 0 -11.0856)
(1.45519 0 -13.1804)
(1.22867 0 -15.1201)
(1.012 0 -16.8695)
(0.805765 0 -18.3925)
(0.609631 0 -19.6534)
(0.422386 0 -20.6198)
(0.242041 0 -21.2647)
(0.0659632 0 -21.5688)
(-0.247391 0 -21.2386)
(-0.641155 0 -20.8425)
(-1.03359 0 -20.109)
(-1.42347 0 -19.06)
(-1.80915 0 -17.7247)
(-2.18855 0 -16.1374)
(-2.55909 0 -14.3347)
(-2.91771 0 -12.3537)
(-3.26072 0 -10.2295)
(-3.58378 0 -7.99455)
(-3.88169 0 -5.67767)
(-4.14832 0 -3.3039)
(-4.37649 0 -0.895014)
(-4.55804 0 1.52953)
(-4.68388 0 3.95142)
(-4.74431 0 6.35178)
(-4.72924 0 8.7095)
(-4.62857 0 10.9997)
(-4.43259 0 13.1926)
(-4.13257 0 15.2528)
(-3.72152 0 17.139)
(-3.19532 0 18.8038)
(-2.5546 0 20.1939)
(-1.80765 0 21.2525)
(-0.974564 0 21.9234)
(-0.0907165 0 22.1621)
(0.79583 0 21.9496)
(1.63611 0 21.301)
(2.39289 0 20.2582)
(3.0444 0 18.8765)
(3.58126 0 17.2126)
(4.00221 0 15.3199)
(4.31099 0 13.2463)
(4.51436 0 11.0342)
(4.62097 0 8.71961)
(4.6405 0 6.33364)
(4.58314 0 3.90254)
(4.45909 0 1.449)
(4.27826 0 -1.00636)
(4.04992 0 -3.44335)
(3.7825 0 -5.84058)
(3.48341 0 -8.1743)
(3.15902 0 -10.4175)
(2.81474 0 -12.5398)
(2.45513 0 -14.5071)
(2.08399 0 -16.2832)
(1.70448 0 -17.8306)
(1.3192 0 -19.1127)
(0.930192 0 -20.0959)
(0.539034 0 -20.7525)
(0.146842 0 -21.0627)
(-0.245596 0 -21.0168)
(-0.637604 0 -20.6161)
(-1.02832 0 -19.8732)
(-1.41653 0 -18.8101)
(-1.80053 0 -17.4564)
(-2.17813 0 -15.8466)
(-2.54661 0 -14.0176)
(-2.90263 0 -12.0069)
(-3.24221 0 -9.85025)
(-3.56059 0 -7.58079)
(-3.85212 0 -5.22809)
(-4.11016 0 -2.81826)
(-4.32705 0 -0.374332)
(-4.49411 0 2.0827)
(-4.60188 0 4.5327)
(-4.64033 0 6.95465)
(-4.59924 0 9.32505)
(-4.46849 0 11.6165)
(-4.23862 0 13.7966)
(-3.90139 0 15.8277)
(-3.45066 0 17.6661)
(-2.88378 0 19.2623)
(-2.20376 0 20.5618)
(-1.42276 0 21.5075)
(-0.5664 0 22.0464)
(0.324291 0 22.1421)
(1.19917 0 21.7883)
(2.01265 0 21.0119)
(2.73343 0 19.8617)
(3.34487 0 18.3949)
(3.84103 0 16.6677)
(4.22274 0 14.7318)
(4.495 0 12.6332)
(4.66535 0 10.4116)
(4.74284 0 8.10093)
(4.73733 0 5.7296)
(4.65896 0 3.32141)
(4.51774 0 0.896745)
(4.32325 0 -1.52582)
(4.08435 0 -3.92779)
(3.80895 0 -6.2892)
(3.50395 0 -8.58746)
(3.17523 0 -10.7966)
(2.82776 0 -12.8868)
(2.46571 0 -14.8248)
(2.09258 0 -16.5748)
(1.71131 0 -18.0998)
(1.32435 0 -19.3634)
(0.93366 0 -20.3325)
(0.540777 0 -20.9795)
(0.146823 0 -21.2847)
(-0.387123 0 -20.7349)
(-0.999533 0 -20.342)
(-1.60377 0 -19.6147)
(-2.19467 0 -18.5752)
(-2.76694 0 -17.2529)
(-3.31532 0 -15.6824)
(-3.83453 0 -13.9007)
(-4.31931 0 -11.9448)
(-4.76433 0 -9.85057)
(-5.16408 0 -7.65089)
(-5.5127 0 -5.37518)
(-5.80383 0 -3.04932)
(-6.03046 0 -0.695916)
(-6.18493 0 1.66478)
(-6.25904 0 4.01386)
(-6.24427 0 6.33211)
(-6.13207 0 8.5984)
(-5.91424 0 10.7882)
(-5.58345 0 12.8729)
(-5.1339 0 14.8186)
(-4.56217 0 16.5868)
(-3.86844 0 18.1341)
(-3.05814 0 19.4139)
(-2.14428 0 20.3785)
(-1.15006 0 20.9841)
(-0.110193 0 21.1976)
(0.931867 0 21.0058)
(1.93209 0 20.4192)
(2.85447 0 19.4684)
(3.67454 0 18.1964)
(4.37828 0 16.6502)
(4.95954 0 14.8764)
(5.41766 0 12.9186)
(5.75574 0 10.816)
(5.97939 0 8.60333)
(6.09583 0 6.31029)
(6.11328 0 3.96273)
(6.04036 0 1.58331)
(5.88573 0 -0.807096)
(5.65781 0 -3.18772)
(5.3645 0 -5.53642)
(5.01308 0 -7.82859)
(4.61021 0 -10.0365)
(4.16205 0 -12.1289)
(3.67441 0 -14.0714)
(3.1529 0 -15.8272)
(2.60302 0 -17.3585)
(2.03023 0 -18.6282)
(1.43996 0 -19.6028)
(0.837549 0 -20.254)
(0.228223 0 -20.5617)
(-0.382959 0 -20.5161)
(-0.990993 0 -20.1186)
(-1.59078 0 -19.382)
(-2.17706 0 -18.3285)
(-2.74446 0 -16.988)
(-3.28754 0 -15.3954)
(-3.80083 0 -13.5879)
(-4.27882 0 -11.6032)
(-4.71584 0 -9.47779)
(-5.10603 0 -7.2452)
(-5.44309 0 -4.93579)
(-5.72021 0 -2.57643)
(-5.92995 0 -0.191021)
(-6.06428 0 2.19873)
(-6.11467 0 4.57219)
(-6.07245 0 6.90816)
(-5.92904 0 9.18325)
(-5.67645 0 11.3707)
(-5.30779 0 13.4394)
(-4.818 0 15.3537)
(-4.20483 0 17.073)
(-3.47018 0 18.5528)
(-2.62197 0 19.7461)
(-1.6767 0 20.6064)
(-0.661856 0 21.093)
(0.383923 0 21.1798)
(1.41582 0 20.8625)
(2.39203 0 20.16)
(3.28078 0 19.1092)
(4.06173 0 17.7553)
(4.72407 0 16.1462)
(5.26393 0 14.3278)
(5.6822 0 12.3423)
(5.98302 0 10.227)
(6.17266 0 8.01446)
(6.25872 0 5.73216)
(6.24956 0 3.40365)
(6.15375 0 1.04942)
(5.97974 0 -1.31153)
(5.73562 0 -3.66005)
(5.42887 0 -5.97538)
(5.06632 0 -8.23408)
(4.65421 0 -10.4094)
(4.19829 0 -12.4709)
(3.70401 0 -14.3849)
(3.17667 0 -16.1151)
(2.62154 0 -17.6243)
(2.04388 0 -18.8758)
(1.44899 0 -19.8363)
(0.84212 0 -20.4778)
(0.228413 0 -20.7807)
(-0.527044 0 -20.0106)
(-1.35825 0 -19.6259)
(-2.17407 0 -18.9139)
(-2.9652 0 -17.8968)
(-3.72263 0 -16.604)
(-4.4378 0 -15.0698)
(-5.10272 0 -13.3307)
(-5.70999 0 -11.4239)
(-6.25269 0 -9.3847)
(-6.72431 0 -7.24618)
(-7.11847 0 -5.03792)
(-7.4288 0 -2.78614)
(-7.64873 0 -0.513901)
(-7.7714 0 1.75813)
(-7.78978 0 4.01078)
(-7.69688 0 6.22484)
(-7.48597 0 8.3795)
(-7.15103 0 10.4511)
(-6.68731 0 12.4123)
(-6.09204 0 14.2316)
(-5.36533 0 15.8736)
(-4.51129 0 17.2997)
(-3.53952 0 18.4697)
(-2.46671 0 19.3443)
(-1.31815 0 19.8892)
(-0.127775 0 20.0801)
(1.06439 0 19.9073)
(2.21797 0 19.3783)
(3.29814 0 18.5157)
(4.27863 0 17.3526)
(5.14184 0 15.9276)
(5.87748 0 14.2805)
(6.48087 0 12.4502)
(6.9515 0 10.4725)
(7.29186 0 8.37956)
(7.50654 0 6.19978)
(7.60148 0 3.95804)
(7.58343 0 1.67656)
(7.45952 0 -0.623804)
(7.23695 0 -2.92212)
(6.92282 0 -5.19585)
(6.52401 0 -7.42)
(6.04725 0 -9.5665)
(5.4993 0 -11.604)
(4.8871 0 -13.498)
(4.21796 0 -15.2118)
(3.49971 0 -16.7079)
(2.7407 0 -17.9496)
(1.94982 0 -18.9032)
(1.13632 0 -19.5408)
(0.309703 0 -19.8422)
(-0.520463 0 -19.7975)
(-1.34461 0 -19.4082)
(-2.15319 0 -18.6871)
(-2.93674 0 -17.6564)
(-3.68607 0 -16.3459)
(-4.39245 0 -14.7902)
(-5.04763 0 -13.0263)
(-5.64395 0 -11.0919)
(-6.17419 0 -9.02304)
(-6.63147 0 -6.85355)
(-7.00906 0 -4.61392)
(-7.3002 0 -2.33139)
(-7.49796 0 -0.0302527)
(-7.5952 0 2.26743)
(-7.58472 0 4.54089)
(-7.45946 0 6.76906)
(-7.21283 0 8.92909)
(-6.83917 0 10.9953)
(-6.33436 0 12.9382)
(-5.6966 0 14.7248)
(-4.92735 0 16.3183)
(-4.03259 0 17.6794)
(-3.02435 0 18.7683)
(-1.92238 0 19.5473)
(-0.755265 0 19.9857)
(0.440318 0 20.0643)
(1.62345 0 19.7801)
(2.75524 0 19.1468)
(3.80387 0 18.192)
(4.74635 0 16.9516)
(5.568 0 15.4655)
(6.26078 0 13.7737)
(6.82176 0 11.9141)
(7.25165 0 9.92117)
(7.55383 0 7.82526)
(7.73343 0 5.65272)
(7.79672 0 3.4264)
(7.75051 0 1.16657)
(7.60186 0 -1.10768)
(7.35773 0 -3.37692)
(7.02492 0 -5.61991)
(6.60993 0 -7.81281)
(6.11913 0 -9.92855)
(5.55892 0 -11.9366)
(4.93591 0 -13.8032)
(4.25711 0 -15.4924)
(3.53009 0 -16.967)
(2.763 0 -18.1908)
(1.96452 0 -19.1307)
(1.14378 0 -19.7589)
(0.310108 0 -20.0555)
(-0.665842 0 -19.0665)
(-1.71396 0 -18.695)
(-2.73926 0 -18.0077)
(-3.72823 0 -17.0266)
(-4.66803 0 -15.7803)
(-5.54682 0 -14.3023)
(-6.3539 0 -12.6285)
(-7.07974 0 -10.7948)
(-7.71594 0 -8.83626)
(-8.25504 0 -6.78511)
(-8.69032 0 -4.67069)
(-9.01554 0 -2.51906)
(-9.22475 0 -0.353315)
(-9.31216 0 1.80585)
(-9.27216 0 3.93936)
(-9.09949 0 6.02833)
(-8.78949 0 8.05258)
(-8.33851 0 9.98962)
(-7.74452 0 11.8139)
(-7.00784 0 13.4966)
(-6.13197 0 15.006)
(-5.12467 0 16.3082)
(-3.99909 0 17.3692)
(-2.77482 0 18.157)
(-1.47853 0 18.6451)
(-0.143385 0 18.8151)
(1.19324 0 18.66)
(2.49372 0 18.1853)
(3.7243 0 17.4077)
(4.85755 0 16.3527)
(5.8731 0 15.0513)
(6.75712 0 13.5374)
(7.50126 0 11.8446)
(8.10155 0 10.0051)
(8.55733 0 8.04832)
(8.87039 0 6.0007)
(9.04424 0 3.88586)
(9.08352 0 1.72527)
(8.99356 0 -0.460607)
(8.78014 0 -2.65102)
(8.44929 0 -4.82347)
(8.00731 0 -6.95302)
(7.46085 0 -9.01178)
(6.81709 0 -10.9687)
(6.08404 0 -12.7901)
(5.27065 0 -14.4398)
(4.38703 0 -15.8812)
(3.44444 0 -17.0783)
(2.45522 0 -17.9984)
(1.43262 0 -18.6138)
(0.390536 0 -18.9049)
(-0.656853 0 -18.8618)
(-1.69527 0 -18.4859)
(-2.71058 0 -17.7898)
(-3.68903 0 -16.7956)
(-4.61758 0 -15.5323)
(-5.48414 0 -14.0338)
(-6.27775 0 -12.3363)
(-6.9886 0 -10.4767)
(-7.608 0 -8.49027)
(-8.12818 0 -6.41033)
(-8.54211 0 -4.26705)
(-8.84323 0 -2.08753)
(-9.02533 0 0.103989)
(-9.08243 0 2.28551)
(-9.00888 0 4.43648)
(-8.79947 0 6.53629)
(-8.44982 0 8.56299)
(-7.95679 0 10.4923)
(-7.31915 0 12.2969)
(-6.53833 0 13.9467)
(-5.61933 0 15.409)
(-4.57181 0 16.6498)
(-3.41121 0 17.6358)
(-2.15971 0 18.3372)
(-0.846508 0 18.7303)
(0.493319 0 18.8011)
(1.82179 0 18.5475)
(3.10228 0 17.9795)
(4.30317 0 17.118)
(5.39962 0 15.9911)
(6.37379 0 14.6317)
(7.21405 0 13.074)
(7.91384 0 11.3514)
(8.47057 0 9.49498)
(8.88462 0 7.5327)
(9.15849 0 5.4893)
(9.29614 0 3.38658)
(9.30244 0 1.24429)
(9.18274 0 -0.91874)
(8.94272 0 -3.08311)
(8.58819 0 -5.22758)
(8.12519 0 -7.3283)
(7.56005 0 -9.35838)
(6.89968 0 -11.2877)
(6.15175 0 -13.0831)
(5.32495 0 -14.7093)
(4.42912 0 -16.1301)
(3.47527 0 -17.3102)
(2.47553 0 -18.217)
(1.44293 0 -18.8234)
(0.391142 0 -19.1098)
(-0.801947 0 -17.9055)
(-2.06269 0 -17.5524)
(-3.29314 0 -16.8996)
(-4.47553 0 -15.968)
(-5.59326 0 -14.7854)
(-6.63122 0 -13.3839)
(-7.57602 0 -11.7978)
(-8.41608 0 -10.0618)
(-9.14154 0 -8.20941)
(-9.7441 0 -6.2718)
(-10.2168 0 -4.27742)
(-10.5535 0 -2.2517)
(-10.7492 0 -0.21727)
(-10.7992 0 1.80554)
(-10.6996 0 3.79812)
(-10.4469 0 5.74219)
(-10.0387 0 7.61854)
(-9.47399 0 9.40615)
(-8.7534 0 11.0816)
(-7.88036 0 12.619)
(-6.86165 0 13.9904)
(-5.70833 0 15.1668)
(-4.43658 0 16.1198)
(-3.06825 0 16.8236)
(-1.63093 0 17.2577)
(-0.157017 0 17.4083)
(1.31812 0 17.2701)
(2.75896 0 16.8471)
(4.13266 0 16.1518)
(5.41108 0 15.2038)
(6.57169 0 14.028)
(7.59767 0 12.6523)
(8.47736 0 11.1058)
(9.20347 0 9.41643)
(9.77221 0 7.61074)
(10.1825 0 5.71289)
(10.4353 0 3.74492)
(10.533 0 1.72724)
(10.479 0 -0.320416)
(10.2773 0 -2.37785)
(9.93293 0 -4.42303)
(9.45136 0 -6.43156)
(8.83904 0 -8.37628)
(8.10355 0 -10.2272)
(7.25385 0 -11.9515)
(6.3005 0 -13.5148)
(5.25583 0 -14.8817)
(4.13395 0 -16.0178)
(2.95067 0 -16.8914)
(1.7232 0 -17.4761)
(0.469823 0 -17.7527)
(-0.790619 0 -17.7117)
(-2.03912 0 -17.3545)
(-3.25692 0 -16.6933)
(-4.42599 0 -15.7494)
(-5.52944 0 -14.5508)
(-6.55187 0 -13.13)
(-7.47963 0 -11.5218)
(-8.30085 0 -9.7616)
(-9.0054 0 -7.88345)
(-9.58469 0 -5.91944)
(-10.0315 0 -3.89887)
(-10.3395 0 -1.84816)
(-10.5035 0 0.208961)
(-10.5187 0 2.25099)
(-10.3813 0 4.25795)
(-10.088 0 6.21002)
(-9.63675 0 8.08643)
(-9.02715 0 9.86461)
(-8.26088 0 11.5198)
(-7.34253 0 13.025)
(-6.28046 0 14.3517)
(-5.08759 0 15.4712)
(-3.78219 0 16.3561)
(-2.38828 0 16.9825)
(-0.93535 0 17.3326)
(0.54283 0 17.396)
(2.01049 0 17.171)
(3.43279 0 16.6653)
(4.77842 0 15.8945)
(6.02124 0 14.8809)
(7.14091 0 13.6511)
(8.12264 0 12.2337)
(8.95654 0 10.6576)
(9.63681 0 8.95042)
(10.1608 0 7.13736)
(10.5283 0 5.24121)
(10.7409 0 3.28246)
(10.8012 0 1.27998)
(10.7127 0 -0.747955)
(10.4798 0 -2.78237)
(10.107 0 -4.80238)
(9.59982 0 -6.78467)
(8.96443 0 -8.70304)
(8.20816 0 -10.5283)
(7.33969 0 -12.2285)
(6.36934 0 -13.7697)
(5.30916 0 -15.1173)
(4.17298 0 -16.2372)
(2.97636 0 -17.0983)
(1.73623 0 -17.6745)
(0.470603 0 -17.9467)
(-0.933546 0 -16.5332)
(-2.39982 0 -16.2038)
(-3.82845 0 -15.5949)
(-5.19752 0 -14.7264)
(-6.48673 0 -13.6246)
(-7.6778 0 -12.3196)
(-8.75473 0 -10.8436)
(-9.70396 0 -9.22932)
(-10.5142 0 -7.50824)
(-11.1764 0 -5.7099)
(-11.6833 0 -3.86127)
(-12.0292 0 -1.98661)
(-12.2097 0 -0.107603)
(-12.2216 0 1.75622)
(-12.0625 0 3.58705)
(-11.7312 0 5.36751)
(-11.2274 0 7.07968)
(-10.5526 0 8.70428)
(-9.71037 0 10.2203)
(-8.70713 0 11.6048)
(-7.55272 0 12.8339)
(-6.26118 0 13.883)
(-4.85122 0 14.729)
(-3.34645 0 15.3512)
(-1.77503 0 15.7337)
(-0.168727 0 15.8659)
(1.43859 0 15.744)
(3.01297 0 15.3706)
(4.52234 0 14.7554)
(5.93805 0 13.9135)
(7.23594 0 12.8647)
(8.3967 0 11.6317)
(9.40569 0 10.2388)
(10.2525 0 8.71025)
(10.9304 0 7.06928)
(11.4353 0 5.3376)
(11.7656 0 3.53537)
(11.9213 0 1.68165)
(11.9037 0 -0.204905)
(11.7153 0 -2.10499)
(11.3597 0 -3.99751)
(10.8416 0 -5.85912)
(10.1671 0 -7.66397)
(9.34425 0 -9.38355)
(8.38286 0 -10.987)
(7.29503 0 -12.4418)
(6.09527 0 -13.7146)
(4.80046 0 -14.7732)
(3.42975 0 -15.5876)
(2.00425 0 -16.133)
(0.54652 0 -16.3911)
(-0.920003 0 -16.3528)
(-2.37165 0 -16.0195)
(-3.78516 0 -15.4029)
(-5.13828 0 -14.5231)
(-6.41037 0 -13.4064)
(-7.58283 0 -12.0836)
(-8.63938 0 -10.5874)
(-9.56616 0 -8.9509)
(-10.3516 0 -7.20644)
(-10.9865 0 -5.38427)
(-11.4633 0 -3.51222)
(-11.7762 0 -1.61549)
(-11.9208 0 0.283206)
(-11.8938 0 2.1633)
(-11.6931 0 4.00572)
(-11.3177 0 5.79178)
(-10.7679 0 7.50219)
(-10.0459 0 9.11639)
(-9.15636 0 10.6122)
(-8.107 0 11.9662)
(-6.90924 0 13.1539)
(-5.57887 0 14.1514)
(-4.13648 0 14.9364)
(-2.60746 0 15.4902)
(-1.02145 0 15.7991)
(0.588803 0 15.8552)
(2.18917 0 15.6574)
(3.74615 0 15.2115)
(5.22879 0 14.5294)
(6.61002 0 13.6285)
(7.86751 0 12.5303)
(8.98378 0 11.2584)
(9.94594 0 9.83724)
(10.7451 0 8.29073)
(11.3756 0 6.64121)
(11.8346 0 4.90926)
(12.121 0 3.11375)
(12.2353 0 1.27241)
(12.1792 0 -0.597362)
(11.9551 0 -2.47738)
(11.5667 0 -4.34761)
(11.0186 0 -6.18571)
(10.317 0 -7.96671)
(9.46945 0 -9.66294)
(8.48565 0 -11.2443)
(7.37746 0 -12.6788)
(6.15909 0 -13.9338)
(4.84713 0 -14.9774)
(3.46044 0 -15.7802)
(2.01979 0 -16.3176)
(0.547434 0 -16.5716)
(-1.05862 0 -14.9582)
(-2.72022 0 -14.6574)
(-4.33712 0 -14.1018)
(-5.88344 0 -13.3096)
(-7.33535 0 -12.3051)
(-8.67155 0 -11.1158)
(-9.87357 0 -9.77161)
(-10.9259 0 -8.3023)
(-11.816 0 -6.73693)
(-12.534 0 -5.10272)
(-13.0724 0 -3.42465)
(-13.4258 0 -1.72526)
(-13.5908 0 -0.0248305)
(-13.5653 0 1.65839)
(-13.3488 0 3.30771)
(-12.9418 0 4.90702)
(-12.3466 0 6.4399)
(-11.5673 0 7.88909)
(-10.61 0 9.23609)
(-9.48415 0 10.4613)
(-8.20235 0 11.5443)
(-6.78125 0 12.4651)
(-5.24166 0 13.2048)
(-3.60851 0 13.7472)
(-1.9104 0 14.0798)
(-0.178619 0 14.1945)
(1.55403 0 14.0882)
(3.25466 0 13.7632)
(4.89174 0 13.2265)
(6.4363 0 12.49)
(7.86289 0 11.5692)
(9.15013 0 10.4825)
(10.2808 0 9.24988)
(11.2417 0 7.89171)
(12.0232 0 6.42795)
(12.6183 0 4.87766)
(13.0229 0 3.25891)
(13.2346 0 1.58911)
(13.2527 0 -0.114474)
(13.078 0 -1.83382)
(12.7126 0 -3.54922)
(12.1605 0 -5.23894)
(11.4277 0 -6.87894)
(10.5224 0 -8.44286)
(9.4553 0 -9.90226)
(8.24001 0 -11.2272)
(6.89309 0 -12.3871)
(5.43405 0 -13.3522)
(3.88525 0 -14.0951)
(2.2715 0 -14.5927)
(0.619457 0 -14.8284)
(-1.04304 0 -14.7934)
(-2.68785 0 -14.4892)
(-4.28738 0 -13.9266)
(-5.81535 0 -13.1241)
(-7.24756 0 -12.1062)
(-8.56235 0 -10.9009)
(-9.74093 0 -9.53845)
(-10.7675 0 -8.04929)
(-11.6294 0 -6.46309)
(-12.3163 0 -4.80779)
(-12.8207 0 -3.10916)
(-13.1373 0 -1.39065)
(-13.2625 0 0.32659)
(-13.1944 0 2.02333)
(-12.9328 0 3.6818)
(-12.4787 0 5.28473)
(-11.8349 0 6.81459)
(-11.0064 0 8.25306)
(-10.0005 0 9.58083)
(-8.82798 0 10.7778)
(-7.50293 0 11.8235)
(-6.04365 0 12.6983)
(-4.47262 0 13.3845)
(-2.81626 0 13.8673)
(-1.10432 0 14.1362)
(0.631195 0 14.1852)
(2.35727 0 14.0135)
(4.04136 0 13.6255)
(5.65277 0 13.0305)
(7.16377 0 12.2421)
(8.55047 0 11.2772)
(9.79314 0 10.1551)
(10.8762 0 8.89624)
(11.7879 0 7.52068)
(12.5199 0 6.04782)
(13.0663 0 4.49584)
(13.4238 0 2.88175)
(13.5905 0 1.22182)
(13.5662 0 -0.467732)
(13.3518 0 -2.1699)
(12.9496 0 -3.86592)
(12.3637 0 -5.53495)
(11.5999 0 -7.15381)
(10.6663 0 -8.69689)
(9.57352 0 -10.1364)
(8.33479 0 -11.4431)
(6.96642 0 -12.5869)
(5.48764 0 -13.5385)
(3.92046 0 -14.2709)
(2.2893 0 -14.7614)
(0.62046 0 -14.9932)
(-1.17505 0 -13.1927)
(-3.01844 0 -12.9254)
(-4.81054 0 -12.4318)
(-6.52179 0 -11.7283)
(-8.12506 0 -10.8366)
(-9.59624 0 -9.78145)
(-10.9146 0 -8.58932)
(-12.0628 0 -7.28694)
(-13.0271 0 -5.90023)
(-13.7968 0 -4.4536)
(-14.3643 0 -2.96948)
(-14.7244 0 -1.46821)
(-14.8745 0 0.0318717)
(-14.8138 0 1.5142)
(-14.5434 0 2.96359)
(-14.0658 0 4.36546)
(-13.3855 0 5.7052)
(-12.5089 0 6.96774)
(-11.445 0 8.13725)
(-10.2058 0 9.19728)
(-8.80625 0 10.1311)
(-7.26535 0 10.9224)
(-5.60558 0 11.5563)
(-3.85293 0 12.0201)
(-2.03633 0 12.3039)
(-0.186817 0 12.4016)
(1.66345 0 12.3108)
(3.48224 0 12.033)
(5.23831 0 11.5739)
(6.90238 0 10.9425)
(8.44801 0 10.1509)
(9.85214 0 9.21381)
(11.0954 0 8.14726)
(12.162 0 6.96801)
(13.0395 0 5.69279)
(13.7187 0 4.3379)
(14.1926 0 2.9191)
(14.4567 0 1.45185)
(14.5083 0 -0.0482441)
(14.3464 0 -1.56483)
(13.9721 0 -3.08007)
(13.3885 0 -4.57432)
(12.6015 0 -6.02592)
(11.6194 0 -7.41123)
(10.4539 0 -8.70474)
(9.11998 0 -9.87969)
(7.63604 0 -10.9088)
(6.0241 0 -11.7655)
(4.30947 0 -12.4252)
(2.5204 0 -12.8673)
(0.68739 0 -13.0767)
(-1.15763 0 -13.0456)
(-2.98235 0 -12.7753)
(-4.7551 0 -12.2756)
(-6.44589 0 -11.563)
(-8.02718 0 -10.6596)
(-9.47446 0 -9.59034)
(-10.7667 0 -8.38226)
(-11.8862 0 -7.06257)
(-12.819 0 -5.65778)
(-13.5543 0 -4.19295)
(-14.0844 0 -2.69124)
(-14.4042 0 -1.17376)
(-14.5111 0 0.340345)
(-14.4046 0 1.83366)
(-14.086 0 3.29005)
(-13.5586 0 4.69399)
(-12.8274 0 6.02998)
(-11.9 0 7.2821)
(-10.7865 0 8.43393)
(-9.50001 0 9.46868)
(-8.05732 0 10.3697)
(-6.47873 0 11.1212)
(-4.78825 0 11.7091)
(-3.01311 0 12.122)
(-1.18319 0 12.3517)
(0.669908 0 12.3937)
(2.51386 0 12.2473)
(4.3167 0 11.9161)
(6.04784 0 11.4071)
(7.67905 0 10.7309)
(9.18517 0 9.90101)
(10.5447 0 8.93273)
(11.7396 0 7.84254)
(12.7557 0 6.64715)
(13.582 0 5.36289)
(14.21 0 4.00539)
(14.6339 0 2.58959)
(14.8499 0 1.13003)
(14.8556 0 -0.358601)
(14.6504 0 -1.86081)
(14.2358 0 -3.35959)
(13.6149 0 -4.83609)
(12.7935 0 -6.26943)
(11.7799 0 -7.63662)
(10.5857 0 -8.91281)
(9.22562 0 -10.0718)
(7.71773 0 -11.0867)
(6.08375 0 -11.9315)
(4.34861 0 -12.582)
(2.54015 0 -13.0178)
(0.688438 0 -13.2238)
(-1.28066 0 -11.2514)
(-3.28898 0 -11.0221)
(-5.24002 0 -10.5986)
(-7.1009 0 -9.99524)
(-8.84151 0 -9.23073)
(-10.4352 0 -8.32643)
(-11.8592 0 -7.30515)
(-13.0946 0 -6.18989)
(-14.1263 0 -5.00303)
(-14.9432 0 -3.76561)
(-15.5374 0 -2.49706)
(-15.9039 0 -1.21502)
(-16.0409 0 0.0645753)
(-15.9485 0 1.32727)
(-15.6294 0 2.55971)
(-15.0879 0 3.74916)
(-14.3307 0 4.88308)
(-13.3663 0 5.94874)
(-12.2061 0 6.93303)
(-10.8643 0 7.82258)
(-9.35826 0 8.60402)
(-7.70866 0 9.26454)
(-5.93939 0 9.79251)
(-4.07729 0 10.1781)
(-2.15166 0 10.4138)
(-0.193459 0 10.4949)
(1.76541 0 10.4193)
(3.69299 0 10.1884)
(5.55812 0 9.80646)
(7.33118 0 9.28037)
(8.98489 0 8.61952)
(10.4948 0 7.83522)
(11.8398 0 6.94013)
(13.0018 0 5.94763)
(13.9662 0 4.87131)
(14.7212 0 3.72464)
(15.2577 0 2.52094)
(15.569 0 1.27347)
(15.6505 0 -0.00416311)
(15.4999 0 -1.29763)
(15.117 0 -2.5914)
(14.5045 0 -3.86841)
(13.6679 0 -5.1099)
(12.6159 0 -6.29541)
(11.3608 0 -7.40294)
(9.91901 0 -8.4094)
(8.3106 0 -9.2913)
(6.55979 0 -10.0257)
(4.6946 0 -10.5915)
(2.74637 0 -10.9708)
(0.749062 0 -11.1505)
(-1.26167 0 -11.1238)
(-3.2497 0 -10.8919)
(-5.17972 0 -10.4632)
(-7.01835 0 -9.85218)
(-8.73503 0 -9.07772)
(-10.3027 0 -8.16154)
(-11.6982 0 -7.12682)
(-12.9024 0 -5.99702)
(-13.9 0 -4.79501)
(-14.6796 0 -3.54244)
(-15.2333 0 -2.25933)
(-15.5565 0 -0.963991)
(-15.6472 0 0.326931)
(-15.5061 0 1.59825)
(-15.1362 0 2.83584)
(-14.5426 0 4.02623)
(-13.7325 0 5.15613)
(-12.7158 0 6.2122)
(-11.505 0 7.18091)
(-10.1156 0 8.04868)
(-8.56632 0 8.80228)
(-6.87931 0 9.42932)
(-5.07976 0 9.91895)
(-3.19561 0 10.2624)
(-1.25696 0 10.4533)
(0.704732 0 10.4883)
(2.65744 0 10.3668)
(4.56943 0 10.0916)
(6.41008 0 9.66825)
(8.15068 0 9.1048)
(9.76509 0 8.41165)
(11.2302 0 7.60079)
(12.5263 0 6.68524)
(13.6367 0 5.67841)
(14.5482 0 4.59363)
(15.25 0 3.44391)
(15.734 0 2.24192)
(15.9943 0 1.00023)
(16.0269 0 -0.268323)
(15.83 0 -1.55014)
(15.4037 0 -2.83039)
(14.7507 0 -4.0927)
(13.8768 0 -5.31895)
(12.7905 0 -6.48928)
(11.5042 0 -7.58223)
(10.0339 0 -8.57521)
(8.39935 0 -9.44515)
(6.62454 0 -10.1695)
(4.73704 0 -10.7274)
(2.76773 0 -11.1013)
(0.750111 0 -11.2782)
(-1.3735 0 -9.14681)
(-3.5268 0 -8.95943)
(-5.61756 0 -8.61351)
(-7.60997 0 -8.12083)
(-9.47135 0 -7.49672)
(-11.1729 0 -6.75872)
(-12.6898 0 -5.92553)
(-14.0021 0 -5.01601)
(-15.0935 0 -4.04848)
(-15.9524 0 -3.04023)
(-16.5706 0 -2.00722)
(-16.9434 0 -0.963956)
(-17.0695 0 0.0764264)
(-16.9501 0 1.10197)
(-16.5889 0 2.10152)
(-15.992 0 3.0645)
(-15.1676 0 3.98062)
(-14.1265 0 4.83964)
(-12.8821 0 5.6312)
(-11.4503 0 6.34488)
(-9.85056 0 6.97043)
(-8.10484 0 7.49815)
(-6.23823 0 7.91928)
(-4.27831 0 8.22646)
(-2.25476 0 8.41409)
(-0.198687 0 8.47853)
(1.858 0 8.41833)
(3.88334 0 8.23443)
(5.846 0 7.93002)
(7.71602 0 7.51027)
(9.46537 0 6.98221)
(11.0685 0 6.35431)
(12.5027 0 5.63617)
(13.7483 0 4.83804)
(14.7885 0 3.97049)
(15.6095 0 3.04418)
(16.2003 0 2.06982)
(16.5523 0 1.05827)
(16.6593 0 0.0208033)
(16.5178 0 -1.03062)
(16.1267 0 -2.08318)
(15.488 0 -3.12285)
(14.6072 0 -4.13421)
(13.4932 0 -5.10045)
(12.1591 0 -6.00352)
(10.6222 0 -6.82448)
(8.90415 0 -7.5441)
(7.03113 0 -8.14356)
(5.03345 0 -8.60553)
(2.94517 0 -8.91531)
(0.803321 0 -9.06209)
(-1.3532 0 -9.04033)
(-3.48493 0 -8.85089)
(-5.55332 0 -8.50078)
(-7.52204 0 -8.00193)
(-9.35791 0 -7.36984)
(-11.0317 0 -6.62232)
(-12.5183 0 -5.77839)
(-13.7972 0 -4.85726)
(-14.8522 0 -3.8777)
(-15.6714 0 -2.85746)
(-16.2466 0 -1.813)
(-16.5735 0 -0.759374)
(-16.6508 0 0.289719)
(-16.4801 0 1.32171)
(-16.0659 0 2.32483)
(-15.4148 0 3.28792)
(-14.536 0 4.20018)
(-13.4413 0 5.0509)
(-12.1453 0 5.82944)
(-10.6654 0 6.52527)
(-9.02219 0 7.12828)
(-7.2391 0 7.62912)
(-5.34238 0 8.01964)
(-3.36061 0 8.29329)
(-1.32418 0 8.44537)
(0.735348 0 8.47327)
(2.78595 0 8.37666)
(4.79586 0 8.15758)
(6.73425 0 7.82019)
(8.57195 0 7.37059)
(10.282 0 6.81654)
(11.84 0 6.16707)
(13.2247 0 5.43209)
(14.4177 0 4.6219)
(15.4035 0 3.74695)
(16.1695 0 2.81755)
(16.7056 0 1.84395)
(17.0042 0 0.836498)
(17.0598 0 -0.194115)
(16.8693 0 -1.23655)
(16.4321 0 -2.27857)
(15.7504 0 -3.30667)
(14.8298 0 -4.30596)
(13.6793 0 -5.26012)
(12.3119 0 -6.15154)
(10.7445 0 -6.96171)
(8.99857 0 -7.67173)
(7.09995 0 -8.26311)
(5.07849 0 -8.71877)
(2.96779 0 -9.02418)
(0.804332 0 -9.16868)
(-1.45204 0 -6.97598)
(-3.728 0 -6.83264)
(-5.93695 0 -6.56804)
(-8.04061 0 -6.19124)
(-10.0041 0 -5.71397)
(-11.7968 0 -5.14969)
(-13.3925 0 -4.5127)
(-14.7698 0 -3.81746)
(-15.912 0 -3.07803)
(-16.8067 0 -2.30769)
(-17.4458 0 -1.51873)
(-17.8248 0 -0.722298)
(-17.9426 0 0.0714693)
(-17.8012 0 0.853322)
(-17.4054 0 1.61449)
(-16.7625 0 2.34671)
(-15.8822 0 3.04207)
(-14.7769 0 3.69282)
(-13.4616 0 4.29123)
(-11.954 0 4.82969)
(-10.2746 0 5.30076)
(-8.44687 0 5.6975)
(-6.49668 0 6.01368)
(-4.4523 0 6.24408)
(-2.34382 0 6.3847)
(-0.202642 0 6.43296)
(1.93912 0 6.3878)
(4.04927 0 6.24991)
(6.09623 0 6.02153)
(8.04957 0 5.70636)
(9.88062 0 5.30935)
(11.5629 0 4.83656)
(13.0725 0 4.29483)
(14.3884 0 3.69158)
(15.4921 0 3.03457)
(16.3682 0 2.33174)
(17.0039 0 1.59117)
(17.3893 0 0.821216)
(17.5169 0 0.0306738)
(17.3821 0 -0.771094)
(16.9832 0 -1.57419)
(16.3218 0 -2.36783)
(15.4031 0 -3.14015)
(14.2364 0 -3.87822)
(12.8352 0 -4.56821)
(11.2177 0 -5.19557)
(9.40681 0 -5.74557)
(7.4303 0 -6.20382)
(5.32043 0 -6.55701)
(3.11356 0 -6.79388)
(0.849277 0 -6.90613)
(-1.43073 0 -6.88949)
(-3.68416 0 -6.74463)
(-5.86974 0 -6.47695)
(-7.94862 0 -6.09559)
(-9.88542 0 -5.61244)
(-11.649 0 -5.04114)
(-13.2128 0 -4.39626)
(-14.5552 0 -3.69253)
(-15.6591 0 -2.94433)
(-16.5123 0 -2.16531)
(-17.1065 0 -1.3681)
(-17.4374 0 -0.564297)
(-17.5043 0 0.235555)
(-17.3096 0 1.02172)
(-16.8589 0 1.78498)
(-16.16 0 2.51667)
(-15.2238 0 3.20852)
(-14.0637 0 3.85246)
(-12.696 0 4.4406)
(-11.1396 0 4.96526)
(-9.41646 0 5.41913)
(-7.55117 0 5.79553)
(-5.57082 0 6.08869)
(-3.50459 0 6.29396)
(-1.38325 0 6.40801)
(0.761385 0 6.42896)
(2.89707 0 6.3566)
(4.99181 0 6.19238)
(7.01449 0 5.93928)
(8.93544 0 5.60162)
(10.727 0 5.18492)
(12.3638 0 4.69561)
(13.8232 0 4.1408)
(15.0854 0 3.52798)
(16.1334 0 2.86483)
(16.9529 0 2.15905)
(17.5322 0 1.41846)
(17.8622 0 0.651032)
(17.9363 0 -0.134856)
(17.7504 0 -0.930323)
(17.3032 0 -1.7259)
(16.5967 0 -2.5112)
(15.6363 0 -3.27476)
(14.4313 0 -4.00402)
(12.995 0 -4.68545)
(11.3455 0 -5.30487)
(9.50545 0 -5.84778)
(7.50212 0 -6.30003)
(5.36737 0 -6.64854)
(3.13706 0 -6.88216)
(0.850212 0 -6.99271)
(-1.5136 0 -4.26817)
(-3.88566 0 -4.17996)
(-6.18718 0 -4.01719)
(-8.37789 0 -3.78553)
(-10.4212 0 -3.49228)
(-12.2851 0 -3.14581)
(-13.9423 0 -2.75496)
(-15.3704 0 -2.32866)
(-16.5523 0 -1.87557)
(-17.4752 0 -1.40388)
(-18.131 0 -0.921105)
(-18.5153 0 -0.434081)
(-18.6274 0 0.0510378)
(-18.4697 0 0.528618)
(-18.0477 0 0.993205)
(-17.3697 0 1.4397)
(-16.4465 0 1.86328)
(-15.2916 0 2.25924)
(-13.9213 0 2.62296)
(-12.3544 0 2.9499)
(-10.6126 0 3.23566)
(-8.72007 0 3.47614)
(-6.70347 0 3.66767)
(-4.59162 0 3.80719)
(-2.41503 0 3.89232)
(-0.205436 0 3.92154)
(2.00472 0 3.8942)
(4.18295 0 3.81071)
(6.29729 0 3.67241)
(8.31691 0 3.48147)
(10.2126 0 3.24081)
(11.9571 0 2.95398)
(13.5257 0 2.62502)
(14.8961 0 2.25832)
(16.0488 0 1.8585)
(16.9672 0 1.43031)
(17.6373 0 0.978665)
(18.048 0 0.508652)
(18.1908 0 0.0256983)
(18.0605 0 -0.464374)
(17.6549 0 -0.955549)
(16.9753 0 -1.44125)
(16.0268 0 -1.91424)
(14.8188 0 -2.36657)
(13.3651 0 -2.78973)
(11.6845 0 -3.17475)
(9.80101 0 -3.51252)
(7.74343 0 -3.79412)
(5.54561 0 -4.0113)
(3.24571 0 -4.15702)
(0.885345 0 -4.22611)
(-1.49158 0 -4.21587)
(-3.84052 0 -4.12673)
(-6.11802 0 -3.96206)
(-8.28323 0 -3.7276)
(-10.2991 0 -3.43074)
(-12.1329 0 -3.07995)
(-13.7572 0 -2.68426)
(-15.1492 0 -2.25275)
(-16.2916 0 -1.7943)
(-17.1716 0 -1.31729)
(-17.7809 0 -0.829476)
(-18.1156 0 -0.337943)
(-18.1751 0 0.150895)
(-17.9626 0 0.63108)
(-17.4841 0 1.0969)
(-16.7488 0 1.54302)
(-15.7684 0 1.96439)
(-14.5578 0 2.35615)
(-13.1342 0 2.71357)
(-11.5179 0 3.03208)
(-9.73187 0 3.30737)
(-7.80148 0 3.53551)
(-5.75451 0 3.71309)
(-3.62067 0 3.83739)
(-1.43114 0 3.90643)
(0.781934 0 3.91912)
(2.98599 0 3.87531)
(5.14872 0 3.77589)
(7.23864 0 3.62261)
(9.22563 0 3.41804)
(11.0814 0 3.16542)
(12.7799 0 2.86853)
(14.2976 0 2.53157)
(15.6135 0 2.15899)
(16.7094 0 1.75536)
(17.5699 0 1.32532)
(18.1821 0 0.873602)
(18.5358 0 0.405093)
(18.6235 0 -0.0750266)
(18.4405 0 -0.561255)
(17.985 0 -1.04784)
(17.2589 0 -1.52846)
(16.2672 0 -1.99609)
(15.0196 0 -2.44302)
(13.5296 0 -2.86093)
(11.8161 0 -3.24107)
(9.90237 0 -3.57448)
(7.81715 0 -3.85241)
(5.59373 0 -4.0667)
(3.26972 0 -4.21043)
(0.886178 0 -4.27847)
(-1.56871 0 -3.23731)
(-4.02676 0 -3.17199)
(-6.41081 0 -3.05122)
(-8.67875 0 -2.87881)
(-10.7925 0 -2.65979)
(-12.7187 0 -2.39998)
(-14.4292 0 -2.10566)
(-15.9012 0 -1.78332)
(-17.1171 0 -1.43939)
(-18.064 0 -1.08009)
(-18.7339 0 -0.711313)
(-19.1228 0 -0.338548)
(-19.2301 0 0.033148)
(-19.0588 0 0.399058)
(-18.6149 0 0.754534)
(-17.9073 0 1.09528)
(-16.9477 0 1.41734)
(-15.7505 0 1.71702)
(-14.3328 0 1.99088)
(-12.7144 0 2.23571)
(-10.9177 0 2.44856)
(-8.96751 0 2.62679)
(-6.89126 0 2.76813)
(-4.71827 0 2.87071)
(-2.47955 0 2.93312)
(-0.207346 0 2.95447)
(2.06544 0 2.93437)
(4.30583 0 2.87308)
(6.48137 0 2.77142)
(8.5607 0 2.63069)
(10.514 0 2.4527)
(12.3135 0 2.23966)
(13.9336 0 1.9942)
(15.3512 0 1.71928)
(16.5461 0 1.41817)
(17.5005 0 1.09439)
(18.1997 0 0.751779)
(18.6317 0 0.394456)
(18.7872 0 0.026919)
(18.6606 0 -0.345958)
(18.2492 0 -0.719238)
(17.554 0 -1.08762)
(16.58 0 -1.44536)
(15.3362 0 -1.78635)
(13.8369 0 -2.10416)
(12.1012 0 -2.39221)
(10.1536 0 -2.64393)
(8.02411 0 -2.85303)
(5.74781 0 -3.01378)
(3.36452 0 -3.12137)
(0.917799 0 -3.17232)
(-1.54631 0 -3.16481)
(-3.98105 0 -3.09913)
(-6.34084 0 -2.97754)
(-8.583 0 -2.80393)
(-10.6689 0 -2.58336)
(-12.5646 0 -2.32173)
(-14.2416 0 -2.02545)
(-15.6767 0 -1.70109)
(-16.8522 0 -1.35522)
(-17.7552 0 -0.994185)
(-18.3776 0 -0.624022)
(-18.7156 0 -0.250351)
(-18.7691 0 0.12162)
(-18.5415 0 0.486972)
(-18.0397 0 0.840928)
(-17.2734 0 1.17909)
(-16.2553 0 1.4974)
(-15.0011 0 1.79211)
(-13.5292 0 2.05976)
(-11.8604 0 2.29716)
(-10.0186 0 2.50142)
(-8.03 0 2.67001)
(-5.92287 0 2.80083)
(-3.72753 0 2.89219)
(-1.47567 0 2.94292)
(0.800073 0 2.95232)
(3.06667 0 2.92032)
(5.29131 0 2.84742)
(7.44204 0 2.73468)
(9.48823 0 2.5836)
(11.401 0 2.39618)
(13.1536 0 2.17478)
(14.7218 0 1.92214)
(16.0838 0 1.64126)
(17.2206 0 1.33543)
(18.1158 0 1.00815)
(18.7557 0 0.663186)
(19.1292 0 0.304571)
(19.2283 0 -0.0633065)
(19.0476 0 -0.435766)
(18.5852 0 -0.808019)
(17.8423 0 -1.17489)
(16.8241 0 -1.53079)
(15.5398 0 -1.86972)
(14.0035 0 -2.1854)
(12.2341 0 -2.47135)
(10.2559 0 -2.72112)
(8.09836 0 -2.92852)
(5.79615 0 -3.0879)
(3.38852 0 -3.19452)
(0.918428 0 -3.24491)
)
;

boundaryField
{
    top
    {
        type            directionMixed;
        refValue        uniform (0 0 0);
        refGradient     uniform (0 0 0);
        valueFraction   uniform (0 0 0 0 0 1);
        value           nonuniform List<vector> 
102
(
(-1.56871 0 0)
(-4.02676 0 0)
(-6.41081 0 0)
(-8.67875 0 0)
(-10.7925 0 0)
(-12.7187 0 0)
(-14.4292 0 0)
(-15.9012 0 0)
(-17.1171 0 0)
(-18.064 0 0)
(-18.7339 0 0)
(-19.1228 0 0)
(-19.2301 0 0)
(-19.0588 0 0)
(-18.6149 0 0)
(-17.9073 0 0)
(-16.9477 0 0)
(-15.7505 0 0)
(-14.3328 0 0)
(-12.7144 0 0)
(-10.9177 0 0)
(-8.96751 0 0)
(-6.89126 0 0)
(-4.71827 0 0)
(-2.47955 0 0)
(-0.207346 0 0)
(2.06544 0 0)
(4.30583 0 0)
(6.48137 0 0)
(8.5607 0 0)
(10.514 0 0)
(12.3135 0 0)
(13.9336 0 0)
(15.3512 0 0)
(16.5461 0 0)
(17.5005 0 0)
(18.1997 0 0)
(18.6317 0 0)
(18.7872 0 0)
(18.6606 0 0)
(18.2492 0 0)
(17.554 0 0)
(16.58 0 0)
(15.3362 0 0)
(13.8369 0 0)
(12.1012 0 0)
(10.1536 0 0)
(8.02411 0 0)
(5.74781 0 0)
(3.36452 0 0)
(0.917799 0 0)
(-1.54631 0 0)
(-3.98105 0 0)
(-6.34084 0 0)
(-8.583 0 0)
(-10.6689 0 0)
(-12.5646 0 0)
(-14.2416 0 0)
(-15.6767 0 0)
(-16.8522 0 0)
(-17.7552 0 0)
(-18.3776 0 0)
(-18.7156 0 0)
(-18.7691 0 0)
(-18.5415 0 0)
(-18.0397 0 0)
(-17.2734 0 0)
(-16.2553 0 0)
(-15.0011 0 0)
(-13.5292 0 0)
(-11.8604 0 0)
(-10.0186 0 0)
(-8.03 0 0)
(-5.92287 0 0)
(-3.72753 0 0)
(-1.47567 0 0)
(0.800073 0 0)
(3.06667 0 0)
(5.29131 0 0)
(7.44204 0 0)
(9.48823 0 0)
(11.401 0 0)
(13.1536 0 0)
(14.7218 0 0)
(16.0838 0 0)
(17.2206 0 0)
(18.1158 0 0)
(18.7557 0 0)
(19.1292 0 0)
(19.2283 0 0)
(19.0476 0 0)
(18.5852 0 0)
(17.8423 0 0)
(16.8241 0 0)
(15.5398 0 0)
(14.0035 0 0)
(12.2341 0 0)
(10.2559 0 0)
(8.09836 0 0)
(5.79615 0 0)
(3.38852 0 0)
(0.918428 0 0)
)
;
    }
    bottom
    {
        type            fixedValue;
        value           uniform (0 0 0);
    }
    frontAndBack
    {
        type            empty;
    }
    left_cyc
    {
        type            cyclic;
    }
    right_cyc
    {
        type            cyclic;
    }
}


// ************************************************************************* //
