/*--------------------------------*- C++ -*----------------------------------*\
| =========                 |                                                 |
| \\      /  F ield         | OpenFOAM: The Open Source CFD Toolbox           |
|  \\    /   O peration     | Version:  2.3.0                                 |
|   \\  /    A nd           | Web:      www.OpenFOAM.org                      |
|    \\/     M anipulation  |                                                 |
\*---------------------------------------------------------------------------*/
FoamFile
{
    version     2.0;
    format      ascii;
    class       surfaceScalarField;
    location    "17000";
    object      phi;
}
// * * * * * * * * * * * * * * * * * * * * * * * * * * * * * * * * * * * * * //

dimensions      [0 3 -1 0 0 0 0];

internalField   nonuniform List<scalar> 
354
(
0.509911
-0.0755888
0.52708
-0.0171685
0.502261
0.0248187
0.465164
0.0370969
0.430783
0.0343817
0.402336
0.0284469
0.379118
0.0232178
0.359759
0.0193587
0.343294
0.0164651
0.329336
0.0139578
0.318085
0.0112516
0.00766587
0.292312
-0.161037
0.373764
-0.0986202
0.437387
-0.0388041
0.481757
-0.00727403
0.510399
0.00574059
0.527107
0.0117383
0.535343
0.0149824
0.538025
0.0166758
0.537606
0.016885
0.536234
0.0153294
0.535961
0.0115248
0.00472927
0.183673
-0.200767
0.236568
-0.151515
0.304702
-0.106938
0.372446
-0.0750181
0.428144
-0.0499577
0.469331
-0.0294481
0.497885
-0.0135717
0.517203
-0.00264243
0.53073
0.00335775
0.541453
0.00460705
0.551823
0.00115448
-0.00716428
0.131782
-0.229697
0.173504
-0.193237
0.233346
-0.16678
0.297523
-0.139196
0.352837
-0.105271
0.395276
-0.0718873
0.425966
-0.0442616
0.44799
-0.024667
0.464579
-0.0132303
0.478367
-0.00918188
0.491209
-0.0116873
-0.0200597
0.0702314
-0.281603
0.0934488
-0.252914
0.130639
-0.230428
0.183509
-0.21965
0.237142
-0.192828
0.282429
-0.150558
0.316774
-0.106232
0.34152
-0.0690078
0.359401
-0.0425483
0.373014
-0.0268431
0.384211
-0.0203786
0.393972
-0.0214484
-0.0285672
0.0415135
-0.294523
0.059304
-0.270705
0.0898142
-0.260938
0.130236
-0.260072
0.168183
-0.230774
0.198763
-0.181139
0.221078
-0.128546
0.236662
-0.0845919
0.247657
-0.0535434
0.255757
-0.0349429
0.261863
-0.0264849
0.266111
-0.0256962
-0.0305084
0.0146246
-0.298967
0.0231395
-0.279219
0.0395918
-0.27739
0.0605546
-0.281035
0.0791753
-0.249395
0.0933906
-0.195354
0.103017
-0.138173
0.109087
-0.0906622
0.112786
-0.0572423
0.114824
-0.0369805
0.115263
-0.0269238
0.113619
-0.0240519
-0.0259958
-0.0122057
-0.293953
-0.0187199
-0.272705
-0.0234032
-0.272707
-0.0265414
-0.277897
-0.0290841
-0.246852
-0.0310927
-0.193345
-0.0330002
-0.136265
-0.035049
-0.0886134
-0.0373782
-0.054913
-0.0402756
-0.0340832
-0.044325
-0.0228744
-0.0503879
-0.017989
-0.0169996
-0.0396612
-0.279344
-0.0628894
-0.249477
-0.0916025
-0.243994
-0.120689
-0.248811
-0.144705
-0.222836
-0.162136
-0.175914
-0.174167
-0.124235
-0.18261
-0.0801701
-0.189052
-0.0484706
-0.194766
-0.0283694
-0.200907
-0.0167339
-0.208696
-0.0101999
-0.00642833
-0.0684814
-0.256127
-0.100785
-0.217173
-0.148722
-0.196058
-0.202217
-0.195315
-0.246327
-0.178726
-0.278044
-0.144198
-0.299375
-0.102903
-0.313268
-0.0662776
-0.32248
-0.0392585
-0.329215
-0.0216344
-0.335261
-0.0106876
-0.342373
-0.0030873
0.00330413
-0.0998722
-0.22557
-0.131914
-0.185131
-0.182874
-0.145098
-0.250534
-0.127655
-0.309034
-0.120227
-0.351973
-0.101258
-0.381405
-0.073472
-0.400328
-0.0473546
-0.412047
-0.0275395
-0.419471
-0.0142098
-0.424922
-0.00523701
-0.430637
0.00262724
0.0111969
-0.136428
-0.185994
-0.171326
-0.150234
-0.209652
-0.106771
-0.260759
-0.076548
-0.314635
-0.0663503
-0.360542
-0.0553515
-0.394771
-0.0392433
-0.417513
-0.0246128
-0.431693
-0.0133595
-0.440649
-0.00525371
-0.4469
0.00101435
-0.452456
0.0081829
0.0175571
-0.174634
-0.135662
-0.216574
-0.108294
-0.247792
-0.0755535
-0.274104
-0.0502358
-0.305778
-0.0346764
-0.336953
-0.0241761
-0.359847
-0.0163497
-0.374652
-0.00980712
-0.384195
-0.0038172
-0.39123
0.0017813
-0.397568
0.0073523
-0.403356
0.0139715
0.0220341
-0.202519
-0.0782956
-0.249423
-0.0613902
-0.283248
-0.0417283
-0.308182
-0.025302
-0.32867
-0.0141884
-0.345233
-0.00761295
-0.357995
-0.00358742
-0.367301
-0.000501292
-0.373495
0.00237703
-0.376906
0.00519252
-0.377519
0.00796466
-0.374577
0.0110295
0.0147378
-0.223862
-0.273151
-0.307569
-0.329935
-0.34467
-0.355147
-0.362995
-0.368596
-0.371812
-0.372465
-0.370418
-0.365271
)
;

boundaryField
{
    top
    {
        type            calculated;
        value           nonuniform List<scalar> 
13
(
-0.0161949
-0.012101
-0.00731044
-0.00293606
0.000546332
0.00286467
0.00425989
0.00509986
0.0055932
0.0058457
0.00591775
0.00588239
0.00581859
)
;
    }
    bottom
    {
        type            calculated;
        value           uniform 0;
    }
    frontAndBack
    {
        type            empty;
        value           nonuniform 0();
    }
    left_cyc
    {
        type            cyclic;
        value           nonuniform 0();
    }
    right_cyc
    {
        type            cyclic;
        value           nonuniform 0();
    }
    procBoundary3to0throughright_cyc
    {
        type            processorCyclic;
        value           nonuniform List<scalar> 
15
(
0.310419
0.538897
0.563717
0.504105
0.402479
0.268052
0.109106
-0.059384
-0.219267
-0.352106
-0.438529
-0.458816
-0.407833
-0.36728
-0.356352
)
;
    }
    procBoundary3to2
    {
        type            processor;
        value           nonuniform List<scalar> 
16
(
-0.434322
-0.206864
-0.143943
-0.102852
0.260805
-0.0494335
-0.0285936
-0.0101802
0.00719184
0.0250518
0.0452641
0.0693158
0.0968518
0.124302
0.145153
0.161761
)
;
    }
}


// ************************************************************************* //
