/*--------------------------------*- C++ -*----------------------------------*\
| =========                 |                                                 |
| \\      /  F ield         | OpenFOAM: The Open Source CFD Toolbox           |
|  \\    /   O peration     | Version:  2.3.0                                 |
|   \\  /    A nd           | Web:      www.OpenFOAM.org                      |
|    \\/     M anipulation  |                                                 |
\*---------------------------------------------------------------------------*/
FoamFile
{
    version     2.0;
    format      ascii;
    class       volScalarField;
    location    "1000";
    object      p;
}
// * * * * * * * * * * * * * * * * * * * * * * * * * * * * * * * * * * * * * //

dimensions      [0 2 -2 0 0 0 0];

internalField   nonuniform List<scalar> 
3060
(
0
-0.00557506
-0.0160987
-0.031331
-0.0509556
-0.07458
-0.101744
-0.131934
-0.164591
-0.199129
-0.234945
-0.271437
-0.308016
-0.344126
-0.379259
-0.412956
-0.444806
-0.474455
-0.501606
-0.526022
-0.547529
-0.56601
-0.581407
-0.593718
-0.60299
-0.609318
-0.612838
-0.61372
-0.612165
-0.608394
-0.60265
-0.595184
-0.586255
-0.576124
-0.56505
-0.553282
-0.541063
-0.528621
-0.516172
-0.503918
-0.492051
-0.480747
-0.470163
-0.460442
-0.451707
-0.444063
-0.437598
-0.432386
-0.428483
-0.42593
-0.424752
-0.424962
-0.426558
-0.429521
-0.433822
-0.439413
-0.446233
-0.454204
-0.463233
-0.473208
-0.484001
-0.495466
-0.507439
-0.519741
-0.532177
-0.544543
-0.556621
-0.568179
-0.578974
-0.588755
-0.597265
-0.604244
-0.609438
-0.612598
-0.61349
-0.611898
-0.607632
-0.60053
-0.59047
-0.577368
-0.561192
-0.541957
-0.519736
-0.494658
-0.466915
-0.436756
-0.40449
-0.370484
-0.335157
-0.298978
-0.262463
-0.226174
-0.190701
-0.156643
-0.124597
-0.09514
-0.0688195
-0.046135
-0.0275276
-0.0133691
-0.00395044
0.000526776
79.8469
79.8418
79.832
79.8179
79.7997
79.7777
79.7525
79.7244
79.6939
79.6617
79.6282
79.594
79.5596
79.5256
79.4924
79.4604
79.4302
79.4019
79.3759
79.3524
79.3316
79.3136
79.2985
79.2862
79.2768
79.2702
79.2663
79.2648
79.2657
79.2687
79.2736
79.2802
79.2882
79.2974
79.3075
79.3183
79.3296
79.3412
79.3528
79.3643
79.3754
79.386
79.396
79.4052
79.4134
79.4207
79.4268
79.4317
79.4354
79.4379
79.439
79.4388
79.4373
79.4345
79.4304
79.4251
79.4186
79.4111
79.4026
79.3932
79.383
79.3722
79.361
79.3495
79.3379
79.3264
79.3153
79.3046
79.2948
79.2859
79.2783
79.2722
79.2678
79.2654
79.2652
79.2673
79.272
79.2793
79.2894
79.3024
79.3183
79.3369
79.3584
79.3825
79.4091
79.4378
79.4685
79.5007
79.534
79.5681
79.6024
79.6364
79.6696
79.7014
79.7313
79.7587
79.7831
79.8042
79.8215
79.8346
79.8433
79.8474
156.56
156.556
156.546
156.533
156.516
156.496
156.472
156.446
156.418
156.388
156.356
156.324
156.292
156.26
156.228
156.198
156.169
156.142
156.118
156.095
156.075
156.058
156.043
156.031
156.022
156.015
156.011
156.009
156.009
156.012
156.016
156.022
156.029
156.038
156.047
156.057
156.067
156.078
156.089
156.1
156.11
156.12
156.13
156.138
156.146
156.153
156.159
156.163
156.167
156.169
156.17
156.17
156.168
156.166
156.162
156.157
156.151
156.144
156.136
156.127
156.117
156.107
156.097
156.086
156.075
156.064
156.054
156.044
156.035
156.027
156.02
156.015
156.011
156.009
156.009
156.012
156.017
156.024
156.034
156.047
156.062
156.08
156.101
156.124
156.149
156.177
156.206
156.236
156.268
156.3
156.332
156.364
156.395
156.425
156.453
156.478
156.501
156.521
156.537
156.549
156.557
156.561
230.134
230.129
230.121
230.11
230.095
230.077
230.057
230.034
230.009
229.982
229.954
229.926
229.897
229.868
229.84
229.812
229.786
229.762
229.739
229.718
229.699
229.683
229.669
229.657
229.648
229.641
229.636
229.634
229.634
229.635
229.638
229.643
229.649
229.656
229.664
229.672
229.681
229.691
229.7
229.71
229.719
229.728
229.736
229.744
229.751
229.757
229.762
229.766
229.77
229.772
229.773
229.773
229.771
229.769
229.765
229.761
229.755
229.749
229.742
229.734
229.725
229.716
229.707
229.698
229.688
229.679
229.67
229.661
229.654
229.647
229.641
229.637
229.635
229.634
229.635
229.638
229.643
229.65
229.66
229.672
229.687
229.704
229.723
229.745
229.768
229.793
229.819
229.847
229.875
229.904
229.933
229.961
229.989
230.015
230.039
230.062
230.082
230.099
230.113
230.124
230.131
230.134
300.571
300.567
300.561
300.553
300.541
300.528
300.512
300.494
300.475
300.454
300.432
300.409
300.386
300.363
300.34
300.317
300.295
300.274
300.255
300.237
300.22
300.205
300.192
300.181
300.172
300.165
300.159
300.156
300.154
300.154
300.155
300.157
300.161
300.166
300.171
300.177
300.184
300.191
300.199
300.206
300.213
300.22
300.227
300.233
300.239
300.244
300.248
300.252
300.254
300.256
300.257
300.257
300.256
300.254
300.251
300.247
300.243
300.238
300.232
300.225
300.218
300.211
300.204
300.197
300.189
300.182
300.176
300.17
300.164
300.16
300.156
300.154
300.153
300.154
300.157
300.161
300.167
300.174
300.184
300.196
300.209
300.224
300.241
300.26
300.28
300.301
300.323
300.345
300.368
300.392
300.415
300.437
300.459
300.48
300.499
300.516
300.531
300.544
300.555
300.563
300.568
300.571
367.904
367.902
367.898
367.892
367.884
367.875
367.864
367.851
367.838
367.823
367.807
367.791
367.774
367.756
367.739
367.721
367.704
367.688
367.672
367.657
367.643
367.63
367.619
367.609
367.6
367.592
367.586
367.582
367.578
367.576
367.575
367.576
367.577
367.579
367.582
367.586
367.59
367.595
367.6
367.605
367.61
367.615
367.62
367.625
367.629
367.633
367.636
367.639
367.641
367.642
367.643
367.642
367.642
367.64
367.638
367.635
367.632
367.628
367.624
367.619
367.614
367.609
367.604
367.599
367.594
367.589
367.585
367.581
367.579
367.577
367.576
367.576
367.577
367.579
367.583
367.588
367.594
367.602
367.611
367.622
367.634
367.647
367.661
367.676
367.692
367.709
367.726
367.743
367.761
367.778
367.795
367.811
367.827
367.841
367.855
367.867
367.877
367.886
367.894
367.899
367.903
367.904
432.184
432.182
432.179
432.174
432.168
432.161
432.152
432.142
432.131
432.119
432.107
432.093
432.08
432.065
432.051
432.036
432.022
432.008
431.995
431.982
431.97
431.959
431.949
431.939
431.931
431.924
431.918
431.914
431.91
431.908
431.906
431.906
431.906
431.907
431.909
431.912
431.915
431.918
431.922
431.926
431.93
431.934
431.938
431.941
431.945
431.948
431.95
431.952
431.954
431.955
431.956
431.956
431.955
431.954
431.952
431.95
431.947
431.944
431.94
431.937
431.933
431.929
431.925
431.921
431.917
431.914
431.911
431.909
431.907
431.906
431.906
431.906
431.908
431.911
431.915
431.92
431.926
431.933
431.942
431.951
431.962
431.973
431.985
431.998
432.012
432.026
432.04
432.055
432.069
432.083
432.097
432.11
432.123
432.134
432.145
432.155
432.163
432.17
432.176
432.18
432.183
432.184
493.417
493.416
493.413
493.409
493.404
493.398
493.39
493.382
493.372
493.362
493.351
493.339
493.327
493.315
493.303
493.29
493.278
493.265
493.254
493.242
493.232
493.222
493.213
493.205
493.197
493.191
493.186
493.181
493.178
493.176
493.174
493.174
493.174
493.175
493.176
493.178
493.18
493.183
493.186
493.19
493.193
493.196
493.199
493.203
493.205
493.208
493.21
493.212
493.213
493.214
493.214
493.214
493.214
493.213
493.211
493.209
493.207
493.205
493.202
493.199
493.195
493.192
493.189
493.186
493.182
493.18
493.177
493.176
493.174
493.174
493.174
493.175
493.176
493.179
493.182
493.187
493.193
493.199
493.207
493.215
493.224
493.234
493.245
493.257
493.269
493.281
493.293
493.306
493.318
493.331
493.342
493.354
493.365
493.375
493.384
493.392
493.399
493.405
493.41
493.414
493.416
493.418
551.617
551.616
551.614
551.61
551.606
551.601
551.595
551.588
551.58
551.571
551.562
551.552
551.542
551.532
551.521
551.511
551.5
551.49
551.48
551.47
551.461
551.453
551.445
551.437
551.431
551.426
551.421
551.417
551.414
551.412
551.41
551.409
551.409
551.41
551.411
551.412
551.414
551.416
551.419
551.421
551.424
551.427
551.429
551.432
551.434
551.436
551.438
551.439
551.44
551.441
551.441
551.441
551.441
551.44
551.439
551.437
551.435
551.433
551.431
551.428
551.426
551.423
551.421
551.418
551.416
551.413
551.412
551.41
551.409
551.409
551.409
551.41
551.412
551.415
551.418
551.422
551.427
551.433
551.439
551.447
551.455
551.463
551.473
551.482
551.492
551.503
551.513
551.524
551.535
551.545
551.555
551.565
551.574
551.582
551.59
551.596
551.602
551.607
551.612
551.615
551.617
551.617
606.812
606.811
606.809
606.806
606.803
606.799
606.794
606.788
606.782
606.775
606.768
606.76
606.752
606.744
606.735
606.727
606.718
606.71
606.701
606.694
606.686
606.679
606.672
606.666
606.661
606.656
606.652
606.648
606.645
606.643
606.642
606.641
606.641
606.641
606.641
606.642
606.644
606.645
606.647
606.649
606.651
606.653
606.655
606.657
606.658
606.66
606.661
606.662
606.663
606.664
606.664
606.664
606.664
606.663
606.662
606.661
606.66
606.658
606.656
606.654
606.652
606.65
606.648
606.646
606.645
606.643
606.642
606.641
606.641
606.641
606.641
606.642
606.644
606.646
606.649
606.653
606.657
606.662
606.668
606.674
606.681
606.688
606.696
606.704
606.712
606.72
606.729
606.738
606.746
606.754
606.762
606.77
606.777
606.784
606.79
606.795
606.8
606.804
606.807
606.81
606.811
606.812
659.031
659.03
659.029
659.027
659.024
659.022
659.018
659.014
659.01
659.005
659
658.994
658.988
658.982
658.975
658.969
658.962
658.956
658.949
658.943
658.937
658.932
658.926
658.921
658.917
658.913
658.909
658.906
658.904
658.902
658.9
658.899
658.899
658.898
658.898
658.899
658.899
658.9
658.901
658.903
658.904
658.905
658.907
658.908
658.909
658.91
658.911
658.912
658.913
658.913
658.913
658.913
658.913
658.912
658.912
658.911
658.91
658.909
658.908
658.906
658.905
658.904
658.902
658.901
658.9
658.899
658.899
658.898
658.898
658.899
658.899
658.901
658.902
658.904
658.907
658.91
658.914
658.918
658.923
658.928
658.933
658.939
658.945
658.951
658.958
658.964
658.971
658.977
658.983
658.99
658.996
659.001
659.006
659.011
659.015
659.019
659.022
659.025
659.027
659.029
659.03
659.031
708.307
708.307
708.306
708.305
708.304
708.302
708.3
708.298
708.295
708.293
708.289
708.286
708.282
708.278
708.274
708.27
708.265
708.261
708.257
708.252
708.248
708.244
708.24
708.236
708.232
708.229
708.226
708.224
708.221
708.22
708.218
708.217
708.216
708.215
708.215
708.215
708.215
708.215
708.215
708.216
708.216
708.217
708.218
708.218
708.219
708.219
708.22
708.22
708.221
708.221
708.221
708.221
708.221
708.221
708.22
708.22
708.219
708.219
708.218
708.217
708.217
708.216
708.216
708.215
708.215
708.215
708.215
708.215
708.215
708.216
708.217
708.218
708.22
708.222
708.224
708.227
708.23
708.233
708.237
708.241
708.245
708.249
708.253
708.258
708.262
708.267
708.271
708.275
708.279
708.283
708.287
708.29
708.293
708.296
708.299
708.301
708.303
708.304
708.305
708.306
708.307
708.307
754.676
754.676
754.676
754.676
754.676
754.675
754.675
754.674
754.674
754.673
754.672
754.671
754.67
754.668
754.666
754.664
754.662
754.66
754.657
754.655
754.652
754.649
754.647
754.644
754.642
754.639
754.637
754.635
754.633
754.631
754.629
754.628
754.627
754.625
754.624
754.624
754.623
754.623
754.622
754.622
754.622
754.622
754.622
754.622
754.622
754.622
754.622
754.622
754.622
754.622
754.622
754.622
754.622
754.622
754.622
754.622
754.622
754.622
754.622
754.622
754.622
754.622
754.622
754.622
754.623
754.623
754.624
754.625
754.626
754.627
754.628
754.63
754.631
754.633
754.635
754.637
754.64
754.642
754.645
754.647
754.65
754.653
754.655
754.658
754.66
754.662
754.665
754.667
754.668
754.67
754.671
754.672
754.673
754.674
754.675
754.675
754.676
754.676
754.676
754.676
754.676
754.676
798.174
798.174
798.174
798.175
798.176
798.177
798.178
798.18
798.181
798.182
798.184
798.185
798.186
798.187
798.187
798.187
798.188
798.187
798.187
798.186
798.185
798.184
798.183
798.182
798.18
798.179
798.177
798.175
798.173
798.172
798.17
798.168
798.167
798.165
798.164
798.162
798.161
798.16
798.159
798.158
798.157
798.156
798.155
798.155
798.154
798.154
798.153
798.153
798.153
798.153
798.153
798.153
798.153
798.153
798.153
798.154
798.154
798.154
798.155
798.156
798.156
798.157
798.158
798.159
798.16
798.161
798.163
798.164
798.165
798.167
798.169
798.17
798.172
798.174
798.176
798.177
798.179
798.18
798.182
798.183
798.185
798.186
798.186
798.187
798.187
798.188
798.187
798.187
798.187
798.186
798.185
798.184
798.182
798.181
798.18
798.178
798.177
798.176
798.175
798.174
798.174
798.174
838.837
838.838
838.839
838.84
838.842
838.845
838.848
838.851
838.854
838.858
838.861
838.865
838.868
838.871
838.874
838.877
838.879
838.881
838.883
838.884
838.885
838.885
838.886
838.885
838.885
838.884
838.883
838.882
838.88
838.878
838.877
838.875
838.873
838.871
838.869
838.867
838.865
838.863
838.861
838.86
838.858
838.856
838.855
838.854
838.853
838.852
838.851
838.85
838.85
838.849
838.849
838.849
838.849
838.85
838.85
838.851
838.852
838.853
838.854
838.855
838.857
838.858
838.86
838.862
838.864
838.865
838.867
838.869
838.871
838.873
838.875
838.877
838.879
838.88
838.882
838.883
838.884
838.885
838.885
838.885
838.885
838.885
838.884
838.882
838.881
838.879
838.876
838.874
838.871
838.867
838.864
838.861
838.857
838.854
838.85
838.847
838.845
838.842
838.84
838.839
838.837
838.837
876.704
876.705
876.707
876.709
876.713
876.717
876.721
876.726
876.731
876.737
876.743
876.749
876.754
876.76
876.765
876.77
876.775
876.779
876.782
876.785
876.788
876.79
876.792
876.792
876.793
876.793
876.792
876.792
876.79
876.789
876.787
876.785
876.783
876.78
876.778
876.775
876.772
876.77
876.767
876.765
876.762
876.76
876.758
876.756
876.755
876.753
876.752
876.751
876.75
876.75
876.749
876.749
876.75
876.75
876.751
876.752
876.753
876.755
876.757
876.759
876.761
876.763
876.765
876.768
876.77
876.773
876.776
876.778
876.781
876.783
876.785
876.787
876.789
876.791
876.792
876.793
876.793
876.793
876.792
876.791
876.789
876.787
876.785
876.781
876.778
876.773
876.769
876.764
876.758
876.753
876.747
876.741
876.736
876.73
876.725
876.72
876.716
876.712
876.709
876.707
876.705
876.704
911.813
911.815
911.817
911.82
911.825
911.83
911.836
911.843
911.85
911.858
911.866
911.874
911.882
911.89
911.897
911.904
911.911
911.917
911.923
911.928
911.932
911.936
911.939
911.941
911.942
911.943
911.943
911.943
911.942
911.94
911.938
911.936
911.933
911.93
911.927
911.924
911.921
911.918
911.914
911.911
911.908
911.905
911.902
911.9
911.898
911.896
911.894
911.893
911.892
911.891
911.891
911.891
911.891
911.892
911.893
911.895
911.896
911.898
911.901
911.903
911.906
911.909
911.912
911.915
911.919
911.922
911.925
911.928
911.931
911.934
911.936
911.939
911.94
911.942
911.943
911.943
911.943
911.942
911.94
911.938
911.935
911.931
911.927
911.922
911.916
911.91
911.903
911.895
911.888
911.88
911.872
911.864
911.856
911.848
911.841
911.835
911.829
911.824
911.82
911.816
911.814
911.813
944.202
944.204
944.207
944.211
944.217
944.223
944.231
944.239
944.248
944.258
944.268
944.278
944.288
944.298
944.308
944.318
944.327
944.335
944.342
944.349
944.355
944.36
944.364
944.367
944.37
944.371
944.372
944.372
944.371
944.37
944.368
944.365
944.362
944.359
944.356
944.352
944.348
944.344
944.34
944.336
944.332
944.329
944.325
944.322
944.32
944.317
944.315
944.313
944.312
944.311
944.311
944.311
944.312
944.312
944.314
944.316
944.318
944.32
944.323
944.326
944.33
944.333
944.337
944.341
944.345
944.349
944.353
944.356
944.36
944.363
944.366
944.368
944.37
944.371
944.372
944.372
944.371
944.369
944.367
944.363
944.359
944.353
944.347
944.34
944.333
944.324
944.315
944.306
944.296
944.286
944.276
944.266
944.256
944.246
944.237
944.229
944.222
944.215
944.21
944.206
944.203
944.202
973.908
973.91
973.913
973.918
973.925
973.933
973.942
973.952
973.963
973.974
973.986
973.999
974.011
974.023
974.035
974.047
974.058
974.068
974.077
974.086
974.093
974.1
974.105
974.109
974.113
974.115
974.116
974.116
974.116
974.115
974.112
974.11
974.107
974.103
974.099
974.095
974.09
974.086
974.081
974.076
974.072
974.068
974.064
974.06
974.057
974.054
974.052
974.05
974.048
974.047
974.047
974.047
974.047
974.048
974.05
974.052
974.055
974.058
974.061
974.065
974.069
974.073
974.078
974.082
974.087
974.091
974.096
974.1
974.104
974.107
974.111
974.113
974.115
974.116
974.116
974.116
974.114
974.112
974.108
974.104
974.098
974.091
974.083
974.075
974.065
974.055
974.044
974.032
974.02
974.008
973.996
973.983
973.972
973.96
973.949
973.94
973.931
973.923
973.917
973.913
973.909
973.908
1000.97
1000.97
1000.97
1000.98
1000.99
1001
1001.01
1001.02
1001.03
1001.04
1001.06
1001.07
1001.09
1001.1
1001.11
1001.13
1001.14
1001.15
1001.16
1001.17
1001.18
1001.19
1001.2
1001.2
1001.21
1001.21
1001.21
1001.21
1001.21
1001.21
1001.21
1001.21
1001.2
1001.2
1001.19
1001.19
1001.18
1001.18
1001.17
1001.17
1001.16
1001.16
1001.15
1001.15
1001.15
1001.14
1001.14
1001.14
1001.14
1001.13
1001.13
1001.13
1001.13
1001.14
1001.14
1001.14
1001.14
1001.15
1001.15
1001.15
1001.16
1001.16
1001.17
1001.17
1001.18
1001.18
1001.19
1001.19
1001.2
1001.2
1001.21
1001.21
1001.21
1001.21
1001.21
1001.21
1001.21
1001.21
1001.2
1001.2
1001.19
1001.18
1001.17
1001.16
1001.15
1001.14
1001.12
1001.11
1001.1
1001.08
1001.07
1001.05
1001.04
1001.03
1001.01
1001
1000.99
1000.98
1000.98
1000.97
1000.97
1000.97
1025.41
1025.42
1025.42
1025.43
1025.43
1025.45
1025.46
1025.47
1025.48
1025.5
1025.51
1025.53
1025.55
1025.56
1025.58
1025.59
1025.61
1025.62
1025.64
1025.65
1025.66
1025.67
1025.67
1025.68
1025.69
1025.69
1025.69
1025.69
1025.69
1025.69
1025.69
1025.69
1025.68
1025.68
1025.67
1025.67
1025.66
1025.66
1025.65
1025.64
1025.64
1025.63
1025.63
1025.62
1025.62
1025.62
1025.61
1025.61
1025.61
1025.61
1025.61
1025.61
1025.61
1025.61
1025.61
1025.61
1025.62
1025.62
1025.63
1025.63
1025.64
1025.64
1025.65
1025.65
1025.66
1025.66
1025.67
1025.67
1025.68
1025.68
1025.69
1025.69
1025.69
1025.69
1025.69
1025.69
1025.69
1025.68
1025.68
1025.67
1025.66
1025.65
1025.64
1025.63
1025.62
1025.61
1025.59
1025.57
1025.56
1025.54
1025.53
1025.51
1025.5
1025.48
1025.47
1025.45
1025.44
1025.43
1025.42
1025.42
1025.41
1025.41
1047.28
1047.28
1047.29
1047.29
1047.3
1047.32
1047.33
1047.34
1047.36
1047.37
1047.39
1047.41
1047.43
1047.45
1047.46
1047.48
1047.5
1047.51
1047.53
1047.54
1047.55
1047.56
1047.57
1047.58
1047.58
1047.59
1047.59
1047.59
1047.59
1047.59
1047.59
1047.58
1047.58
1047.58
1047.57
1047.56
1047.56
1047.55
1047.55
1047.54
1047.53
1047.53
1047.52
1047.52
1047.51
1047.51
1047.5
1047.5
1047.5
1047.5
1047.5
1047.5
1047.5
1047.5
1047.5
1047.51
1047.51
1047.51
1047.52
1047.52
1047.53
1047.54
1047.54
1047.55
1047.55
1047.56
1047.57
1047.57
1047.58
1047.58
1047.59
1047.59
1047.59
1047.59
1047.59
1047.59
1047.59
1047.58
1047.57
1047.57
1047.56
1047.55
1047.54
1047.52
1047.51
1047.49
1047.48
1047.46
1047.44
1047.42
1047.4
1047.39
1047.37
1047.35
1047.34
1047.32
1047.31
1047.3
1047.29
1047.29
1047.28
1047.28
1066.6
1066.6
1066.61
1066.61
1066.62
1066.64
1066.65
1066.67
1066.68
1066.7
1066.72
1066.74
1066.76
1066.78
1066.8
1066.81
1066.83
1066.85
1066.86
1066.88
1066.89
1066.9
1066.91
1066.92
1066.93
1066.93
1066.94
1066.94
1066.94
1066.94
1066.93
1066.93
1066.93
1066.92
1066.92
1066.91
1066.9
1066.9
1066.89
1066.88
1066.88
1066.87
1066.86
1066.86
1066.85
1066.85
1066.85
1066.84
1066.84
1066.84
1066.84
1066.84
1066.84
1066.84
1066.84
1066.85
1066.85
1066.86
1066.86
1066.87
1066.87
1066.88
1066.89
1066.89
1066.9
1066.91
1066.91
1066.92
1066.92
1066.93
1066.93
1066.93
1066.94
1066.94
1066.94
1066.93
1066.93
1066.93
1066.92
1066.91
1066.9
1066.89
1066.88
1066.86
1066.84
1066.83
1066.81
1066.79
1066.77
1066.75
1066.73
1066.71
1066.7
1066.68
1066.66
1066.65
1066.63
1066.62
1066.61
1066.6
1066.6
1066.6
1083.4
1083.4
1083.4
1083.41
1083.42
1083.44
1083.45
1083.47
1083.48
1083.5
1083.52
1083.54
1083.57
1083.59
1083.61
1083.63
1083.65
1083.66
1083.68
1083.7
1083.71
1083.72
1083.73
1083.74
1083.75
1083.75
1083.76
1083.76
1083.76
1083.76
1083.76
1083.75
1083.75
1083.74
1083.74
1083.73
1083.72
1083.72
1083.71
1083.7
1083.7
1083.69
1083.68
1083.68
1083.67
1083.67
1083.66
1083.66
1083.66
1083.66
1083.65
1083.66
1083.66
1083.66
1083.66
1083.66
1083.67
1083.67
1083.68
1083.68
1083.69
1083.7
1083.71
1083.71
1083.72
1083.73
1083.73
1083.74
1083.75
1083.75
1083.75
1083.76
1083.76
1083.76
1083.76
1083.76
1083.75
1083.75
1083.74
1083.73
1083.72
1083.71
1083.69
1083.68
1083.66
1083.64
1083.62
1083.6
1083.58
1083.56
1083.54
1083.52
1083.5
1083.48
1083.46
1083.45
1083.43
1083.42
1083.41
1083.4
1083.4
1083.39
1097.7
1097.7
1097.71
1097.71
1097.73
1097.74
1097.75
1097.77
1097.79
1097.81
1097.83
1097.85
1097.88
1097.9
1097.92
1097.94
1097.96
1097.98
1098
1098.02
1098.03
1098.04
1098.05
1098.06
1098.07
1098.08
1098.08
1098.08
1098.08
1098.08
1098.08
1098.08
1098.07
1098.07
1098.06
1098.05
1098.05
1098.04
1098.03
1098.02
1098.02
1098.01
1098
1098
1097.99
1097.99
1097.98
1097.98
1097.98
1097.97
1097.97
1097.97
1097.97
1097.98
1097.98
1097.98
1097.99
1097.99
1098
1098.01
1098.01
1098.02
1098.03
1098.03
1098.04
1098.05
1098.06
1098.06
1098.07
1098.07
1098.08
1098.08
1098.08
1098.08
1098.08
1098.08
1098.08
1098.07
1098.06
1098.05
1098.04
1098.03
1098.01
1097.99
1097.98
1097.96
1097.94
1097.91
1097.89
1097.87
1097.85
1097.83
1097.81
1097.79
1097.77
1097.75
1097.74
1097.72
1097.71
1097.7
1097.7
1097.7
1109.53
1109.53
1109.54
1109.54
1109.56
1109.57
1109.59
1109.6
1109.62
1109.64
1109.67
1109.69
1109.71
1109.74
1109.76
1109.78
1109.8
1109.82
1109.84
1109.86
1109.87
1109.89
1109.9
1109.91
1109.92
1109.92
1109.93
1109.93
1109.93
1109.93
1109.93
1109.92
1109.92
1109.91
1109.91
1109.9
1109.89
1109.89
1109.88
1109.87
1109.86
1109.85
1109.85
1109.84
1109.83
1109.83
1109.83
1109.82
1109.82
1109.82
1109.82
1109.82
1109.82
1109.82
1109.82
1109.83
1109.83
1109.84
1109.84
1109.85
1109.86
1109.86
1109.87
1109.88
1109.89
1109.9
1109.9
1109.91
1109.92
1109.92
1109.93
1109.93
1109.93
1109.93
1109.93
1109.93
1109.92
1109.92
1109.91
1109.9
1109.88
1109.87
1109.85
1109.84
1109.82
1109.8
1109.77
1109.75
1109.73
1109.71
1109.68
1109.66
1109.64
1109.62
1109.6
1109.58
1109.57
1109.55
1109.54
1109.53
1109.53
1109.53
1118.9
1118.9
1118.91
1118.92
1118.93
1118.95
1118.96
1118.98
1119
1119.02
1119.05
1119.07
1119.09
1119.12
1119.14
1119.16
1119.19
1119.21
1119.23
1119.24
1119.26
1119.27
1119.29
1119.3
1119.31
1119.31
1119.32
1119.32
1119.32
1119.32
1119.32
1119.31
1119.31
1119.3
1119.3
1119.29
1119.28
1119.27
1119.27
1119.26
1119.25
1119.24
1119.23
1119.23
1119.22
1119.22
1119.21
1119.21
1119.2
1119.2
1119.2
1119.2
1119.2
1119.21
1119.21
1119.21
1119.22
1119.22
1119.23
1119.24
1119.24
1119.25
1119.26
1119.27
1119.28
1119.28
1119.29
1119.3
1119.3
1119.31
1119.31
1119.32
1119.32
1119.32
1119.32
1119.32
1119.31
1119.3
1119.29
1119.28
1119.27
1119.26
1119.24
1119.22
1119.2
1119.18
1119.16
1119.13
1119.11
1119.09
1119.06
1119.04
1119.02
1119
1118.98
1118.96
1118.94
1118.93
1118.92
1118.91
1118.9
1118.9
1125.83
1125.84
1125.84
1125.85
1125.87
1125.88
1125.9
1125.92
1125.94
1125.96
1125.98
1126.01
1126.03
1126.06
1126.08
1126.11
1126.13
1126.15
1126.17
1126.19
1126.2
1126.22
1126.23
1126.24
1126.25
1126.26
1126.26
1126.27
1126.27
1126.27
1126.26
1126.26
1126.26
1126.25
1126.24
1126.24
1126.23
1126.22
1126.21
1126.2
1126.19
1126.19
1126.18
1126.17
1126.17
1126.16
1126.16
1126.15
1126.15
1126.15
1126.15
1126.15
1126.15
1126.15
1126.15
1126.16
1126.16
1126.17
1126.17
1126.18
1126.19
1126.2
1126.2
1126.21
1126.22
1126.23
1126.24
1126.24
1126.25
1126.26
1126.26
1126.26
1126.27
1126.27
1126.27
1126.26
1126.26
1126.25
1126.24
1126.23
1126.22
1126.2
1126.18
1126.16
1126.14
1126.12
1126.1
1126.08
1126.05
1126.03
1126
1125.98
1125.96
1125.93
1125.91
1125.89
1125.88
1125.86
1125.85
1125.84
1125.84
1125.83
1130.34
1130.35
1130.35
1130.36
1130.37
1130.39
1130.41
1130.43
1130.45
1130.47
1130.49
1130.52
1130.54
1130.57
1130.59
1130.62
1130.64
1130.66
1130.68
1130.7
1130.72
1130.73
1130.75
1130.76
1130.77
1130.77
1130.78
1130.78
1130.78
1130.78
1130.78
1130.78
1130.77
1130.77
1130.76
1130.75
1130.74
1130.73
1130.73
1130.72
1130.71
1130.7
1130.69
1130.69
1130.68
1130.67
1130.67
1130.67
1130.66
1130.66
1130.66
1130.66
1130.66
1130.66
1130.67
1130.67
1130.68
1130.68
1130.69
1130.7
1130.7
1130.71
1130.72
1130.73
1130.74
1130.74
1130.75
1130.76
1130.77
1130.77
1130.78
1130.78
1130.78
1130.78
1130.78
1130.78
1130.77
1130.77
1130.76
1130.74
1130.73
1130.72
1130.7
1130.68
1130.66
1130.64
1130.61
1130.59
1130.56
1130.54
1130.51
1130.49
1130.46
1130.44
1130.42
1130.4
1130.39
1130.37
1130.36
1130.35
1130.34
1130.34
1132.43
1132.43
1132.44
1132.45
1132.46
1132.48
1132.49
1132.51
1132.54
1132.56
1132.58
1132.61
1132.63
1132.66
1132.68
1132.71
1132.73
1132.75
1132.77
1132.79
1132.81
1132.83
1132.84
1132.85
1132.86
1132.87
1132.87
1132.87
1132.87
1132.87
1132.87
1132.87
1132.86
1132.86
1132.85
1132.84
1132.83
1132.82
1132.82
1132.81
1132.8
1132.79
1132.78
1132.78
1132.77
1132.76
1132.76
1132.76
1132.75
1132.75
1132.75
1132.75
1132.75
1132.75
1132.76
1132.76
1132.77
1132.77
1132.78
1132.79
1132.79
1132.8
1132.81
1132.82
1132.83
1132.84
1132.84
1132.85
1132.86
1132.86
1132.87
1132.87
1132.87
1132.87
1132.87
1132.87
1132.86
1132.86
1132.85
1132.83
1132.82
1132.81
1132.79
1132.77
1132.75
1132.72
1132.7
1132.68
1132.65
1132.63
1132.6
1132.58
1132.55
1132.53
1132.51
1132.49
1132.47
1132.46
1132.45
1132.44
1132.43
1132.43
)
;

boundaryField
{
    top
    {
        type            calculated;
        value           nonuniform List<scalar> 
102
(
1132.86
1132.87
1132.87
1132.88
1132.89
1132.91
1132.93
1132.95
1132.97
1132.99
1133.02
1133.04
1133.07
1133.09
1133.12
1133.14
1133.17
1133.19
1133.21
1133.23
1133.24
1133.26
1133.27
1133.28
1133.29
1133.3
1133.31
1133.31
1133.31
1133.31
1133.31
1133.3
1133.3
1133.29
1133.28
1133.28
1133.27
1133.26
1133.25
1133.24
1133.23
1133.23
1133.22
1133.21
1133.2
1133.2
1133.19
1133.19
1133.19
1133.18
1133.18
1133.18
1133.19
1133.19
1133.19
1133.19
1133.2
1133.21
1133.21
1133.22
1133.23
1133.24
1133.24
1133.25
1133.26
1133.27
1133.28
1133.29
1133.29
1133.3
1133.3
1133.31
1133.31
1133.31
1133.31
1133.3
1133.3
1133.29
1133.28
1133.27
1133.26
1133.24
1133.22
1133.2
1133.18
1133.16
1133.14
1133.11
1133.09
1133.06
1133.03
1133.01
1132.99
1132.96
1132.94
1132.92
1132.91
1132.89
1132.88
1132.87
1132.86
1132.86
)
;
    }
    bottom
    {
        type            calculated;
        value           nonuniform List<scalar> 
102
(
-40.7164
-40.722
-40.7326
-40.7479
-40.7676
-40.7914
-40.8187
-40.8491
-40.8819
-40.9166
-40.9526
-40.9893
-41.0261
-41.0624
-41.0977
-41.1315
-41.1635
-41.1933
-41.2205
-41.245
-41.2666
-41.2852
-41.3006
-41.3129
-41.3222
-41.3285
-41.3321
-41.3329
-41.3313
-41.3275
-41.3217
-41.3142
-41.3052
-41.295
-41.2839
-41.272
-41.2597
-41.2472
-41.2347
-41.2224
-41.2105
-41.1991
-41.1885
-41.1787
-41.1699
-41.1622
-41.1557
-41.1505
-41.1466
-41.144
-41.1428
-41.143
-41.1446
-41.1476
-41.1519
-41.1576
-41.1644
-41.1724
-41.1815
-41.1915
-41.2024
-41.2139
-41.2259
-41.2383
-41.2508
-41.2632
-41.2754
-41.287
-41.2979
-41.3077
-41.3163
-41.3233
-41.3286
-41.3318
-41.3327
-41.3311
-41.3269
-41.3198
-41.3097
-41.2965
-41.2803
-41.261
-41.2387
-41.2136
-41.1857
-41.1554
-41.123
-41.0888
-41.0534
-41.017
-40.9803
-40.9438
-40.9082
-40.8739
-40.8417
-40.8121
-40.7856
-40.7628
-40.7441
-40.7298
-40.7204
-40.7159
)
;
    }
    frontAndBack
    {
        type            empty;
    }
    left_cyc
    {
        type            cyclic;
    }
    right_cyc
    {
        type            cyclic;
    }
}


// ************************************************************************* //
