/*--------------------------------*- C++ -*----------------------------------*\
| =========                 |                                                 |
| \\      /  F ield         | OpenFOAM: The Open Source CFD Toolbox           |
|  \\    /   O peration     | Version:  2.3.0                                 |
|   \\  /    A nd           | Web:      www.OpenFOAM.org                      |
|    \\/     M anipulation  |                                                 |
\*---------------------------------------------------------------------------*/
FoamFile
{
    version     2.0;
    format      ascii;
    class       volScalarField;
    location    "1000";
    object      p_rgh;
}
// * * * * * * * * * * * * * * * * * * * * * * * * * * * * * * * * * * * * * //

dimensions      [0 2 -2 0 0 0 0];

internalField   nonuniform List<scalar> 
3060
(
-1183.55
-1183.56
-1183.57
-1183.59
-1183.62
-1183.65
-1183.69
-1183.73
-1183.77
-1183.82
-1183.86
-1183.91
-1183.96
-1184.01
-1184.05
-1184.1
-1184.14
-1184.18
-1184.21
-1184.25
-1184.28
-1184.3
-1184.32
-1184.34
-1184.35
-1184.36
-1184.36
-1184.37
-1184.36
-1184.36
-1184.35
-1184.35
-1184.33
-1184.32
-1184.31
-1184.3
-1184.28
-1184.27
-1184.25
-1184.24
-1184.22
-1184.21
-1184.2
-1184.18
-1184.17
-1184.16
-1184.16
-1184.15
-1184.15
-1184.14
-1184.14
-1184.14
-1184.14
-1184.15
-1184.15
-1184.16
-1184.17
-1184.18
-1184.19
-1184.2
-1184.21
-1184.23
-1184.24
-1184.26
-1184.27
-1184.29
-1184.3
-1184.31
-1184.33
-1184.34
-1184.35
-1184.36
-1184.36
-1184.36
-1184.37
-1184.36
-1184.36
-1184.35
-1184.33
-1184.31
-1184.29
-1184.27
-1184.24
-1184.2
-1184.17
-1184.13
-1184.09
-1184.04
-1183.99
-1183.95
-1183.9
-1183.85
-1183.8
-1183.76
-1183.72
-1183.68
-1183.64
-1183.61
-1183.59
-1183.57
-1183.56
-1183.55
-1180.42
-1180.43
-1180.44
-1180.46
-1180.49
-1180.52
-1180.55
-1180.59
-1180.64
-1180.68
-1180.73
-1180.77
-1180.82
-1180.87
-1180.91
-1180.96
-1181
-1181.04
-1181.07
-1181.1
-1181.13
-1181.16
-1181.18
-1181.19
-1181.21
-1181.22
-1181.22
-1181.22
-1181.22
-1181.22
-1181.21
-1181.21
-1181.2
-1181.18
-1181.17
-1181.16
-1181.14
-1181.13
-1181.12
-1181.1
-1181.09
-1181.07
-1181.06
-1181.05
-1181.04
-1181.03
-1181.02
-1181.02
-1181.01
-1181.01
-1181.01
-1181.01
-1181.01
-1181.01
-1181.02
-1181.03
-1181.03
-1181.04
-1181.05
-1181.07
-1181.08
-1181.09
-1181.11
-1181.12
-1181.13
-1181.15
-1181.16
-1181.18
-1181.19
-1181.2
-1181.21
-1181.22
-1181.22
-1181.22
-1181.22
-1181.22
-1181.21
-1181.2
-1181.19
-1181.17
-1181.15
-1181.12
-1181.09
-1181.06
-1181.03
-1180.99
-1180.94
-1180.9
-1180.85
-1180.81
-1180.76
-1180.71
-1180.67
-1180.62
-1180.58
-1180.55
-1180.51
-1180.48
-1180.46
-1180.44
-1180.43
-1180.42
-1174.15
-1174.16
-1174.17
-1174.19
-1174.22
-1174.25
-1174.29
-1174.33
-1174.37
-1174.41
-1174.46
-1174.51
-1174.56
-1174.6
-1174.65
-1174.69
-1174.74
-1174.78
-1174.81
-1174.84
-1174.87
-1174.9
-1174.92
-1174.94
-1174.95
-1174.96
-1174.96
-1174.97
-1174.97
-1174.96
-1174.96
-1174.95
-1174.94
-1174.93
-1174.91
-1174.9
-1174.88
-1174.87
-1174.86
-1174.84
-1174.83
-1174.81
-1174.8
-1174.79
-1174.78
-1174.77
-1174.76
-1174.76
-1174.75
-1174.75
-1174.75
-1174.75
-1174.75
-1174.75
-1174.76
-1174.76
-1174.77
-1174.78
-1174.79
-1174.8
-1174.82
-1174.83
-1174.85
-1174.86
-1174.87
-1174.89
-1174.9
-1174.92
-1174.93
-1174.94
-1174.95
-1174.96
-1174.96
-1174.97
-1174.97
-1174.96
-1174.96
-1174.94
-1174.93
-1174.91
-1174.89
-1174.86
-1174.83
-1174.8
-1174.76
-1174.72
-1174.68
-1174.64
-1174.59
-1174.54
-1174.5
-1174.45
-1174.4
-1174.36
-1174.32
-1174.28
-1174.24
-1174.21
-1174.19
-1174.17
-1174.16
-1174.15
-1164.78
-1164.79
-1164.8
-1164.83
-1164.85
-1164.88
-1164.92
-1164.96
-1165
-1165.05
-1165.09
-1165.14
-1165.19
-1165.24
-1165.28
-1165.33
-1165.37
-1165.41
-1165.45
-1165.48
-1165.51
-1165.53
-1165.56
-1165.57
-1165.59
-1165.6
-1165.6
-1165.6
-1165.6
-1165.6
-1165.59
-1165.59
-1165.58
-1165.56
-1165.55
-1165.54
-1165.52
-1165.51
-1165.49
-1165.48
-1165.47
-1165.45
-1165.44
-1165.43
-1165.42
-1165.41
-1165.4
-1165.39
-1165.39
-1165.39
-1165.38
-1165.38
-1165.39
-1165.39
-1165.4
-1165.4
-1165.41
-1165.42
-1165.43
-1165.44
-1165.46
-1165.47
-1165.48
-1165.5
-1165.51
-1165.53
-1165.54
-1165.56
-1165.57
-1165.58
-1165.59
-1165.6
-1165.6
-1165.6
-1165.6
-1165.6
-1165.59
-1165.58
-1165.57
-1165.55
-1165.53
-1165.5
-1165.47
-1165.44
-1165.4
-1165.36
-1165.32
-1165.27
-1165.23
-1165.18
-1165.13
-1165.08
-1165.03
-1164.99
-1164.95
-1164.91
-1164.87
-1164.84
-1164.82
-1164.8
-1164.79
-1164.78
-1152.37
-1152.37
-1152.39
-1152.41
-1152.43
-1152.46
-1152.49
-1152.53
-1152.57
-1152.62
-1152.66
-1152.71
-1152.76
-1152.8
-1152.85
-1152.89
-1152.93
-1152.97
-1153.01
-1153.04
-1153.07
-1153.09
-1153.12
-1153.13
-1153.15
-1153.16
-1153.16
-1153.17
-1153.17
-1153.17
-1153.16
-1153.15
-1153.14
-1153.13
-1153.12
-1153.11
-1153.09
-1153.08
-1153.07
-1153.05
-1153.04
-1153.02
-1153.01
-1153
-1152.99
-1152.98
-1152.97
-1152.97
-1152.96
-1152.96
-1152.96
-1152.96
-1152.96
-1152.96
-1152.97
-1152.98
-1152.98
-1152.99
-1153
-1153.02
-1153.03
-1153.04
-1153.06
-1153.07
-1153.08
-1153.1
-1153.11
-1153.12
-1153.14
-1153.15
-1153.15
-1153.16
-1153.17
-1153.17
-1153.17
-1153.16
-1153.15
-1153.14
-1153.13
-1153.11
-1153.09
-1153.06
-1153.03
-1153
-1152.96
-1152.92
-1152.88
-1152.84
-1152.79
-1152.75
-1152.7
-1152.65
-1152.61
-1152.56
-1152.52
-1152.49
-1152.45
-1152.42
-1152.4
-1152.38
-1152.37
-1152.36
-1136.92
-1136.93
-1136.94
-1136.96
-1136.99
-1137.01
-1137.05
-1137.09
-1137.13
-1137.17
-1137.21
-1137.26
-1137.3
-1137.35
-1137.39
-1137.44
-1137.48
-1137.52
-1137.55
-1137.58
-1137.61
-1137.64
-1137.66
-1137.67
-1137.69
-1137.7
-1137.71
-1137.71
-1137.71
-1137.71
-1137.7
-1137.7
-1137.69
-1137.68
-1137.67
-1137.65
-1137.64
-1137.63
-1137.61
-1137.6
-1137.59
-1137.58
-1137.56
-1137.55
-1137.54
-1137.53
-1137.53
-1137.52
-1137.52
-1137.51
-1137.51
-1137.51
-1137.51
-1137.52
-1137.52
-1137.53
-1137.54
-1137.55
-1137.56
-1137.57
-1137.58
-1137.59
-1137.6
-1137.62
-1137.63
-1137.65
-1137.66
-1137.67
-1137.68
-1137.69
-1137.7
-1137.7
-1137.71
-1137.71
-1137.71
-1137.7
-1137.7
-1137.68
-1137.67
-1137.65
-1137.63
-1137.6
-1137.57
-1137.54
-1137.5
-1137.47
-1137.43
-1137.38
-1137.34
-1137.29
-1137.25
-1137.2
-1137.16
-1137.12
-1137.08
-1137.04
-1137.01
-1136.98
-1136.96
-1136.94
-1136.93
-1136.92
-1118.47
-1118.47
-1118.49
-1118.51
-1118.54
-1118.57
-1118.61
-1118.65
-1118.69
-1118.74
-1118.78
-1118.83
-1118.88
-1118.93
-1118.98
-1119.03
-1119.07
-1119.11
-1119.15
-1119.18
-1119.21
-1119.24
-1119.26
-1119.28
-1119.29
-1119.3
-1119.31
-1119.31
-1119.31
-1119.3
-1119.3
-1119.29
-1119.28
-1119.27
-1119.26
-1119.24
-1119.23
-1119.21
-1119.2
-1119.18
-1119.17
-1119.16
-1119.14
-1119.13
-1119.12
-1119.11
-1119.1
-1119.1
-1119.09
-1119.09
-1119.09
-1119.09
-1119.09
-1119.09
-1119.1
-1119.11
-1119.11
-1119.12
-1119.14
-1119.15
-1119.16
-1119.17
-1119.19
-1119.2
-1119.22
-1119.23
-1119.25
-1119.26
-1119.27
-1119.28
-1119.29
-1119.3
-1119.31
-1119.31
-1119.31
-1119.3
-1119.3
-1119.28
-1119.27
-1119.25
-1119.23
-1119.2
-1119.17
-1119.14
-1119.1
-1119.06
-1119.01
-1118.97
-1118.92
-1118.87
-1118.82
-1118.77
-1118.72
-1118.68
-1118.64
-1118.6
-1118.56
-1118.53
-1118.5
-1118.49
-1118.47
-1118.47
-1097.08
-1097.09
-1097.11
-1097.13
-1097.16
-1097.2
-1097.24
-1097.29
-1097.34
-1097.39
-1097.45
-1097.5
-1097.56
-1097.61
-1097.66
-1097.72
-1097.76
-1097.81
-1097.85
-1097.89
-1097.92
-1097.95
-1097.97
-1097.99
-1098
-1098.01
-1098.02
-1098.02
-1098.02
-1098.01
-1098
-1097.99
-1097.98
-1097.97
-1097.95
-1097.93
-1097.92
-1097.9
-1097.88
-1097.87
-1097.85
-1097.83
-1097.82
-1097.81
-1097.79
-1097.78
-1097.77
-1097.77
-1097.76
-1097.76
-1097.76
-1097.76
-1097.76
-1097.76
-1097.77
-1097.78
-1097.79
-1097.8
-1097.81
-1097.82
-1097.84
-1097.85
-1097.87
-1097.89
-1097.9
-1097.92
-1097.94
-1097.95
-1097.97
-1097.98
-1098
-1098
-1098.01
-1098.02
-1098.02
-1098.01
-1098.01
-1098
-1097.98
-1097.96
-1097.94
-1097.91
-1097.88
-1097.84
-1097.8
-1097.75
-1097.7
-1097.65
-1097.6
-1097.54
-1097.49
-1097.43
-1097.38
-1097.33
-1097.28
-1097.23
-1097.19
-1097.16
-1097.13
-1097.11
-1097.09
-1097.08
-1072.87
-1072.88
-1072.9
-1072.92
-1072.96
-1073
-1073.04
-1073.1
-1073.15
-1073.21
-1073.27
-1073.34
-1073.4
-1073.46
-1073.52
-1073.57
-1073.63
-1073.68
-1073.72
-1073.76
-1073.8
-1073.83
-1073.85
-1073.87
-1073.88
-1073.89
-1073.9
-1073.9
-1073.89
-1073.89
-1073.88
-1073.86
-1073.85
-1073.83
-1073.81
-1073.79
-1073.77
-1073.75
-1073.73
-1073.72
-1073.7
-1073.68
-1073.66
-1073.65
-1073.63
-1073.62
-1073.61
-1073.6
-1073.6
-1073.59
-1073.59
-1073.59
-1073.6
-1073.6
-1073.61
-1073.62
-1073.63
-1073.64
-1073.65
-1073.67
-1073.68
-1073.7
-1073.72
-1073.74
-1073.76
-1073.78
-1073.8
-1073.82
-1073.84
-1073.85
-1073.87
-1073.88
-1073.89
-1073.89
-1073.9
-1073.9
-1073.89
-1073.88
-1073.86
-1073.84
-1073.82
-1073.79
-1073.75
-1073.71
-1073.66
-1073.61
-1073.56
-1073.5
-1073.44
-1073.38
-1073.32
-1073.26
-1073.2
-1073.14
-1073.08
-1073.03
-1072.99
-1072.95
-1072.92
-1072.89
-1072.87
-1072.87
-1045.89
-1045.9
-1045.92
-1045.95
-1045.99
-1046.04
-1046.09
-1046.15
-1046.21
-1046.28
-1046.35
-1046.41
-1046.48
-1046.55
-1046.62
-1046.68
-1046.74
-1046.79
-1046.84
-1046.88
-1046.92
-1046.95
-1046.98
-1047
-1047.01
-1047.02
-1047.02
-1047.02
-1047.02
-1047.01
-1047
-1046.98
-1046.96
-1046.94
-1046.92
-1046.9
-1046.88
-1046.85
-1046.83
-1046.81
-1046.79
-1046.77
-1046.75
-1046.74
-1046.72
-1046.71
-1046.7
-1046.69
-1046.68
-1046.68
-1046.67
-1046.67
-1046.68
-1046.68
-1046.69
-1046.7
-1046.71
-1046.72
-1046.74
-1046.76
-1046.78
-1046.8
-1046.82
-1046.84
-1046.86
-1046.88
-1046.91
-1046.93
-1046.95
-1046.97
-1046.99
-1047
-1047.01
-1047.02
-1047.02
-1047.02
-1047.02
-1047.01
-1046.99
-1046.97
-1046.94
-1046.91
-1046.87
-1046.83
-1046.78
-1046.72
-1046.66
-1046.6
-1046.53
-1046.47
-1046.4
-1046.33
-1046.26
-1046.2
-1046.13
-1046.08
-1046.03
-1045.98
-1045.95
-1045.92
-1045.9
-1045.89
-1016.25
-1016.26
-1016.28
-1016.32
-1016.36
-1016.41
-1016.47
-1016.53
-1016.6
-1016.67
-1016.75
-1016.82
-1016.9
-1016.97
-1017.04
-1017.11
-1017.17
-1017.23
-1017.28
-1017.33
-1017.37
-1017.4
-1017.43
-1017.45
-1017.47
-1017.48
-1017.48
-1017.48
-1017.47
-1017.46
-1017.44
-1017.43
-1017.4
-1017.38
-1017.36
-1017.33
-1017.31
-1017.28
-1017.26
-1017.23
-1017.21
-1017.19
-1017.17
-1017.15
-1017.13
-1017.12
-1017.11
-1017.1
-1017.09
-1017.08
-1017.08
-1017.08
-1017.09
-1017.09
-1017.1
-1017.11
-1017.12
-1017.14
-1017.16
-1017.17
-1017.2
-1017.22
-1017.24
-1017.27
-1017.29
-1017.32
-1017.34
-1017.37
-1017.39
-1017.41
-1017.43
-1017.45
-1017.46
-1017.47
-1017.48
-1017.48
-1017.47
-1017.46
-1017.45
-1017.42
-1017.39
-1017.36
-1017.32
-1017.27
-1017.21
-1017.16
-1017.09
-1017.02
-1016.95
-1016.88
-1016.8
-1016.73
-1016.65
-1016.58
-1016.51
-1016.45
-1016.4
-1016.35
-1016.31
-1016.28
-1016.26
-1016.25
-984.02
-984.033
-984.058
-984.095
-984.14
-984.195
-984.257
-984.326
-984.4
-984.478
-984.559
-984.64
-984.722
-984.801
-984.878
-984.951
-985.02
-985.083
-985.139
-985.189
-985.232
-985.268
-985.297
-985.319
-985.333
-985.342
-985.344
-985.34
-985.332
-985.319
-985.302
-985.281
-985.258
-985.233
-985.206
-985.179
-985.151
-985.123
-985.095
-985.068
-985.043
-985.019
-984.997
-984.977
-984.959
-984.943
-984.93
-984.919
-984.912
-984.906
-984.904
-984.905
-984.908
-984.914
-984.923
-984.934
-984.948
-984.964
-984.983
-985.004
-985.026
-985.051
-985.077
-985.103
-985.131
-985.159
-985.187
-985.214
-985.24
-985.265
-985.287
-985.306
-985.322
-985.334
-985.341
-985.343
-985.339
-985.329
-985.312
-985.288
-985.258
-985.22
-985.175
-985.123
-985.065
-985.001
-984.932
-984.858
-984.78
-984.7
-984.619
-984.538
-984.458
-984.381
-984.308
-984.241
-984.181
-984.129
-984.085
-984.052
-984.029
-984.019
-949.298
-949.311
-949.339
-949.378
-949.427
-949.485
-949.552
-949.625
-949.704
-949.787
-949.873
-949.96
-950.047
-950.132
-950.214
-950.292
-950.365
-950.431
-950.491
-950.544
-950.59
-950.628
-950.658
-950.68
-950.695
-950.703
-950.705
-950.7
-950.69
-950.675
-950.656
-950.634
-950.608
-950.581
-950.551
-950.521
-950.491
-950.46
-950.43
-950.402
-950.374
-950.348
-950.325
-950.303
-950.284
-950.267
-950.253
-950.241
-950.233
-950.227
-950.225
-950.225
-950.229
-950.235
-950.245
-950.257
-950.272
-950.289
-950.31
-950.332
-950.356
-950.383
-950.41
-950.44
-950.469
-950.5
-950.53
-950.56
-950.589
-950.616
-950.64
-950.662
-950.679
-950.693
-950.701
-950.704
-950.701
-950.691
-950.674
-950.649
-950.617
-950.577
-950.53
-950.475
-950.413
-950.345
-950.271
-950.192
-950.109
-950.024
-949.937
-949.85
-949.765
-949.683
-949.606
-949.534
-949.47
-949.414
-949.367
-949.332
-949.307
-949.297
-912.17
-912.184
-912.213
-912.253
-912.305
-912.367
-912.437
-912.514
-912.598
-912.685
-912.776
-912.867
-912.958
-913.048
-913.134
-913.216
-913.293
-913.363
-913.426
-913.482
-913.53
-913.569
-913.6
-913.623
-913.639
-913.646
-913.647
-913.642
-913.63
-913.614
-913.593
-913.569
-913.541
-913.511
-913.48
-913.447
-913.415
-913.382
-913.35
-913.319
-913.29
-913.263
-913.237
-913.214
-913.194
-913.176
-913.161
-913.149
-913.14
-913.134
-913.132
-913.132
-913.136
-913.143
-913.153
-913.166
-913.181
-913.2
-913.221
-913.245
-913.271
-913.299
-913.329
-913.36
-913.392
-913.425
-913.457
-913.489
-913.52
-913.549
-913.576
-913.599
-913.618
-913.633
-913.643
-913.647
-913.644
-913.634
-913.616
-913.591
-913.558
-913.516
-913.466
-913.409
-913.344
-913.272
-913.194
-913.111
-913.024
-912.934
-912.843
-912.752
-912.662
-912.576
-912.494
-912.419
-912.351
-912.292
-912.243
-912.205
-912.179
-912.168
-872.721
-872.735
-872.766
-872.808
-872.862
-872.926
-872.999
-873.08
-873.166
-873.257
-873.351
-873.446
-873.541
-873.634
-873.724
-873.81
-873.889
-873.962
-874.028
-874.086
-874.135
-874.176
-874.208
-874.231
-874.247
-874.254
-874.255
-874.248
-874.236
-874.218
-874.196
-874.17
-874.14
-874.109
-874.075
-874.041
-874.006
-873.972
-873.938
-873.906
-873.875
-873.846
-873.82
-873.796
-873.774
-873.756
-873.74
-873.727
-873.718
-873.712
-873.709
-873.71
-873.714
-873.721
-873.731
-873.745
-873.761
-873.781
-873.803
-873.828
-873.855
-873.885
-873.916
-873.949
-873.982
-874.017
-874.051
-874.085
-874.118
-874.149
-874.177
-874.202
-874.223
-874.239
-874.25
-874.254
-874.252
-874.242
-874.224
-874.198
-874.164
-874.121
-874.069
-874.01
-873.942
-873.867
-873.786
-873.7
-873.609
-873.516
-873.421
-873.326
-873.233
-873.143
-873.058
-872.98
-872.909
-872.848
-872.797
-872.757
-872.73
-872.719
-831.034
-831.049
-831.08
-831.124
-831.179
-831.245
-831.32
-831.402
-831.491
-831.585
-831.681
-831.779
-831.876
-831.972
-832.064
-832.152
-832.234
-832.309
-832.376
-832.435
-832.486
-832.527
-832.56
-832.584
-832.6
-832.607
-832.607
-832.6
-832.586
-832.568
-832.544
-832.517
-832.486
-832.453
-832.418
-832.382
-832.346
-832.31
-832.275
-832.242
-832.21
-832.18
-832.152
-832.127
-832.105
-832.086
-832.07
-832.057
-832.047
-832.041
-832.038
-832.039
-832.043
-832.05
-832.061
-832.075
-832.092
-832.112
-832.135
-832.161
-832.189
-832.219
-832.252
-832.286
-832.321
-832.357
-832.393
-832.428
-832.462
-832.495
-832.524
-832.551
-832.573
-832.59
-832.601
-832.606
-832.604
-832.595
-832.577
-832.55
-832.515
-832.471
-832.419
-832.357
-832.288
-832.211
-832.128
-832.039
-831.946
-831.85
-831.753
-831.655
-831.56
-831.468
-831.381
-831.3
-831.227
-831.164
-831.112
-831.071
-831.044
-831.033
-787.186
-787.201
-787.232
-787.277
-787.333
-787.4
-787.475
-787.559
-787.649
-787.744
-787.842
-787.941
-788.039
-788.136
-788.23
-788.319
-788.402
-788.478
-788.546
-788.606
-788.657
-788.7
-788.733
-788.757
-788.772
-788.779
-788.778
-788.771
-788.757
-788.737
-788.713
-788.684
-788.653
-788.618
-788.583
-788.546
-788.509
-788.472
-788.436
-788.402
-788.369
-788.338
-788.31
-788.285
-788.262
-788.243
-788.226
-788.213
-788.203
-788.197
-788.194
-788.195
-788.199
-788.206
-788.217
-788.231
-788.249
-788.269
-788.293
-788.319
-788.348
-788.379
-788.412
-788.447
-788.483
-788.52
-788.557
-788.593
-788.628
-788.662
-788.692
-788.72
-788.743
-788.76
-788.773
-788.778
-788.777
-788.767
-788.749
-788.723
-788.687
-788.643
-788.589
-788.527
-788.457
-788.379
-788.295
-788.205
-788.11
-788.013
-787.914
-787.815
-787.719
-787.625
-787.537
-787.455
-787.382
-787.318
-787.265
-787.224
-787.195
-787.184
-741.246
-741.26
-741.292
-741.336
-741.393
-741.459
-741.535
-741.619
-741.709
-741.803
-741.901
-742
-742.099
-742.196
-742.29
-742.379
-742.462
-742.538
-742.607
-742.667
-742.718
-742.76
-742.792
-742.816
-742.831
-742.838
-742.837
-742.829
-742.815
-742.795
-742.77
-742.741
-742.708
-742.674
-742.637
-742.6
-742.562
-742.525
-742.489
-742.454
-742.421
-742.39
-742.362
-742.336
-742.313
-742.294
-742.277
-742.264
-742.254
-742.248
-742.245
-742.246
-742.25
-742.257
-742.268
-742.282
-742.3
-742.32
-742.344
-742.371
-742.4
-742.431
-742.465
-742.5
-742.536
-742.574
-742.611
-742.648
-742.684
-742.718
-742.749
-742.777
-742.8
-742.818
-742.831
-742.837
-742.836
-742.827
-742.809
-742.783
-742.747
-742.703
-742.649
-742.587
-742.517
-742.439
-742.354
-742.264
-742.169
-742.072
-741.973
-741.875
-741.778
-741.685
-741.596
-741.515
-741.441
-741.377
-741.324
-741.283
-741.255
-741.244
-693.274
-693.288
-693.319
-693.363
-693.419
-693.484
-693.559
-693.641
-693.73
-693.823
-693.92
-694.017
-694.115
-694.211
-694.303
-694.391
-694.473
-694.549
-694.616
-694.675
-694.726
-694.767
-694.799
-694.823
-694.837
-694.844
-694.842
-694.834
-694.819
-694.799
-694.774
-694.745
-694.712
-694.678
-694.641
-694.604
-694.566
-694.529
-694.493
-694.458
-694.425
-694.395
-694.367
-694.341
-694.318
-694.299
-694.283
-694.27
-694.26
-694.254
-694.251
-694.251
-694.255
-694.263
-694.273
-694.288
-694.305
-694.325
-694.349
-694.375
-694.404
-694.435
-694.469
-694.504
-694.54
-694.578
-694.615
-694.652
-694.688
-694.722
-694.753
-694.781
-694.804
-694.823
-694.836
-694.842
-694.841
-694.833
-694.815
-694.79
-694.755
-694.711
-694.658
-694.597
-694.528
-694.451
-694.367
-694.278
-694.184
-694.088
-693.991
-693.894
-693.798
-693.706
-693.619
-693.539
-693.466
-693.403
-693.351
-693.31
-693.282
-693.271
-643.32
-643.334
-643.365
-643.407
-643.461
-643.525
-643.597
-643.677
-643.763
-643.854
-643.947
-644.042
-644.137
-644.23
-644.32
-644.406
-644.486
-644.559
-644.625
-644.682
-644.731
-644.771
-644.802
-644.825
-644.839
-644.845
-644.843
-644.834
-644.82
-644.799
-644.775
-644.746
-644.714
-644.679
-644.644
-644.607
-644.57
-644.533
-644.498
-644.464
-644.431
-644.401
-644.374
-644.349
-644.327
-644.308
-644.292
-644.279
-644.27
-644.264
-644.261
-644.261
-644.265
-644.273
-644.283
-644.297
-644.314
-644.334
-644.357
-644.382
-644.411
-644.441
-644.474
-644.509
-644.544
-644.581
-644.618
-644.654
-644.689
-644.723
-644.754
-644.781
-644.805
-644.824
-644.836
-644.843
-644.842
-644.834
-644.818
-644.793
-644.759
-644.717
-644.666
-644.606
-644.538
-644.463
-644.382
-644.295
-644.204
-644.111
-644.017
-643.922
-643.83
-643.74
-643.656
-643.578
-643.507
-643.446
-643.395
-643.356
-643.329
-643.318
-591.424
-591.438
-591.467
-591.507
-591.559
-591.62
-591.689
-591.765
-591.847
-591.934
-592.023
-592.113
-592.204
-592.293
-592.379
-592.461
-592.537
-592.607
-592.67
-592.725
-592.772
-592.81
-592.84
-592.861
-592.874
-592.879
-592.877
-592.869
-592.854
-592.834
-592.81
-592.782
-592.751
-592.717
-592.683
-592.647
-592.611
-592.576
-592.542
-592.509
-592.477
-592.449
-592.422
-592.398
-592.377
-592.359
-592.344
-592.331
-592.322
-592.317
-592.314
-592.314
-592.318
-592.325
-592.335
-592.348
-592.364
-592.384
-592.406
-592.43
-592.458
-592.487
-592.519
-592.552
-592.587
-592.622
-592.658
-592.693
-592.727
-592.76
-592.79
-592.817
-592.84
-592.858
-592.871
-592.877
-592.877
-592.87
-592.854
-592.831
-592.799
-592.758
-592.709
-592.652
-592.588
-592.516
-592.438
-592.355
-592.268
-592.179
-592.089
-591.999
-591.91
-591.825
-591.744
-591.67
-591.603
-591.544
-591.496
-591.458
-591.432
-591.422
-537.612
-537.624
-537.651
-537.69
-537.738
-537.794
-537.859
-537.931
-538.008
-538.088
-538.172
-538.257
-538.341
-538.425
-538.505
-538.582
-538.654
-538.719
-538.778
-538.83
-538.873
-538.909
-538.937
-538.956
-538.968
-538.973
-538.97
-538.962
-538.948
-538.928
-538.905
-538.878
-538.848
-538.817
-538.784
-538.75
-538.716
-538.682
-538.65
-538.618
-538.589
-538.562
-538.537
-538.514
-538.494
-538.477
-538.463
-538.452
-538.443
-538.438
-538.435
-538.436
-538.439
-538.446
-538.455
-538.467
-538.483
-538.501
-538.521
-538.545
-538.57
-538.598
-538.628
-538.66
-538.692
-538.726
-538.76
-538.793
-538.826
-538.857
-538.886
-538.912
-538.934
-538.951
-538.964
-538.97
-538.971
-538.964
-538.95
-538.928
-538.899
-538.861
-538.815
-538.762
-538.701
-538.634
-538.561
-538.483
-538.402
-538.318
-538.233
-538.149
-538.066
-537.987
-537.911
-537.841
-537.779
-537.724
-537.678
-537.643
-537.618
-537.609
-481.895
-481.906
-481.931
-481.966
-482.01
-482.062
-482.121
-482.186
-482.257
-482.33
-482.407
-482.484
-482.561
-482.637
-482.711
-482.782
-482.847
-482.907
-482.961
-483.008
-483.048
-483.08
-483.105
-483.123
-483.133
-483.137
-483.134
-483.126
-483.112
-483.094
-483.072
-483.047
-483.019
-482.99
-482.959
-482.927
-482.896
-482.864
-482.834
-482.805
-482.778
-482.753
-482.73
-482.709
-482.691
-482.675
-482.662
-482.652
-482.644
-482.639
-482.637
-482.637
-482.64
-482.646
-482.655
-482.666
-482.68
-482.697
-482.716
-482.737
-482.761
-482.786
-482.814
-482.843
-482.874
-482.905
-482.937
-482.968
-482.998
-483.027
-483.054
-483.078
-483.099
-483.116
-483.128
-483.135
-483.135
-483.13
-483.117
-483.098
-483.071
-483.036
-482.995
-482.946
-482.89
-482.829
-482.762
-482.691
-482.616
-482.54
-482.463
-482.386
-482.31
-482.237
-482.168
-482.105
-482.047
-481.997
-481.955
-481.923
-481.901
-481.892
-424.271
-424.281
-424.303
-424.334
-424.373
-424.419
-424.472
-424.53
-424.592
-424.657
-424.725
-424.793
-424.862
-424.93
-424.995
-425.058
-425.116
-425.169
-425.217
-425.258
-425.293
-425.322
-425.343
-425.358
-425.367
-425.37
-425.367
-425.359
-425.346
-425.329
-425.309
-425.286
-425.26
-425.233
-425.205
-425.177
-425.148
-425.12
-425.093
-425.067
-425.042
-425.02
-424.999
-424.981
-424.965
-424.951
-424.939
-424.93
-424.923
-424.918
-424.916
-424.917
-424.92
-424.925
-424.933
-424.943
-424.955
-424.97
-424.987
-425.006
-425.027
-425.05
-425.075
-425.101
-425.129
-425.157
-425.185
-425.214
-425.241
-425.268
-425.292
-425.314
-425.334
-425.349
-425.361
-425.367
-425.369
-425.364
-425.354
-425.337
-425.313
-425.283
-425.246
-425.203
-425.154
-425.099
-425.04
-424.977
-424.911
-424.843
-424.775
-424.706
-424.639
-424.575
-424.514
-424.457
-424.406
-424.362
-424.325
-424.296
-424.276
-424.268
-364.724
-364.732
-364.751
-364.778
-364.811
-364.85
-364.895
-364.944
-364.997
-365.052
-365.11
-365.168
-365.226
-365.284
-365.339
-365.392
-365.442
-365.487
-365.528
-365.563
-365.592
-365.616
-365.634
-365.646
-365.652
-365.654
-365.651
-365.643
-365.631
-365.616
-365.598
-365.577
-365.555
-365.531
-365.507
-365.482
-365.457
-365.432
-365.408
-365.386
-365.365
-365.345
-365.328
-365.312
-365.298
-365.286
-365.276
-365.268
-365.263
-365.259
-365.257
-365.257
-365.26
-365.264
-365.271
-365.279
-365.29
-365.302
-365.317
-365.333
-365.351
-365.371
-365.393
-365.416
-365.439
-365.464
-365.489
-365.514
-365.538
-365.561
-365.583
-365.603
-365.62
-365.634
-365.645
-365.651
-365.653
-365.65
-365.642
-365.628
-365.609
-365.583
-365.553
-365.516
-365.474
-365.428
-365.378
-365.324
-365.268
-365.21
-365.152
-365.094
-365.037
-364.982
-364.93
-364.882
-364.839
-364.801
-364.769
-364.745
-364.727
-364.721
-303.22
-303.227
-303.242
-303.263
-303.29
-303.321
-303.357
-303.396
-303.438
-303.483
-303.529
-303.575
-303.621
-303.667
-303.712
-303.754
-303.794
-303.83
-303.861
-303.889
-303.912
-303.93
-303.944
-303.953
-303.957
-303.957
-303.953
-303.946
-303.935
-303.922
-303.907
-303.889
-303.87
-303.85
-303.83
-303.809
-303.788
-303.768
-303.748
-303.73
-303.713
-303.697
-303.683
-303.67
-303.659
-303.649
-303.641
-303.635
-303.63
-303.627
-303.626
-303.626
-303.628
-303.632
-303.637
-303.644
-303.652
-303.662
-303.674
-303.687
-303.702
-303.718
-303.736
-303.754
-303.774
-303.794
-303.815
-303.836
-303.856
-303.876
-303.894
-303.911
-303.926
-303.938
-303.948
-303.954
-303.957
-303.955
-303.95
-303.94
-303.925
-303.905
-303.881
-303.852
-303.819
-303.782
-303.742
-303.699
-303.654
-303.609
-303.562
-303.516
-303.47
-303.427
-303.385
-303.347
-303.312
-303.281
-303.256
-303.236
-303.222
-303.217
-239.71
-239.715
-239.726
-239.742
-239.761
-239.784
-239.81
-239.838
-239.868
-239.9
-239.933
-239.966
-239.999
-240.032
-240.064
-240.094
-240.123
-240.148
-240.17
-240.19
-240.205
-240.217
-240.226
-240.231
-240.233
-240.231
-240.227
-240.22
-240.211
-240.2
-240.188
-240.174
-240.159
-240.143
-240.127
-240.111
-240.095
-240.08
-240.065
-240.051
-240.038
-240.027
-240.016
-240.007
-239.999
-239.992
-239.987
-239.982
-239.979
-239.977
-239.976
-239.976
-239.977
-239.98
-239.983
-239.988
-239.994
-240.002
-240.01
-240.019
-240.03
-240.042
-240.056
-240.07
-240.085
-240.1
-240.116
-240.132
-240.148
-240.163
-240.178
-240.191
-240.203
-240.214
-240.222
-240.228
-240.231
-240.232
-240.229
-240.223
-240.214
-240.201
-240.184
-240.164
-240.141
-240.115
-240.086
-240.055
-240.023
-239.99
-239.957
-239.924
-239.891
-239.86
-239.83
-239.802
-239.777
-239.755
-239.736
-239.722
-239.711
-239.708
-174.144
-174.147
-174.153
-174.162
-174.172
-174.185
-174.199
-174.215
-174.231
-174.249
-174.266
-174.284
-174.302
-174.319
-174.336
-174.352
-174.366
-174.379
-174.39
-174.399
-174.406
-174.41
-174.413
-174.413
-174.412
-174.408
-174.403
-174.397
-174.389
-174.381
-174.372
-174.362
-174.351
-174.341
-174.33
-174.32
-174.31
-174.3
-174.291
-174.283
-174.275
-174.268
-174.262
-174.257
-174.253
-174.249
-174.246
-174.244
-174.242
-174.241
-174.24
-174.24
-174.241
-174.242
-174.244
-174.247
-174.25
-174.254
-174.259
-174.264
-174.27
-174.277
-174.285
-174.294
-174.303
-174.313
-174.323
-174.333
-174.344
-174.354
-174.364
-174.374
-174.383
-174.391
-174.399
-174.405
-174.409
-174.412
-174.413
-174.412
-174.409
-174.404
-174.396
-174.387
-174.375
-174.362
-174.347
-174.331
-174.314
-174.297
-174.279
-174.261
-174.244
-174.227
-174.21
-174.195
-174.181
-174.169
-174.158
-174.15
-174.144
-174.142
-106.347
-106.349
-106.351
-106.355
-106.36
-106.366
-106.372
-106.379
-106.386
-106.394
-106.402
-106.409
-106.417
-106.424
-106.431
-106.438
-106.444
-106.449
-106.453
-106.456
-106.458
-106.459
-106.458
-106.457
-106.455
-106.452
-106.448
-106.443
-106.438
-106.433
-106.427
-106.421
-106.415
-106.409
-106.403
-106.398
-106.392
-106.387
-106.382
-106.378
-106.374
-106.371
-106.368
-106.365
-106.364
-106.362
-106.361
-106.36
-106.359
-106.359
-106.359
-106.359
-106.359
-106.359
-106.36
-106.361
-106.363
-106.364
-106.366
-106.369
-106.372
-106.375
-106.379
-106.384
-106.389
-106.394
-106.399
-106.405
-106.411
-106.417
-106.423
-106.429
-106.434
-106.44
-106.444
-106.449
-106.452
-106.455
-106.457
-106.458
-106.458
-106.457
-106.455
-106.452
-106.447
-106.442
-106.436
-106.429
-106.422
-106.415
-106.407
-106.399
-106.392
-106.384
-106.377
-106.37
-106.364
-106.358
-106.354
-106.35
-106.347
-106.346
-36.715
-36.7097
-36.7002
-36.6864
-36.6686
-36.6469
-36.6218
-36.5936
-36.5626
-36.5294
-36.4945
-36.4582
-36.4212
-36.3839
-36.3469
-36.3106
-36.2755
-36.2418
-36.2097
-36.1797
-36.152
-36.1267
-36.1041
-36.0842
-36.0672
-36.053
-36.0417
-36.0331
-36.0272
-36.0238
-36.0228
-36.0239
-36.027
-36.0318
-36.038
-36.0455
-36.054
-36.0632
-36.0729
-36.0828
-36.0927
-36.1025
-36.1118
-36.1206
-36.1287
-36.1359
-36.1421
-36.1471
-36.1509
-36.1534
-36.1545
-36.1543
-36.1528
-36.1499
-36.1457
-36.1403
-36.1338
-36.1264
-36.1181
-36.1091
-36.0996
-36.0898
-36.0798
-36.07
-36.0604
-36.0514
-36.0433
-36.0361
-36.0303
-36.026
-36.0235
-36.023
-36.0247
-36.0288
-36.0354
-36.0448
-36.0569
-36.0719
-36.0897
-36.1104
-36.1337
-36.1597
-36.1881
-36.2186
-36.2511
-36.2853
-36.3207
-36.3571
-36.3943
-36.4315
-36.4683
-36.5042
-36.5387
-36.5713
-36.6016
-36.629
-36.6532
-36.6737
-36.6904
-36.7029
-36.7109
-36.7149
)
;

boundaryField
{
    top
    {
        type            fixedValue;
        value           uniform 0;
    }
    bottom
    {
        type            fixedFluxPressure;
        gradient        nonuniform List<scalar> 
102
(
0
0
0
0
0
0
0
0
0
0
0
0
0
0
0
0
0
0
0
0
0
0
0
0
0
0
0
0
0
0
0
0
0
0
0
0
0
0
0
0
0
0
0
0
0
0
0
0
0
0
0
0
0
0
0
0
0
0
0
0
0
0
0
0
0
0
0
0
0
0
0
0
0
0
0
0
0
0
0
0
0
0
0
0
0
0
0
0
0
0
0
0
0
0
0
0
0
0
0
0
0
-4.91484e-15
)
;
        value           nonuniform List<scalar> 
102
(
-1183.55
-1183.56
-1183.57
-1183.59
-1183.62
-1183.65
-1183.69
-1183.73
-1183.77
-1183.82
-1183.86
-1183.91
-1183.96
-1184.01
-1184.05
-1184.1
-1184.14
-1184.18
-1184.21
-1184.25
-1184.28
-1184.3
-1184.32
-1184.34
-1184.35
-1184.36
-1184.36
-1184.37
-1184.36
-1184.36
-1184.35
-1184.35
-1184.33
-1184.32
-1184.31
-1184.3
-1184.28
-1184.27
-1184.25
-1184.24
-1184.22
-1184.21
-1184.2
-1184.18
-1184.17
-1184.16
-1184.16
-1184.15
-1184.15
-1184.14
-1184.14
-1184.14
-1184.14
-1184.15
-1184.15
-1184.16
-1184.17
-1184.18
-1184.19
-1184.2
-1184.21
-1184.23
-1184.24
-1184.26
-1184.27
-1184.29
-1184.3
-1184.31
-1184.33
-1184.34
-1184.35
-1184.36
-1184.36
-1184.36
-1184.37
-1184.36
-1184.36
-1184.35
-1184.33
-1184.31
-1184.29
-1184.27
-1184.24
-1184.2
-1184.17
-1184.13
-1184.09
-1184.04
-1183.99
-1183.95
-1183.9
-1183.85
-1183.8
-1183.76
-1183.72
-1183.68
-1183.64
-1183.61
-1183.59
-1183.57
-1183.56
-1183.55
)
;
    }
    frontAndBack
    {
        type            empty;
    }
    left_cyc
    {
        type            cyclic;
    }
    right_cyc
    {
        type            cyclic;
    }
}


// ************************************************************************* //
