/*--------------------------------*- C++ -*----------------------------------*\
| =========                 |                                                 |
| \\      /  F ield         | OpenFOAM: The Open Source CFD Toolbox           |
|  \\    /   O peration     | Version:  2.3.0                                 |
|   \\  /    A nd           | Web:      www.OpenFOAM.org                      |
|    \\/     M anipulation  |                                                 |
\*---------------------------------------------------------------------------*/
FoamFile
{
    version     2.0;
    format      ascii;
    class       surfaceScalarField;
    location    "1000";
    object      phi;
}
// * * * * * * * * * * * * * * * * * * * * * * * * * * * * * * * * * * * * * //

dimensions      [0 3 -1 0 0 0 0];

internalField   nonuniform List<scalar> 
5988
(
4.8061e-11
-4.31656e-11
9.03438e-11
-4.22821e-11
1.30883e-10
-4.05389e-11
1.68922e-10
-3.80391e-11
2.03794e-10
-3.48711e-11
2.34922e-10
-3.11267e-11
2.61827e-10
-2.69048e-11
2.8414e-10
-2.23128e-11
3.01604e-10
-1.74633e-11
3.14078e-10
-1.2473e-11
3.21538e-10
-7.45919e-12
3.24075e-10
-2.53721e-12
3.21894e-10
2.18234e-12
3.15288e-10
6.60616e-12
3.04618e-10
1.06701e-11
2.90297e-10
1.43223e-11
2.72776e-10
1.75213e-11
2.52541e-10
2.02361e-11
2.30094e-10
2.24472e-11
2.05949e-10
2.41467e-11
1.80613e-10
2.53375e-11
1.54581e-10
2.6033e-11
1.28325e-10
2.62562e-11
1.02288e-10
2.60379e-11
7.68738e-11
2.54155e-11
5.24428e-11
2.44316e-11
2.93105e-11
2.31325e-11
7.74375e-12
2.15669e-11
-1.204e-11
1.97838e-11
-2.98722e-11
1.78322e-11
-4.56318e-11
1.57593e-11
-5.92422e-11
1.36101e-11
-7.06683e-11
1.14261e-11
-7.99127e-11
9.24453e-12
-8.70107e-11
7.0982e-12
-9.20254e-11
5.01485e-12
-9.50418e-11
3.01679e-12
-9.61617e-11
1.12044e-12
-9.54977e-11
-6.63544e-13
-9.31699e-11
-2.32746e-12
-8.931e-11
-3.8595e-12
-8.40588e-11
-5.25059e-12
-7.75626e-11
-6.49542e-12
-6.99699e-11
-7.59179e-12
-6.14293e-11
-8.5398e-12
-5.20874e-11
-9.3411e-12
-4.20884e-11
-9.9983e-12
-3.15731e-11
-1.05145e-11
-2.06798e-11
-1.08928e-11
-9.54362e-12
-1.11359e-11
1.70189e-12
-1.12456e-11
1.29245e-11
-1.12229e-11
2.39917e-11
-1.10677e-11
3.47703e-11
-1.07789e-11
4.51248e-11
-1.03547e-11
5.49171e-11
-9.79251e-12
6.40064e-11
-9.08942e-12
7.22491e-11
-8.24262e-12
7.94992e-11
-7.24986e-12
8.56096e-11
-6.11004e-12
9.04341e-11
-4.8239e-12
9.38296e-11
-3.39471e-12
9.56592e-11
-1.82894e-12
9.57962e-11
-1.36355e-13
9.41247e-11
1.67211e-12
9.05365e-11
3.58882e-12
8.49355e-11
5.60154e-12
7.72438e-11
7.6923e-12
6.74071e-11
9.83749e-12
5.53996e-11
1.20083e-11
4.12295e-11
1.41709e-11
2.49428e-11
1.62873e-11
6.62782e-12
1.83155e-11
-1.35823e-11
2.02103e-11
-3.5507e-11
2.19245e-11
-5.89171e-11
2.34099e-11
-8.3535e-11
2.46179e-11
-1.09036e-10
2.55011e-11
-1.3505e-10
2.60146e-11
-1.61166e-10
2.61174e-11
-1.8694e-10
2.5774e-11
-2.11896e-10
2.4956e-11
-2.35539e-10
2.3643e-11
-2.57363e-10
2.18244e-11
-2.76863e-10
1.94997e-11
-2.93543e-10
1.66798e-11
-3.06929e-10
1.33866e-11
-3.16582e-10
9.65343e-12
-3.22105e-10
5.5239e-12
-3.23156e-10
1.05165e-12
-3.19459e-10
-3.69663e-12
-3.10839e-10
-8.62112e-12
-2.97229e-10
-1.36105e-11
-2.7868e-10
-1.85497e-11
-2.55357e-10
-2.33225e-11
-2.2754e-10
-2.78147e-11
-1.95623e-10
-3.19158e-11
-1.60102e-10
-3.55208e-11
-1.21572e-10
-3.8531e-11
-8.07126e-11
-4.08579e-11
-3.82851e-11
-4.24268e-11
-4.31816e-11
1.00775e-10
-1.3352e-10
1.8929e-10
-1.30797e-10
2.74256e-10
-1.25506e-10
3.54113e-10
-1.17896e-10
4.27467e-10
-1.08226e-10
4.93113e-10
-9.67725e-11
5.50049e-10
-8.38417e-11
5.97499e-10
-6.97626e-11
6.34917e-10
-5.48819e-11
6.61999e-10
-3.95549e-11
6.78676e-10
-2.41368e-11
6.85112e-10
-8.9742e-12
6.81688e-10
5.60567e-12
6.68974e-10
1.93197e-11
6.47689e-10
3.19549e-11
6.18671e-10
4.33395e-11
5.82855e-10
5.33376e-11
5.41242e-10
6.18493e-11
4.94879e-10
6.88112e-11
4.4483e-10
7.41958e-11
3.92158e-10
7.80102e-11
3.37897e-10
8.02939e-11
2.83038e-10
8.1115e-11
2.28509e-10
8.05667e-11
1.75161e-10
7.87629e-11
1.23759e-10
7.58333e-11
7.49718e-11
7.19193e-11
2.93683e-11
6.71694e-11
-1.25842e-11
6.17351e-11
-5.05198e-11
5.57665e-11
-8.41711e-11
4.94095e-11
-1.13364e-10
4.28021e-11
-1.38011e-10
3.60726e-11
-1.58103e-10
2.93367e-11
-1.73702e-10
2.26965e-11
-1.84926e-10
1.62387e-11
-1.91944e-10
1.00343e-11
-1.94962e-10
4.1381e-12
-1.94215e-10
-1.41054e-12
-1.8996e-10
-6.58266e-12
-1.82474e-10
-1.13457e-11
-1.7205e-10
-1.56742e-11
-1.58992e-10
-1.95525e-11
-1.43611e-10
-2.2973e-11
-1.26215e-10
-2.59347e-11
-1.07115e-10
-2.84415e-11
-8.66127e-11
-3.05001e-11
-6.50082e-11
-3.21191e-11
-4.2595e-11
-3.33067e-11
-1.96617e-11
-3.40703e-11
3.50634e-12
-3.44151e-11
2.66257e-11
-3.43439e-11
4.94131e-11
-3.38566e-11
7.15832e-11
-3.29504e-11
9.2847e-11
-3.16199e-11
1.12911e-10
-2.98581e-11
1.31478e-10
-2.76571e-11
1.48244e-10
-2.50094e-11
1.62904e-10
-2.19096e-11
1.7515e-10
-1.83556e-11
1.84676e-10
-1.43505e-11
1.91187e-10
-9.90465e-12
1.94395e-10
-5.03687e-12
1.94033e-10
2.25377e-13
1.89854e-10
5.85081e-12
1.81635e-10
1.18087e-11
1.6918e-10
1.80559e-11
1.52339e-10
2.45336e-11
1.3101e-10
3.11671e-11
1.05152e-10
3.78663e-11
7.47972e-11
4.45263e-11
4.00551e-11
5.10291e-11
1.12453e-12
5.72452e-11
-4.17021e-11
6.30358e-11
-8.80342e-11
6.82553e-11
-1.3738e-10
7.27551e-11
-1.89149e-10
7.6386e-11
-2.42651e-10
7.9003e-11
-2.97105e-10
8.04689e-11
-3.51647e-10
8.0659e-11
-4.05339e-10
7.9466e-11
-4.57188e-10
7.68039e-11
-5.06159e-10
7.26125e-11
-5.51196e-10
6.68607e-11
-5.91247e-10
5.95497e-11
-6.25282e-10
5.07151e-11
-6.52324e-10
4.04282e-11
-6.71467e-10
2.87967e-11
-6.81907e-10
1.59636e-11
-6.82964e-10
2.10737e-12
-6.74111e-10
-1.25505e-11
-6.55021e-10
-2.77135e-11
-6.25582e-10
-4.30516e-11
-5.85911e-10
-5.82193e-11
-5.36367e-10
-7.28651e-11
-4.7754e-10
-8.66399e-11
-4.10253e-10
-9.9204e-11
-3.3554e-10
-1.10235e-10
-2.54635e-10
-1.19435e-10
-1.6895e-10
-1.26542e-10
-8.00456e-11
-1.31336e-10
-1.33645e-10
1.19659e-10
-2.40659e-10
2.24632e-10
-2.35772e-10
3.2549e-10
-2.26365e-10
4.20414e-10
-2.12821e-10
5.07766e-10
-1.95578e-10
5.86122e-10
-1.75129e-10
6.54298e-10
-1.52018e-10
7.11371e-10
-1.26836e-10
7.56689e-10
-1.002e-10
7.89877e-10
-7.2743e-11
8.10833e-10
-4.5094e-11
8.19722e-10
-1.78633e-11
8.16949e-10
8.37755e-12
8.03144e-10
3.31246e-11
7.7912e-10
5.59778e-11
7.45846e-10
7.66132e-11
7.04407e-10
9.47758e-11
6.55978e-10
1.10279e-10
6.01786e-10
1.23003e-10
5.43088e-10
1.32894e-10
4.81137e-10
1.39961e-10
4.17158e-10
1.44273e-10
3.52325e-10
1.45948e-10
2.87741e-10
1.45151e-10
2.24421e-10
1.42083e-10
1.63279e-10
1.36975e-10
1.05117e-10
1.30081e-10
5.06216e-11
1.21665e-10
3.5812e-13
1.11999e-10
-4.52264e-11
1.01351e-10
-8.5801e-11
8.99839e-11
-1.21145e-10
7.81459e-11
-1.5114e-10
6.60677e-11
-1.75761e-10
5.39584e-11
-1.95067e-10
4.20025e-11
-2.09186e-10
3.03583e-11
-2.18308e-10
1.91567e-11
-2.22671e-10
8.50163e-12
-2.22553e-10
-1.5286e-12
-2.18259e-10
-1.08758e-11
-2.10119e-10
-1.94849e-11
-1.98479e-10
-2.73134e-11
-1.83698e-10
-3.43335e-11
-1.66139e-10
-4.05308e-11
-1.4617e-10
-4.59025e-11
-1.24158e-10
-5.04535e-11
-1.00463e-10
-5.41946e-11
-7.54426e-11
-5.7139e-11
-4.94491e-11
-5.93003e-11
-2.2829e-11
-6.06907e-11
4.07426e-12
-6.13189e-11
3.09195e-11
-6.11897e-11
5.73652e-11
-6.0303e-11
8.30683e-11
-5.8654e-11
1.07682e-10
-5.6234e-11
1.30855e-10
-5.30314e-11
1.52232e-10
-4.90336e-11
1.71452e-10
-4.4229e-11
1.88152e-10
-3.86091e-11
2.01969e-10
-3.21721e-11
2.12544e-10
-2.49247e-11
2.19526e-10
-1.68856e-11
2.22577e-10
-8.08719e-12
2.21378e-10
1.42401e-12
2.15636e-10
1.15936e-11
2.05087e-10
2.23584e-11
1.8951e-10
3.3634e-11
1.68734e-10
4.531e-11
1.42652e-10
5.72493e-11
1.11231e-10
6.92879e-11
7.45215e-11
8.12363e-11
3.2669e-11
9.28817e-11
-1.4077e-11
1.03991e-10
-6.53559e-11
1.14314e-10
-1.20692e-10
1.23591e-10
-1.7949e-10
1.31553e-10
-2.41039e-10
1.37935e-10
-3.04513e-10
1.42478e-10
-3.68979e-10
1.44935e-10
-4.33406e-10
1.45087e-10
-4.96682e-10
1.42742e-10
-5.57628e-10
1.3775e-10
-6.1502e-10
1.30004e-10
-6.67612e-10
1.19453e-10
-7.14165e-10
1.06103e-10
-7.5347e-10
9.00213e-11
-7.84384e-10
7.13425e-11
-8.05855e-10
5.02675e-11
-8.16956e-10
2.7065e-11
-8.16921e-10
2.07265e-12
-8.05178e-10
-2.42945e-11
-7.81376e-10
-5.15163e-11
-7.45411e-10
-7.90161e-11
-6.97443e-10
-1.06186e-10
-6.37905e-10
-1.32401e-10
-5.67504e-10
-1.57041e-10
-4.87209e-10
-1.79499e-10
-3.98242e-10
-1.99201e-10
-3.02055e-10
-2.15621e-10
-2.00301e-10
-2.28298e-10
-9.47953e-11
-2.36842e-10
-2.40962e-10
1.15294e-10
-3.43752e-10
2.16329e-10
-3.36807e-10
3.13495e-10
-3.23531e-10
4.05078e-10
-3.04404e-10
4.89523e-10
-2.80024e-10
5.65474e-10
-2.5108e-10
6.31799e-10
-2.18344e-10
6.8761e-10
-1.82647e-10
7.32272e-10
-1.44862e-10
7.65408e-10
-1.0588e-10
7.86899e-10
-6.65846e-11
7.96866e-10
-2.78308e-11
7.9566e-10
9.58305e-12
7.83839e-10
4.4945e-11
7.62147e-10
7.76695e-11
7.3148e-10
1.07279e-10
6.92859e-10
1.33397e-10
6.47389e-10
1.55748e-10
5.96236e-10
1.74155e-10
5.40596e-10
1.88534e-10
4.81664e-10
1.98893e-10
4.20615e-10
2.05322e-10
3.58577e-10
2.07987e-10
2.96611e-10
2.07116e-10
2.357e-10
2.02994e-10
1.76729e-10
1.95947e-10
1.2048e-10
1.8633e-10
6.76236e-11
1.74521e-10
1.87191e-11
1.60903e-10
-2.57895e-11
1.45859e-10
-6.5568e-11
1.29762e-10
-1.00388e-10
1.12965e-10
-1.30119e-10
9.57984e-11
-1.54721e-10
7.85607e-11
-1.74236e-10
6.15168e-11
-1.88773e-10
4.48953e-11
-1.98503e-10
2.8887e-11
-2.03647e-10
1.36457e-11
-2.04467e-10
-7.09066e-13
-2.01255e-10
-1.40871e-11
-1.94328e-10
-2.64124e-11
-1.84015e-10
-3.76264e-11
-1.70658e-10
-4.76898e-11
-1.54607e-10
-5.65815e-11
-1.36214e-10
-6.42952e-11
-1.15832e-10
-7.08361e-11
-9.38092e-11
-7.62173e-11
-7.04929e-11
-8.04555e-11
-4.62252e-11
-8.35685e-11
-2.13443e-11
-8.55721e-11
3.81413e-12
-8.6478e-11
2.89162e-11
-8.62925e-11
5.36281e-11
-8.50155e-11
7.76145e-11
-8.26409e-11
1.00537e-10
-7.91572e-11
1.22055e-10
-7.45495e-11
1.41823e-10
-6.88015e-11
1.59493e-10
-6.18987e-11
1.74716e-10
-5.38314e-11
1.87142e-10
-4.45987e-11
1.9643e-10
-3.42118e-11
2.02242e-10
-2.26979e-11
2.04258e-10
-1.01022e-11
2.0217e-10
3.51128e-12
1.95699e-10
1.80646e-11
1.84598e-10
3.34602e-11
1.68661e-10
4.95703e-11
1.47739e-10
6.62324e-11
1.21741e-10
8.3247e-11
9.06509e-11
1.00378e-10
5.45333e-11
1.17354e-10
1.3545e-11
1.33869e-10
-3.20579e-11
1.49593e-10
-8.19134e-11
1.64169e-10
-1.35549e-10
1.77226e-10
-1.9238e-10
1.88384e-10
-2.51711e-10
1.97266e-10
-3.12737e-10
2.03504e-10
-3.74555e-10
2.06753e-10
-4.3617e-10
2.06701e-10
-4.96508e-10
2.03081e-10
-5.5444e-10
1.95681e-10
-6.08792e-10
1.84357e-10
-6.58378e-10
1.69039e-10
-7.02016e-10
1.49742e-10
-7.38565e-10
1.2657e-10
-7.66943e-10
9.97205e-11
-7.86167e-10
6.94915e-11
-7.95381e-10
3.62785e-11
-7.93887e-10
5.79088e-13
-7.81182e-10
-3.69996e-11
-7.56969e-10
-7.57299e-11
-7.21177e-10
-1.14807e-10
-6.73983e-10
-1.53379e-10
-6.15817e-10
-1.90568e-10
-5.47362e-10
-2.25497e-10
-4.69549e-10
-2.57312e-10
-3.83544e-10
-2.85204e-10
-2.9073e-10
-3.08435e-10
-1.92671e-10
-3.26357e-10
-9.10832e-11
-3.38427e-10
-3.44251e-10
1.01029e-10
-4.33961e-10
1.89475e-10
-4.25253e-10
2.74624e-10
-4.08678e-10
3.55013e-10
-3.84793e-10
4.29312e-10
-3.54323e-10
4.96353e-10
-3.1812e-10
5.55154e-10
-2.77144e-10
6.04938e-10
-2.3243e-10
6.45142e-10
-1.85065e-10
6.75418e-10
-1.36155e-10
6.95635e-10
-8.68012e-11
7.05867e-10
-3.80625e-11
7.06381e-10
9.06904e-12
6.97623e-10
5.37032e-11
6.80202e-10
9.50911e-11
6.54865e-10
1.32617e-10
6.22468e-10
1.65794e-10
5.83953e-10
1.94265e-10
5.40315e-10
2.17794e-10
4.92581e-10
2.36269e-10
4.41784e-10
2.4969e-10
3.88943e-10
2.58164e-10
3.3504e-10
2.6189e-10
2.81005e-10
2.61152e-10
2.277e-10
2.563e-10
1.75908e-10
2.47739e-10
1.26325e-10
2.35913e-10
7.95517e-11
2.21293e-10
3.60941e-11
2.0436e-10
-3.64063e-12
1.85593e-10
-3.93405e-11
1.65461e-10
-7.0785e-11
1.44409e-10
-9.78396e-11
1.22853e-10
-1.20449e-10
1.0117e-10
-1.3863e-10
7.96976e-11
-1.52462e-10
5.87272e-11
-1.62079e-10
3.85042e-11
-1.67663e-10
1.92291e-11
-1.69432e-10
1.06011e-12
-1.67638e-10
-1.58811e-11
-1.62552e-10
-3.14985e-11
-1.5446e-10
-4.57181e-11
-1.4366e-10
-5.84894e-11
-1.30458e-10
-6.97837e-11
-1.15163e-10
-7.95906e-11
-9.80855e-11
-8.79138e-11
-7.95362e-11
-9.47668e-11
-5.98236e-11
-1.00168e-10
-3.92542e-11
-1.04138e-10
-1.81318e-11
-1.06695e-10
3.2415e-12
-1.07852e-10
2.45646e-11
-1.07616e-10
4.55366e-11
-1.05988e-10
6.58557e-11
-1.0296e-10
8.52185e-11
-9.85202e-11
1.0332e-10
-9.26506e-11
1.19852e-10
-8.53336e-11
1.34507e-10
-7.65534e-11
1.46976e-10
-6.63007e-11
1.56955e-10
-5.4577e-11
1.64142e-10
-4.13987e-11
1.68245e-10
-2.68016e-11
1.68987e-10
-1.08436e-11
1.66103e-10
6.39455e-12
1.59356e-10
2.48118e-11
1.48539e-10
4.42775e-11
1.33485e-10
6.46234e-11
1.14079e-10
8.56383e-11
9.02597e-11
1.07066e-10
6.20309e-11
1.28606e-10
2.94701e-11
1.49914e-10
-7.26487e-12
1.70604e-10
-4.79297e-11
1.90257e-10
-9.21882e-11
2.08427e-10
-1.39609e-10
2.24646e-10
-1.89665e-10
2.3844e-10
-2.41733e-10
2.49334e-10
-2.95099e-10
2.56871e-10
-3.48966e-10
2.6062e-10
-4.02459e-10
2.60194e-10
-4.54641e-10
2.55263e-10
-5.04526e-10
2.45567e-10
-5.511e-10
2.30932e-10
-5.93338e-10
2.11278e-10
-6.30226e-10
1.86631e-10
-6.60789e-10
1.57132e-10
-6.8411e-10
1.23042e-10
-6.99364e-10
8.47449e-11
-7.05838e-10
4.27534e-11
-7.02967e-10
-2.29225e-12
-6.90349e-10
-4.96172e-11
-6.67762e-10
-9.83161e-11
-6.35178e-10
-1.47391e-10
-5.92774e-10
-1.95783e-10
-5.4094e-10
-2.42402e-10
-4.80282e-10
-2.86155e-10
-4.11612e-10
-3.25981e-10
-3.35942e-10
-3.60874e-10
-2.54461e-10
-3.89917e-10
-1.68512e-10
-4.12305e-10
-7.95668e-11
-4.27372e-10
-4.34637e-10
8.67216e-11
-5.11274e-10
1.62567e-10
-5.01098e-10
2.3567e-10
-4.81781e-10
3.04819e-10
-4.53942e-10
3.68903e-10
-4.18407e-10
4.26942e-10
-3.76159e-10
4.78105e-10
-3.28307e-10
5.21725e-10
-2.7605e-10
5.5731e-10
-2.20649e-10
5.84544e-10
-1.63389e-10
6.03288e-10
-1.05545e-10
6.13572e-10
-4.83465e-11
6.15588e-10
7.05396e-12
6.09675e-10
5.96165e-11
5.96313e-10
1.08453e-10
5.76102e-10
1.52828e-10
5.49741e-10
1.92156e-10
5.18002e-10
2.26003e-10
4.81714e-10
2.54083e-10
4.41734e-10
2.76249e-10
3.98933e-10
2.92491e-10
3.54173e-10
3.02924e-10
3.0829e-10
3.07773e-10
2.62082e-10
3.0736e-10
2.16292e-10
3.02089e-10
1.71602e-10
2.92429e-10
1.28622e-10
2.78894e-10
8.78829e-11
2.62032e-10
4.98384e-11
2.42405e-10
1.48595e-11
2.20572e-10
-1.67629e-11
1.97083e-10
-4.48155e-11
1.72462e-10
-6.9159e-11
1.47196e-10
-8.97227e-11
1.21734e-10
-1.06499e-10
9.64736e-11
-1.19536e-10
7.17639e-11
-1.28931e-10
4.78995e-11
-1.34826e-10
2.5124e-11
-1.37398e-10
3.63177e-12
-1.36853e-10
-1.64259e-11
-1.3342e-10
-3.49323e-11
-1.2734e-10
-5.17977e-11
-1.1887e-10
-6.69601e-11
-1.08272e-10
-8.03822e-11
-9.58146e-11
-9.20481e-11
-8.17701e-11
-1.01959e-10
-6.64116e-11
-1.10126e-10
-5.00121e-11
-1.16568e-10
-3.28444e-11
-1.21306e-10
-1.518e-11
-1.2436e-10
2.71023e-12
-1.25742e-10
2.05561e-11
-1.25462e-10
3.80875e-11
-1.2352e-10
5.50341e-11
-1.19907e-10
7.1125e-11
-1.14611e-10
8.60886e-11
-1.07614e-10
9.96533e-11
-9.88982e-11
1.11548e-10
-8.84482e-11
1.21504e-10
-7.62567e-11
1.29256e-10
-6.23292e-11
1.34546e-10
-4.66886e-11
1.37124e-10
-2.93799e-11
1.36754e-10
-1.04739e-11
1.33217e-10
9.9315e-12
1.26317e-10
3.17121e-11
1.15888e-10
5.47062e-11
1.01803e-10
7.87075e-11
8.39805e-11
1.03461e-10
6.2388e-11
1.28658e-10
3.70515e-11
1.53942e-10
8.06085e-12
1.78904e-10
-2.4425e-11
2.03089e-10
-6.01726e-11
2.26004e-10
-9.88708e-11
2.47125e-10
-1.40129e-10
2.65904e-10
-1.83475e-10
2.81786e-10
-2.2836e-10
2.94219e-10
-2.7416e-10
3.02671e-10
-3.20181e-10
3.06641e-10
-3.65671e-10
3.05683e-10
-4.09826e-10
2.99418e-10
-4.51808e-10
2.87551e-10
-4.9076e-10
2.69884e-10
-5.25818e-10
2.46336e-10
-5.56137e-10
2.1695e-10
-5.80908e-10
1.81902e-10
-5.99378e-10
1.41511e-10
-6.10875e-10
9.62425e-11
-6.14832e-10
4.67102e-11
-6.10802e-10
-6.32148e-12
-5.98483e-10
-6.1936e-11
-5.77721e-10
-1.19079e-10
-5.48522e-10
-1.7659e-10
-5.11063e-10
-2.33242e-10
-4.65696e-10
-2.8777e-10
-4.12945e-10
-3.38906e-10
-3.53508e-10
-3.85418e-10
-2.8824e-10
-4.26143e-10
-2.18142e-10
-4.60016e-10
-1.44339e-10
-4.86108e-10
-6.80587e-11
-5.03655e-10
-5.12103e-10
7.40563e-11
-5.77182e-10
1.38752e-10
-5.65794e-10
2.01185e-10
-5.44215e-10
2.6036e-10
-5.13117e-10
3.15359e-10
-4.73405e-10
3.65364e-10
-4.26164e-10
4.09676e-10
-3.7262e-10
4.4773e-10
-3.14104e-10
4.79094e-10
-2.52015e-10
5.03485e-10
-1.8778e-10
5.20758e-10
-1.22818e-10
5.30908e-10
-5.84973e-11
5.34064e-10
3.8983e-12
5.30476e-10
6.3204e-11
5.20515e-10
1.18414e-10
5.04655e-10
1.68688e-10
4.83456e-10
2.13355e-10
4.57549e-10
2.51911e-10
4.27612e-10
2.84019e-10
3.94359e-10
3.09502e-10
3.58516e-10
3.28334e-10
3.20808e-10
3.40632e-10
2.81945e-10
3.46636e-10
2.42607e-10
3.46698e-10
2.03433e-10
3.41262e-10
1.65015e-10
3.30847e-10
1.27884e-10
3.16025e-10
9.25122e-11
2.97404e-10
5.93043e-11
2.75612e-10
2.85981e-11
2.51278e-10
6.64168e-13
2.25017e-10
-2.42927e-11
1.97419e-10
-4.61309e-11
1.69034e-10
-6.47681e-11
1.40371e-10
-8.0177e-11
1.11883e-10
-9.23802e-11
8.39672e-11
-1.01445e-10
5.69647e-11
-1.07479e-10
3.11579e-11
-1.10622e-10
6.77515e-12
-1.11043e-10
-1.60042e-11
-1.08933e-10
-3.70429e-11
-1.04495e-10
-5.62353e-11
-9.79483e-11
-7.3507e-11
-8.95185e-11
-8.88121e-11
-7.94387e-11
-1.02128e-10
-6.79465e-11
-1.13451e-10
-5.52819e-11
-1.2279e-10
-4.16867e-11
-1.30163e-10
-2.74032e-11
-1.3559e-10
-1.26741e-11
-1.39089e-10
2.25806e-12
-1.40674e-10
1.71511e-11
-1.40355e-10
3.17628e-11
-1.38131e-10
4.58511e-11
-1.33995e-10
5.91743e-11
-1.27934e-10
7.14912e-11
-1.19931e-10
8.25617e-11
-1.09968e-10
9.21481e-11
-9.80342e-11
1.00016e-10
-8.41241e-11
1.05935e-10
-6.82485e-11
1.09685e-10
-5.04378e-11
1.11052e-10
-3.07468e-11
1.09837e-10
-9.25944e-12
1.0586e-10
1.39092e-11
9.89595e-11
3.86122e-11
8.90071e-11
6.46584e-11
7.59081e-11
9.18063e-11
5.96085e-11
1.1976e-10
4.01002e-11
1.48166e-10
1.74263e-11
1.76616e-10
-8.3146e-12
2.04645e-10
-3.69641e-11
2.31738e-10
-6.83005e-11
2.57341e-10
-1.02036e-10
2.80861e-10
-1.37818e-10
3.01685e-10
-1.75225e-10
3.19193e-10
-2.13772e-10
3.32767e-10
-2.52915e-10
3.41814e-10
-2.92055e-10
3.45781e-10
-3.30543e-10
3.44173e-10
-3.67698e-10
3.36573e-10
-4.02809e-10
3.22662e-10
-4.35153e-10
3.0223e-10
-4.64013e-10
2.75197e-10
-4.88688e-10
2.41625e-10
-5.08512e-10
2.01726e-10
-5.22876e-10
1.55875e-10
-5.31241e-10
1.04608e-10
-5.33159e-10
4.86296e-11
-5.28291e-10
-1.11893e-11
-5.16413e-10
-7.38133e-11
-4.9743e-10
-1.38063e-10
-4.71374e-10
-2.02646e-10
-4.38421e-10
-2.66196e-10
-3.98883e-10
-3.27307e-10
-3.53219e-10
-3.8457e-10
-3.02019e-10
-4.36619e-10
-2.46003e-10
-4.82159e-10
-1.86007e-10
-5.20012e-10
-1.22965e-10
-5.4915e-10
-5.78903e-11
-5.6873e-10
-5.78142e-10
6.23421e-11
-6.32554e-10
1.1673e-10
-6.20183e-10
1.69283e-10
-5.96768e-10
2.19194e-10
-5.63028e-10
2.65717e-10
-5.19928e-10
3.08183e-10
-4.6863e-10
3.46014e-10
-4.10452e-10
3.78737e-10
-3.46826e-10
4.05983e-10
-2.79261e-10
4.27499e-10
-2.09296e-10
4.43143e-10
-1.38462e-10
4.52884e-10
-6.82383e-11
4.56797e-10
-1.58469e-14
4.55062e-10
6.4939e-11
4.47954e-10
1.25521e-10
4.35839e-10
1.80803e-10
4.19157e-10
2.30037e-10
3.9841e-10
2.72658e-10
3.74147e-10
3.08282e-10
3.46947e-10
3.36701e-10
3.17409e-10
3.57873e-10
2.86134e-10
3.71908e-10
2.53712e-10
3.79057e-10
2.20718e-10
3.79693e-10
1.87692e-10
3.74288e-10
1.5514e-10
3.63399e-10
1.23522e-10
3.47643e-10
9.32465e-11
3.27679e-10
6.46725e-11
3.04186e-10
3.81022e-11
2.77848e-10
1.37825e-11
2.49337e-10
-8.09428e-12
2.19296e-10
-2.73892e-11
1.8833e-10
-4.40141e-11
1.56996e-10
-5.79278e-11
1.25797e-10
-6.91335e-11
9.51731e-11
-7.76738e-11
6.55054e-11
-8.36273e-11
3.71117e-11
-8.71034e-11
1.02515e-11
-8.82374e-11
-1.48701e-11
-8.71847e-11
-3.80956e-11
-8.4116e-11
-5.9304e-11
-7.92142e-11
-7.84089e-11
-7.26715e-11
-9.53549e-11
-6.46871e-11
-1.10112e-10
-5.54654e-11
-1.22673e-10
-4.52144e-11
-1.33041e-10
-3.41449e-11
-1.41233e-10
-2.2469e-11
-1.47266e-10
-1.03998e-11
-1.51158e-10
1.84905e-12
-1.52923e-10
1.40638e-11
-1.5257e-10
2.6031e-11
-1.50098e-10
3.75374e-11
-1.45501e-10
4.83709e-11
-1.38767e-10
5.83204e-11
-1.2988e-10
6.71771e-11
-1.18825e-10
7.47351e-11
-1.05592e-10
8.0793e-11
-9.01816e-11
8.51548e-11
-7.26101e-11
8.76326e-11
-5.29154e-11
8.80484e-11
-3.11624e-11
8.62369e-11
-7.44788e-12
8.20498e-11
1.80964e-11
7.53602e-11
4.53017e-11
6.60686e-11
7.39498e-11
5.41078e-11
1.03767e-10
3.94466e-11
1.34421e-10
2.20949e-11
1.65518e-10
2.10677e-12
1.96604e-10
-2.04156e-11
2.27167e-10
-4.53191e-11
2.56642e-10
-7.23976e-11
2.84419e-10
-1.0139e-10
3.09853e-10
-1.31981e-10
3.32277e-10
-1.63802e-10
3.51013e-10
-1.96429e-10
3.65395e-10
-2.29396e-10
3.7478e-10
-2.62189e-10
3.78574e-10
-2.94262e-10
3.76246e-10
-3.2504e-10
3.67352e-10
-3.53932e-10
3.51554e-10
-3.8034e-10
3.28639e-10
-4.03674e-10
2.98532e-10
-4.23364e-10
2.61315e-10
-4.38876e-10
2.17237e-10
-4.49722e-10
1.66721e-10
-4.55482e-10
1.10368e-10
-4.55813e-10
4.89611e-11
-4.50462e-10
-1.654e-11
-4.39275e-10
-8.50006e-11
-4.222e-10
-1.55138e-10
-3.99291e-10
-2.25555e-10
-3.70714e-10
-2.94773e-10
-3.36747e-10
-3.61273e-10
-2.97778e-10
-4.23539e-10
-2.54303e-10
-4.80094e-10
-2.06917e-10
-5.29545e-10
-1.56306e-10
-5.70623e-10
-1.03232e-10
-6.02224e-10
-4.85165e-11
-6.23444e-10
-6.33629e-10
5.12773e-11
-6.77993e-10
9.59367e-11
-6.64842e-10
1.39147e-10
-6.39978e-10
1.80271e-10
-6.04152e-10
2.1872e-10
-5.58377e-10
2.53963e-10
-5.03872e-10
2.85534e-10
-4.42023e-10
3.13047e-10
-3.74338e-10
3.36195e-10
-3.02408e-10
3.54757e-10
-2.27858e-10
3.68599e-10
-1.52304e-10
3.77673e-10
-7.73117e-11
3.82012e-10
-4.35547e-12
3.81734e-10
6.52176e-11
3.77033e-10
1.30222e-10
3.68181e-10
1.89656e-10
3.5551e-10
2.42708e-10
3.39408e-10
2.8876e-10
3.20305e-10
3.27385e-10
2.9866e-10
3.58346e-10
2.74951e-10
3.81581e-10
2.49664e-10
3.97195e-10
2.23281e-10
4.0544e-10
1.96272e-10
4.06702e-10
1.69086e-10
4.01474e-10
1.42144e-10
3.9034e-10
1.15836e-10
3.73952e-10
9.05096e-11
3.53005e-10
6.64746e-11
3.28221e-10
4.39954e-11
3.00328e-10
2.32922e-11
2.7004e-10
4.54043e-12
2.38047e-10
-1.21282e-11
2.04998e-10
-2.66244e-11
1.71492e-10
-3.88988e-11
1.38071e-10
-4.89399e-11
1.05214e-10
-5.67707e-11
7.33362e-11
-6.24453e-11
4.27863e-11
-6.60459e-11
1.38519e-11
-6.76778e-11
-1.32385e-11
-6.74651e-11
-3.83087e-11
-6.55463e-11
-6.12232e-11
-6.20717e-11
-8.18838e-11
-5.72007e-11
-1.00226e-10
-5.10997e-11
-1.16214e-10
-4.39407e-11
-1.29832e-10
-3.58999e-11
-1.41082e-10
-2.71562e-11
-1.49977e-10
-1.78913e-11
-1.56531e-10
-8.28771e-12
-1.60762e-10
1.47085e-12
-1.62682e-10
1.12005e-11
-1.623e-10
2.07175e-11
-1.59615e-10
2.98388e-11
-1.54622e-10
3.83824e-11
-1.4731e-10
4.61682e-11
-1.37665e-10
5.30187e-11
-1.25675e-10
5.87599e-11
-1.11333e-10
6.32224e-11
-9.46442e-11
6.62431e-11
-7.56309e-11
6.76662e-11
-5.43387e-11
6.73459e-11
-3.08423e-11
6.51487e-11
-5.25084e-12
6.09563e-11
2.22885e-11
5.46708e-11
5.15869e-11
4.62189e-11
8.24013e-11
3.55559e-11
1.1443e-10
2.26689e-11
1.47308e-10
7.58045e-12
1.80606e-10
-9.64924e-12
2.13833e-10
-2.89194e-11
2.46437e-10
-5.00868e-11
2.77809e-10
-7.29646e-11
3.07296e-10
-9.73217e-11
3.3421e-10
-1.22883e-10
3.57837e-10
-1.4933e-10
3.7746e-10
-1.76305e-10
3.9237e-10
-2.03414e-10
4.01888e-10
-2.30228e-10
4.05388e-10
-2.56296e-10
4.02314e-10
-2.81146e-10
3.92203e-10
-3.04297e-10
3.74706e-10
-3.25268e-10
3.4961e-10
-3.43586e-10
3.1685e-10
-3.58802e-10
2.7653e-10
-3.70497e-10
2.28932e-10
-3.78297e-10
1.74521e-10
-3.81884e-10
1.13956e-10
-3.81007e-10
4.80841e-11
-3.75489e-10
-2.20591e-11
-3.65231e-10
-9.52597e-11
-3.50217e-10
-1.70153e-10
-3.30514e-10
-2.45258e-10
-3.06275e-10
-3.19011e-10
-2.7774e-10
-3.89809e-10
-2.45231e-10
-4.56049e-10
-2.09153e-10
-5.16172e-10
-1.69986e-10
-5.68712e-10
-1.28276e-10
-6.12333e-10
-8.46282e-11
-6.45872e-10
-3.96942e-11
-6.68377e-10
-6.79163e-10
4.07097e-11
-7.13959e-10
7.60837e-11
-7.00215e-10
1.10362e-10
-6.74256e-10
1.43066e-10
-6.36856e-10
1.73751e-10
-5.89061e-10
2.02009e-10
-5.32131e-10
2.27486e-10
-4.67499e-10
2.49874e-10
-3.96727e-10
2.6893e-10
-3.21464e-10
2.84466e-10
-2.43394e-10
2.96361e-10
-1.64198e-10
3.04553e-10
-8.55038e-11
3.09045e-10
-8.84731e-12
3.099e-10
6.43624e-11
3.07245e-10
1.32877e-10
3.01264e-10
1.95636e-10
2.92196e-10
2.51775e-10
2.80325e-10
3.0063e-10
2.65971e-10
3.41739e-10
2.49481e-10
3.74835e-10
2.31223e-10
3.99839e-10
2.11573e-10
4.16844e-10
1.90909e-10
4.26103e-10
1.69604e-10
4.28006e-10
1.48017e-10
4.2306e-10
1.2649e-10
4.11867e-10
1.05338e-10
3.95103e-10
8.4852e-11
3.73491e-10
6.52891e-11
3.47784e-10
4.68745e-11
3.18742e-10
2.97988e-11
2.87116e-10
1.42172e-11
2.53629e-10
2.50378e-13
2.18965e-10
-1.20155e-11
1.83758e-10
-2.25271e-11
1.48583e-10
-3.12622e-11
1.1395e-10
-3.82277e-11
8.03019e-11
-4.34574e-11
4.80161e-11
-4.70089e-11
1.74034e-11
-4.89607e-11
-1.12869e-11
-4.94077e-11
-3.78619e-11
-4.84584e-11
-6.21725e-11
-4.62319e-11
-8.41104e-11
-4.28559e-11
-1.03602e-10
-3.84647e-11
-1.20605e-10
-3.31984e-11
-1.35099e-10
-2.72009e-11
-1.4708e-10
-2.06199e-11
-1.56558e-10
-1.36052e-11
-1.63546e-10
-6.30839e-12
-1.68058e-10
1.11774e-12
-1.70108e-10
8.52017e-12
-1.69702e-10
1.5746e-11
-1.66841e-10
2.26429e-11
-1.61519e-10
2.90602e-11
-1.53727e-10
3.4849e-11
-1.43454e-10
3.98633e-11
-1.30689e-10
4.3961e-11
-1.15431e-10
4.70044e-11
-9.76875e-11
4.88619e-11
-7.74883e-11
4.94093e-11
-5.4886e-11
4.85312e-11
-2.99643e-11
4.61236e-11
-2.84326e-12
4.20962e-11
2.63159e-11
3.63769e-11
5.73061e-11
2.89155e-11
8.98627e-11
1.96861e-11
1.23659e-10
8.6904e-12
1.58303e-10
-4.0407e-12
1.93337e-10
-1.84448e-11
2.28237e-10
-3.44265e-11
2.62418e-10
-5.18562e-11
2.95238e-10
-7.05697e-11
3.2601e-10
-9.03681e-11
3.54008e-10
-1.11018e-10
3.78488e-10
-1.32255e-10
3.98697e-10
-1.53784e-10
4.13898e-10
-1.75282e-10
4.23387e-10
-1.96405e-10
4.26512e-10
-2.16792e-10
4.22701e-10
-2.3607e-10
4.1148e-10
-2.53862e-10
3.92498e-10
-2.69795e-10
3.65542e-10
-2.83507e-10
3.30563e-10
-2.94659e-10
2.87682e-10
-3.02939e-10
2.37212e-10
-3.08075e-10
1.79657e-10
-3.09842e-10
1.15723e-10
-3.08068e-10
4.63099e-11
-3.02642e-10
-2.74865e-11
-2.93512e-10
-1.0439e-10
-2.8069e-10
-1.82975e-10
-2.64251e-10
-2.61698e-10
-2.4433e-10
-3.38932e-10
-2.21129e-10
-4.13012e-10
-1.94904e-10
-4.82273e-10
-1.65974e-10
-5.45102e-10
-1.34711e-10
-5.99976e-10
-1.01532e-10
-6.45513e-10
-6.68955e-11
-6.80507e-10
-3.12975e-11
-7.03976e-10
-7.15206e-10
3.0533e-11
-7.40813e-10
5.69705e-11
-7.26652e-10
8.26426e-11
-6.99927e-10
1.07216e-10
-6.6143e-10
1.3038e-10
-6.12225e-10
1.51847e-10
-5.53598e-10
1.7136e-10
-4.87012e-10
1.88695e-10
-4.14062e-10
2.03665e-10
-3.36433e-10
2.16119e-10
-2.55849e-10
2.25951e-10
-1.7403e-10
2.33092e-10
-9.26451e-11
2.37518e-10
-1.3274e-11
2.39249e-10
6.26313e-11
2.3835e-10
1.33777e-10
2.34928e-10
1.99057e-10
2.29137e-10
2.57566e-10
2.21164e-10
3.08604e-10
2.11227e-10
3.51676e-10
1.99571e-10
3.86491e-10
1.86458e-10
4.12952e-10
1.72161e-10
4.31141e-10
1.5696e-10
4.41305e-10
1.41132e-10
4.43834e-10
1.2495e-10
4.39242e-10
1.08677e-10
4.28141e-10
9.2557e-11
4.11222e-10
7.68202e-11
3.89228e-10
6.16732e-11
3.62931e-10
4.72993e-11
3.33116e-10
3.38573e-11
3.00558e-10
2.14796e-11
2.66007e-10
1.02725e-11
2.30173e-10
3.16029e-13
1.93716e-10
-8.33541e-12
1.57235e-10
-1.56523e-11
1.21267e-10
-2.16285e-11
8.62786e-11
-2.628e-11
5.26681e-11
-2.96429e-11
2.07666e-11
-3.17705e-11
-9.15894e-12
-3.27309e-11
-3.6901e-11
-3.26041e-11
-6.2299e-11
-3.1479e-11
-8.5235e-11
-2.94526e-11
-1.05628e-10
-2.66278e-11
-1.23429e-10
-2.31127e-11
-1.38613e-10
-1.90197e-11
-1.51173e-10
-1.44644e-11
-1.61113e-10
-9.56491e-12
-1.68445e-10
-4.44121e-12
-1.73182e-10
7.85589e-13
-1.75335e-10
5.99389e-12
-1.7491e-10
1.10622e-11
-1.71908e-10
1.58699e-11
-1.66326e-10
2.02977e-11
-1.58155e-10
2.42284e-11
-1.47384e-10
2.75477e-11
-1.34008e-10
3.0145e-11
-1.18027e-10
3.19141e-11
-9.94561e-11
3.27543e-11
-7.83281e-11
3.25717e-11
-5.4703e-11
3.12803e-11
-2.86724e-11
2.88039e-11
-3.66469e-13
2.50782e-11
3.0042e-11
2.00549e-11
6.23299e-11
1.37039e-11
9.62141e-11
6.0159e-12
1.31348e-10
-2.99648e-12
1.67316e-10
-1.32968e-11
2.03638e-10
-2.48238e-11
2.39765e-10
-3.74904e-11
2.75085e-10
-5.11838e-11
3.08932e-10
-6.57646e-11
3.40591e-10
-8.10683e-11
3.69312e-10
-9.69057e-11
3.94325e-10
-1.13065e-10
4.14857e-10
-1.29314e-10
4.30148e-10
-1.45402e-10
4.39476e-10
-1.61067e-10
4.42177e-10
-1.76035e-10
4.37668e-10
-1.90027e-10
4.25473e-10
-2.02766e-10
4.05238e-10
-2.13983e-10
3.76759e-10
-2.23419e-10
3.39999e-10
-2.30837e-10
2.951e-10
-2.36024e-10
2.424e-10
-2.38803e-10
1.82436e-10
-2.39031e-10
1.1595e-10
-2.36609e-10
4.38872e-11
-2.31481e-10
-3.26145e-11
-2.23638e-10
-1.12233e-10
-2.13113e-10
-1.935e-10
-1.99982e-10
-2.74829e-10
-1.84363e-10
-3.54551e-10
-1.66415e-10
-4.3096e-10
-1.46334e-10
-5.02354e-10
-1.24355e-10
-5.67081e-10
-1.00746e-10
-6.23586e-10
-7.58027e-11
-6.70456e-10
-4.98513e-11
-7.06459e-10
-2.3237e-11
-7.30591e-10
-7.4212e-10
2.06821e-11
-7.58859e-10
3.8476e-11
-7.44447e-10
5.58151e-11
-7.17267e-10
7.2504e-11
-6.78119e-10
8.83567e-11
-6.28077e-10
1.03199e-10
-5.6844e-10
1.16868e-10
-5.00681e-10
1.29217e-10
-4.26411e-10
1.40116e-10
-3.47332e-10
1.49453e-10
-2.65186e-10
1.57136e-10
-1.81713e-10
1.63096e-10
-9.86051e-11
1.67286e-10
-1.74647e-11
1.69688e-10
6.02295e-11
1.70311e-10
1.33154e-10
1.69195e-10
2.00172e-10
1.66413e-10
2.60348e-10
1.62064e-10
3.12953e-10
1.56272e-10
3.57467e-10
1.49184e-10
3.9358e-10
1.40961e-10
4.21175e-10
1.31779e-10
4.40323e-10
1.21822e-10
4.51262e-10
1.11277e-10
4.54379e-10
1.00332e-10
4.50187e-10
8.91713e-11
4.39302e-10
7.79712e-11
4.22422e-10
6.68997e-11
4.00299e-10
5.61117e-11
3.73719e-10
4.57482e-11
3.4348e-10
3.59342e-11
3.10373e-10
2.67774e-11
2.75164e-10
1.83677e-11
2.38583e-10
1.07764e-11
2.01307e-10
4.05645e-12
1.63955e-10
-1.75764e-12
1.27081e-10
-6.64923e-12
9.11703e-11
-1.06187e-11
5.66377e-11
-1.36824e-11
2.38304e-11
-1.58706e-11
-6.97057e-12
-1.72262e-11
-3.55453e-11
-1.78015e-11
-6.17236e-11
-1.76566e-11
-8.53797e-11
-1.68585e-11
-1.06426e-10
-1.54792e-11
-1.24809e-10
-1.35954e-11
-1.40497e-10
-1.12879e-11
-1.5348e-10
-8.6403e-12
-1.6376e-10
-5.73898e-12
-1.71346e-10
-2.67198e-12
-1.76249e-10
4.71463e-13
-1.78478e-10
3.6016e-12
-1.7804e-10
6.62881e-12
-1.74936e-10
9.4642e-12
-1.69161e-10
1.20203e-11
-1.6071e-10
1.42117e-11
-1.49575e-10
1.59556e-11
-1.35752e-10
1.71728e-11
-1.19244e-10
1.77881e-11
-1.00071e-10
1.77312e-11
-7.82712e-11
1.69375e-11
-5.39092e-11
1.53493e-11
-2.70841e-11
1.2917e-11
2.06596e-12
9.60089e-12
3.33584e-11
5.37438e-12
6.65567e-11
2.25853e-13
1.01363e-10
-5.84024e-12
1.37414e-10
-1.28023e-11
1.74279e-10
-2.0621e-11
2.11457e-10
-2.92384e-11
2.48382e-10
-3.85786e-11
2.84425e-10
-4.85471e-11
3.189e-10
-5.90317e-11
3.51075e-10
-6.99037e-11
3.80184e-10
-8.10186e-11
4.0544e-10
-9.22185e-11
4.26057e-10
-1.03334e-10
4.41263e-10
-1.14186e-10
4.50328e-10
-1.24591e-10
4.52581e-10
-1.3436e-10
4.47437e-10
-1.43307e-10
4.34419e-10
-1.5125e-10
4.1318e-10
-1.58017e-10
3.83525e-10
-1.63448e-10
3.4543e-10
-1.67402e-10
2.99055e-10
-1.69761e-10
2.44759e-10
-1.70431e-10
1.83105e-10
-1.69346e-10
1.14865e-10
-1.66472e-10
4.10133e-11
-1.61806e-10
-3.7281e-11
-1.55371e-10
-1.18668e-10
-1.47219e-10
-2.01652e-10
-1.37425e-10
-2.84624e-10
-1.26084e-10
-3.65892e-10
-1.13315e-10
-4.4373e-10
-9.92526e-11
-5.16416e-10
-8.40523e-11
-5.82281e-10
-6.78833e-11
-6.39756e-10
-5.09281e-11
-6.8741e-10
-3.33849e-11
-7.24003e-10
-1.54588e-11
-7.48517e-10
-7.60213e-10
1.11237e-11
-7.68371e-10
2.05409e-11
-7.53865e-10
2.97972e-11
-7.26524e-10
3.88275e-11
-6.87149e-10
4.75653e-11
-6.36815e-10
5.59419e-11
-5.76816e-10
6.38863e-11
-5.08625e-10
7.13257e-11
-4.33851e-10
7.81855e-11
-3.54192e-10
8.43913e-11
-2.71392e-10
8.98699e-11
-1.87192e-10
9.45516e-11
-1.03287e-10
9.83732e-11
-2.12866e-11
1.01281e-10
5.73212e-11
1.03236e-10
1.31199e-10
1.04217e-10
1.99192e-10
1.0422e-10
2.60345e-10
1.03263e-10
3.13909e-10
1.01382e-10
3.59348e-10
9.86297e-11
3.96332e-10
9.50739e-11
4.24731e-10
9.07961e-11
4.446e-10
8.58879e-11
4.5617e-10
8.0449e-11
4.59817e-10
7.45842e-11
4.56051e-10
6.84016e-11
4.45484e-10
6.20096e-11
4.28814e-10
5.55151e-11
4.06793e-10
4.90211e-11
3.80213e-10
4.2625e-11
3.49876e-10
3.64172e-11
3.1658e-10
3.04793e-11
2.81102e-10
2.48829e-11
2.44179e-10
1.96891e-11
2.06501e-10
1.49473e-11
1.68697e-10
1.06951e-11
1.31333e-10
6.95791e-12
9.49075e-11
3.74902e-12
5.98465e-11
1.07029e-12
2.6509e-11
-1.08726e-12
-4.81317e-12
-2.74218e-12
-3.38905e-11
-3.92052e-12
-6.05454e-11
-4.65449e-12
-8.46459e-11
-4.98152e-12
-1.061e-10
-4.94353e-12
-1.24847e-10
-4.58637e-12
-1.40854e-10
-3.95932e-12
-1.54107e-10
-3.11453e-12
-1.64605e-10
-2.10648e-12
-1.72355e-10
-9.91397e-13
-1.77364e-10
1.73395e-13
-1.79643e-10
1.33004e-12
-1.79197e-10
2.42077e-12
-1.76027e-10
3.38853e-12
-1.7013e-10
4.17756e-12
-1.615e-10
4.73404e-12
-1.50132e-10
5.00665e-12
-1.36025e-10
4.94711e-12
-1.19185e-10
4.5107e-12
-9.96352e-11
3.65682e-12
-7.74175e-11
2.34955e-12
-5.2602e-11
5.58393e-13
-2.5293e-11
-1.74074e-12
4.36509e-12
-4.56423e-12
3.61819e-11
-7.91823e-12
6.99108e-11
-1.17978e-11
1.05243e-10
-1.61864e-11
1.41803e-10
-2.10554e-11
1.79148e-10
-2.63643e-11
2.16766e-10
-3.20608e-11
2.54079e-10
-3.80813e-11
2.90446e-10
-4.43516e-11
3.2517e-10
-5.07879e-11
3.57511e-10
-5.72983e-11
3.86694e-10
-6.37838e-11
4.11925e-10
-7.01404e-11
4.32413e-10
-7.6261e-11
4.47383e-10
-8.20372e-11
4.56104e-10
-8.73617e-11
4.57905e-10
-9.21303e-11
4.52205e-10
-9.62446e-11
4.38533e-10
-9.96147e-11
4.1655e-10
-1.02162e-10
3.86072e-10
-1.0382e-10
3.47088e-10
-1.04541e-10
2.99775e-10
-1.0429e-10
2.44508e-10
-1.03056e-10
1.8187e-10
-1.00843e-10
1.12652e-10
-9.76757e-11
3.78461e-11
-9.35966e-11
-4.13601e-11
-8.86601e-11
-1.23604e-10
-8.29308e-11
-2.07382e-10
-7.64789e-11
-2.91076e-10
-6.93786e-11
-3.72992e-10
-6.1706e-11
-4.51402e-10
-5.35387e-11
-5.24583e-10
-4.49536e-11
-5.90867e-10
-3.60254e-11
-6.48683e-10
-2.68302e-11
-6.96605e-10
-1.74422e-11
-7.33391e-10
-7.93682e-12
-7.58022e-10
-7.6976e-10
1.85203e-12
-7.69621e-10
3.15568e-12
-7.55168e-10
4.57754e-12
-7.27946e-10
6.17617e-12
-6.88748e-10
7.99851e-12
-6.38637e-10
1.00771e-11
-5.78895e-10
1.2428e-11
-5.10976e-10
1.50495e-11
-4.36473e-10
1.79214e-11
-3.57065e-10
2.10064e-11
-2.74478e-10
2.42508e-11
-1.90437e-10
2.75872e-11
-1.06624e-10
3.09381e-11
-2.46376e-11
3.42201e-11
5.40391e-11
3.73491e-11
1.28069e-10
4.0246e-11
1.96295e-10
4.28399e-11
2.57751e-10
4.50704e-11
3.11679e-10
4.68896e-11
3.57529e-10
4.82626e-11
3.94959e-10
4.91674e-11
4.23826e-10
4.95949e-11
4.44173e-10
4.95484e-11
4.56216e-10
4.90422e-11
4.60324e-10
4.8101e-11
4.56992e-10
4.67582e-11
4.46827e-10
4.50548e-11
4.30517e-10
4.30376e-11
4.08811e-10
4.07576e-11
3.82493e-10
3.82687e-11
3.52364e-10
3.56259e-11
3.19223e-10
3.28836e-11
2.83844e-10
3.00943e-11
2.46969e-10
2.73072e-11
2.09288e-10
2.45668e-11
1.71438e-10
2.19123e-11
1.33988e-10
1.93764e-11
9.74437e-11
1.69847e-11
6.22385e-11
1.47557e-11
2.87381e-11
1.27008e-11
-2.75804e-12
1.08242e-11
-3.20138e-11
9.12541e-12
-5.88464e-11
7.59926e-12
-8.31195e-11
6.23688e-12
-1.04737e-10
5.02592e-12
-1.23636e-10
3.95086e-12
-1.39779e-10
2.99326e-12
-1.5315e-10
2.13219e-12
-1.63744e-10
1.34459e-12
-1.71567e-10
6.05832e-13
-1.76626e-10
-1.09785e-13
-1.78928e-10
-8.28472e-13
-1.78478e-10
-1.57638e-12
-1.75279e-10
-2.37902e-12
-1.69327e-10
-3.26071e-12
-1.60618e-10
-4.24402e-12
-1.49149e-10
-5.34932e-12
-1.34919e-10
-6.59438e-12
-1.1794e-10
-7.99401e-12
-9.82355e-11
-9.55984e-12
-7.58514e-11
-1.12999e-11
-5.08616e-11
-1.32185e-11
-2.33741e-11
-1.5315e-11
6.46206e-12
-1.75837e-11
3.8451e-11
-2.00116e-11
7.23391e-11
-2.25785e-11
1.0781e-10
-2.52573e-11
1.44482e-10
-2.80137e-11
1.81905e-10
-3.08077e-11
2.1956e-10
-3.35937e-11
2.56865e-10
-3.6322e-11
2.93174e-10
-3.89396e-11
3.27788e-10
-4.13922e-11
3.59963e-10
-4.36249e-11
3.88926e-10
-4.55846e-11
4.13885e-10
-4.72211e-11
4.3405e-10
-4.84888e-11
4.48651e-10
-4.93484e-11
4.56963e-10
-4.97679e-11
4.58324e-10
-4.97244e-11
4.52161e-10
-4.9205e-11
4.38013e-10
-4.82084e-11
4.15553e-10
-4.67453e-11
3.84609e-10
-4.48395e-11
3.45183e-10
-4.25277e-11
2.97463e-10
-3.98591e-11
2.41839e-10
-3.68948e-11
1.78906e-10
-3.37062e-11
1.09463e-10
-3.03722e-11
3.45127e-11
-2.69759e-11
-4.47559e-11
-2.35985e-11
-1.26981e-10
-2.03148e-11
-2.10666e-10
-1.7189e-11
-2.94201e-10
-1.42719e-11
-3.75908e-10
-1.15997e-11
-4.54073e-10
-9.19199e-12
-5.26991e-10
-7.05043e-12
-5.93008e-10
-5.16102e-12
-6.50571e-10
-3.49684e-12
-6.9827e-10
-2.01488e-12
-7.34871e-10
-6.67099e-13
-7.59369e-10
-7.71029e-10
-7.1171e-12
-7.62893e-10
-1.36518e-11
-7.48632e-10
-1.98025e-11
-7.21794e-10
-2.53937e-11
-6.83156e-10
-3.02705e-11
-6.3376e-10
-3.43041e-11
-5.74861e-10
-3.73954e-11
-5.07885e-10
-3.94779e-11
-4.3439e-10
-4.0519e-11
-3.56023e-10
-4.05197e-11
-2.74477e-10
-3.95136e-11
-1.91442e-10
-3.75641e-11
-1.08573e-10
-3.47604e-11
-2.74413e-11
-3.12125e-11
5.04911e-11
-2.70449e-11
1.23902e-10
-2.23898e-11
1.91639e-10
-1.73819e-11
2.52743e-10
-1.21537e-11
3.06451e-10
-6.83212e-12
3.52208e-10
-1.53546e-12
3.89663e-10
3.62842e-12
4.18662e-10
8.56413e-12
4.39237e-10
1.31898e-11
4.51591e-10
1.74376e-11
4.56076e-10
2.12541e-11
4.53176e-10
2.46004e-11
4.43481e-10
2.74512e-11
4.27666e-10
2.97943e-11
4.06467e-10
3.16294e-11
3.80657e-10
3.29668e-11
3.51027e-10
3.38258e-11
3.18364e-10
3.42334e-11
2.83437e-10
3.42219e-11
2.4698e-10
3.38277e-11
2.09682e-10
3.30897e-11
1.72176e-10
3.20473e-11
1.35031e-10
3.07391e-11
9.8752e-11
2.9202e-11
6.37756e-11
2.74699e-11
3.04702e-11
2.55732e-11
-8.61433e-13
2.35384e-11
-2.99789e-11
2.1389e-11
-5.66969e-11
1.91462e-11
-8.08767e-11
1.6829e-11
-1.0242e-10
1.44537e-11
-1.2126e-10
1.20343e-11
-1.37359e-10
9.58265e-12
-1.50698e-10
7.1084e-12
-1.6127e-10
4.61935e-12
-1.69078e-10
2.12188e-12
-1.74128e-10
-3.78615e-13
-1.76428e-10
-2.87722e-12
-1.7598e-10
-5.36899e-12
-1.72788e-10
-7.84842e-12
-1.66848e-10
-1.03089e-11
-1.58158e-10
-1.27425e-11
-1.46715e-10
-1.5139e-11
-1.32523e-10
-1.74866e-11
-1.15593e-10
-1.97707e-11
-9.59514e-11
-2.19749e-11
-7.36472e-11
-2.40801e-11
-4.87562e-11
-2.60651e-11
-2.13889e-11
-2.7906e-11
8.30319e-12
-2.95756e-11
4.01209e-11
-3.10432e-11
7.3807e-11
-3.22745e-11
1.09042e-10
-3.32327e-11
1.45441e-10
-3.38796e-11
1.82552e-10
-3.41762e-11
2.19857e-10
-3.4085e-11
2.56774e-10
-3.35708e-11
2.92659e-10
-3.2603e-11
3.26819e-10
-3.11565e-11
3.58516e-10
-2.92144e-11
3.86984e-10
-2.67687e-11
4.11439e-10
-2.38224e-11
4.31103e-10
-2.03905e-11
4.45219e-10
-1.6501e-11
4.53073e-10
-1.21956e-11
4.54018e-10
-7.53002e-12
4.47495e-10
-2.57396e-12
4.33057e-10
2.58897e-12
4.1039e-10
7.8621e-12
3.79336e-10
1.31369e-11
3.39908e-10
1.8295e-11
2.92305e-10
2.321e-11
2.36924e-10
2.7751e-11
1.74365e-10
3.17856e-11
1.05429e-10
3.51847e-11
3.11139e-11
3.78281e-11
-4.73992e-11
3.96113e-11
-1.28765e-10
4.04518e-11
-2.11506e-10
4.02927e-11
-2.94042e-10
3.91065e-11
-3.74722e-10
3.68969e-11
-4.51864e-10
3.37009e-11
-5.23795e-10
2.95884e-11
-5.88895e-10
2.46574e-11
-6.45641e-10
1.90355e-11
-6.92648e-10
1.28731e-11
-7.28709e-10
6.33872e-12
-7.52834e-10
-7.64302e-10
-1.57539e-11
-7.48493e-10
-2.98273e-11
-7.34559e-10
-4.32642e-11
-7.08357e-10
-5.57781e-11
-6.70642e-10
-6.71121e-11
-6.22426e-10
-7.70462e-11
-5.64927e-10
-8.54023e-11
-4.99529e-10
-9.20489e-11
-4.27743e-10
-9.69026e-11
-3.51169e-10
-9.99289e-11
-2.7145e-10
-1.01141e-10
-1.9023e-10
-1.00597e-10
-1.09117e-10
-9.83956e-11
-2.96429e-11
-9.46704e-11
4.67658e-11
-8.9583e-11
1.18814e-10
-8.33143e-11
1.85371e-10
-7.6058e-11
2.45487e-10
-6.80146e-11
2.98407e-10
-5.93849e-11
3.43578e-10
-5.03662e-11
3.80644e-10
-4.11479e-11
4.09444e-10
-3.19078e-11
4.29997e-10
-2.28092e-11
4.42492e-10
-1.3999e-11
4.47266e-10
-5.60582e-12
4.44782e-10
2.26109e-12
4.35614e-10
9.51216e-12
4.20415e-10
1.60775e-11
3.99902e-10
2.19062e-11
3.74828e-10
2.69657e-11
3.45967e-10
3.124e-11
3.14089e-10
3.47281e-11
2.79949e-10
3.7442e-11
2.44266e-10
3.94049e-11
2.07719e-10
4.06487e-11
1.70932e-10
4.12125e-11
1.34467e-10
4.11399e-11
9.88244e-11
4.04778e-11
6.44375e-11
3.92744e-11
3.16733e-11
3.75783e-11
8.345e-13
3.54368e-11
-2.78375e-11
3.28969e-11
-5.41571e-11
3.00052e-11
-7.79849e-11
2.68072e-11
-9.92215e-11
2.33472e-11
-1.178e-10
1.9668e-11
-1.3368e-10
1.58106e-11
-1.46841e-10
1.18146e-11
-1.57274e-10
7.7177e-12
-1.64981e-10
3.55655e-12
-1.69968e-10
-6.33156e-13
-1.72238e-10
-4.81617e-12
-1.71798e-10
-8.95723e-12
-1.68647e-10
-1.30206e-11
-1.62785e-10
-1.69696e-11
-1.54209e-10
-2.07664e-11
-1.42919e-10
-2.43714e-11
-1.28918e-10
-2.77435e-11
-1.12221e-10
-3.08402e-11
-9.28548e-11
-3.36176e-11
-7.08699e-11
-3.60305e-11
-4.63433e-11
-3.80331e-11
-1.93861e-11
-3.95791e-11
9.8492e-12
-4.06211e-11
4.11629e-11
-4.11114e-11
7.42974e-11
-4.1003e-11
1.08934e-10
-4.02505e-11
1.44689e-10
-3.88123e-11
1.81114e-10
-3.66517e-11
2.17697e-10
-3.37398e-11
2.53862e-10
-3.00566e-11
2.88976e-10
-2.55938e-11
3.22356e-10
-2.03561e-11
3.53278e-10
-1.43639e-11
3.80991e-10
-7.65392e-12
4.04729e-10
-2.81347e-13
4.2373e-10
7.67972e-12
4.37258e-10
1.61357e-11
4.44617e-10
2.49738e-11
4.4518e-10
3.40624e-11
4.38406e-10
4.32524e-11
4.23867e-10
5.23787e-11
4.01264e-10
6.1263e-11
3.70452e-10
6.97162e-11
3.31454e-10
7.75425e-11
2.84478e-10
8.45434e-11
2.29923e-10
9.05223e-11
1.68386e-10
9.52903e-11
1.00661e-10
9.86723e-11
2.77318e-11
1.00514e-10
-4.92417e-11
1.00692e-10
-1.28943e-10
9.91164e-11
-2.0993e-10
9.57388e-11
-2.90664e-10
9.05553e-11
-3.69539e-10
8.3609e-11
-4.44918e-10
7.49915e-11
-5.15178e-10
6.48395e-11
-5.78743e-10
5.33331e-11
-6.34136e-10
4.06947e-11
-6.80009e-10
2.71764e-11
-7.15192e-10
1.30607e-11
-7.38719e-10
-7.49888e-10
-2.40215e-11
-7.26758e-10
-4.53003e-11
-7.1328e-10
-6.57043e-11
-6.87953e-10
-8.48419e-11
-6.51505e-10
-1.0236e-10
-6.04909e-10
-1.17952e-10
-5.49335e-10
-1.31367e-10
-4.86115e-10
-1.42409e-10
-4.16701e-10
-1.50948e-10
-3.42631e-10
-1.56915e-10
-2.65484e-10
-1.60301e-10
-1.86844e-10
-1.6116e-10
-1.08258e-10
-1.59598e-10
-3.1205e-11
-1.5577e-10
4.29371e-11
-1.49869e-10
1.12914e-10
-1.42122e-10
1.77624e-10
-1.32778e-10
2.36143e-10
-1.221e-10
2.87729e-10
-1.10359e-10
3.31837e-10
-9.78251e-11
3.68111e-10
-8.47659e-11
3.96385e-10
-7.14371e-11
4.16669e-10
-5.80796e-11
4.29135e-10
-4.49159e-11
4.34102e-10
-3.21467e-11
4.32013e-10
-1.9949e-11
4.23416e-10
-8.4744e-12
4.08941e-10
2.15119e-12
3.89276e-10
1.18278e-11
3.65152e-10
2.04807e-11
3.37314e-10
2.80592e-11
3.06511e-10
3.45346e-11
2.73474e-10
3.98986e-11
2.38903e-10
4.41605e-11
2.03458e-10
4.73453e-11
1.67747e-10
4.94905e-11
1.32322e-10
5.06442e-11
9.7671e-11
5.08621e-11
6.42197e-11
5.0206e-11
3.23296e-11
4.87412e-11
2.29961e-12
4.65351e-11
-2.56311e-11
4.36573e-11
-5.12788e-11
4.01783e-11
-7.45055e-11
3.61695e-11
-9.52122e-11
3.17019e-11
-1.13332e-10
2.6846e-11
-1.28824e-10
2.16711e-11
-1.41666e-10
1.62454e-11
-1.51848e-10
1.06358e-11
-1.59372e-10
4.90795e-12
-1.6424e-10
-8.73122e-13
-1.66457e-10
-6.64289e-12
-1.66028e-10
-1.23368e-11
-1.62953e-10
-1.789e-11
-1.57232e-10
-2.32366e-11
-1.48863e-10
-2.831e-11
-1.37846e-10
-3.30422e-11
-1.24186e-10
-3.73642e-11
-1.07899e-10
-4.12062e-11
-8.90124e-11
-4.44978e-11
-6.75778e-11
-4.7169e-11
-4.36716e-11
-4.91505e-11
-1.74042e-11
-5.03741e-11
1.10733e-11
-5.07738e-11
4.15629e-11
-5.02859e-11
7.38099e-11
-4.88513e-11
1.07499e-10
-4.64172e-11
1.42255e-10
-4.29393e-11
1.77636e-10
-3.83839e-11
2.13142e-10
-3.27309e-11
2.48209e-10
-2.59761e-11
2.82221e-10
-1.81333e-11
3.14513e-10
-9.23689e-12
3.44382e-10
6.564e-13
3.71098e-10
1.14659e-11
3.93919e-10
2.30857e-11
4.12111e-10
3.53845e-11
4.2496e-10
4.82055e-11
4.31797e-10
6.13673e-11
4.32019e-10
7.46656e-11
4.25109e-10
8.78753e-11
4.10657e-10
1.00754e-10
3.88385e-10
1.13046e-10
3.5816e-10
1.24486e-10
3.20015e-10
1.34805e-10
2.7416e-10
1.43737e-10
2.20992e-10
1.51025e-10
1.61099e-10
1.56426e-10
9.52598e-11
1.59725e-10
2.4433e-11
1.60737e-10
-5.02534e-11
1.59319e-10
-1.27525e-10
1.55378e-10
-2.05988e-10
1.48874e-10
-2.8416e-10
1.39827e-10
-3.60492e-10
1.28319e-10
-4.3341e-10
1.14491e-10
-5.01349e-10
9.85452e-11
-5.62798e-10
8.07407e-11
-6.16331e-10
6.13862e-11
-6.60654e-10
4.08341e-11
-6.9464e-10
1.94723e-11
-7.17358e-10
-7.28129e-10
-3.18774e-11
-6.98068e-10
-5.99912e-11
-6.85166e-10
-8.70062e-11
-6.60938e-10
-1.12433e-10
-6.26079e-10
-1.35827e-10
-5.81515e-10
-1.56803e-10
-5.2836e-10
-1.75037e-10
-4.67881e-10
-1.90278e-10
-4.0146e-10
-2.02347e-10
-3.30561e-10
-2.11144e-10
-2.56687e-10
-2.1664e-10
-1.81348e-10
-2.18881e-10
-1.06017e-10
-2.17979e-10
-3.21066e-11
-2.14107e-10
3.90657e-11
-2.07491e-10
1.06298e-10
-1.98397e-10
1.68531e-10
-1.87124e-10
2.2487e-10
-1.73994e-10
2.746e-10
-1.59343e-10
3.17185e-10
-1.4351e-10
3.52278e-10
-1.26836e-10
3.7971e-10
-1.09649e-10
3.99482e-10
-9.22646e-11
4.1175e-10
-7.49764e-11
4.16814e-10
-5.80539e-11
4.15091e-10
-4.17386e-11
4.07101e-10
-2.62418e-11
3.93444e-10
-1.17431e-11
3.74778e-10
1.61026e-12
3.51798e-10
1.37027e-11
3.25222e-10
2.44495e-11
2.95764e-10
3.37952e-11
2.64128e-10
4.1711e-11
2.30987e-10
4.81929e-11
1.96976e-10
5.32579e-11
1.62682e-10
5.6942e-11
1.28638e-10
5.92966e-11
9.53163e-11
6.03858e-11
6.31305e-11
6.02834e-11
3.24319e-11
5.90707e-11
3.5122e-12
5.68344e-11
-2.33948e-11
5.3665e-11
-4.81094e-11
4.96563e-11
-7.04967e-11
4.49039e-11
-9.04599e-11
3.95046e-11
-1.07933e-10
3.35554e-11
-1.22875e-10
2.71525e-11
-1.35263e-10
2.03916e-11
-1.45087e-10
1.33672e-11
-1.52347e-10
6.17306e-12
-1.57046e-10
-1.09799e-12
-1.59186e-10
-8.35332e-12
-1.58773e-10
-1.55004e-11
-1.55806e-10
-2.24464e-11
-1.50286e-10
-2.90978e-11
-1.42212e-10
-3.53603e-11
-1.31583e-10
-4.11386e-11
-1.18408e-10
-4.63373e-11
-1.027e-10
-5.08602e-11
-8.44895e-11
-5.4612e-11
-6.38259e-11
-5.74987e-11
-4.07848e-11
-5.94285e-11
-1.54744e-11
-6.0313e-11
1.19578e-11
-6.0068e-11
4.13179e-11
-5.86154e-11
7.2357e-11
-5.58847e-11
1.04769e-10
-5.18164e-11
1.38187e-10
-4.63642e-11
1.72184e-10
-3.9498e-11
2.06276e-10
-3.12068e-11
2.39918e-10
-2.15018e-11
2.72516e-10
-1.0419e-11
3.0343e-10
1.97854e-12
3.31984e-10
1.55984e-11
3.57477e-10
3.03175e-11
3.792e-10
4.59813e-11
3.96447e-10
6.24032e-11
4.08538e-10
7.9366e-11
4.14834e-10
9.66229e-11
4.14762e-10
1.139e-10
4.07832e-10
1.30901e-10
3.93656e-10
1.4731e-10
3.71976e-10
1.62798e-10
3.42672e-10
1.77028e-10
3.05785e-10
1.89663e-10
2.61524e-10
2.00375e-10
2.10281e-10
2.08848e-10
1.52626e-10
2.14794e-10
8.93136e-11
2.17957e-10
2.12693e-11
2.18126e-10
-5.04226e-11
2.15143e-10
-1.24541e-10
2.08909e-10
-1.99755e-10
1.99397e-10
-2.74648e-10
1.86649e-10
-3.47745e-10
1.70783e-10
-4.17543e-10
1.51988e-10
-4.82555e-10
1.30529e-10
-5.41339e-10
1.06738e-10
-5.92538e-10
8.10045e-11
-6.34922e-10
5.37761e-11
-6.67411e-10
2.55396e-11
-6.8912e-10
-6.99402e-10
-3.92755e-11
-6.62842e-10
-7.38153e-11
-6.50627e-10
-1.07047e-10
-6.27707e-10
-1.3839e-10
-5.94736e-10
-1.67318e-10
-5.52587e-10
-1.93367e-10
-5.0231e-10
-2.16152e-10
-4.45096e-10
-2.35364e-10
-3.82248e-10
-2.50783e-10
-3.15142e-10
-2.62274e-10
-2.45196e-10
-2.69793e-10
-1.73829e-10
-2.73377e-10
-1.02434e-10
-2.73142e-10
-3.23415e-11
-2.69278e-10
3.52019e-11
-2.62037e-10
9.90567e-11
-2.51723e-10
1.58217e-10
-2.38681e-10
2.11828e-10
-2.23286e-10
2.59204e-10
-2.05934e-10
2.99833e-10
-1.87029e-10
3.33374e-10
-1.6698e-10
3.5966e-10
-1.46183e-10
3.78685e-10
-1.25023e-10
3.9059e-10
-1.0386e-10
3.95651e-10
-8.30302e-11
3.9426e-10
-6.2835e-11
3.86906e-10
-4.35424e-11
3.74151e-10
-2.53832e-11
3.56618e-10
-8.54989e-12
3.34965e-10
6.80287e-12
3.09869e-10
2.05578e-11
2.82009e-10
3.26333e-11
2.52052e-10
4.29809e-11
2.20639e-10
5.15828e-11
1.88374e-10
5.84487e-11
1.55816e-10
6.36121e-11
1.23474e-10
6.71274e-11
9.1801e-11
6.90659e-11
6.11919e-11
6.9513e-11
3.19848e-11
6.85647e-11
4.46041e-12
6.63256e-11
-2.11556e-11
6.29061e-11
-4.469e-11
5.84219e-11
-6.60126e-11
5.29918e-11
-8.50299e-11
4.67369e-11
-1.01678e-10
3.97789e-11
-1.15917e-10
3.22398e-11
-1.27724e-10
2.42413e-11
-1.37089e-10
1.5904e-11
-1.4401e-10
7.34808e-12
-1.4849e-10
-1.30707e-12
-1.50532e-10
-9.94235e-12
-1.50138e-10
-1.84388e-11
-1.4731e-10
-2.6677e-11
-1.42048e-10
-3.45372e-11
-1.34352e-10
-4.18991e-11
-1.24222e-10
-4.86417e-11
-1.11665e-10
-5.46441e-11
-9.66977e-11
-5.97856e-11
-7.9348e-11
-6.39471e-11
-5.96644e-11
-6.70118e-11
-3.77201e-11
-6.8867e-11
-1.36194e-11
-6.94049e-11
1.24955e-11
-6.85245e-11
4.04373e-11
-6.61339e-11
6.99661e-11
-6.21527e-11
1.00787e-10
-5.65151e-11
1.32549e-10
-4.91734e-11
1.64842e-10
-4.01013e-11
1.97203e-10
-2.92971e-11
2.29114e-10
-1.67872e-11
2.60006e-10
-2.629e-12
2.89272e-10
1.30866e-11
3.16268e-10
3.02329e-11
3.40331e-10
4.86463e-11
3.60786e-10
6.81256e-11
3.76967e-10
8.8432e-11
3.88231e-10
1.09291e-10
3.93976e-10
1.30393e-10
3.9366e-10
1.514e-10
3.86824e-10
1.71947e-10
3.73109e-10
1.91651e-10
3.52273e-10
2.10112e-10
3.2421e-10
2.26929e-10
2.88968e-10
2.41701e-10
2.46752e-10
2.5404e-10
1.97941e-10
2.6358e-10
1.43085e-10
2.69989e-10
8.29044e-11
2.72976e-10
1.82819e-11
2.72305e-10
-4.97519e-11
2.67804e-10
-1.20041e-10
2.59375e-10
-1.91327e-10
2.46998e-10
-2.62272e-10
2.30739e-10
-3.31485e-10
2.10749e-10
-3.97552e-10
1.87265e-10
-4.5907e-10
1.60607e-10
-5.14681e-10
1.31175e-10
-5.63106e-10
9.94392e-11
-6.03185e-10
6.59304e-11
-6.33901e-10
3.12287e-11
-6.54418e-10
-6.64122e-10
-4.617e-11
-6.21534e-10
-8.6687e-11
-6.1011e-10
-1.25703e-10
-5.88691e-10
-1.62555e-10
-5.57884e-10
-1.96636e-10
-5.18505e-10
-2.27418e-10
-4.71528e-10
-2.54451e-10
-4.18063e-10
-2.77378e-10
-3.5932e-10
-2.95939e-10
-2.96582e-10
-3.09969e-10
-2.31166e-10
-3.19404e-10
-1.64394e-10
-3.24274e-10
-9.75634e-11
-3.24701e-10
-3.19154e-11
-3.20885e-10
3.13866e-11
-3.13105e-10
9.1276e-11
-3.01696e-10
1.46808e-10
-2.87045e-10
1.97178e-10
-2.69577e-10
2.41737e-10
-2.49743e-10
2.79998e-10
-2.28006e-10
3.11637e-10
-2.04835e-10
3.3649e-10
-1.80694e-10
3.54543e-10
-1.56029e-10
3.65925e-10
-1.31264e-10
3.70887e-10
-1.06796e-10
3.69792e-10
-8.29827e-11
3.63093e-10
-6.01459e-11
3.51314e-10
-3.85641e-11
3.35036e-10
-1.84729e-11
3.14874e-10
-6.35618e-14
2.91459e-10
1.65155e-11
2.6543e-10
3.11576e-11
2.3741e-10
4.37954e-11
2.08001e-10
5.4398e-11
1.77771e-10
6.29673e-11
1.47247e-10
6.95346e-11
1.16907e-10
7.41563e-11
8.71796e-11
7.69104e-11
5.84381e-11
7.78928e-11
3.10028e-11
7.72133e-11
5.14021e-12
7.49928e-11
-1.89349e-11
7.13609e-11
-4.10577e-11
6.64532e-11
-6.11047e-11
6.04105e-11
-7.8987e-11
5.33764e-11
-9.46437e-11
4.54962e-11
-1.08036e-10
3.69158e-11
-1.19143e-10
2.77809e-11
-1.27954e-10
1.8237e-11
-1.34466e-10
8.42878e-12
-1.38681e-10
-1.49958e-12
-1.40603e-10
-1.14042e-11
-1.40233e-10
-2.11413e-11
-1.37573e-10
-3.05669e-11
-1.32622e-10
-3.95366e-11
-1.25382e-10
-4.79056e-11
-1.15853e-10
-5.55289e-11
-1.04042e-10
-6.22619e-11
-8.99645e-11
-6.79608e-11
-7.36488e-11
-7.24842e-11
-5.51407e-11
-7.56942e-11
-3.45099e-11
-7.7458e-11
-1.18553e-11
-7.76502e-11
1.26877e-11
-7.61541e-11
3.89412e-11
-7.2865e-11
6.66771e-11
-6.76932e-11
9.56154e-11
-6.05677e-11
1.25423e-10
-5.14398e-11
1.55715e-10
-4.02869e-11
1.86051e-10
-2.71167e-11
2.15944e-10
-1.19702e-11
2.44861e-10
5.0746e-12
2.72228e-10
2.39002e-11
2.97443e-10
4.43476e-11
3.19884e-10
6.62147e-11
3.38919e-10
8.92562e-11
3.53926e-10
1.13184e-10
3.64303e-10
1.3767e-10
3.6949e-10
1.62347e-10
3.68984e-10
1.86815e-10
3.62357e-10
2.10647e-10
3.49277e-10
2.33394e-10
3.29525e-10
2.54596e-10
3.03008e-10
2.73789e-10
2.69775e-10
2.90512e-10
2.30028e-10
3.04327e-10
1.84127e-10
3.14818e-10
1.32593e-10
3.21615e-10
7.61077e-11
3.24396e-10
1.55016e-11
3.22902e-10
-4.8258e-11
3.16951e-10
-1.1409e-10
3.06443e-10
-1.80819e-10
2.91369e-10
-2.47198e-10
2.71816e-10
-3.11931e-10
2.47967e-10
-3.73702e-10
2.20101e-10
-4.31204e-10
1.88594e-10
-4.83172e-10
1.53905e-10
-5.28418e-10
1.16579e-10
-5.65858e-10
7.72246e-11
-5.94546e-10
3.6508e-11
-6.13702e-10
-6.2275e-10
-5.25169e-11
-5.74641e-10
-9.85238e-11
-5.64103e-10
-1.42855e-10
-5.44359e-10
-1.84769e-10
-5.15969e-10
-2.23593e-10
-4.79681e-10
-2.58732e-10
-4.36389e-10
-2.89682e-10
-3.87112e-10
-3.16042e-10
-3.32961e-10
-3.37511e-10
-2.75113e-10
-3.539e-10
-2.14777e-10
-3.65127e-10
-1.53168e-10
-3.71213e-10
-9.14769e-11
-3.72282e-10
-3.08463e-11
-3.68548e-10
2.76527e-11
-3.60308e-10
8.30359e-11
-3.47928e-10
1.34428e-10
-3.31833e-10
1.81082e-10
-3.1249e-10
2.22394e-10
-2.904e-10
2.57908e-10
-2.66082e-10
2.87318e-10
-2.4006e-10
3.10468e-10
-2.12857e-10
3.2734e-10
-1.84977e-10
3.38045e-10
-1.56905e-10
3.42814e-10
-1.29089e-10
3.41976e-10
-1.01944e-10
3.35947e-10
-7.58391e-11
3.25209e-10
-5.10974e-11
3.10294e-10
-2.79944e-11
2.9177e-10
-6.75614e-12
2.70221e-10
1.244e-11
2.46233e-10
2.94638e-11
2.20386e-10
4.423e-11
1.93235e-10
5.66952e-11
1.65306e-10
6.68537e-11
1.37088e-10
7.47341e-11
1.09027e-10
8.03948e-11
8.15187e-11
8.39199e-11
5.49129e-11
8.54144e-11
2.95081e-11
8.5001e-11
5.5535e-12
8.28158e-11
-1.67498e-11
7.90054e-11
-3.72475e-11
7.37247e-11
-5.58242e-11
6.71344e-11
-7.23968e-11
5.9399e-11
-8.69085e-11
5.06854e-11
-9.93229e-11
4.11617e-11
-1.09619e-10
3.09962e-11
-1.17788e-10
2.03566e-11
-1.23827e-10
9.41068e-12
-1.27736e-10
-1.6747e-12
-1.29518e-10
-1.27328e-11
-1.29175e-10
-2.35969e-11
-1.26709e-10
-3.41004e-11
-1.22119e-10
-4.40761e-11
-1.15406e-10
-5.33567e-11
-1.06572e-10
-6.17751e-11
-9.56236e-11
-6.91647e-11
-8.25751e-11
-7.53604e-11
-6.74533e-11
-8.02002e-11
-5.03013e-11
-8.35264e-11
-3.1184e-11
-8.5188e-11
-1.0194e-11
-8.5043e-11
1.25424e-11
-8.29603e-11
3.68582e-11
-7.88237e-11
6.25401e-11
-7.25351e-11
8.93264e-11
-6.40186e-11
1.16907e-10
-5.3225e-11
1.44921e-10
-4.01358e-11
1.72962e-10
-2.47674e-11
2.00576e-10
-7.17477e-12
2.27268e-10
1.25446e-11
2.52508e-10
3.42482e-11
2.75739e-10
5.77467e-11
2.96385e-10
8.28021e-11
3.13863e-10
1.09128e-10
3.27599e-10
1.36391e-10
3.3704e-10
1.64212e-10
3.41669e-10
1.92171e-10
3.41024e-10
2.19813e-10
3.34715e-10
2.4665e-10
3.22439e-10
2.72178e-10
3.03997e-10
2.95876e-10
2.79309e-10
3.17225e-10
2.48427e-10
3.35712e-10
2.11541e-10
3.50848e-10
1.68991e-10
3.62178e-10
1.21263e-10
3.69294e-10
6.89915e-11
3.71847e-10
1.29483e-11
3.6956e-10
-4.5972e-11
3.62242e-10
-1.06772e-10
3.49792e-10
-1.6837e-10
3.32212e-10
-2.29618e-10
3.09608e-10
-2.89327e-10
2.82192e-10
-3.46287e-10
2.50285e-10
-3.99297e-10
2.14309e-10
-4.47196e-10
1.74784e-10
-4.88892e-10
1.32316e-10
-5.2339e-10
8.75877e-11
-5.49819e-10
4.13451e-11
-5.67459e-10
-5.75782e-10
-5.82715e-11
-5.22697e-10
-1.09246e-10
-5.13128e-10
-1.58387e-10
-4.95217e-10
-2.04886e-10
-4.6947e-10
-2.48006e-10
-4.36561e-10
-2.87097e-10
-3.97299e-10
-3.21605e-10
-3.52604e-10
-3.51087e-10
-3.0348e-10
-3.75209e-10
-2.5099e-10
-3.93757e-10
-1.96228e-10
-4.06633e-10
-1.40292e-10
-4.1385e-10
-8.42597e-11
-4.15533e-10
-2.91636e-11
-4.11906e-10
2.40252e-11
-4.03282e-10
7.44124e-11
-3.90055e-10
1.21201e-10
-3.7268e-10
1.63708e-10
-3.51667e-10
2.01381e-10
-3.27558e-10
2.33799e-10
-3.00921e-10
2.60682e-10
-2.72333e-10
2.8188e-10
-2.42367e-10
2.97374e-10
-2.11583e-10
3.07262e-10
-1.80517e-10
3.11748e-10
-1.49669e-10
3.11128e-10
-1.195e-10
3.05778e-10
-9.04261e-11
2.96134e-10
-6.28107e-11
2.82678e-10
-3.69656e-11
2.65925e-10
-1.31489e-11
2.46404e-10
8.4354e-12
2.24649e-10
2.76353e-11
2.01186e-10
4.43489e-11
1.76521e-10
5.85207e-11
1.51134e-10
7.01381e-11
1.25471e-10
7.92271e-11
9.9938e-11
8.58476e-11
7.48986e-11
9.00886e-11
5.06722e-11
9.2064e-11
2.7533e-11
9.19077e-11
5.7101e-12
8.97698e-11
-1.46116e-11
8.58126e-11
-3.32901e-11
8.02082e-11
-5.02196e-11
7.31356e-11
-6.53239e-11
6.47784e-11
-7.8551e-11
5.53232e-11
-8.98674e-11
4.49582e-11
-9.92541e-11
3.38719e-11
-1.06702e-10
2.22528e-11
-1.12207e-10
1.02891e-11
-1.15771e-10
-1.83154e-12
-1.17397e-10
-1.39216e-11
-1.17084e-10
-2.57939e-11
-1.14836e-10
-3.72608e-11
-1.10652e-10
-4.81348e-11
-1.04532e-10
-5.82282e-11
-9.64784e-11
-6.73536e-11
-8.6498e-11
-7.53244e-11
-7.46041e-11
-8.19563e-11
-6.08213e-11
-8.70682e-11
-4.51892e-11
-9.04848e-11
-2.77673e-11
-9.20383e-11
-8.64033e-12
-9.15714e-11
1.20757e-11
-8.89402e-11
3.42272e-11
-8.40178e-11
5.76179e-11
-7.66986e-11
8.20074e-11
-6.69027e-11
1.07111e-10
-5.45806e-11
1.32599e-10
-3.97176e-11
1.58099e-10
-2.23384e-11
1.83197e-10
-2.51131e-12
2.07441e-10
1.96483e-11
2.30349e-10
4.39749e-11
2.51413e-10
7.02509e-11
2.70109e-10
9.82057e-11
2.85908e-10
1.27515e-10
2.9829e-10
1.57804e-10
3.06751e-10
1.88647e-10
3.10825e-10
2.19576e-10
3.10094e-10
2.50084e-10
3.04207e-10
2.79632e-10
2.9289e-10
3.07662e-10
2.75968e-10
3.336e-10
2.53371e-10
3.56877e-10
2.25151e-10
3.76932e-10
1.91486e-10
3.93235e-10
1.52688e-10
4.05292e-10
1.09206e-10
4.12663e-10
6.16206e-11
4.14977e-10
1.06351e-11
4.1194e-10
-4.29352e-11
4.03353e-10
-9.81845e-11
3.89117e-10
-1.54133e-10
3.69244e-10
-2.09744e-10
3.43856e-10
-2.6394e-10
3.13195e-10
-3.15626e-10
2.77616e-10
-3.63717e-10
2.37585e-10
-4.07165e-10
1.93674e-10
-4.4498e-10
1.46548e-10
-4.76263e-10
9.69542e-11
-5.00226e-10
4.57091e-11
-5.16214e-10
-5.23747e-10
-6.33918e-11
-4.66263e-10
-1.18778e-10
-4.57741e-10
-1.72192e-10
-4.41804e-10
-2.22765e-10
-4.18898e-10
-2.69705e-10
-3.89621e-10
-3.12313e-10
-3.54692e-10
-3.49992e-10
-3.14925e-10
-3.82262e-10
-2.71211e-10
-4.0876e-10
-2.24492e-10
-4.29248e-10
-1.75739e-10
-4.43614e-10
-1.25927e-10
-4.51863e-10
-7.60098e-11
-4.54121e-10
-2.69058e-11
-4.50618e-10
2.05223e-11
-4.41683e-10
6.54781e-11
-4.27731e-10
1.07249e-10
-4.09247e-10
1.45224e-10
-3.86773e-10
1.78906e-10
-3.6089e-10
2.07917e-10
-3.3221e-10
2.32001e-10
-3.01353e-10
2.51024e-10
-2.68942e-10
2.64963e-10
-2.35583e-10
2.73902e-10
-2.01857e-10
2.78021e-10
-1.68312e-10
2.77582e-10
-1.35451e-10
2.72917e-10
-1.0373e-10
2.64412e-10
-7.35493e-11
2.52498e-10
-4.52543e-11
2.37629e-10
-1.91312e-11
2.2028e-10
4.59151e-12
2.00926e-10
2.57423e-11
1.80035e-10
4.42038e-11
1.58059e-10
5.99099e-11
1.35428e-10
7.28413e-11
1.1254e-10
8.30214e-11
8.97578e-11
9.05111e-11
6.74087e-11
9.54041e-11
4.57791e-11
9.78218e-11
2.51152e-11
9.79084e-11
5.6235e-12
9.58261e-11
-1.25294e-11
9.17517e-11
-2.92157e-11
8.58725e-11
-4.43404e-11
7.83838e-11
-5.78354e-11
6.94865e-11
-6.96538e-11
5.93847e-11
-7.97657e-11
4.82843e-11
-8.81538e-11
3.63921e-11
-9.48094e-11
2.39149e-11
-9.97299e-11
1.10591e-11
-1.02916e-10
-1.96921e-12
-1.04368e-10
-1.49641e-11
-1.0409e-10
-2.77199e-11
-1.0208e-10
-4.00307e-11
-9.8341e-11
-5.16907e-11
-9.28719e-11
-6.2494e-11
-8.56753e-11
-7.22352e-11
-7.6757e-11
-8.07101e-11
-6.61295e-11
-8.77169e-11
-5.38149e-11
-9.30579e-11
-3.98485e-11
-9.65414e-11
-2.42839e-11
-9.79849e-11
-7.19697e-12
-9.72175e-11
1.13082e-11
-9.40835e-11
3.10933e-11
-8.84467e-11
5.19812e-11
-8.0195e-11
7.37556e-11
-6.92448e-11
9.61606e-11
-5.55466e-11
1.18901e-10
-3.90893e-11
1.41642e-10
-1.99056e-11
1.64013e-10
1.92437e-12
1.85611e-10
2.62687e-11
2.06005e-10
5.29411e-11
2.2474e-10
8.16987e-11
2.41351e-10
1.12241e-10
2.55366e-10
1.4421e-10
2.6632e-10
1.77192e-10
2.73768e-10
2.10723e-10
2.77294e-10
2.4429e-10
2.76527e-10
2.77339e-10
2.71157e-10
3.09287e-10
2.60942e-10
3.39526e-10
2.45729e-10
3.67438e-10
2.2546e-10
3.92406e-10
2.00182e-10
4.13832e-10
1.7006e-10
4.31144e-10
1.35376e-10
4.43817e-10
9.65336e-11
4.51385e-10
5.4053e-11
4.53454e-10
8.56515e-12
4.49721e-10
-3.92019e-11
4.39979e-10
-8.84419e-11
4.2413e-10
-1.38285e-10
4.02196e-10
-1.8781e-10
3.74316e-10
-2.3606e-10
3.40756e-10
-2.82065e-10
3.01902e-10
-3.24863e-10
2.5826e-10
-3.63523e-10
2.10446e-10
-3.97167e-10
1.59178e-10
-4.24996e-10
1.05262e-10
-4.4631e-10
4.9573e-11
-4.60525e-10
-4.67214e-10
-6.78402e-11
-4.05942e-10
-1.27049e-10
-3.98532e-10
-1.84165e-10
-3.84687e-10
-2.3827e-10
-3.64792e-10
-2.88526e-10
-3.39366e-10
-3.3419e-10
-3.09028e-10
-3.74628e-10
-2.74486e-10
-4.09329e-10
-2.3651e-10
-4.37904e-10
-1.95917e-10
-4.60095e-10
-1.53548e-10
-4.75777e-10
-1.10246e-10
-4.84948e-10
-6.68388e-11
-4.87731e-10
-2.41219e-11
-4.84365e-10
1.71559e-11
-4.75189e-10
5.63024e-11
-4.60636e-10
9.2696e-11
-4.41214e-10
1.25803e-10
-4.17495e-10
1.55186e-10
-3.90093e-10
1.80516e-10
-3.59656e-10
2.01565e-10
-3.26845e-10
2.18213e-10
-2.92322e-10
2.30439e-10
-2.56733e-10
2.38314e-10
-2.20703e-10
2.41991e-10
-1.84816e-10
2.41696e-10
-1.49616e-10
2.37717e-10
-1.15592e-10
2.30388e-10
-8.31775e-11
2.20083e-10
-5.27463e-11
2.07198e-10
-2.46099e-11
1.92144e-10
9.81746e-13
1.75334e-10
2.38396e-11
1.57177e-10
4.38327e-11
1.38066e-10
6.08853e-11
1.18376e-10
7.4972e-11
9.8453e-11
8.61137e-11
7.86161e-11
9.43722e-11
5.91502e-11
9.98452e-11
4.03062e-11
1.0266e-10
2.23001e-11
1.02971e-10
5.31306e-12
1.0095e-10
-1.05085e-11
9.67869e-11
-2.50523e-11
9.06821e-11
-3.82356e-11
8.28455e-11
-4.99987e-11
7.34927e-11
-6.03009e-11
6.2843e-11
-6.9116e-11
5.11179e-11
-7.64287e-11
3.854e-11
-8.22313e-11
2.53317e-11
-8.65214e-11
1.17154e-11
-8.92992e-11
-2.08676e-12
-9.05659e-11
-1.58531e-11
-9.03231e-11
-2.93619e-11
-8.85715e-11
-4.23914e-11
-8.53114e-11
-5.472e-11
-8.05433e-11
-6.6126e-11
-7.42693e-11
-7.63884e-11
-6.64947e-11
-8.52877e-11
-5.72305e-11
-9.26068e-11
-4.64959e-11
-9.81335e-11
-3.43219e-11
-1.01662e-10
-2.07552e-11
-1.02997e-10
-5.86193e-12
-1.01955e-10
1.02668e-11
-9.83712e-11
2.75095e-11
-9.21002e-11
4.57105e-11
-8.30244e-11
6.468e-11
-7.10574e-11
8.41936e-11
-5.61497e-11
1.03993e-10
-3.82938e-11
1.23786e-10
-1.75293e-11
1.43248e-10
6.05295e-12
1.62029e-10
3.23064e-11
1.79751e-10
6.10263e-11
1.9602e-10
9.19474e-11
2.1043e-10
1.24743e-10
2.2257e-10
1.59025e-10
2.32038e-10
1.94349e-10
2.38444e-10
2.30212e-10
2.41431e-10
2.66064e-10
2.40675e-10
3.01313e-10
2.35908e-10
3.35332e-10
2.26923e-10
3.67474e-10
2.13587e-10
3.9708e-10
1.95853e-10
4.23497e-10
1.73766e-10
4.46087e-10
1.4747e-10
4.64249e-10
1.17215e-10
4.77428e-10
8.33543e-11
4.85137e-10
4.63441e-11
4.86967e-10
6.73579e-12
4.82601e-10
-3.48357e-11
4.7183e-10
-7.76702e-11
4.54559e-10
-1.21013e-10
4.30815e-10
-1.64067e-10
4.00757e-10
-2.06001e-10
3.64668e-10
-2.45976e-10
3.22963e-10
-2.83159e-10
2.76182e-10
-3.16742e-10
2.2498e-10
-3.45965e-10
1.70118e-10
-3.70135e-10
1.12452e-10
-3.88643e-10
5.29108e-11
-4.00984e-10
-4.06783e-10
-7.15779e-11
-3.42365e-10
-1.33989e-10
-3.36122e-10
-1.94208e-10
-3.24468e-10
-2.51275e-10
-3.07725e-10
-3.04313e-10
-2.86328e-10
-3.52545e-10
-2.60796e-10
-3.95307e-10
-2.31723e-10
-4.3206e-10
-1.99757e-10
-4.62393e-10
-1.65584e-10
-4.86033e-10
-1.29908e-10
-5.02842e-10
-9.34377e-11
-5.12812e-10
-5.68689e-11
-5.16065e-10
-2.08691e-11
-5.12841e-10
1.39324e-11
-5.03492e-10
4.69524e-11
-4.88462e-10
7.76657e-11
-4.68279e-10
1.0562e-10
-4.43538e-10
1.30445e-10
-4.14882e-10
1.5186e-10
-3.82989e-10
1.69671e-10
-3.48552e-10
1.83776e-10
-3.12266e-10
1.94154e-10
-2.74814e-10
2.00862e-10
-2.36853e-10
2.0403e-10
-1.99003e-10
2.03846e-10
-1.61838e-10
2.00551e-10
-1.25877e-10
1.94427e-10
-9.15807e-11
1.85787e-10
-5.93479e-11
1.74965e-10
-2.95115e-11
1.62307e-10
-2.33956e-12
1.48162e-10
2.19638e-11
1.32873e-10
4.32561e-11
1.16774e-10
6.14529e-11
1.00179e-10
7.65236e-11
8.33822e-11
8.8487e-11
6.66528e-11
9.74053e-11
5.0232e-11
1.03379e-10
3.43323e-11
1.06542e-10
1.91372e-11
1.07055e-10
4.80053e-12
1.051e-10
-8.55314e-12
1.00876e-10
-2.08287e-11
9.45962e-11
-3.19559e-11
8.64822e-11
-4.18848e-11
7.67621e-11
-5.05808e-11
6.56679e-11
-5.80219e-11
5.34342e-11
-6.4195e-11
4.02966e-11
-6.90937e-11
2.64907e-11
-7.27156e-11
1.22524e-11
-7.50608e-11
-2.18317e-12
-7.61304e-11
-1.65808e-11
-7.59255e-11
-3.07055e-11
-7.44468e-11
-4.43223e-11
-7.16946e-11
-5.71962e-11
-6.76695e-11
-6.90925e-11
-6.23732e-11
-7.97772e-11
-5.58104e-11
-8.90176e-11
-4.79903e-11
-9.65843e-11
-3.89294e-11
-1.02253e-10
-2.86537e-11
-1.05805e-10
-1.72027e-11
-1.07035e-10
-4.63201e-12
-1.05749e-10
8.9812e-12
-1.01773e-10
2.35336e-11
-9.49549e-11
3.8893e-11
-8.51729e-11
5.4898e-11
-7.23378e-11
7.13585e-11
-5.64004e-11
8.80553e-11
-3.73564e-11
1.04741e-10
-1.52513e-11
1.21143e-10
9.81444e-12
1.36963e-10
3.7682e-11
1.51883e-10
6.81306e-11
1.65571e-10
1.00876e-10
1.77684e-10
1.35569e-10
1.87877e-10
1.71797e-10
1.95809e-10
2.09087e-10
2.01155e-10
2.46905e-10
2.03612e-10
2.84671e-10
2.02909e-10
3.21757e-10
1.98822e-10
3.57504e-10
1.91176e-10
3.91228e-10
1.79863e-10
4.22239e-10
1.64843e-10
4.49849e-10
1.46156e-10
4.73393e-10
1.23927e-10
4.92241e-10
9.8367e-11
5.05818e-10
6.97776e-11
5.13617e-10
3.85454e-11
5.15215e-10
5.13718e-12
5.1029e-10
-2.99108e-11
4.9863e-10
-6.60095e-11
4.80141e-10
-1.02525e-10
4.5486e-10
-1.38786e-10
4.22957e-10
-1.74097e-10
3.84733e-10
-2.07753e-10
3.40627e-10
-2.39054e-10
2.91206e-10
-2.6732e-10
2.37156e-10
-2.91916e-10
1.79279e-10
-3.12256e-10
1.18467e-10
-3.27831e-10
5.56965e-11
-3.38213e-10
-3.43084e-10
-7.45669e-11
-2.76192e-10
-1.39529e-10
-2.7116e-10
-2.02221e-10
-2.61776e-10
-2.61651e-10
-2.48295e-10
-3.16912e-10
-2.31067e-10
-3.67199e-10
-2.10509e-10
-4.11825e-10
-1.87098e-10
-4.50229e-10
-1.61354e-10
-4.81984e-10
-1.33829e-10
-5.06802e-10
-1.05089e-10
-5.24536e-10
-7.57043e-11
-5.35172e-10
-4.62327e-11
-5.3883e-10
-1.7211e-11
-5.35753e-10
1.08549e-11
-5.26296e-10
3.74951e-11
-5.10915e-10
6.22851e-11
-4.90153e-10
8.48582e-11
-4.64623e-10
1.04915e-10
-4.34989e-10
1.22226e-10
-4.01953e-10
1.36635e-10
-3.66234e-10
1.48057e-10
-3.28555e-10
1.56475e-10
-2.89625e-10
1.61933e-10
-2.5013e-10
1.64535e-10
-2.10716e-10
1.64432e-10
-1.71982e-10
1.61817e-10
-1.34471e-10
1.56917e-10
-9.8668e-11
1.49984e-10
-6.49893e-11
1.41286e-10
-3.37859e-11
1.31104e-10
-5.34077e-12
1.19717e-10
2.01298e-11
1.07403e-10
4.24734e-11
9.44301e-11
6.15989e-11
8.10534e-11
7.74711e-11
6.75102e-11
9.01066e-11
5.40175e-11
9.95681e-11
4.07707e-11
1.05959e-10
2.7942e-11
1.09416e-10
1.56801e-11
1.10107e-10
4.1099e-12
1.08221e-10
-6.66725e-12
1.03967e-10
-1.65743e-11
9.75655e-11
-2.55546e-11
8.92486e-11
-3.35679e-11
7.92543e-11
-4.05865e-11
6.78248e-11
-4.65924e-11
5.52049e-11
-5.15751e-11
4.16405e-11
-5.55293e-11
2.7378e-11
-5.8453e-11
1.26634e-11
-6.03462e-11
-2.25729e-12
-6.12097e-11
-1.71384e-11
-6.10444e-11
-3.17344e-11
-5.98508e-11
-4.57998e-11
-5.76293e-11
-5.90891e-11
-5.43803e-11
-7.13571e-11
-5.01053e-11
-8.23594e-11
-4.48082e-11
-9.18533e-11
-3.84965e-11
-9.95992e-11
-3.11834e-11
-1.05363e-10
-2.28902e-11
-1.08917e-10
-1.36484e-11
-1.10045e-10
-3.50302e-12
-1.08547e-10
7.4838e-12
-1.04242e-10
1.92281e-11
-9.69707e-11
3.16224e-11
-8.66084e-11
4.45358e-11
-7.3064e-11
5.7814e-11
-5.62887e-11
7.12798e-11
-3.62808e-11
8.47332e-11
-1.30914e-11
9.79531e-11
1.31717e-11
1.10699e-10
4.23392e-11
1.22715e-10
7.41776e-11
1.33733e-10
1.08387e-10
1.43475e-10
1.446e-10
1.51664e-10
1.82384e-10
1.58026e-10
2.21242e-10
1.62298e-10
2.60618e-10
1.64236e-10
2.99904e-10
1.63623e-10
3.38447e-10
1.60279e-10
3.75559e-10
1.54065e-10
4.1053e-10
1.44892e-10
4.42641e-10
1.32731e-10
4.7118e-10
1.17616e-10
4.95459e-10
9.96483e-11
5.14826e-10
7.89998e-11
5.28688e-10
5.59148e-11
5.36526e-10
3.07071e-11
5.37909e-10
3.75471e-12
5.32507e-10
-2.45092e-11
5.20107e-10
-5.36104e-11
5.00621e-10
-8.30391e-11
4.74091e-10
-1.12256e-10
4.40697e-10
-1.40703e-10
4.00755e-10
-1.67812e-10
3.54723e-10
-1.93021e-10
3.03187e-10
-2.15785e-10
2.46861e-10
-2.35591e-10
1.86574e-10
-2.51969e-10
1.23253e-10
-2.6451e-10
5.79063e-11
-2.72868e-10
-2.76783e-10
-7.67687e-11
-2.0812e-10
-1.43598e-10
-2.04331e-10
-2.08103e-10
-1.97271e-10
-2.69268e-10
-1.8713e-10
-3.26164e-10
-1.7417e-10
-3.77968e-10
-1.58705e-10
-4.23975e-10
-1.41091e-10
-4.63608e-10
-1.21721e-10
-4.96428e-10
-1.01009e-10
-5.22139e-10
-7.93795e-11
-5.40582e-10
-5.72611e-11
-5.51742e-10
-3.50731e-11
-5.55735e-10
-1.32183e-11
-5.52803e-10
7.92313e-12
-5.43306e-10
2.79978e-11
-5.27706e-10
4.66848e-11
-5.06555e-10
6.37072e-11
-4.80478e-10
7.8838e-11
-4.50156e-10
9.1904e-11
-4.16307e-10
1.02786e-10
-3.7967e-10
1.1142e-10
-3.40987e-10
1.17792e-10
-3.00987e-10
1.21934e-10
-2.60377e-10
1.23925e-10
-2.19821e-10
1.23876e-10
-1.79938e-10
1.21934e-10
-1.41289e-10
1.18269e-10
-1.04375e-10
1.13069e-10
-6.96276e-11
1.06539e-10
-3.74103e-11
9.88865e-11
-8.0174e-12
9.03239e-11
1.83252e-11
8.10602e-11
4.14581e-11
7.12975e-11
6.12841e-11
6.12276e-11
7.77648e-11
5.10297e-11
9.09149e-11
4.08676e-11
1.00797e-10
3.08887e-11
1.07516e-10
2.12233e-11
1.11212e-10
1.19838e-11
1.12057e-10
3.26497e-12
1.10247e-10
-4.85646e-12
1.05995e-10
-1.23221e-11
9.95294e-11
-1.90895e-11
9.10897e-11
-2.51283e-11
8.09207e-11
-3.04176e-11
6.92722e-11
-3.49439e-11
5.63963e-11
-3.86993e-11
4.25465e-11
-4.16796e-11
2.79767e-11
-4.38833e-11
1.29408e-11
-4.53103e-11
-2.30777e-12
-4.59612e-11
-1.75156e-11
-4.58367e-11
-3.24294e-11
-4.49371e-11
-4.67961e-11
-4.32627e-11
-6.03626e-11
-4.08139e-11
-7.2876e-11
-3.75919e-11
-8.40846e-11
-3.35997e-11
-9.37381e-11
-2.88429e-11
-1.0159e-10
-2.33317e-11
-1.07398e-10
-1.7082e-11
-1.10928e-10
-1.01175e-11
-1.11959e-10
-2.4721e-12
-1.10282e-10
5.80745e-12
-1.05712e-10
1.46576e-11
-9.80859e-11
2.39967e-11
-8.72756e-11
3.37256e-11
-7.31894e-11
4.37278e-11
-5.57789e-11
5.38693e-11
-3.50449e-11
6.3999e-11
-1.10423e-11
7.39504e-11
1.61149e-11
8.35421e-11
4.62495e-11
9.25809e-11
7.9118e-11
1.00865e-10
1.14409e-10
1.08185e-10
1.51741e-10
1.14332e-10
1.90667e-10
1.191e-10
2.30673e-10
1.22292e-10
2.71186e-10
1.23723e-10
3.11577e-10
1.23233e-10
3.51174e-10
1.20683e-10
3.89268e-10
1.1597e-10
4.2513e-10
1.0903e-10
4.58022e-10
9.98395e-11
4.87213e-10
8.84253e-11
5.11997e-10
7.48645e-11
5.31708e-10
5.92879e-11
5.45743e-10
4.18803e-11
5.5357e-10
2.28791e-11
5.54755e-10
2.5699e-12
5.48965e-10
-1.87202e-11
5.35989e-10
-4.06345e-11
5.1574e-10
-6.279e-11
4.88266e-10
-8.47823e-11
4.53754e-10
-1.06192e-10
4.12534e-10
-1.26592e-10
3.65073e-10
-1.4556e-10
3.11976e-10
-1.62688e-10
2.53974e-10
-1.77588e-10
1.91915e-10
-1.89911e-10
1.2675e-10
-1.99344e-10
5.95143e-11
-2.05631e-10
-2.08573e-10
-7.81396e-11
-1.38876e-10
-1.4612e-10
-1.3635e-10
-2.11745e-10
-1.31646e-10
-2.73985e-10
-1.2489e-10
-3.31901e-10
-1.16255e-10
-3.84656e-10
-1.05949e-10
-4.31536e-10
-9.42117e-11
-4.71954e-10
-8.13027e-11
-5.05466e-10
-6.74977e-11
-5.31765e-10
-5.30802e-11
-5.50692e-10
-3.83349e-11
-5.62224e-10
-2.35409e-11
-5.66477e-10
-8.96633e-12
-5.6369e-10
5.136e-12
-5.54222e-10
1.85305e-11
-5.3854e-10
3.10025e-11
-5.172e-10
4.23669e-11
-4.90833e-10
5.24718e-11
-4.6013e-10
6.12011e-11
-4.25819e-10
6.84753e-11
-3.8865e-10
7.42507e-11
-3.49376e-10
7.85176e-11
-3.08739e-10
8.12981e-11
-2.67457e-10
8.26428e-11
-2.26209e-10
8.26273e-11
-1.85623e-10
8.13481e-11
-1.46273e-10
7.89186e-11
-1.08668e-10
7.54648e-11
-7.32507e-11
7.11217e-11
-4.03931e-11
6.6029e-11
-1.03967e-11
6.03277e-11
1.65065e-11
5.41572e-11
4.0152e-11
4.76523e-11
6.04389e-11
4.0941e-11
7.73259e-11
3.41429e-11
9.08262e-11
2.73674e-11
1.01002e-10
2.0713e-11
1.07959e-10
1.42667e-11
1.11839e-10
8.10379e-12
1.12816e-10
2.28772e-12
1.1109e-10
-3.12995e-12
1.06878e-10
-8.11021e-12
1.00413e-10
-1.26247e-11
9.19376e-11
-1.66533e-11
8.17018e-11
-2.01821e-11
6.99597e-11
-2.3202e-11
5.69678e-11
-2.57076e-11
4.29841e-11
-2.76961e-11
2.82671e-11
-2.91665e-11
1.30753e-11
-3.01188e-11
-2.33301e-12
-3.05531e-11
-1.76999e-11
-3.04701e-11
-3.27674e-11
-2.98698e-11
-4.72777e-11
-2.87526e-11
-6.09731e-11
-2.71187e-11
-7.35962e-11
-2.49689e-11
-8.48906e-11
-2.23053e-11
-9.46018e-11
-1.91317e-11
-1.02479e-10
-1.54549e-11
-1.08275e-10
-1.12856e-11
-1.11753e-10
-6.63958e-12
-1.12685e-10
-1.53943e-12
-1.10862e-10
3.98375e-12
-1.06091e-10
9.88733e-12
-9.82114e-11
1.61166e-11
-8.70908e-11
2.26051e-11
-7.26378e-11
2.9275e-11
-5.48049e-11
3.60364e-11
-3.35947e-11
4.27888e-11
-9.06509e-12
4.94208e-11
1.86657e-11
5.58114e-11
4.9415e-11
6.18317e-11
8.2933e-11
6.73467e-11
1.189e-10
7.22177e-11
1.56928e-10
7.63048e-11
1.96557e-10
7.94708e-11
2.37265e-10
8.15841e-11
2.78466e-10
8.25226e-11
3.19521e-10
8.21781e-11
3.59744e-10
8.04599e-11
3.98415e-10
7.72992e-11
4.34792e-10
7.26527e-11
4.68125e-10
6.65061e-11
4.97674e-10
5.88772e-11
5.2272e-10
4.98178e-11
5.42592e-10
3.94157e-11
5.56678e-10
2.77945e-11
5.64444e-10
1.5113e-11
5.65452e-10
1.56238e-12
5.5937e-10
-1.26387e-11
5.45988e-10
-2.72528e-11
5.25223e-10
-4.20251e-11
4.97126e-10
-5.66867e-11
4.61892e-10
-7.09581e-11
4.19855e-10
-8.45547e-11
3.71491e-10
-9.71973e-11
3.17414e-10
-1.08611e-10
2.58365e-10
-1.1854e-10
1.95206e-10
-1.26751e-10
1.28897e-10
-1.33037e-10
6.04928e-11
-1.37225e-10
-1.39184e-10
-7.8632e-11
-6.92312e-11
-1.47008e-10
-6.7973e-11
-2.13022e-10
-6.56316e-11
-2.75644e-10
-6.22684e-11
-3.33929e-10
-5.79692e-11
-3.87041e-10
-5.2838e-11
-4.34259e-10
-4.69934e-11
-4.74997e-10
-4.05649e-11
-5.08805e-10
-3.36898e-11
-5.35377e-10
-2.6509e-11
-5.54547e-10
-1.91644e-11
-5.66294e-10
-1.17947e-11
-5.70727e-10
-4.53342e-12
-5.68084e-10
2.49373e-12
-5.58723e-10
9.1694e-12
-5.43107e-10
1.53866e-11
-5.21793e-10
2.10527e-11
-4.95413e-10
2.60922e-11
-4.64659e-10
3.04471e-11
-4.30262e-10
3.40775e-11
-3.92973e-10
3.69617e-11
-3.5355e-10
3.90946e-11
-3.12739e-10
4.04872e-11
-2.71261e-10
4.11646e-11
-2.29798e-10
4.11642e-11
-1.88984e-10
4.0534e-11
-1.49395e-10
3.93304e-11
-1.11547e-10
3.76163e-11
-7.58835e-11
3.54586e-11
-4.27813e-11
3.29269e-11
-1.25448e-11
3.00915e-11
1.45909e-11
2.70217e-11
3.84586e-11
2.37848e-11
5.89554e-11
2.04445e-11
7.60383e-11
1.70603e-11
8.97191e-11
1.36868e-11
1.00059e-10
1.03731e-11
1.07163e-10
7.16264e-12
1.11174e-10
4.09297e-12
1.12266e-10
1.19579e-12
1.10639e-10
-1.50307e-12
1.06512e-10
-3.98413e-12
1.00121e-10
-6.23329e-12
9.17076e-11
-8.24046e-12
8.15239e-11
-9.99868e-12
6.98251e-11
-1.15034e-11
5.68693e-11
-1.2752e-11
4.29158e-11
-1.37429e-11
2.82246e-11
-1.44757e-11
1.30557e-11
-1.49503e-11
-2.33106e-12
-1.51667e-11
-1.76761e-11
-1.51254e-11
-3.27201e-11
-1.48262e-11
-4.72034e-11
-1.42695e-11
-6.08671e-11
-1.34552e-11
-7.34521e-11
-1.23839e-11
-8.47007e-11
-1.10566e-11
-9.43571e-11
-9.47529e-12
-1.02169e-10
-7.64332e-12
-1.07888e-10
-5.56608e-12
-1.11276e-10
-3.25149e-12
-1.12105e-10
-7.10755e-13
-1.10162e-10
2.04063e-12
-1.05256e-10
4.98135e-12
-9.72239e-11
8.08402e-12
-8.59341e-11
1.13155e-11
-7.12957e-11
1.46367e-11
-5.32622e-11
1.80032e-11
-3.18377e-11
2.13645e-11
-7.08199e-12
2.46652e-11
2.08844e-11
2.78451e-11
5.18762e-11
3.08399e-11
8.56405e-11
3.35824e-11
1.21855e-10
3.60035e-11
1.60126e-10
3.80336e-11
1.99992e-10
3.96043e-11
2.40926e-10
4.06502e-11
2.82338e-10
4.11106e-11
3.23585e-10
4.09316e-11
3.63976e-10
4.00681e-11
4.0279e-10
3.84861e-11
4.39278e-10
3.61641e-11
4.7269e-10
3.3095e-11
5.0228e-10
2.92878e-11
5.27329e-10
2.47685e-11
5.47164e-10
1.95809e-11
5.61172e-10
1.37868e-11
5.6882e-10
7.46535e-12
5.6967e-10
7.11865e-13
5.63396e-10
-6.36439e-12
5.49788e-10
-1.36452e-11
5.28767e-10
-2.10042e-11
5.00387e-10
-2.83073e-11
4.64845e-10
-3.54152e-11
4.22476e-10
-4.21865e-11
3.73761e-10
-4.84825e-11
3.19317e-10
-5.41652e-11
2.59886e-10
-5.91096e-11
1.96333e-10
-6.31974e-11
1.29623e-10
-6.63269e-11
6.08095e-11
-6.84115e-11
-6.93866e-11
-7.81891e-11
-1.46162e-10
-2.11793e-10
-2.74061e-10
-3.3203e-10
-3.84868e-10
-4.31862e-10
-4.72427e-10
-5.06117e-10
-5.32626e-10
-5.5179e-10
-5.63585e-10
-5.68118e-10
-5.65625e-10
-5.56455e-10
-5.41069e-10
-5.20016e-10
-4.93924e-10
-4.63477e-10
-4.29399e-10
-3.92438e-10
-3.53343e-10
-3.12856e-10
-2.71692e-10
-2.30527e-10
-1.89993e-10
-1.50663e-10
-1.13047e-10
-7.75881e-11
-4.46611e-11
-1.45695e-11
1.24524e-11
3.62373e-11
5.66818e-11
7.37422e-11
8.7429e-11
9.78021e-11
1.04965e-10
1.09058e-10
1.10253e-10
1.0875e-10
1.04766e-10
9.85323e-11
9.02917e-11
8.02929e-11
6.87893e-11
5.60371e-11
4.2294e-11
2.7818e-11
1.28676e-11
-2.29941e-12
-1.7425e-11
-3.22513e-11
-4.65209e-11
-5.99762e-11
-7.23601e-11
-8.34167e-11
-9.2892e-11
-1.00535e-10
-1.06102e-10
-1.09353e-10
-1.10064e-10
-1.08024e-10
-1.03042e-10
-9.49581e-11
-8.36425e-11
-6.90057e-11
-5.10024e-11
-2.96378e-11
-4.97255e-12
2.28726e-11
5.37124e-11
8.72947e-11
1.23298e-10
1.61332e-10
2.00936e-10
2.41586e-10
2.82697e-10
3.23628e-10
3.63696e-10
4.02183e-10
4.38347e-10
4.71442e-10
5.0073e-10
5.25499e-10
5.4508e-10
5.58867e-10
5.66332e-10
5.67044e-10
5.6068e-10
5.47035e-10
5.2603e-10
4.97723e-10
4.62308e-10
4.20121e-10
3.71639e-10
3.17473e-10
2.58363e-10
1.95166e-10
1.28839e-10
6.04273e-11
)
;

boundaryField
{
    top
    {
        type            calculated;
        value           uniform 0;
    }
    bottom
    {
        type            calculated;
        value           uniform 0;
    }
    frontAndBack
    {
        type            empty;
        value           nonuniform 0();
    }
    left_cyc
    {
        type            cyclic;
        value           nonuniform List<scalar> 
30
(
-4.89688e-12
-1.04196e-11
-1.25201e-11
-1.22029e-11
-1.08206e-11
-9.40833e-12
-8.14849e-12
-6.96789e-12
-5.83832e-12
-4.74664e-12
-3.68129e-12
-2.63513e-12
-1.60721e-12
-5.99529e-13
3.86754e-13
1.35051e-12
2.28715e-12
3.18861e-12
4.04906e-12
4.86451e-12
5.62536e-12
6.3242e-12
6.95907e-12
7.51992e-12
7.99979e-12
8.39603e-12
8.69613e-12
8.8972e-12
8.98733e-12
8.9577e-12
)
;
    }
    right_cyc
    {
        type            cyclic;
        value           nonuniform List<scalar> 
30
(
4.89688e-12
1.04196e-11
1.25201e-11
1.22029e-11
1.08206e-11
9.40833e-12
8.14849e-12
6.96789e-12
5.83832e-12
4.74664e-12
3.68129e-12
2.63513e-12
1.60721e-12
5.99529e-13
-3.86754e-13
-1.35051e-12
-2.28715e-12
-3.18861e-12
-4.04906e-12
-4.86451e-12
-5.62536e-12
-6.3242e-12
-6.95907e-12
-7.51992e-12
-7.99979e-12
-8.39603e-12
-8.69613e-12
-8.8972e-12
-8.98733e-12
-8.9577e-12
)
;
    }
}


// ************************************************************************* //
