/*--------------------------------*- C++ -*----------------------------------*\
| =========                 |                                                 |
| \\      /  F ield         | OpenFOAM: The Open Source CFD Toolbox           |
|  \\    /   O peration     | Version:  2.3.0                                 |
|   \\  /    A nd           | Web:      www.OpenFOAM.org                      |
|    \\/     M anipulation  |                                                 |
\*---------------------------------------------------------------------------*/
FoamFile
{
    version     2.0;
    format      ascii;
    class       volVectorField;
    location    "1000";
    object      U;
}
// * * * * * * * * * * * * * * * * * * * * * * * * * * * * * * * * * * * * * //

dimensions      [0 1 -1 0 0 0 0];

internalField   nonuniform List<vector> 
3060
(
(0.000797502 0 -0.00027536)
(0.00208539 0 -0.000269764)
(0.00333347 0 -0.000258285)
(0.00451717 0 -0.000241979)
(0.00561523 0 -0.000221447)
(0.00660895 0 -0.000197286)
(0.00748243 0 -0.000170121)
(0.00822292 0 -0.000140631)
(0.00882097 0 -0.000109537)
(0.0092706 0 -7.7593e-05)
(0.00956934 0 -4.55708e-05)
(0.00971824 0 -1.42419e-05)
(0.00972179 0 1.56248e-05)
(0.00958763 0 4.34059e-05)
(0.00932575 0 6.87754e-05)
(0.0089478 0 9.14581e-05)
(0.00846683 0 0.00011122)
(0.00789698 0 0.000127884)
(0.00725315 0 0.000141338)
(0.00655066 0 0.000151541)
(0.00580488 0 0.000158519)
(0.00503094 0 0.000162366)
(0.0042434 0 0.000163235)
(0.00345604 0 0.000161334)
(0.00268157 0 0.000156903)
(0.00193151 0 0.000150219)
(0.00121602 0 0.000141584)
(0.000543849 0 0.000131312)
(-7.77459e-05 0 0.000119719)
(-0.000642982 0 0.000107111)
(-0.00114753 0 9.37935e-05)
(-0.00158845 0 8.00532e-05)
(-0.00196408 0 6.61532e-05)
(-0.00227398 0 5.23273e-05)
(-0.00251874 0 3.87795e-05)
(-0.00269989 0 2.56825e-05)
(-0.00281967 0 1.31694e-05)
(-0.00288094 0 1.32693e-06)
(-0.00288695 0 -9.80684e-06)
(-0.00284117 0 -2.02118e-05)
(-0.00274739 0 -2.97889e-05)
(-0.00260971 0 -3.84678e-05)
(-0.00243246 0 -4.62127e-05)
(-0.00222008 0 -5.30139e-05)
(-0.00197705 0 -5.88774e-05)
(-0.0017078 0 -6.3819e-05)
(-0.00141669 0 -6.78604e-05)
(-0.00110801 0 -7.10265e-05)
(-0.000785936 0 -7.33423e-05)
(-0.000454565 0 -7.48286e-05)
(-0.000117923 0 -7.54995e-05)
(0.000220011 0 -7.53612e-05)
(0.000555276 0 -7.44123e-05)
(0.000883893 0 -7.26441e-05)
(0.00120184 0 -7.00425e-05)
(0.001505 0 -6.65882e-05)
(0.00178922 0 -6.22584e-05)
(0.00205021 0 -5.70296e-05)
(0.00228363 0 -5.08812e-05)
(0.00248506 0 -4.38008e-05)
(0.00265011 0 -3.5789e-05)
(0.0027744 0 -2.68657e-05)
(0.00285371 0 -1.70771e-05)
(0.00288408 0 -6.49957e-06)
(0.00286187 0 4.78339e-06)
(0.00278371 0 1.67604e-05)
(0.00264651 0 2.93779e-05)
(0.00244761 0 4.25351e-05)
(0.00218499 0 5.60897e-05)
(0.00185741 0 6.98628e-05)
(0.00146459 0 8.36426e-05)
(0.00100729 0 9.71879e-05)
(0.000487509 0 0.000110232)
(-9.14503e-05 0 0.000122488)
(-0.000724895 0 0.000133655)
(-0.00140669 0 0.000143426)
(-0.00212922 0 0.000151491)
(-0.00288343 0 0.000157544)
(-0.0036589 0 0.000161292)
(-0.00444388 0 0.000162469)
(-0.00522549 0 0.00016084)
(-0.00598985 0 0.000156216)
(-0.00672238 0 0.000148462)
(-0.00740798 0 0.000137501)
(-0.0080314 0 0.000123323)
(-0.00857754 0 0.000105988)
(-0.00903178 0 8.56213e-05)
(-0.00938036 0 6.24148e-05)
(-0.00961063 0 3.66115e-05)
(-0.00971146 0 8.49246e-06)
(-0.00967339 0 -2.16075e-05)
(-0.00948949 0 -5.29862e-05)
(-0.00915611 0 -8.48744e-05)
(-0.008673 0 -0.000116498)
(-0.00804335 0 -0.000147094)
(-0.00727389 0 -0.000175932)
(-0.00637474 0 -0.000202312)
(-0.00535931 0 -0.000225561)
(-0.00424404 0 -0.000245022)
(-0.0030481 0 -0.000260084)
(-0.00179317 0 -0.000270247)
(-0.000503432 0 -0.000275045)
(0.00167496 0 -0.00241637)
(0.00437071 0 -0.00236714)
(0.00698493 0 -0.0022705)
(0.00946803 0 -0.00213172)
(0.0117757 0 -0.00195567)
(0.0138687 0 -0.00174746)
(0.0157139 0 -0.00151261)
(0.0172845 0 -0.0012571)
(0.0185606 0 -0.000987197)
(0.0195295 0 -0.000709396)
(0.0201855 0 -0.000430193)
(0.0205301 0 -0.000155976)
(0.0205718 0 0.000107179)
(0.020325 0 0.000354107)
(0.0198093 0 0.000581127)
(0.0190482 0 0.000785293)
(0.0180686 0 0.000964246)
(0.0168997 0 0.00111624)
(0.0155723 0 0.00124019)
(0.0141184 0 0.00133561)
(0.0125699 0 0.00140268)
(0.0109585 0 0.00144213)
(0.00931471 0 0.00145522)
(0.00766741 0 0.00144367)
(0.00604338 0 0.00140955)
(0.00446692 0 0.00135523)
(0.00295959 0 0.00128328)
(0.00153998 0 0.0011964)
(0.000223637 0 0.00109733)
(-0.000976955 0 0.000988789)
(-0.00205233 0 0.000873421)
(-0.0029959 0 0.000753721)
(-0.00380381 0 0.000632001)
(-0.00447467 0 0.000510346)
(-0.00500935 0 0.000390588)
(-0.0054106 0 0.000274278)
(-0.00568283 0 0.000162667)
(-0.00583173 0 5.66927e-05)
(-0.00586399 0 -4.30097e-05)
(-0.00578701 0 -0.000135977)
(-0.00560881 0 -0.000221582)
(-0.00533797 0 -0.000299335)
(-0.00498351 0 -0.000368941)
(-0.00455468 0 -0.000430272)
(-0.00406078 0 -0.000483326)
(-0.00351113 0 -0.000528187)
(-0.00291491 0 -0.000564996)
(-0.00228118 0 -0.000593919)
(-0.00161882 0 -0.000615121)
(-0.000936559 0 -0.000628746)
(-0.000242997 0 -0.000634896)
(0.00045335 0 -0.000633622)
(0.00114399 0 -0.000624923)
(0.00182042 0 -0.000608742)
(0.00247402 0 -0.000584974)
(0.00309608 0 -0.000553482)
(0.00367772 0 -0.00051411)
(0.00420992 0 -0.000466709)
(0.00468353 0 -0.00041116)
(0.00508933 0 -0.000347411)
(0.00541811 0 -0.000275507)
(0.0056608 0 -0.000195634)
(0.0058086 0 -0.000108144)
(0.00585318 0 -1.35688e-05)
(0.00578681 0 8.75071e-05)
(0.00560239 0 0.000194608)
(0.00529357 0 0.000307022)
(0.0048551 0 0.00042373)
(0.00428309 0 0.000543407)
(0.00357536 0 0.000664442)
(0.00273169 0 0.000784951)
(0.00175415 0 0.000902806)
(0.000647306 0 0.00101567)
(-0.000581505 0 0.00112102)
(-0.00192207 0 0.00121625)
(-0.00336116 0 0.00129864)
(-0.00488252 0 0.00136551)
(-0.00646692 0 0.00141421)
(-0.00809225 0 0.00144225)
(-0.00973375 0 0.00144735)
(-0.0113643 0 0.00142755)
(-0.0129548 0 0.00138127)
(-0.0144748 0 0.00130739)
(-0.0158926 0 0.00120532)
(-0.0171765 0 0.00107506)
(-0.0182952 0 0.000917212)
(-0.0192182 0 0.000733018)
(-0.0199173 0 0.000524354)
(-0.0203665 0 0.000293695)
(-0.0205434 0 4.41037e-05)
(-0.0204296 0 -0.000220593)
(-0.0200121 0 -0.000494911)
(-0.0192842 0 -0.000772722)
(-0.0182458 0 -0.00104766)
(-0.0169042 0 -0.0013133)
(-0.0152735 0 -0.00156327)
(-0.013375 0 -0.00179143)
(-0.0112367 0 -0.00199189)
(-0.00889279 0 -0.00215921)
(-0.0063831 0 -0.00228854)
(-0.00375241 0 -0.00237578)
(-0.0010497 0 -0.00241781)
(0.00199129 0 -0.00556254)
(0.0051876 0 -0.00544949)
(0.00828904 0 -0.00523073)
(0.0112385 0 -0.00491591)
(0.013984 0 -0.0045155)
(0.0164792 0 -0.004041)
(0.0186849 0 -0.00350507)
(0.0205695 0 -0.00292136)
(0.0221091 0 -0.00230426)
(0.0232884 0 -0.00166847)
(0.0241003 0 -0.00102867)
(0.0245458 0 -0.000399134)
(0.0246337 0 0.000206718)
(0.0243796 0 0.000777172)
(0.0238056 0 0.0013032)
(0.0229385 0 0.00177752)
(0.0218094 0 0.00219439)
(0.0204525 0 0.00254959)
(0.018904 0 0.00284046)
(0.0172014 0 0.00306582)
(0.0153825 0 0.00322594)
(0.0134847 0 0.00332243)
(0.0115441 0 0.0033581)
(0.0095951 0 0.00333679)
(0.00766946 0 0.00326321)
(0.00579623 0 0.00314273)
(0.00400122 0 0.00298121)
(0.00230677 0 0.00278482)
(0.000731692 0 0.00255983)
(-0.000708852 0 0.00231248)
(-0.00200323 0 0.00204882)
(-0.00314321 0 0.00177459)
(-0.00412378 0 0.00149512)
(-0.00494286 0 0.00121523)
(-0.00560103 0 0.000939156)
(-0.0061012 0 0.000670529)
(-0.00644822 0 0.000412322)
(-0.00664858 0 0.000166862)
(-0.00671008 0 -6.41411e-05)
(-0.00664155 0 -0.000279428)
(-0.00645255 0 -0.000477689)
(-0.00615326 0 -0.000657905)
(-0.00575427 0 -0.000819426)
(-0.00526648 0 -0.000961931)
(-0.00470088 0 -0.00108537)
(-0.0040685 0 -0.00118989)
(-0.00338026 0 -0.00127575)
(-0.00264695 0 -0.0013433)
(-0.0018792 0 -0.00139286)
(-0.00108748 0 -0.00142473)
(-0.000282139 0 -0.00143912)
(0.000526572 0 -0.00143616)
(0.00132843 0 -0.00141582)
(0.00211317 0 -0.001378)
(0.00287047 0 -0.00132249)
(0.00358985 0 -0.001249)
(0.00426072 0 -0.00115722)
(0.00487231 0 -0.00104684)
(0.00541377 0 -0.000917667)
(0.00587419 0 -0.000769617)
(0.00624269 0 -0.000602837)
(0.00650857 0 -0.000417752)
(0.00666148 0 -0.00021513)
(0.00669155 0 3.92169e-06)
(0.00658952 0 0.000238134)
(0.00634696 0 0.000486149)
(0.00595653 0 0.000746107)
(0.00541229 0 0.00101553)
(0.00470999 0 0.00129128)
(0.00384743 0 0.00156961)
(0.00282478 0 0.00184615)
(0.00164493 0 0.002116)
(0.000313749 0 0.00237376)
(-0.00115967 0 0.00261369)
(-0.00276279 0 0.00282973)
(-0.00447959 0 0.00301571)
(-0.00629044 0 0.00316544)
(-0.00817224 0 0.0032729)
(-0.0100986 0 0.00333242)
(-0.0120399 0 0.00333884)
(-0.0139639 0 0.00328771)
(-0.015836 0 0.0031755)
(-0.0176202 0 0.00299972)
(-0.0192792 0 0.00275911)
(-0.0207754 0 0.00245374)
(-0.022072 0 0.00208514)
(-0.0231334 0 0.0016563)
(-0.0239265 0 0.00117176)
(-0.0244214 0 0.000637562)
(-0.0245924 0 6.12939e-05)
(-0.0244191 0 -0.000547664)
(-0.0238877 0 -0.00117713)
(-0.022991 0 -0.00181355)
(-0.0217298 0 -0.00244271)
(-0.0201131 0 -0.00305007)
(-0.0181578 0 -0.00362117)
(-0.0158893 0 -0.00414193)
(-0.0133405 0 -0.00459899)
(-0.0105517 0 -0.00498007)
(-0.00756984 0 -0.00527442)
(-0.00444702 0 -0.0054729)
(-0.00124017 0 -0.00556861)
(0.0019208 0 -0.00887124)
(0.00499642 0 -0.00869159)
(0.00798261 0 -0.008347)
(0.010826 0 -0.00785071)
(0.0134772 0 -0.00721851)
(0.0158924 0 -0.0064684)
(0.018034 0 -0.00562039)
(0.0198717 0 -0.0046961)
(0.0213825 0 -0.00371823)
(0.0225513 0 -0.00270992)
(0.0233707 0 -0.00169419)
(0.0238407 0 -0.000693291)
(0.0239687 0 0.000271959)
(0.0237684 0 0.0011831)
(0.0232596 0 0.00202522)
(0.0224671 0 0.00278621)
(0.0214198 0 0.00345654)
(0.02015 0 0.00402925)
(0.0186919 0 0.00449987)
(0.0170811 0 0.00486639)
(0.0153537 0 0.00512909)
(0.0135454 0 0.00529041)
(0.011691 0 0.00535469)
(0.00982336 0 0.00532793)
(0.0079733 0 0.00521752)
(0.00616889 0 0.00503193)
(0.00443522 0 0.00478041)
(0.00279412 0 0.0044727)
(0.00126403 0 0.00411874)
(-0.000140023 0 0.00372844)
(-0.00140638 0 0.00331142)
(-0.00252664 0 0.00287681)
(-0.0034955 0 0.00243309)
(-0.00431046 0 0.00198797)
(-0.00497162 0 0.00154824)
(-0.00548133 0 0.00111976)
(-0.00584386 0 0.000707386)
(-0.00606517 0 0.000315003)
(-0.00615254 0 -5.44135e-05)
(-0.0061144 0 -0.000398638)
(-0.00595992 0 -0.000715696)
(-0.00569881 0 -0.00100406)
(-0.00534121 0 -0.00126272)
(-0.0048975 0 -0.00149114)
(-0.00437824 0 -0.0016892)
(-0.00379402 0 -0.00185706)
(-0.00315538 0 -0.00199509)
(-0.00247277 0 -0.00210375)
(-0.00175651 0 -0.00218354)
(-0.00101681 0 -0.00223488)
(-0.000263763 0 -0.00225808)
(0.000492594 0 -0.00225331)
(0.00124226 0 -0.00222058)
(0.0019752 0 -0.00215971)
(0.00268134 0 -0.00207039)
(0.00335047 0 -0.00195222)
(0.00397231 0 -0.00180474)
(0.00453645 0 -0.00162756)
(0.00503241 0 -0.00142038)
(0.00544971 0 -0.00118315)
(0.00577795 0 -0.000916137)
(0.00600689 0 -0.000620031)
(0.00612663 0 -0.000296003)
(0.00612774 0 5.42795e-05)
(0.00600134 0 0.000428831)
(0.00573944 0 0.000825234)
(0.00533521 0 0.00124029)
(0.00478326 0 0.0016699)
(0.00407988 0 0.00210896)
(0.00322342 0 0.00255142)
(0.00221452 0 0.0029903)
(0.00105644 0 0.00341777)
(-0.000244681 0 0.00382525)
(-0.00167962 0 0.00420356)
(-0.00323587 0 0.00454313)
(-0.00489759 0 0.00483412)
(-0.00664556 0 0.00506677)
(-0.00845723 0 0.00523153)
(-0.0103069 0 0.00531947)
(-0.0121661 0 0.00532246)
(-0.0140035 0 0.00523354)
(-0.0157861 0 0.00504719)
(-0.0174792 0 0.00475956)
(-0.0190471 0 0.00436879)
(-0.0204541 0 0.00387514)
(-0.0216652 0 0.00328118)
(-0.0226467 0 0.0025919)
(-0.0233677 0 0.00181481)
(-0.0238 0 0.000959936)
(-0.0239204 0 3.98995e-05)
(-0.0237104 0 -0.000929817)
(-0.023158 0 -0.00193026)
(-0.0222576 0 -0.00294045)
(-0.0210106 0 -0.00393817)
(-0.0194261 0 -0.00490063)
(-0.0175208 0 -0.00580502)
(-0.015319 0 -0.00662913)
(-0.0128523 0 -0.0073519)
(-0.010159 0 -0.00795415)
(-0.00728373 0 -0.008419)
(-0.0042758 0 -0.0087322)
(-0.0011888 0 -0.00888332)
(0.001685 0 -0.0118351)
(0.00437653 0 -0.0115968)
(0.00699172 0 -0.0111425)
(0.00948524 0 -0.0104879)
(0.0118149 0 -0.00965305)
(0.013943 0 -0.00866158)
(0.0158372 0 -0.00753977)
(0.017471 0 -0.0063161)
(0.0188242 0 -0.00502042)
(0.0198831 0 -0.00368314)
(0.0206407 0 -0.00233446)
(0.0210961 0 -0.00100353)
(0.0212546 0 0.000282421)
(0.021127 0 0.00149902)
(0.0207292 0 0.00262594)
(0.0200818 0 0.00364657)
(0.019209 0 0.00454779)
(0.0181381 0 0.00531997)
(0.0168982 0 0.0059569)
(0.0155199 0 0.00645559)
(0.0140343 0 0.00681622)
(0.0124723 0 0.00704179)
(0.010864 0 0.0071379)
(0.00923822 0 0.00711235)
(0.00762198 0 0.00697482)
(0.00604002 0 0.00673644)
(0.00451457 0 0.00640943)
(0.00306512 0 0.00600666)
(0.00170829 0 0.0055413)
(0.000457748 0 0.00502651)
(-0.00067573 0 0.00447505)
(-0.00168419 0 0.00389909)
(-0.00256235 0 0.00330997)
(-0.00330743 0 0.00271796)
(-0.0039189 0 0.00213221)
(-0.00439827 0 0.00156063)
(-0.00474881 0 0.00100982)
(-0.00497531 0 0.00048517)
(-0.00508383 0 -9.11392e-06)
(-0.0050815 0 -0.000469819)
(-0.00497621 0 -0.000894355)
(-0.00477636 0 -0.00128072)
(-0.00449075 0 -0.00162757)
(-0.00412843 0 -0.00193415)
(-0.00369867 0 -0.00220022)
(-0.00321077 0 -0.00242593)
(-0.00267407 0 -0.00261168)
(-0.00209787 0 -0.00275803)
(-0.00149138 0 -0.00286555)
(-0.000863759 0 -0.00293478)
(-0.000224095 0 -0.00296609)
(0.000418575 0 -0.00295969)
(0.00105523 0 -0.00291559)
(0.00167683 0 -0.00283357)
(0.00227432 0 -0.00271328)
(0.00283854 0 -0.0025542)
(0.00336033 0 -0.00235582)
(0.00383042 0 -0.00211767)
(0.00423957 0 -0.00183945)
(0.00457854 0 -0.00152115)
(0.00483823 0 -0.0011632)
(0.00500973 0 -0.000766524)
(0.00508443 0 -0.00033269)
(0.00505418 0 0.000136125)
(0.0049114 0 0.000637219)
(0.00464934 0 0.00116713)
(0.00426235 0 0.00172138)
(0.00374615 0 0.00229428)
(0.003098 0 0.00287893)
(0.002317 0 0.00346717)
(0.00140431 0 0.00404964)
(0.000363403 0 0.00461584)
(-0.000799732 0 0.00515436)
(-0.00207642 0 0.00565299)
(-0.00345516 0 0.00609897)
(-0.00492158 0 0.00647929)
(-0.0064584 0 0.00678098)
(-0.00804555 0 0.00699147)
(-0.00966028 0 0.00709896)
(-0.0112774 0 0.00709277)
(-0.0128697 0 0.0069638)
(-0.0144082 0 0.00670488)
(-0.0158627 0 0.00631109)
(-0.0172025 0 0.00578016)
(-0.0183969 0 0.00511267)
(-0.0194157 0 0.00431232)
(-0.0202305 0 0.00338607)
(-0.0208149 0 0.00234427)
(-0.0211457 0 0.00120071)
(-0.0212034 0 -2.73008e-05)
(-0.0209734 0 -0.00131871)
(-0.0204463 0 -0.00264868)
(-0.0196182 0 -0.0039898)
(-0.0184913 0 -0.00531296)
(-0.017074 0 -0.00658821)
(-0.0153814 0 -0.00778558)
(-0.0134347 0 -0.00887584)
(-0.0112613 0 -0.0098314)
(-0.00889458 0 -0.010627)
(-0.0063726 0 -0.0112406)
(-0.00373784 0 -0.0116537)
(-0.00103593 0 -0.011853)
(0.00144804 0 -0.0142699)
(0.00375516 0 -0.0139847)
(0.00599875 0 -0.0134428)
(0.00814125 0 -0.0126619)
(0.0101476 0 -0.0116653)
(0.0119862 0 -0.0104808)
(0.0136299 0 -0.00913958)
(0.015056 0 -0.00767554)
(0.016247 0 -0.00612408)
(0.017191 0 -0.00452133)
(0.0178811 0 -0.00290316)
(0.0183156 0 -0.00130416)
(0.0184981 0 0.00024331)
(0.0184365 0 0.00171012)
(0.0181433 0 0.00307155)
(0.0176348 0 0.00430719)
(0.0169307 0 0.0054009)
(0.0160532 0 0.0063407)
(0.0150265 0 0.00711878)
(0.0138759 0 0.00773124)
(0.0126277 0 0.00817798)
(0.0113079 0 0.00846233)
(0.00994217 0 0.00859075)
(0.00855503 0 0.00857239)
(0.00716974 0 0.00841868)
(0.00580773 0 0.0081428)
(0.00448841 0 0.00775926)
(0.00322895 0 0.00728344)
(0.00204414 0 0.00673106)
(0.000946328 0 0.00611785)
(-5.45543e-05 0 0.00545917)
(-0.000950975 0 0.00476963)
(-0.00173768 0 0.00406288)
(-0.00241156 0 0.00335137)
(-0.00297148 0 0.0026462)
(-0.00341811 0 0.00195701)
(-0.00375368 0 0.00129193)
(-0.00398183 0 0.000657666)
(-0.00410739 0 5.95144e-05)
(-0.00413616 0 -0.000498415)
(-0.00407472 0 -0.00101293)
(-0.00393016 0 -0.00148158)
(-0.00370997 0 -0.00190268)
(-0.00342195 0 -0.00227524)
(-0.00307411 0 -0.00259889)
(-0.00267455 0 -0.00287369)
(-0.00223147 0 -0.00310005)
(-0.00175307 0 -0.00327852)
(-0.00124754 0 -0.00340974)
(-0.000723047 0 -0.00349427)
(-0.000187719 0 -0.00353253)
(0.000350328 0 -0.00352475)
(0.000882994 0 -0.00347095)
(0.00140218 0 -0.00337089)
(0.00189975 0 -0.00322418)
(0.00236759 0 -0.00303028)
(0.00279754 0 -0.00278865)
(0.00318144 0 -0.00249882)
(0.00351119 0 -0.00216052)
(0.00377877 0 -0.00177385)
(0.0039763 0 -0.00133939)
(0.00409614 0 -0.000858358)
(0.00413098 0 -0.000332666)
(0.00407394 0 0.000235005)
(0.00391874 0 0.000841269)
(0.0036599 0 0.00148173)
(0.003293 0 0.00215074)
(0.00281484 0 0.00284128)
(0.00222366 0 0.00354487)
(0.00151932 0 0.00425156)
(0.000703505 0 0.00494999)
(-0.000220088 0 0.0056275)
(-0.0012456 0 0.00627033)
(-0.0023649 0 0.0068638)
(-0.00356745 0 0.00739261)
(-0.00484032 0 0.00784121)
(-0.00616817 0 0.00819408)
(-0.00753337 0 0.00843626)
(-0.00891609 0 0.00855371)
(-0.0102946 0 0.00853381)
(-0.0116454 0 0.00836583)
(-0.0129438 0 0.00804137)
(-0.0141643 0 0.00755481)
(-0.0152808 0 0.00690368)
(-0.0162677 0 0.00608899)
(-0.0171 0 0.00511551)
(-0.0177539 0 0.00399197)
(-0.0182081 0 0.00273118)
(-0.0184438 0 0.00135012)
(-0.0184455 0 -0.000129993)
(-0.018202 0 -0.00168362)
(-0.0177064 0 -0.00328118)
(-0.0169563 0 -0.00489011)
(-0.0159545 0 -0.00647586)
(-0.0147088 0 -0.00800286)
(-0.0132325 0 -0.00943548)
(-0.0115438 0 -0.0107391)
(-0.0096663 0 -0.0118808)
(-0.00762784 0 -0.0128308)
(-0.00546049 0 -0.0135628)
(-0.00319977 0 -0.0140553)
(-0.000883635 0 -0.0142926)
(0.00123812 0 -0.0163937)
(0.00320518 0 -0.0160688)
(0.00511982 0 -0.0154527)
(0.00695114 0 -0.0145649)
(0.00867026 0 -0.0134314)
(0.010251 0 -0.0120833)
(0.0116705 0 -0.0105559)
(0.0129097 0 -0.00888733)
(0.0139537 0 -0.00711767)
(0.0147916 0 -0.00528781)
(0.0154171 0 -0.00343831)
(0.0158279 0 -0.00160833)
(0.0160261 0 0.000165421)
(0.0160173 0 0.00184975)
(0.0158108 0 0.00341613)
(0.0154196 0 0.00484084)
(0.0148592 0 0.00610498)
(0.0141477 0 0.00719446)
(0.0133048 0 0.00809989)
(0.0123516 0 0.00881645)
(0.0113097 0 0.00934363)
(0.010201 0 0.00968491)
(0.00904723 0 0.00984735)
(0.00786927 0 0.00984111)
(0.006687 0 0.009679)
(0.00551892 0 0.00937588)
(0.00438193 0 0.00894816)
(0.00329113 0 0.00841324)
(0.00225967 0 0.00778903)
(0.0012987 0 0.00709346)
(0.000417335 0 0.00634405)
(-0.000377305 0 0.00555756)
(-0.00108005 0 0.00474966)
(-0.00168757 0 0.0039347)
(-0.00219826 0 0.00312553)
(-0.00261209 0 0.00233335)
(-0.00293044 0 0.00156772)
(-0.00315598 0 0.000836555)
(-0.00329246 0 0.000146197)
(-0.00334457 0 -0.000498385)
(-0.00331775 0 -0.00109338)
(-0.00321795 0 -0.00163587)
(-0.00305152 0 -0.00212381)
(-0.00282515 0 -0.00255595)
(-0.00254575 0 -0.00293172)
(-0.00222039 0 -0.0032511)
(-0.00185625 0 -0.0035144)
(-0.00146055 0 -0.00372217)
(-0.00104056 0 -0.00387504)
(-0.000603571 0 -0.00397357)
(-0.00015685 0 -0.00401821)
(0.000292329 0 -0.0040092)
(0.000736699 0 -0.00394653)
(0.001169 0 -0.00383)
(0.00158197 0 -0.0036592)
(0.00196836 0 -0.00343359)
(0.00232095 0 -0.00315266)
(0.00263257 0 -0.00281597)
(0.00289611 0 -0.00242334)
(0.00310461 0 -0.001975)
(0.00325127 0 -0.00147175)
(0.00332956 0 -0.00091508)
(0.00333328 0 -0.000307303)
(0.00325668 0 0.000348385)
(0.00309461 0 0.00104792)
(0.00284267 0 0.00178599)
(0.00249747 0 0.00255589)
(0.00205674 0 0.00334931)
(0.00151951 0 0.00415634)
(0.000886272 0 0.00496542)
(0.000159107 0 0.00576341)
(-0.000658153 0 0.00653575)
(-0.00155983 0 0.00726662)
(-0.0025383 0 0.00793924)
(-0.00358394 0 0.00853613)
(-0.00468514 0 0.00903956)
(-0.0058283 0 0.00943192)
(-0.00699794 0 0.00969624)
(-0.00817684 0 0.00981666)
(-0.00934625 0 0.00977899)
(-0.0104861 0 0.00957121)
(-0.0115755 0 0.00918401)
(-0.0125927 0 0.0086113)
(-0.0135161 0 0.00785058)
(-0.0143243 0 0.0069034)
(-0.0149965 0 0.00577562)
(-0.0155137 0 0.00447761)
(-0.0158584 0 0.00302446)
(-0.0160156 0 0.00143601)
(-0.0159735 0 -0.000263121)
(-0.0157235 0 -0.00204355)
(-0.0152608 0 -0.00387161)
(-0.0145845 0 -0.0057104)
(-0.0136976 0 -0.0075208)
(-0.0126073 0 -0.00926256)
(-0.0113254 0 -0.0108954)
(-0.00986747 0 -0.0123801)
(-0.00825341 0 -0.0136796)
(-0.00650659 0 -0.0147601)
(-0.0046537 0 -0.0155922)
(-0.00272412 0 -0.0161515)
(-0.000749253 0 -0.0164206)
(0.00104377 0 -0.0182281)
(0.00269669 0 -0.0178701)
(0.00430704 0 -0.0171922)
(0.00584983 0 -0.0162153)
(0.00730164 0 -0.0149675)
(0.00864114 0 -0.0134828)
(0.00984954 0 -0.0117995)
(0.010911 0 -0.00995917)
(0.0118129 0 -0.00800574)
(0.0125458 0 -0.0059839)
(0.0131038 0 -0.00393806)
(0.0134844 0 -0.00191116)
(0.0136882 0 5.6492e-05)
(0.0137192 0 0.00192828)
(0.0135841 0 0.00367239)
(0.0132927 0 0.0052622)
(0.0128572 0 0.00667634)
(0.0122918 0 0.00789873)
(0.0116124 0 0.00891853)
(0.010836 0 0.00972993)
(0.00998048 0 0.0103319)
(0.0090638 0 0.010728)
(0.00810399 0 0.0109255)
(0.00711858 0 0.0109354)
(0.00612437 0 0.0107715)
(0.0051371 0 0.0104501)
(0.00417129 0 0.00998899)
(0.00324002 0 0.00940734)
(0.00235483 0 0.00872484)
(0.00152562 0 0.00796126)
(0.000760646 0 0.00713599)
(6.64767e-05 0 0.00626759)
(-0.000551934 0 0.00537351)
(-0.0010912 0 0.00446975)
(-0.0015494 0 0.00357071)
(-0.00192601 0 0.00268902)
(-0.00222173 0 0.00183553)
(-0.00243843 0 0.00101929)
(-0.00257894 0 0.000247625)
(-0.002647 0 -0.000473676)
(-0.00264699 0 -0.00114018)
(-0.00258385 0 -0.00174849)
(-0.00246289 0 -0.00229619)
(-0.00228976 0 -0.00278175)
(-0.00207034 0 -0.00320441)
(-0.00181071 0 -0.00356397)
(-0.00151707 0 -0.00386066)
(-0.00119569 0 -0.00409497)
(-0.000852922 0 -0.00426748)
(-0.000495159 0 -0.00437874)
(-0.000128801 0 -0.00442919)
(0.00023974 0 -0.00441906)
(0.000604054 0 -0.00434837)
(0.000957739 0 -0.0042169)
(0.00129441 0 -0.00402428)
(0.00160772 0 -0.00377)
(0.00189136 0 -0.00345359)
(0.0021391 0 -0.0030747)
(0.00234482 0 -0.00263326)
(0.00250255 0 -0.00212969)
(0.00260651 0 -0.00156499)
(0.0026512 0 -0.000940963)
(0.00263144 0 -0.000260328)
(0.0025425 0 0.000473208)
(0.00238021 0 0.0012549)
(0.00214113 0 0.00207859)
(0.00182272 0 0.00293653)
(0.00142349 0 0.00381926)
(0.000943071 0 0.00471554)
(0.000382405 0 0.00561236)
(-0.00025619 0 0.00649504)
(-0.000968906 0 0.00734731)
(-0.00175037 0 0.00815161)
(-0.00259358 0 0.00888933)
(-0.00348989 0 0.00954117)
(-0.00442901 0 0.0100876)
(-0.00539905 0 0.0105092)
(-0.00638663 0 0.0107874)
(-0.00737699 0 0.0109049)
(-0.00835419 0 0.0108462)
(-0.00930132 0 0.0105983)
(-0.0102008 0 0.0101514)
(-0.0110348 0 0.00949905)
(-0.0117853 0 0.00863887)
(-0.0124348 0 0.00757302)
(-0.0129667 0 0.00630845)
(-0.0133654 0 0.00485714)
(-0.0136174 0 0.00323622)
(-0.013711 0 0.0014681)
(-0.0136373 0 -0.000419656)
(-0.01339 0 -0.00239434)
(-0.0129661 0 -0.00441886)
(-0.0123655 0 -0.0064527)
(-0.0115916 0 -0.00845298)
(-0.0106509 0 -0.0103756)
(-0.00955358 0 -0.0121766)
(-0.00831284 0 -0.0138129)
(-0.00694512 0 -0.0152442)
(-0.00546973 0 -0.0164335)
(-0.00390849 0 -0.0173487)
(-0.00228528 0 -0.0179634)
(-0.000625696 0 -0.0182587)
(0.000860011 0 -0.0197354)
(0.00221657 0 -0.0193512)
(0.00353952 0 -0.0186243)
(0.00480913 0 -0.0175769)
(0.00600694 0 -0.0162387)
(0.00711605 0 -0.0146457)
(0.00812144 0 -0.0128385)
(0.00901029 0 -0.0108614)
(0.00977216 0 -0.00876113)
(0.0103991 0 -0.00658529)
(0.0108859 0 -0.00438128)
(0.0112297 0 -0.00219496)
(0.0114303 0 -6.94791e-05)
(0.01149 0 0.00195582)
(0.0114136 0 0.00384646)
(0.011208 0 0.00557336)
(0.0108824 0 0.00711308)
(0.0104478 0 0.0084478)
(0.00991635 0 0.00956534)
(0.00930161 0 0.010459)
(0.00861769 0 0.0111272)
(0.00787913 0 0.0115732)
(0.00710051 0 0.0118046)
(0.00629619 0 0.0118328)
(0.00548 0 0.0116724)
(0.00466507 0 0.0113405)
(0.00386357 0 0.0108563)
(0.00308659 0 0.0102401)
(0.00234405 0 0.00951314)
(0.00164453 0 0.00869654)
(0.00099533 0 0.00781121)
(0.000402371 0 0.00687722)
(-0.000129747 0 0.00591345)
(-0.000597724 0 0.0049373)
(-0.000999498 0 0.00396449)
(-0.00133418 0 0.00300887)
(-0.00160195 0 0.0020824)
(-0.00180402 0 0.00119513)
(-0.00194244 0 0.00035528)
(-0.00202006 0 -0.00043062)
(-0.00204036 0 -0.00115756)
(-0.0020073 0 -0.00182167)
(-0.00192525 0 -0.00242019)
(-0.00179885 0 -0.00295131)
(-0.00163301 0 -0.00341405)
(-0.00143281 0 -0.00380806)
(-0.00120349 0 -0.00413344)
(-0.000950386 0 -0.00439058)
(-0.000678904 0 -0.00458002)
(-0.000394516 0 -0.00470227)
(-0.00010272 0 -0.00475774)
(0.000190967 0 -0.00474667)
(0.000481029 0 -0.00466906)
(0.000761958 0 -0.00452474)
(0.00102828 0 -0.00431333)
(0.00127455 0 -0.00403442)
(0.0014954 0 -0.00368757)
(0.00168555 0 -0.00327255)
(0.00183985 0 -0.00278943)
(0.00195329 0 -0.00223879)
(0.00202107 0 -0.00162188)
(0.00203866 0 -0.000940806)
(0.00200184 0 -0.00019866)
(0.00190681 0 0.000600364)
(0.00175029 0 0.00145089)
(0.00152969 0 0.00234598)
(0.00124319 0 0.00327697)
(0.000889914 0 0.00423336)
(0.000469986 0 0.0052028)
(-1.53747e-05 0 0.00617103)
(-0.000563769 0 0.00712203)
(-0.00117155 0 0.00803816)
(-0.00183378 0 0.0089004)
(-0.00254419 0 0.00968865)
(-0.00329517 0 0.0103822)
(-0.00407781 0 0.0109599)
(-0.00488196 0 0.0114012)
(-0.00569628 0 0.0116861)
(-0.00650841 0 0.0117962)
(-0.0073051 0 0.0117152)
(-0.00807243 0 0.0114295)
(-0.00879606 0 0.0109286)
(-0.00946146 0 0.0102061)
(-0.0100543 0 0.00926)
(-0.0105605 0 0.00809298)
(-0.0109672 0 0.00671304)
(-0.0112622 0 0.00513356)
(-0.0114352 0 0.00337349)
(-0.0114774 0 0.00145738)
(-0.0113826 0 -0.000584732)
(-0.0111463 0 -0.00271748)
(-0.0107671 0 -0.00490101)
(-0.0102455 0 -0.00709196)
(-0.00958494 0 -0.00924455)
(-0.00879123 0 -0.0113118)
(-0.00787285 0 -0.0132466)
(-0.00684076 0 -0.0150034)
(-0.00570822 0 -0.016539)
(-0.00449074 0 -0.0178143)
(-0.00320568 0 -0.0187951)
(-0.00187192 0 -0.0194535)
(-0.000509721 0 -0.0197692)
(0.000684356 0 -0.0209541)
(0.00175821 0 -0.0205493)
(0.0028067 0 -0.0197844)
(0.0038149 0 -0.0186824)
(0.00476891 0 -0.0172741)
(0.0056559 0 -0.015597)
(0.0064644 0 -0.0136934)
(0.00718443 0 -0.0116096)
(0.0078077 0 -0.00939427)
(0.00832772 0 -0.00709728)
(0.00873986 0 -0.00476824)
(0.00904136 0 -0.00245521)
(0.00923137 0 -0.000203518)
(0.00931086 0 0.00194537)
(0.00928268 0 0.00395482)
(0.00915155 0 0.00579377)
(0.00892387 0 0.00743702)
(0.00860752 0 0.00886527)
(0.00821163 0 0.0100652)
(0.00774629 0 0.0110291)
(0.00722228 0 0.0117549)
(0.00665083 0 0.0122457)
(0.00604332 0 0.0125089)
(0.00541105 0 0.0125564)
(0.00476507 0 0.0124031)
(0.0041159 0 0.012067)
(0.00347346 0 0.0115679)
(0.00284686 0 0.0109273)
(0.00224432 0 0.0101674)
(0.00167312 0 0.00931044)
(0.00113949 0 0.0083786)
(0.000648609 0 0.00739312)
(0.000204623 0 0.00637404)
(-0.000189379 0 0.00533993)
(-0.000531313 0 0.00430758)
(-0.00082006 0 0.00329189)
(-0.00105541 0 0.00230577)
(-0.00123799 0 0.00136015)
(-0.00136919 0 0.000464022)
(-0.00145109 0 -0.000375413)
(-0.0014863 0 -0.00115261)
(-0.00147792 0 -0.00186328)
(-0.00142936 0 -0.00250433)
(-0.00134435 0 -0.00307369)
(-0.00122682 0 -0.00357014)
(-0.0010809 0 -0.00399319)
(-0.000910862 0 -0.0043428)
(-0.000721081 0 -0.00461927)
(-0.000516027 0 -0.00482306)
(-0.000300227 0 -0.00495464)
(-7.82509e-05 0 -0.00501438)
(0.000145311 0 -0.00500251)
(0.000365865 0 -0.00491905)
(0.000578829 0 -0.00476384)
(0.000779653 0 -0.00453655)
(0.000963838 0 -0.0042368)
(0.00112695 0 -0.00386427)
(0.00126467 0 -0.00341882)
(0.00137279 0 -0.00290067)
(0.00144726 0 -0.00231058)
(0.00148423 0 -0.00165003)
(0.00148009 0 -0.000921397)
(0.00143153 0 -0.000128139)
(0.00133562 0 0.000725109)
(0.00118988 0 0.00163239)
(0.000992464 0 0.00258607)
(0.000742202 0 0.00357669)
(0.000438714 0 0.00459286)
(8.24743e-05 0 0.00562124)
(-0.000325131 0 0.00664654)
(-0.000781746 0 0.00765165)
(-0.001284 0 0.00861777)
(-0.0018275 0 0.0095247)
(-0.00240678 0 0.0103512)
(-0.00301536 0 0.0110753)
(-0.00364575 0 0.0116748)
(-0.00428953 0 0.0121281)
(-0.00493741 0 0.0124143)
(-0.00557937 0 0.0125142)
(-0.00620476 0 0.0124107)
(-0.00680254 0 0.0120898)
(-0.00736139 0 0.011541)
(-0.00787001 0 0.0107577)
(-0.00831732 0 0.00973841)
(-0.00869273 0 0.00848638)
(-0.0089864 0 0.00701054)
(-0.00918952 0 0.00532554)
(-0.00929456 0 0.00345186)
(-0.00929553 0 0.00141585)
(-0.00918814 0 -0.000750437)
(-0.00896995 0 -0.00300953)
(-0.00864036 0 -0.00531941)
(-0.00820066 0 -0.00763456)
(-0.00765402 0 -0.00990697)
(-0.00700548 0 -0.0120874)
(-0.00626194 0 -0.0141268)
(-0.00543206 0 -0.0159773)
(-0.0045262 0 -0.0175939)
(-0.00355627 0 -0.0189358)
(-0.00253548 0 -0.0199672)
(-0.00147817 0 -0.0206591)
(-0.000399617 0 -0.0209905)
(0.00051501 0 -0.0218934)
(0.00131696 0 -0.0214736)
(0.00210117 0 -0.020681)
(0.00285725 0 -0.0195391)
(0.00357554 0 -0.0180797)
(0.00424703 0 -0.0163411)
(0.00486353 0 -0.0143668)
(0.00541778 0 -0.0122044)
(0.0059036 0 -0.00990404)
(0.00631591 0 -0.00751698)
(0.00665085 0 -0.00509436)
(0.00690577 0 -0.00268582)
(0.0070793 0 -0.000338234)
(0.00717135 0 0.00190536)
(0.00718317 0 0.0040067)
(0.00711737 0 0.00593319)
(0.00697792 0 0.00765818)
(0.00676992 0 0.00916117)
(0.00649953 0 0.0104278)
(0.00617376 0 0.0114495)
(0.00580022 0 0.0122239)
(0.00538701 0 0.0127534)
(0.00494246 0 0.0130456)
(0.00447497 0 0.0131123)
(0.00399284 0 0.0129688)
(0.00350411 0 0.0126334)
(0.00301645 0 0.0121266)
(0.00253699 0 0.0114705)
(0.00207228 0 0.0106881)
(0.00162821 0 0.00980256)
(0.00120989 0 0.00883687)
(0.000821714 0 0.0078132)
(0.000467257 0 0.00675251)
(0.000149313 0 0.00567427)
(-0.00013011 0 0.00459616)
(-0.000369759 0 0.0035339)
(-0.000569111 0 0.00250122)
(-0.000728328 0 0.00150975)
(-0.000848206 0 0.00056917)
(-0.000930104 0 -0.000312758)
(-0.000975871 0 -0.00113001)
(-0.000987744 0 -0.00187793)
(-0.000968273 0 -0.0025531)
(-0.000920259 0 -0.00315323)
(-0.000846708 0 -0.00367689)
(-0.000750794 0 -0.00412343)
(-0.000635831 0 -0.00449269)
(-0.000505242 0 -0.00478486)
(-0.000362539 0 -0.00500033)
(-0.0002113 0 -0.00513951)
(-5.51465e-05 0 -0.00520274)
(0.000102277 0 -0.00519024)
(0.000257321 0 -0.00510202)
(0.000406348 0 -0.00493795)
(0.000545754 0 -0.00469776)
(0.000671988 0 -0.00438112)
(0.000781571 0 -0.0039878)
(0.000871123 0 -0.00351776)
(0.000937385 0 -0.00297136)
(0.000977247 0 -0.00234955)
(0.000987781 0 -0.00165401)
(0.000966275 0 -0.00088738)
(0.000910287 0 -5.34294e-05)
(0.000817682 0 0.000842818)
(0.000686743 0 0.00179489)
(0.000516282 0 0.00279455)
(0.000305692 0 0.00383165)
(5.50108e-05 0 0.00489407)
(-0.000235035 0 0.00596767)
(-0.000562988 0 0.00703632)
(-0.000926628 0 0.00808201)
(-0.00132296 0 0.00908506)
(-0.00174819 0 0.0100244)
(-0.00219777 0 0.0108777)
(-0.00266637 0 0.0116224)
(-0.00314797 0 0.0122354)
(-0.00363588 0 0.0126941)
(-0.00412286 0 0.0129772)
(-0.00460116 0 0.0130649)
(-0.0050627 0 0.0129397)
(-0.00549916 0 0.0125874)
(-0.00590218 0 0.0119974)
(-0.00626349 0 0.0111633)
(-0.00657513 0 0.0100839)
(-0.00682962 0 0.00876319)
(-0.00702017 0 0.00721089)
(-0.00714088 0 0.00544271)
(-0.00718688 0 0.0034804)
(-0.00715455 0 0.00135175)
(-0.00704154 0 -0.000909635)
(-0.00684689 0 -0.00326467)
(-0.00657097 0 -0.00566978)
(-0.00621541 0 -0.00807787)
(-0.00578315 0 -0.0104394)
(-0.00527833 0 -0.0127036)
(-0.00470629 0 -0.0148199)
(-0.00407352 0 -0.016739)
(-0.00338758 0 -0.0184148)
(-0.00265698 0 -0.0198051)
(-0.00189106 0 -0.0208733)
(-0.00109994 0 -0.0215894)
(-0.000294208 0 -0.0219319)
(0.000350873 0 -0.0225642)
(0.000889998 0 -0.0221344)
(0.00141847 0 -0.0213236)
(0.0019303 0 -0.0201556)
(0.00241976 0 -0.0186628)
(0.00288143 0 -0.0168839)
(0.00331024 0 -0.014863)
(0.00370154 0 -0.0126485)
(0.00405116 0 -0.0102912)
(0.00435545 0 -0.00784335)
(0.00461135 0 -0.00535691)
(0.00481642 0 -0.00288246)
(0.00496892 0 -0.000467886)
(0.00506784 0 0.00184274)
(0.00511301 0 0.00401004)
(0.0051052 0 0.00600028)
(0.00504611 0 0.00778574)
(0.0049383 0 0.00934493)
(0.00478518 0 0.0106626)
(0.00459083 0 0.0117297)
(0.0043599 0 0.012543)
(0.00409749 0 0.0131047)
(0.00380904 0 0.0134223)
(0.00350012 0 0.0135074)
(0.0031764 0 0.0133753)
(0.00284347 0 0.0130447)
(0.00250678 0 0.0125364)
(0.00217151 0 0.0118728)
(0.00184253 0 0.0110775)
(0.00152427 0 0.0101742)
(0.00122075 0 0.00918642)
(0.000935464 0 0.00813708)
(0.000671375 0 0.00704776)
(0.000430905 0 0.00593861)
(0.000215918 0 0.00482795)
(2.7723e-05 0 0.00373218)
(-0.000132918 0 0.00266561)
(-0.000265768 0 0.0016405)
(-0.000371088 0 0.000667047)
(-0.000449591 0 -0.000246507)
(-0.000502393 0 -0.00109373)
(-0.000530938 0 -0.00186965)
(-0.000536924 0 -0.00257059)
(-0.000522267 0 -0.00319404)
(-0.000489056 0 -0.0037384)
(-0.00043953 0 -0.00420286)
(-0.000376056 0 -0.00458715)
(-0.000301104 0 -0.00489137)
(-0.00021723 0 -0.00511581)
(-0.000127054 0 -0.00526083)
(-3.32395e-05 0 -0.00532676)
(6.1523e-05 0 -0.00531378)
(0.000154539 0 -0.00522192)
(0.000243126 0 -0.00505106)
(0.000324634 0 -0.00480097)
(0.000396464 0 -0.0044714)
(0.000456089 0 -0.00406219)
(0.000501076 0 -0.00357342)
(0.0005291 0 -0.00300557)
(0.000537974 0 -0.00235975)
(0.000525667 0 -0.00163782)
(0.000490337 0 -0.000842662)
(0.000430365 0 2.16985e-05)
(0.00034439 0 0.00094991)
(0.000231395 0 0.00193506)
(9.08006e-05 0 0.0029684)
(-7.75104e-05 0 0.00403925)
(-0.000273154 0 0.00513488)
(-0.000495219 0 0.00624054)
(-0.000742251 0 0.00733944)
(-0.00101224 0 0.00841293)
(-0.00130263 0 0.00944065)
(-0.00161032 0 0.0104008)
(-0.00193167 0 0.0112707)
(-0.00226259 0 0.0120268)
(-0.00259852 0 0.0126457)
(-0.00293454 0 0.0131044)
(-0.0032654 0 0.0133809)
(-0.00358564 0 0.0134554)
(-0.00388963 0 0.01331)
(-0.00417174 0 0.0129306)
(-0.00442641 0 0.0123066)
(-0.00464829 0 0.011432)
(-0.00483237 0 0.0103059)
(-0.00497412 0 0.00893273)
(-0.00506961 0 0.00732309)
(-0.00511563 0 0.00549352)
(-0.00510977 0 0.00346677)
(-0.00505054 0 0.00127173)
(-0.00493737 0 -0.00105689)
(-0.00477057 0 -0.0034789)
(-0.00455131 0 -0.0059497)
(-0.00428148 0 -0.0084212)
(-0.00396366 0 -0.0108429)
(-0.00360107 0 -0.0131632)
(-0.00319752 0 -0.0153305)
(-0.00275739 0 -0.0172948)
(-0.00228555 0 -0.0190093)
(-0.00178727 0 -0.0204312)
(-0.00126831 0 -0.0215232)
(-0.000734699 0 -0.0222549)
(-0.000192789 0 -0.0226042)
(0.000191427 0 -0.0229746)
(0.00047591 0 -0.0225397)
(0.000756471 0 -0.0217197)
(0.00103124 0 -0.0205388)
(0.00129825 0 -0.0190292)
(0.00155546 0 -0.01723)
(0.0018008 0 -0.0151853)
(0.0020321 0 -0.0129438)
(0.00224713 0 -0.0105563)
(0.00244366 0 -0.00807555)
(0.00261945 0 -0.00555369)
(0.00277235 0 -0.00304173)
(0.00290034 0 -0.000587966)
(0.00300163 0 0.00176297)
(0.00307481 0 0.00397107)
(0.00311894 0 0.00600185)
(0.00313365 0 0.00782687)
(0.00311916 0 0.0094239)
(0.00307627 0 0.0107771)
(0.00300633 0 0.0118767)
(0.00291116 0 0.0127191)
(0.00279302 0 0.0133061)
(0.00265453 0 0.0136449)
(0.00249857 0 0.0137468)
(0.00232824 0 0.0136273)
(0.00214674 0 0.0133049)
(0.00195733 0 0.0128004)
(0.00176326 0 0.0121366)
(0.0015677 0 0.0113372)
(0.00137366 0 0.0104262)
(0.00118397 0 0.00942751)
(0.00100122 0 0.0083644)
(0.000827724 0 0.00725889)
(0.000665468 0 0.00613153)
(0.000516116 0 0.00500112)
(0.000380976 0 0.00388451)
(0.000260994 0 0.00279646)
(0.000156747 0 0.00174966)
(6.84603e-05 0 0.000754721)
(-3.98096e-06 0 -0.000179737)
(-6.10026e-05 0 -0.00104696)
(-0.000103288 0 -0.0018417)
(-0.000131718 0 -0.00256009)
(-0.000147344 0 -0.00319942)
(-0.000151361 0 -0.00375796)
(-0.000145088 0 -0.00423477)
(-0.000129956 0 -0.00462946)
(-0.000107491 0 -0.00494203)
(-7.92965e-05 0 -0.00517273)
(-4.70373e-05 0 -0.00532185)
(-1.24209e-05 0 -0.00538967)
(2.28204e-05 0 -0.00537637)
(5.6948e-05 0 -0.00528198)
(8.82351e-05 0 -0.00510639)
(0.000114985 0 -0.00484944)
(0.000135549 0 -0.00451091)
(0.000148348 0 -0.00409074)
(0.000151882 0 -0.00358909)
(0.000144753 0 -0.00300658)
(0.000125678 0 -0.00234443)
(9.3503e-05 0 -0.00160467)
(4.72267e-05 0 -0.000790365)
(-1.39771e-05 0 9.42385e-05)
(-9.07315e-05 0 0.00104353)
(-0.000183389 0 0.00205023)
(-0.00029197 0 0.00310522)
(-0.000416158 0 0.00419739)
(-0.000555274 0 0.00531358)
(-0.000708283 0 0.00643858)
(-0.000873787 0 0.00755515)
(-0.00105005 0 0.0086442)
(-0.00123499 0 0.00968495)
(-0.00142623 0 0.0106552)
(-0.00162113 0 0.0115318)
(-0.00181681 0 0.0122911)
(-0.00201021 0 0.0129092)
(-0.00219816 0 0.0133629)
(-0.00237741 0 0.0136302)
(-0.00254469 0 0.013691)
(-0.00269683 0 0.0135277)
(-0.00283076 0 0.013126)
(-0.00294364 0 0.0124757)
(-0.00303293 0 0.0115711)
(-0.00309643 0 0.0104116)
(-0.00313241 0 0.00900224)
(-0.00313963 0 0.00735418)
(-0.00311738 0 0.00548461)
(-0.00306554 0 0.00341703)
(-0.00298459 0 0.00118104)
(-0.00287553 0 -0.00118792)
(-0.00273985 0 -0.00364905)
(-0.00257937 0 -0.00615722)
(-0.00239611 0 -0.00866391)
(-0.00219228 0 -0.0111182)
(-0.00197012 0 -0.0134682)
(-0.00173196 0 -0.015662)
(-0.00148013 0 -0.0176495)
(-0.00121688 0 -0.0193834)
(-0.00094449 0 -0.0208208)
(-0.000665207 0 -0.0219243)
(-0.000381239 0 -0.0226634)
(-9.49648e-05 0 -0.0230158)
(3.66201e-05 0 -0.0231328)
(7.44375e-05 0 -0.0226973)
(0.000114828 0 -0.0218769)
(0.000159711 0 -0.0206953)
(0.000210703 0 -0.0191849)
(0.000269012 0 -0.0173843)
(0.000335382 0 -0.0153375)
(0.000410032 0 -0.0130927)
(0.000492635 0 -0.0107007)
(0.00058232 0 -0.00821354)
(0.000677709 0 -0.00568346)
(0.000776963 0 -0.00316119)
(0.000877877 0 -0.000694998)
(0.000978003 0 0.00167045)
(0.00107479 0 0.00389494)
(0.00116575 0 0.00594367)
(0.00124861 0 0.00778777)
(0.0013214 0 0.00940456)
(0.00138247 0 0.0107777)
(0.00143058 0 0.0118971)
(0.00146488 0 0.0127585)
(0.0014849 0 0.0133636)
(0.00149057 0 0.013719)
(0.00148216 0 0.0138359)
(0.00146025 0 0.0137295)
(0.00142573 0 0.0134179)
(0.00137973 0 0.0129221)
(0.00132357 0 0.0122647)
(0.00125873 0 0.0114694)
(0.00118681 0 0.0105602)
(0.00110944 0 0.00956113)
(0.00102827 0 0.00849559)
(0.000944931 0 0.00738578)
(0.000860941 0 0.00625247)
(0.000777721 0 0.00511469)
(0.000696535 0 0.00398953)
(0.000618463 0 0.00289207)
(0.000544384 0 0.00183525)
(0.000474962 0 0.000829982)
(0.000410642 0 -0.000114849)
(0.000351653 0 -0.000992235)
(0.000298038 0 -0.00179675)
(0.000249709 0 -0.00252436)
(0.000206451 0 -0.00317222)
(0.000167946 0 -0.00373849)
(0.000133771 0 -0.0042221)
(0.000103417 0 -0.00462259)
(7.62893e-05 0 -0.00493987)
(5.17249e-05 0 -0.00517411)
(2.90049e-05 0 -0.00532557)
(7.37033e-06 0 -0.00539448)
(-1.39616e-05 0 -0.00538101)
(-3.57803e-05 0 -0.0052852)
(-5.8865e-05 0 -0.00510695)
(-8.39671e-05 0 -0.00484614)
(-0.000111794 0 -0.00450261)
(-0.000142992 0 -0.00407637)
(-0.000178136 0 -0.00356766)
(-0.000217717 0 -0.0029772)
(-0.000262133 0 -0.00230632)
(-0.000311683 0 -0.00155718)
(-0.000366554 0 -0.000732983)
(-0.000426806 0 0.000161862)
(-0.000492356 0 0.00112154)
(-0.000562928 0 0.00213853)
(-0.000638027 0 0.00320341)
(-0.000716939 0 0.00430481)
(-0.00079874 0 0.00542927)
(-0.000882311 0 0.00656132)
(-0.000966358 0 0.00768347)
(-0.00104944 0 0.00877639)
(-0.00113002 0 0.00981909)
(-0.00120647 0 0.0107892)
(-0.00127714 0 0.0116635)
(-0.00134039 0 0.0124182)
(-0.00139468 0 0.0130293)
(-0.00143854 0 0.0134738)
(-0.0014707 0 0.0137297)
(-0.00149007 0 0.013777)
(-0.00149582 0 0.0135984)
(-0.00148741 0 0.0131797)
(-0.00146462 0 0.012511)
(-0.00142758 0 0.0115871)
(-0.0013768 0 0.0104076)
(-0.0013132 0 0.00897816)
(-0.00123807 0 0.00731028)
(-0.00115307 0 0.00542164)
(-0.00106021 0 0.00333618)
(-0.000961752 0 0.00108391)
(-0.000860177 0 -0.00129943)
(-0.000757986 0 -0.00377289)
(-0.000657553 0 -0.00629129)
(-0.000560986 0 -0.00880616)
(-0.000470027 0 -0.0112668)
(-0.000385994 0 -0.0136213)
(-0.000309732 0 -0.0158183)
(-0.00024156 0 -0.0178078)
(-0.000181272 0 -0.0195428)
(-0.000128255 0 -0.0209807)
(-8.14348e-05 0 -0.0220843)
(-3.93857e-05 0 -0.022823)
(-6.34206e-07 0 -0.0231749)
(-0.000113289 0 -0.023047)
(-0.000313757 0 -0.0226153)
(-0.000505428 0 -0.0218024)
(-0.000682827 0 -0.0206321)
(-0.000840937 0 -0.0191359)
(-0.000975472 0 -0.017352)
(-0.00108299 0 -0.0153238)
(-0.00116098 0 -0.0130984)
(-0.00120797 0 -0.010726)
(-0.00122348 0 -0.00825799)
(-0.00120804 0 -0.00574569)
(-0.00116313 0 -0.00323924)
(-0.00109109 0 -0.000786342)
(-0.000994925 0 0.00156874)
(-0.000878218 0 0.00378601)
(-0.000744867 0 0.00583073)
(-0.000598907 0 0.00767394)
(-0.000444378 0 0.00929277)
(-0.000285196 0 0.0106706)
(-0.000125055 0 0.011797)
(3.26354e-05 0 0.0126675)
(0.000184814 0 0.0132832)
(0.000328817 0 0.0136504)
(0.000462395 0 0.0137799)
(0.000583728 0 0.0136865)
(0.000691432 0 0.0133882)
(0.000784549 0 0.0129054)
(0.000862524 0 0.0122604)
(0.000925177 0 0.0114767)
(0.000972668 0 0.0105782)
(0.00100546 0 0.00958881)
(0.00102424 0 0.00853167)
(0.00102994 0 0.00742897)
(0.00102358 0 0.00630149)
(0.00100631 0 0.00516827)
(0.000979313 0 0.0040465)
(0.000943772 0 0.00295134)
(0.000900828 0 0.00189588)
(0.000851546 0 0.000891163)
(0.0007969 0 -5.37413e-05)
(0.000737736 0 -0.000931668)
(0.000674798 0 -0.00173708)
(0.000608758 0 -0.00246583)
(0.000540217 0 -0.00311498)
(0.000469703 0 -0.00368262)
(0.000397674 0 -0.00416758)
(0.000324517 0 -0.00456932)
(0.00025055 0 -0.0048877)
(0.000176035 0 -0.00512281)
(0.000101179 0 -0.00527487)
(2.6158e-05 0 -0.00534408)
(-4.88789e-05 0 -0.0053306)
(-0.000123787 0 -0.00523445)
(-0.000198414 0 -0.00505558)
(-0.000272581 0 -0.00479387)
(-0.000346072 0 -0.00444925)
(-0.000418618 0 -0.00402175)
(-0.000489889 0 -0.00351172)
(-0.00055949 0 -0.00291992)
(-0.000626957 0 -0.00224779)
(-0.000691756 0 -0.00149757)
(-0.000753285 0 -0.000672547)
(-0.000810869 0 0.000222745)
(-0.000863746 0 0.00118237)
(-0.000911048 0 0.00219863)
(-0.000951796 0 0.00326197)
(-0.000984918 0 0.00436086)
(-0.00100928 0 0.00548171)
(-0.00102371 0 0.00660896)
(-0.00102706 0 0.00772505)
(-0.00101821 0 0.00881062)
(-0.000996179 0 0.00984472)
(-0.000960107 0 0.0108051)
(-0.000909356 0 0.0116685)
(-0.000843538 0 0.0124114)
(-0.000762571 0 0.0130101)
(-0.000666716 0 0.0134417)
(-0.000556613 0 0.0136845)
(-0.000433305 0 0.0137188)
(-0.000298248 0 0.0135278)
(-0.000153327 0 0.0130976)
(-8.4601e-07 0 0.0124186)
(0.000156484 0 0.011486)
(0.000315572 0 0.0102999)
(0.000473 0 0.00886624)
(0.000625074 0 0.00719676)
(0.000767915 0 0.00530945)
(0.00089754 0 0.00322842)
(0.00100999 0 0.000983712)
(0.00110148 0 -0.00138899)
(0.00116858 0 -0.00384901)
(0.00120845 0 -0.00635158)
(0.00121899 0 -0.00884879)
(0.00119888 0 -0.0112906)
(0.00114778 0 -0.0136258)
(0.00106628 0 -0.0158038)
(0.000955997 0 -0.0177753)
(0.000819471 0 -0.019494)
(0.000660108 0 -0.020918)
(0.000482117 0 -0.0220105)
(0.00029033 0 -0.0227416)
(9.00377e-05 0 -0.0230894)
(-0.00025785 0 -0.022726)
(-0.000687399 0 -0.0223021)
(-0.0011023 0 -0.0215047)
(-0.00149364 0 -0.0203567)
(-0.00185317 0 -0.0188892)
(-0.00217371 0 -0.0171392)
(-0.00244925 0 -0.0151489)
(-0.00267512 0 -0.0129646)
(-0.00284808 0 -0.0106351)
(-0.00296637 0 -0.00821036)
(-0.00302968 0 -0.00574068)
(-0.00303911 0 -0.00327502)
(-0.00299706 0 -0.000860078)
(-0.00290704 0 0.00146073)
(-0.00277356 0 0.00364803)
(-0.0026018 0 0.00566753)
(-0.00239743 0 0.00749046)
(-0.00216641 0 0.00909405)
(-0.0019148 0 0.0104616)
(-0.0016486 0 0.0115825)
(-0.00137365 0 0.0124519)
(-0.00109547 0 0.0130707)
(-0.000819208 0 0.0134447)
(-0.00054952 0 0.0135843)
(-0.000290554 0 0.0135037)
(-4.58854e-05 0 0.0132203)
(0.000181503 0 0.0127543)
(0.000389221 0 0.0121273)
(0.000575462 0 0.0113624)
(0.000738983 0 0.0104831)
(0.000879067 0 0.00951277)
(0.000995473 0 0.00847432)
(0.00108838 0 0.00738966)
(0.00115833 0 0.0062793)
(0.00120617 0 0.00516215)
(0.00123298 0 0.00405526)
(0.00124001 0 0.00297373)
(0.00122863 0 0.00193064)
(0.00120028 0 0.000937064)
(0.00115643 0 2.10411e-06)
(0.00109851 0 -0.000866991)
(0.00102793 0 -0.00166463)
(0.0009461 0 -0.00238664)
(0.000854407 0 -0.00303004)
(0.0007542 0 -0.00359282)
(0.000646785 0 -0.0040738)
(0.000533423 0 -0.00447235)
(0.00041532 0 -0.00478829)
(0.000293634 0 -0.00502165)
(0.000169479 0 -0.00517261)
(4.39374e-05 0 -0.00524135)
(-8.19307e-05 0 -0.00522799)
(-0.000207071 0 -0.00513258)
(-0.000330422 0 -0.00495508)
(-0.000450901 0 -0.00469539)
(-0.00056739 0 -0.00435348)
(-0.000678729 0 -0.00392945)
(-0.000783711 0 -0.00342368)
(-0.000881079 0 -0.00283701)
(-0.000969533 0 -0.00217092)
(-0.00104773 0 -0.00142771)
(-0.00111432 0 -0.000610716)
(-0.00116791 0 0.000275487)
(-0.00120708 0 0.0012249)
(-0.00123043 0 0.00222976)
(-0.0012365 0 0.00328048)
(-0.00122391 0 0.0043655)
(-0.00119134 0 0.00547129)
(-0.0011376 0 0.00658232)
(-0.00106169 0 0.00768119)
(-0.000962859 0 0.00874872)
(-0.00084067 0 0.00976418)
(-0.000695055 0 0.0107056)
(-0.000526377 0 0.0115502)
(-0.000335481 0 0.0122746)
(-0.000123738 0 0.0128558)
(0.000106916 0 0.0132711)
(0.000353968 0 0.0134996)
(0.000614318 0 0.0135219)
(0.000884294 0 0.0133216)
(0.00115967 0 0.0128855)
(0.00143573 0 0.0122045)
(0.00170729 0 0.0112739)
(0.00196881 0 0.0100943)
(0.0022145 0 0.00867185)
(0.00243841 0 0.00701854)
(0.00263457 0 0.00515235)
(0.00279715 0 0.00309728)
(0.00292064 0 0.000883133)
(0.00300006 0 -0.00145489)
(0.00303116 0 -0.00387676)
(0.0030107 0 -0.00633858)
(0.00293659 0 -0.00879346)
(0.00280802 0 -0.0111924)
(0.00262555 0 -0.0134856)
(0.00239122 0 -0.0156235)
(0.00210846 0 -0.0175579)
(0.00178205 0 -0.0192439)
(0.00141807 0 -0.0206403)
(0.00102368 0 -0.0217114)
(0.000606952 0 -0.0224279)
(0.000176757 0 -0.0227682)
(-0.000396447 0 -0.0221794)
(-0.00104488 0 -0.0217674)
(-0.00167319 0 -0.0209927)
(-0.00226914 0 -0.0198777)
(-0.00282148 0 -0.0184524)
(-0.00332026 0 -0.0167525)
(-0.00375705 0 -0.0148189)
(-0.00412514 0 -0.0126961)
(-0.00441963 0 -0.0104313)
(-0.00463751 0 -0.00807286)
(-0.00477765 0 -0.00566941)
(-0.00484074 0 -0.00326832)
(-0.00482921 0 -0.00091486)
(-0.00474702 0 0.00134881)
(-0.00459949 0 0.00348435)
(-0.00439299 0 0.00545821)
(-0.00413469 0 0.00724218)
(-0.00383234 0 0.00881378)
(-0.00349399 0 0.0101565)
(-0.00312783 0 0.0112595)
(-0.00274195 0 0.012118)
(-0.00234424 0 0.0127324)
(-0.00194219 0 0.0131081)
(-0.00154276 0 0.013255)
(-0.00115233 0 0.0131866)
(-0.000776569 0 0.0129198)
(-0.000420422 0 0.0124739)
(-8.80539e-05 0 0.0118701)
(0.000217151 0 0.0111306)
(0.00049258 0 0.0102783)
(0.000736362 0 0.00933597)
(0.000947319 0 0.008326)
(0.00112491 0 0.00726976)
(0.00126918 0 0.00618733)
(0.00138065 0 0.00509726)
(0.00146028 0 0.00401629)
(0.00150938 0 0.00295929)
(0.00152951 0 0.00193919)
(0.00152245 0 0.000966949)
(0.00149014 0 5.16105e-05)
(0.00143456 0 -0.000799592)
(0.00135777 0 -0.0015811)
(0.00126187 0 -0.00228874)
(0.00114901 0 -0.00291952)
(0.00102132 0 -0.00347144)
(0.000880935 0 -0.00394326)
(0.000729947 0 -0.00433432)
(0.000570421 0 -0.00464438)
(0.000404381 0 -0.00487345)
(0.000233816 0 -0.00502166)
(6.06841e-05 0 -0.00508916)
(-0.000113075 0 -0.00507608)
(-0.000285529 0 -0.00498245)
(-0.000454737 0 -0.00480824)
(-0.000618743 0 -0.00455339)
(-0.000775561 0 -0.0042179)
(-0.00092317 0 -0.0038019)
(-0.00105952 0 -0.00330583)
(-0.00118251 0 -0.00273055)
(-0.00129005 0 -0.00207757)
(-0.00138002 0 -0.0013492)
(-0.00145034 0 -0.000548791)
(-0.00149892 0 0.000319102)
(-0.00152376 0 0.00124849)
(-0.0015229 0 0.00223166)
(-0.00149448 0 0.00325909)
(-0.00143682 0 0.00431933)
(-0.00134843 0 0.00539905)
(-0.00122812 0 0.00648295)
(-0.00107508 0 0.00755395)
(-0.000888921 0 0.00859324)
(-0.000669765 0 0.00958055)
(-0.000418322 0 0.0104944)
(-0.000135945 0 0.0113126)
(0.000175313 0 0.0120124)
(0.000512661 0 0.0125714)
(0.000872542 0 0.0129676)
(0.00125063 0 0.0131808)
(0.00164184 0 0.0131922)
(0.00204038 0 0.0129861)
(0.00243977 0 0.0125498)
(0.002833 0 0.0118747)
(0.00321253 0 0.0109566)
(0.00357053 0 0.00979635)
(0.00389894 0 0.00840027)
(0.0041897 0 0.00678032)
(0.00443488 0 0.00495433)
(0.00462695 0 0.00294594)
(0.00475898 0 0.000784374)
(0.00482487 0 -0.00149596)
(0.00481967 0 -0.00385611)
(0.00473978 0 -0.00625347)
(0.00458317 0 -0.00864257)
(0.00434952 0 -0.010976)
(0.00404033 0 -0.0132056)
(0.00365898 0 -0.0152832)
(0.00321063 0 -0.0171627)
(0.00270222 0 -0.0188002)
(0.00214232 0 -0.0201562)
(0.00154091 0 -0.021196)
(0.000909172 0 -0.0218912)
(0.000259199 0 -0.022221)
(-0.00052831 0 -0.0214181)
(-0.00138437 0 -0.0210215)
(-0.00221514 0 -0.0202766)
(-0.00300529 0 -0.0192046)
(-0.00374075 0 -0.0178342)
(-0.00440899 0 -0.0161997)
(-0.00499931 0 -0.0143402)
(-0.00550307 0 -0.0122982)
(-0.00591379 0 -0.0101188)
(-0.00622727 0 -0.00784844)
(-0.00644159 0 -0.00553353)
(-0.00655706 0 -0.00321952)
(-0.00657606 0 -0.000949839)
(-0.00650296 0 0.00123498)
(-0.00634379 0 0.00329799)
(-0.006106 0 0.00520674)
(-0.00579815 0 0.00693384)
(-0.00542962 0 0.00845739)
(-0.00501034 0 0.00976113)
(-0.0045505 0 0.0108345)
(-0.00406037 0 0.0116724)
(-0.00355001 0 0.012275)
(-0.00302913 0 0.0126473)
(-0.00250691 0 0.0127985)
(-0.00199181 0 0.0127415)
(-0.00149152 0 0.0124925)
(-0.00101285 0 0.0120699)
(-0.000561675 0 0.0114938)
(-0.000142892 0 0.0107859)
(0.000239559 0 0.00996796)
(0.000582686 0 0.00906209)
(0.000884399 0 0.00808983)
(0.00114345 0 0.00707185)
(0.00135937 0 0.00602761)
(0.00153238 0 0.00497508)
(0.00166329 0 0.00393056)
(0.00175344 0 0.00290852)
(0.00180457 0 0.00192156)
(0.00181879 0 0.000980424)
(0.00179843 0 9.39836e-05)
(0.00174602 0 -0.000730638)
(0.00166424 0 -0.00148798)
(0.00155585 0 -0.00217392)
(0.0014237 0 -0.00278553)
(0.00127069 0 -0.00332079)
(0.00109973 0 -0.00377847)
(0.000913713 0 -0.0041579)
(0.000715533 0 -0.00445879)
(0.000508036 0 -0.00468112)
(0.000294046 0 -0.00482499)
(7.63595e-05 0 -0.00489054)
(-0.000142242 0 -0.00487786)
(-0.000358986 0 -0.00478701)
(-0.000571093 0 -0.00461795)
(-0.000775769 0 -0.00437065)
(-0.000970199 0 -0.00404513)
(-0.00115154 0 -0.00364156)
(-0.00131692 0 -0.00316039)
(-0.00146347 0 -0.00260252)
(-0.00158831 0 -0.00196944)
(-0.0016886 0 -0.00126344)
(-0.00176153 0 -0.000487833)
(-0.00180439 0 0.000352906)
(-0.0018146 0 0.00125287)
(-0.0017897 0 0.00220449)
(-0.00172744 0 0.00319842)
(-0.00162585 0 0.00422348)
(-0.00148333 0 0.00526663)
(-0.0012987 0 0.00631302)
(-0.00107133 0 0.00734604)
(-0.000801207 0 0.00834745)
(-0.000489008 0 0.00929763)
(-0.000136207 0 0.0101758)
(0.000254876 0 0.0109606)
(0.00068102 0 0.0116301)
(0.00113806 0 0.0121626)
(0.00162088 0 0.0125372)
(0.00212342 0 0.0127344)
(0.00263869 0 0.0127363)
(0.00315886 0 0.0125278)
(0.00367536 0 0.012097)
(0.00417895 0 0.0114358)
(0.00465992 0 0.0105404)
(0.00510824 0 0.00941191)
(0.00551374 0 0.00805672)
(0.00586637 0 0.00648664)
(0.00615642 0 0.00471912)
(0.00637477 0 0.00277717)
(0.00651317 0 0.00068917)
(0.00656455 0 -0.00151163)
(0.0065233 0 -0.00378772)
(0.00638552 0 -0.00609814)
(0.00614928 0 -0.00839929)
(0.00581477 0 -0.0106457)
(0.00538438 0 -0.0127912)
(0.00486275 0 -0.0147899)
(0.00425669 0 -0.0165973)
(0.00357519 0 -0.0181717)
(0.00282915 0 -0.0194752)
(0.00203118 0 -0.0204744)
(0.00119541 0 -0.0211423)
(0.000336985 0 -0.0214587)
(-0.000652652 0 -0.0204539)
(-0.0017039 0 -0.0200763)
(-0.00272503 0 -0.0193676)
(-0.00369784 0 -0.018348)
(-0.00460564 0 -0.0170445)
(-0.00543351 0 -0.0154897)
(-0.00616865 0 -0.0137206)
(-0.00680059 0 -0.0117774)
(-0.0073214 0 -0.00970281)
(-0.00772574 0 -0.0075408)
(-0.00801093 0 -0.00533536)
(-0.00817689 0 -0.00312957)
(-0.00822596 0 -0.000964654)
(-0.00816282 0 0.00112084)
(-0.00799414 0 0.00309172)
(-0.00772836 0 0.00491692)
(-0.0073753 0 0.00657017)
(-0.00694583 0 0.00803035)
(-0.0064516 0 0.00928172)
(-0.00590468 0 0.0103139)
(-0.00531732 0 0.0111219)
(-0.00470167 0 0.0117056)
(-0.00406949 0 0.0120694)
(-0.00343202 0 0.012222)
(-0.00279972 0 0.0121756)
(-0.00218218 0 0.0119452)
(-0.00158798 0 0.0115485)
(-0.00102459 0 0.0110045)
(-0.000498389 0 0.0103338)
(-1.45656e-05 0 0.0095571)
(0.000422807 0 0.00869553)
(0.00081076 0 0.00776963)
(0.00114736 0 0.00679916)
(0.00143164 0 0.00580278)
(0.00166349 0 0.0047977)
(0.0018436 0 0.00379958)
(0.00197331 0 0.00282235)
(0.00205453 0 0.00187818)
(0.00208963 0 0.000977419)
(0.00208135 0 0.000128692)
(0.00203273 0 -0.00066109)
(0.00194699 0 -0.00138662)
(0.00182755 0 -0.0020439)
(0.00167792 0 -0.00263008)
(0.00150173 0 -0.00314318)
(0.00130261 0 -0.003582)
(0.00108423 0 -0.00394585)
(0.000850246 0 -0.00423444)
(0.000604295 0 -0.0044477)
(0.000349988 0 -0.00458573)
(9.09166e-05 0 -0.00464862)
(-0.000169344 0 -0.00463648)
(-0.000427224 0 -0.00454935)
(-0.000679151 0 -0.0043872)
(-0.000921539 0 -0.00415003)
(-0.00115079 0 -0.00383787)
(-0.00136327 0 -0.00345091)
(-0.00155536 0 -0.00298961)
(-0.00172343 0 -0.00245486)
(-0.00186387 0 -0.00184814)
(-0.00197313 0 -0.00117168)
(-0.00204776 0 -0.000428679)
(-0.00208445 0 0.000376497)
(-0.00208004 0 0.00123812)
(-0.00203163 0 0.00214883)
(-0.0019366 0 0.00309958)
(-0.00179275 0 0.00407958)
(-0.00159833 0 0.00507626)
(-0.00135223 0 0.00607534)
(-0.00105399 0 0.00706084)
(-0.000703955 0 0.00801531)
(-0.000303368 0 0.00891995)
(0.000145566 0 0.00975494)
(0.000639596 0 0.0104998)
(0.00117438 0 0.0111336)
(0.00174444 0 0.0116359)
(0.00234317 0 0.0119867)
(0.00296285 0 0.0121674)
(0.00359472 0 0.0121612)
(0.00422902 0 0.0119538)
(0.00485517 0 0.0115341)
(0.00546189 0 0.0108945)
(0.00603739 0 0.0100317)
(0.0065696 0 0.00894691)
(0.00704641 0 0.0076465)
(0.00745591 0 0.00614199)
(0.00778674 0 0.00445027)
(0.00802833 0 0.00259349)
(0.00817125 0 0.000598871)
(0.00820754 0 -0.00150181)
(0.00813099 0 -0.0036728)
(0.00793749 0 -0.0058752)
(0.00762522 0 -0.0080676)
(0.00719487 0 -0.0102069)
(0.00664966 0 -0.0122493)
(0.00599542 0 -0.0141513)
(0.00524056 0 -0.0158709)
(0.00439594 0 -0.0173684)
(0.00347463 0 -0.018608)
(0.00249176 0 -0.019558)
(0.00146408 0 -0.0201928)
(0.000409684 0 -0.0204932)
(-0.000768742 0 -0.0193)
(-0.00200151 0 -0.0189446)
(-0.00319971 0 -0.0182782)
(-0.00434252 0 -0.0173195)
(-0.0054108 0 -0.0160941)
(-0.00638745 0 -0.0146322)
(-0.00725771 0 -0.0129686)
(-0.00800945 0 -0.0111409)
(-0.00863337 0 -0.00918914)
(-0.00912309 0 -0.00715437)
(-0.0094752 0 -0.00507784)
(-0.00968922 0 -0.00299994)
(-0.00976745 0 -0.000959337)
(-0.00971481 0 0.00100774)
(-0.00953855 0 0.00286814)
(-0.00924797 0 0.00459251)
(-0.00885402 0 0.00615593)
(-0.00836894 0 0.00753832)
(-0.00780595 0 0.00872463)
(-0.00717885 0 0.00970487)
(-0.00650172 0 0.010474)
(-0.0057886 0 0.0110319)
(-0.0050532 0 0.0113823)
(-0.00430866 0 0.0115334)
(-0.00356732 0 0.0114964)
(-0.00284052 0 0.0112855)
(-0.00213851 0 0.010917)
(-0.00147028 0 0.0104089)
(-0.000843571 0 0.00978053)
(-0.000264776 0 0.00905144)
(0.000261015 0 0.00824144)
(0.000729992 0 0.00736994)
(0.00113956 0 0.00645563)
(0.00148828 0 0.00551613)
(0.00177574 0 0.00456776)
(0.00200246 0 0.00362538)
(0.00216978 0 0.00270222)
(0.00227976 0 0.00180987)
(0.00233503 0 0.000958212)
(0.00233871 0 0.000155486)
(0.00229426 0 -0.000591684)
(0.00220547 0 -0.00127821)
(0.00207633 0 -0.00190028)
(0.001911 0 -0.00245514)
(0.00171376 0 -0.00294091)
(0.00148894 0 -0.00335642)
(0.00124093 0 -0.00370098)
(0.000974096 0 -0.0039743)
(0.000692817 0 -0.00417632)
(0.000401442 0 -0.00430707)
(0.000104303 0 -0.00436667)
(-0.000194281 0 -0.00435519)
(-0.000489996 0 -0.00427266)
(-0.000778527 0 -0.00411909)
(-0.00105555 0 -0.00389447)
(-0.00131673 0 -0.00359885)
(-0.00155771 0 -0.00323243)
(-0.00177414 0 -0.00279567)
(-0.0019617 0 -0.00228944)
(-0.00211609 0 -0.00171515)
(-0.00223312 0 -0.00107496)
(-0.0023087 0 -0.000371924)
(-0.00233895 0 0.00038978)
(-0.00232023 0 0.00120466)
(-0.00224919 0 0.00206567)
(-0.00212288 0 0.00296416)
(-0.00193887 0 0.00388984)
(-0.00169534 0 0.00483077)
(-0.00139118 0 0.00577334)
(-0.00102615 0 0.00670244)
(-0.000600947 0 0.00760152)
(-0.000117337 0 0.0084528)
(0.000421767 0 0.00923757)
(0.00101223 0 0.00993648)
(0.00164864 0 0.0105299)
(0.00232429 0 0.0109985)
(0.00303116 0 0.0113235)
(0.00375999 0 0.0114875)
(0.00450032 0 0.0114748)
(0.00524062 0 0.011272)
(0.00596843 0 0.0108688)
(0.00667056 0 0.0102582)
(0.0073333 0 0.00943732)
(0.00794271 0 0.00840754)
(0.00848485 0 0.00717504)
(0.00894614 0 0.00575092)
(0.0093137 0 0.00415129)
(0.00957565 0 0.00239724)
(0.00972149 0 0.00051453)
(0.00974246 0 -0.0014668)
(0.00963185 0 -0.00351311)
(0.00938537 0 -0.00558785)
(0.00900136 0 -0.00765216)
(0.00848095 0 -0.00966563)
(0.00782815 0 -0.0115872)
(0.00704994 0 -0.0133763)
(0.00615619 0 -0.0149933)
(0.00515946 0 -0.0164013)
(0.00407488 0 -0.0175665)
(0.00291986 0 -0.0184593)
(0.00171361 0 -0.0190556)
(0.000476884 0 -0.0193375)
(-0.000875762 0 -0.0179707)
(-0.00227528 0 -0.0176406)
(-0.00363614 0 -0.0170219)
(-0.00493516 0 -0.0161321)
(-0.00615101 0 -0.0149948)
(-0.00726458 0 -0.0136381)
(-0.00825935 0 -0.0120938)
(-0.00912165 0 -0.010397)
(-0.00984092 0 -0.00858444)
(-0.0104098 0 -0.00669423)
(-0.0108243 0 -0.00476448)
(-0.0110834 0 -0.00283255)
(-0.0111895 0 -0.000934283)
(-0.0111476 0 0.000896745)
(-0.0109655 0 0.0026297)
(-0.0106532 0 0.00423722)
(-0.0102227 0 0.00569598)
(-0.00968747 0 0.00698713)
(-0.00906214 0 0.00809649)
(-0.00836207 0 0.00901459)
(-0.00760302 0 0.00973657)
(-0.00680076 0 0.010262)
(-0.00597079 0 0.0105944)
(-0.00512799 0 0.0107411)
(-0.00428641 0 0.0107124)
(-0.00345905 0 0.0105213)
(-0.00265767 0 0.0101832)
(-0.00189271 0 0.00971451)
(-0.00117315 0 0.00913316)
(-0.000506505 0 0.00845741)
(0.000101171 0 0.00770565)
(0.000645284 0 0.00689596)
(0.00112262 0 0.00604575)
(0.00153128 0 0.00517148)
(0.00187055 0 0.0042884)
(0.0021408 0 0.0034104)
(0.00234338 0 0.0025499)
(0.00248045 0 0.00171777)
(0.00255489 0 0.000923315)
(0.00257013 0 0.000174293)
(0.00253008 0 -0.000523039)
(0.00243901 0 -0.00116388)
(0.00230145 0 -0.00174463)
(0.00212216 0 -0.00226271)
(0.00190602 0 -0.00271634)
(0.00165802 0 -0.00310439)
(0.00138319 0 -0.00342623)
(0.00108658 0 -0.00368155)
(0.000773239 0 -0.00387027)
(0.000448193 0 -0.00399244)
(0.000116463 0 -0.00404813)
(-0.000216947 0 -0.00403742)
(-0.00054704 0 -0.00396033)
(-0.000868814 0 -0.00381688)
(-0.00117726 0 -0.00360706)
(-0.00146737 0 -0.00333093)
(-0.00173412 0 -0.00298871)
(-0.00197249 0 -0.00258083)
(-0.00217751 0 -0.00210812)
(-0.00234424 0 -0.00157192)
(-0.0024679 0 -0.000974263)
(-0.00254382 0 -0.000318028)
(-0.0025676 0 0.000392848)
(-0.00253512 0 0.00115318)
(-0.00244264 0 0.00195631)
(-0.00228692 0 0.00279411)
(-0.00206532 0 0.0036569)
(-0.00177592 0 0.00453345)
(-0.00141769 0 0.00541104)
(-0.000990553 0 0.00627552)
(-0.000495561 0 0.00711141)
(6.50229e-05 0 0.00790216)
(0.000687622 0 0.00863029)
(0.00136727 0 0.00927781)
(0.00209756 0 0.00982648)
(0.00287062 0 0.0102583)
(0.00367715 0 0.0105559)
(0.00450642 0 0.0107031)
(0.00534644 0 0.0106855)
(0.006184 0 0.0104906)
(0.00700493 0 0.0101091)
(0.00779428 0 0.00953452)
(0.00853659 0 0.00876441)
(0.00921619 0 0.00780023)
(0.00981749 0 0.00664791)
(0.0103254 0 0.00531796)
(0.0107257 0 0.00382557)
(0.0110052 0 0.0021905)
(0.0111526 0 0.000436854)
(0.0111584 0 -0.00140738)
(0.0110154 0 -0.00331096)
(0.0107192 0 -0.00523996)
(0.0102684 0 -0.00715841)
(0.00966443 0 -0.00902892)
(0.00891212 0 -0.0108135)
(0.00801948 0 -0.0124746)
(0.00699768 0 -0.0139756)
(0.0058609 0 -0.0152824)
(0.00462613 0 -0.0163636)
(0.0033128 0 -0.017192)
(0.00194246 0 -0.0177451)
(0.000538251 0 -0.0180061)
(-0.000972919 0 -0.0164815)
(-0.00252335 0 -0.0161793)
(-0.0040314 0 -0.0156134)
(-0.00547183 0 -0.0147998)
(-0.00682134 0 -0.0137598)
(-0.00805903 0 -0.012519)
(-0.00916677 0 -0.0111067)
(-0.0101296 0 -0.00955447)
(-0.0109357 0 -0.00789608)
(-0.0115769 0 -0.00616612)
(-0.0120486 0 -0.00439934)
(-0.0123495 0 -0.00262982)
(-0.0124817 0 -0.000890251)
(-0.0124504 0 0.000788667)
(-0.012264 0 0.0023787)
(-0.011933 0 0.00385471)
(-0.0114704 0 0.0051952)
(-0.0108906 0 0.00638277)
(-0.0102096 0 0.00740424)
(-0.00944406 0 0.00825078)
(-0.00861134 0 0.00891778)
(-0.00772876 0 0.00940467)
(-0.00681339 0 0.0097146)
(-0.00588173 0 0.00985407)
(-0.00494939 0 0.00983251)
(-0.00403084 0 0.00966177)
(-0.00313926 0 0.00935566)
(-0.00228636 0 0.00892945)
(-0.00148231 0 0.00839936)
(-0.000735638 0 0.00778215)
(-5.32808e-05 0 0.00709468)
(0.000559439 0 0.00635352)
(0.00109873 0 0.00557466)
(0.00156227 0 0.00477322)
(0.00194906 0 0.00396325)
(0.00225933 0 0.00315755)
(0.00249441 0 0.00236757)
(0.00265656 0 0.00160335)
(0.00274887 0 0.000873517)
(0.00277509 0 0.000185262)
(0.00273949 0 -0.000455608)
(0.00264681 0 -0.00104463)
(0.00250206 0 -0.00157849)
(0.00231053 0 -0.00205477)
(0.00207769 0 -0.00247184)
(0.00180909 0 -0.00282866)
(0.00151037 0 -0.00312462)
(0.00118718 0 -0.00335943)
(0.000845177 0 -0.00353301)
(0.000490018 0 -0.00364538)
(0.000127339 0 -0.00369661)
(-0.000237234 0 -0.00368677)
(-0.000598081 0 -0.00361588)
(-0.000949582 0 -0.00348395)
(-0.00128611 0 -0.00329099)
(-0.00160204 0 -0.00303707)
(-0.00189173 0 -0.00272238)
(-0.00214957 0 -0.00234735)
(-0.00236999 0 -0.00191275)
(-0.00254749 0 -0.00141982)
(-0.00267671 0 -0.000870436)
(-0.00275249 0 -0.000267268)
(-0.00276993 0 0.000386038)
(-0.00272448 0 0.00108466)
(-0.00261205 0 0.00182244)
(-0.00242913 0 0.00259182)
(-0.00217289 0 0.00338384)
(-0.00184137 0 0.00418815)
(-0.00143355 0 0.00499301)
(-0.000949568 0 0.00578536)
(-0.000390783 0 0.006551)
(0.000240075 0 0.00727468)
(0.000938811 0 0.00794038)
(0.00169969 0 0.00853159)
(0.0025154 0 0.00903161)
(0.003377 0 0.00942395)
(0.00427399 0 0.00969277)
(0.00519433 0 0.00982327)
(0.0061246 0 0.00980225)
(0.00705009 0 0.00961854)
(0.00795508 0 0.00926353)
(0.00882301 0 0.00873156)
(0.00963684 0 0.00802042)
(0.0103793 0 0.00713165)
(0.0110334 0 0.00607082)
(0.0115827 0 0.00484772)
(0.0120116 0 0.00347645)
(0.0123061 0 0.00197525)
(0.0124538 0 0.000366301)
(0.0124449 0 -0.00132468)
(0.0122716 0 -0.00306909)
(0.0119296 0 -0.00483596)
(0.0114175 0 -0.00659244)
(0.0107372 0 -0.00830447)
(0.0098942 0 -0.00993742)
(0.00889751 0 -0.0114569)
(0.00775944 0 -0.0128299)
(0.00649564 0 -0.0140249)
(0.00512476 0 -0.0150135)
(0.00366807 0 -0.0157708)
(0.00214915 0 -0.0162762)
(0.000593425 0 -0.0165145)
(-0.00105957 0 -0.014849)
(-0.00274393 0 -0.0145771)
(-0.0043827 0 -0.0140685)
(-0.00594876 0 -0.0133373)
(-0.00741708 0 -0.0124027)
(-0.00876517 0 -0.0112877)
(-0.00997354 0 -0.0100184)
(-0.011026 0 -0.00862313)
(-0.0119097 0 -0.00713211)
(-0.0126159 0 -0.00557635)
(-0.0131391 0 -0.00398697)
(-0.0134778 0 -0.00239451)
(-0.013634 0 -0.000828299)
(-0.0136132 0 0.000684117)
(-0.0134239 0 0.00211733)
(-0.0130772 0 0.00344863)
(-0.0125868 0 0.00465859)
(-0.0119682 0 0.00573139)
(-0.0112383 0 0.00665505)
(-0.0104152 0 0.00742147)
(-0.00951748 0 0.00802638)
(-0.00856384 0 0.00846914)
(-0.00757281 0 0.00875248)
(-0.00656228 0 0.00888216)
(-0.00554925 0 0.00886657)
(-0.00454954 0 0.00871632)
(-0.00357758 0 0.00844378)
(-0.00264625 0 0.00806266)
(-0.00176675 0 0.00758753)
(-0.000948538 0 0.00703348)
(-0.000199345 0 0.00641567)
(0.000474844 0 0.00574904)
(0.00106972 0 0.00504801)
(0.00158255 0 0.00432624)
(0.0020121 0 0.00359642)
(0.00235845 0 0.00287013)
(0.00262291 0 0.00215773)
(0.00280784 0 0.00146836)
(0.00291649 0 0.000809838)
(0.0029529 0 0.000188711)
(0.00292169 0 -0.000389728)
(0.00282796 0 -0.000921421)
(0.00267722 0 -0.00140335)
(0.00247521 0 -0.00183333)
(0.00222789 0 -0.00220989)
(0.00194136 0 -0.00253207)
(0.00162177 0 -0.00279931)
(0.00127533 0 -0.00301136)
(0.000908232 0 -0.00316812)
(0.000526683 0 -0.00326961)
(0.000136871 0 -0.00331589)
(-0.000255025 0 -0.003307)
(-0.000642834 0 -0.00324299)
(-0.00102038 0 -0.00312386)
(-0.00138149 0 -0.00294961)
(-0.00171999 0 -0.00272032)
(-0.0020297 0 -0.00243618)
(-0.00230447 0 -0.00209757)
(-0.0025382 0 -0.0017052)
(-0.00272489 0 -0.00126019)
(-0.00285866 0 -0.000764248)
(-0.0029339 0 -0.000219791)
(-0.00294528 0 0.000369872)
(-0.00288786 0 0.00100035)
(-0.00275723 0 0.00166602)
(-0.00254965 0 0.00236002)
(-0.00226212 0 0.00307421)
(-0.00189263 0 0.00379919)
(-0.00144022 0 0.00452434)
(-0.000905178 0 0.00523786)
(-0.000289176 0 0.00592689)
(0.000404634 0 0.00657768)
(0.0011715 0 0.00717579)
(0.002005 0 0.00770633)
(0.00289697 0 0.00815428)
(0.00383754 0 0.00850481)
(0.00481512 0 0.00874368)
(0.00581651 0 0.00885762)
(0.00682698 0 0.00883479)
(0.00783051 0 0.00866522)
(0.00880997 0 0.00834124)
(0.00974738 0 0.00785786)
(0.0106243 0 0.00721318)
(0.0114221 0 0.00640872)
(0.0121224 0 0.00544963)
(0.0127076 0 0.00434486)
(0.0131611 0 0.00310722)
(0.013468 0 0.00175327)
(0.0136152 0 0.000303071)
(0.0135921 0 -0.00122017)
(0.0133911 0 -0.00279073)
(0.0130076 0 -0.00438082)
(0.0124402 0 -0.00596099)
(0.0116915 0 -0.0075007)
(0.0107674 0 -0.00896892)
(0.00967787 0 -0.0103349)
(0.0084362 0 -0.0115689)
(0.00705935 0 -0.0126428)
(0.00556738 0 -0.0135311)
(0.00398328 0 -0.0142115)
(0.00233238 0 -0.0146654)
(0.000642016 0 -0.0148791)
(-0.00113499 0 -0.0130907)
(-0.00293541 0 -0.0128512)
(-0.00468744 0 -0.0124037)
(-0.00636239 0 -0.0117605)
(-0.00793376 0 -0.0109385)
(-0.00937772 0 -0.00995766)
(-0.0106736 0 -0.00884098)
(-0.011804 0 -0.00761336)
(-0.0127556 0 -0.00630125)
(-0.0135186 0 -0.00493184)
(-0.0140871 0 -0.00353244)
(-0.0144594 0 -0.00212985)
(-0.0146374 0 -0.000749796)
(-0.0146265 0 0.000583496)
(-0.0144354 0 0.00184766)
(-0.0140759 0 0.00302263)
(-0.0135622 0 0.0040912)
(-0.0129107 0 0.00503933)
(-0.0121391 0 0.00585635)
(-0.0112666 0 0.00653502)
(-0.0103129 0 0.00707148)
(-0.00929793 0 0.00746507)
(-0.00824147 0 0.0077181)
(-0.00716263 0 0.00783559)
(-0.00607963 0 0.00782485)
(-0.00500944 0 0.00769518)
(-0.0039676 0 0.00745745)
(-0.00296798 0 0.00712368)
(-0.00202272 0 0.00670672)
(-0.0011421 0 0.00621982)
(-0.000334529 0 0.00567636)
(0.000393413 0 0.00508952)
(0.00103695 0 0.00447201)
(0.00159301 0 0.0038359)
(0.00206012 0 0.00319241)
(0.00243823 0 0.00255178)
(0.00272863 0 0.00192322)
(0.00293375 0 0.0013148)
(0.00305701 0 0.000733476)
(0.00310266 0 0.000185085)
(0.00307564 0 -0.000325665)
(0.00298141 0 -0.000795165)
(0.00282585 0 -0.00122074)
(0.00261513 0 -0.00160046)
(0.00235565 0 -0.00193302)
(0.00205395 0 -0.00221757)
(0.00171666 0 -0.00245362)
(0.00135044 0 -0.00264092)
(0.000961977 0 -0.00277939)
(0.000557938 0 -0.00286905)
(0.000144994 0 -0.00290993)
(-0.0002702 0 -0.00290209)
(-0.000680993 0 -0.00284555)
(-0.00108073 0 -0.00274032)
(-0.00146277 0 -0.00258641)
(-0.00182046 0 -0.0023839)
(-0.00214714 0 -0.00213294)
(-0.00243621 0 -0.00183388)
(-0.0026811 0 -0.00148736)
(-0.00287536 0 -0.00109438)
(-0.0030127 0 -0.000656428)
(-0.00308708 0 -0.000175652)
(-0.00309279 0 0.000345012)
(-0.00302457 0 0.000901654)
(-0.00287774 0 0.00148927)
(-0.00264831 0 0.00210175)
(-0.00233318 0 0.00273187)
(-0.00193028 0 0.0033713)
(-0.00143871 0 0.00401062)
(-0.000858918 0 0.0046394)
(-0.000192827 0 0.00524626)
(0.000556027 0 0.00581908)
(0.00138239 0 0.0063451)
(0.00227923 0 0.0068112)
(0.00323767 0 0.00720414)
(0.00424698 0 0.00751088)
(0.00529463 0 0.00771887)
(0.00636638 0 0.00781647)
(0.00744641 0 0.0077933)
(0.00851751 0 0.00764062)
(0.00956133 0 0.00735173)
(0.0105587 0 0.00692231)
(0.0114898 0 0.00635079)
(0.012335 0 0.00563858)
(0.0130748 0 0.00479034)
(0.0136904 0 0.00381405)
(0.0141645 0 0.00272111)
(0.0144812 0 0.00152621)
(0.014627 0 0.000247111)
(0.014591 0 -0.00109569)
(0.0143651 0 -0.00247955)
(0.0139447 0 -0.00388007)
(0.0133288 0 -0.0052714)
(0.0125201 0 -0.00662674)
(0.0115252 0 -0.00791886)
(0.0103547 0 -0.0091208)
(0.00902296 0 -0.0102064)
(0.00754788 0 -0.0111511)
(0.00595082 0 -0.0119326)
(0.00425619 0 -0.012531)
(0.00249086 0 -0.01293)
(0.0006838 0 -0.0131176)
(-0.0011985 0 -0.011225)
(-0.00309615 0 -0.0110198)
(-0.00494308 0 -0.0106366)
(-0.00670929 0 -0.0100861)
(-0.0083671 0 -0.00938257)
(-0.00989157 0 -0.00854308)
(-0.011261 0 -0.0075872)
(-0.0124573 0 -0.00653624)
(-0.0134661 0 -0.00541277)
(-0.0142773 0 -0.00423999)
(-0.0148846 0 -0.00304123)
(-0.0152858 0 -0.00183936)
(-0.0154828 0 -0.000656372)
(-0.015481 0 0.000487039)
(-0.0152894 0 0.0015717)
(-0.01492 0 0.00258038)
(-0.0143876 0 0.00349824)
(-0.0137091 0 0.00431316)
(-0.0129032 0 0.00501592)
(-0.0119898 0 0.00560023)
(-0.0109896 0 0.0060627)
(-0.00992355 0 0.0064027)
(-0.00881245 0 0.00662215)
(-0.00767647 0 0.00672529)
(-0.00653481 0 0.00671836)
(-0.00540547 0 0.00660927)
(-0.00430488 0 0.00640731)
(-0.0032478 0 0.00612276)
(-0.00224712 0 0.00576663)
(-0.00131382 0 0.00535026)
(-0.000456927 0 0.00488513)
(0.000316502 0 0.00438253)
(0.00100129 0 0.00385338)
(0.00159405 0 0.00330805)
(0.0020931 0 0.00275617)
(0.0024983 0 0.00220657)
(0.00281091 0 0.00166716)
(0.00303341 0 0.00114492)
(0.00316935 0 0.000645852)
(0.00322319 0 0.000174999)
(0.00320011 0 -0.000263563)
(0.00310588 0 -0.000666717)
(0.00294669 0 -0.00103216)
(0.0027291 0 -0.00135824)
(0.00245985 0 -0.00164383)
(0.00214589 0 -0.0018882)
(0.0017942 0 -0.00209093)
(0.00141186 0 -0.0022518)
(0.00100594 0 -0.00237074)
(0.00058351 0 -0.00244775)
(0.000151635 0 -0.00248287)
(-0.000282626 0 -0.00247614)
(-0.000712225 0 -0.00242758)
(-0.00113011 0 -0.0023372)
(-0.00152924 0 -0.00220501)
(-0.00190255 0 -0.00203108)
(-0.00224302 0 -0.00181556)
(-0.00254363 0 -0.00155874)
(-0.00279744 0 -0.00126116)
(-0.00299763 0 -0.000923694)
(-0.00313754 0 -0.00054762)
(-0.00321077 0 -0.000134778)
(-0.00321131 0 0.000312304)
(-0.00313361 0 0.000790242)
(-0.00297274 0 0.00129471)
(-0.00272455 0 0.00182041)
(-0.00238582 0 0.00236113)
(-0.00195443 0 0.00290967)
(-0.00142956 0 0.00345793)
(-0.000811782 0 0.00399694)
(-0.000103251 0 0.00451691)
(0.00069217 0 0.00500743)
(0.00156881 0 0.00545756)
(0.0025191 0 0.00585604)
(0.00353353 0 0.00619153)
(0.00460069 0 0.00645284)
(0.00570723 0 0.00662925)
(0.00683804 0 0.00671081)
(0.00797635 0 0.00668863)
(0.00910397 0 0.00655528)
(0.0102015 0 0.00630505)
(0.0112488 0 0.00593431)
(0.012225 0 0.00544177)
(0.0131094 0 0.0048287)
(0.0138816 0 0.00409917)
(0.014522 0 0.00326012)
(0.0150124 0 0.00232139)
(0.0153366 0 0.00129564)
(0.0154803 0 0.000198211)
(0.0154325 0 -0.000953314)
(0.0151848 0 -0.00213956)
(0.0147328 0 -0.00333966)
(0.0140755 0 -0.00453155)
(0.013216 0 -0.00569231)
(0.0121613 0 -0.00679874)
(0.0109226 0 -0.0078278)
(0.00951494 0 -0.00875714)
(0.00795728 0 -0.00956582)
(0.00627199 0 -0.0102346)
(0.00448463 0 -0.0107467)
(0.00262332 0 -0.0110882)
(0.000718487 0 -0.0112484)
(-0.00124948 0 -0.00927146)
(-0.00322453 0 -0.00910205)
(-0.00514708 0 -0.00878596)
(-0.00698606 0 -0.0083319)
(-0.00871285 0 -0.0077516)
(-0.0103017 0 -0.00705916)
(-0.0117301 0 -0.00627064)
(-0.0129792 0 -0.00540361)
(-0.0140343 0 -0.00447662)
(-0.0148845 0 -0.00350879)
(-0.0155234 0 -0.00251931)
(-0.0159485 0 -0.001527)
(-0.0161616 0 -0.000549962)
(-0.016168 0 0.000394762)
(-0.015977 0 0.00129134)
(-0.0156006 0 0.00212551)
(-0.0150542 0 0.00288494)
(-0.014355 0 0.00355958)
(-0.0135224 0 0.00414173)
(-0.012577 0 0.00462615)
(-0.0115402 0 0.00500999)
(-0.0104338 0 0.00529267)
(-0.00927947 0 0.00547576)
(-0.0080981 0 0.00556269)
(-0.00690977 0 0.0055586)
(-0.00573325 0 0.00547)
(-0.00458573 0 0.00530452)
(-0.00348264 0 0.00507067)
(-0.00243753 0 0.00477749)
(-0.00146192 0 0.00443437)
(-0.000565322 0 0.00405077)
(0.000244791 0 0.00363604)
(0.000962913 0 0.00319919)
(0.00158542 0 0.00274881)
(0.00211044 0 0.00229287)
(0.00253776 0 0.00183869)
(0.00286858 0 0.00139282)
(0.00310545 0 0.000961053)
(0.00325202 0 0.000548385)
(0.0033129 0 0.00015901)
(0.00329348 0 -0.000203674)
(0.00319976 0 -0.000537079)
(0.00303822 0 -0.000839298)
(0.00281569 0 -0.00110897)
(0.00253922 0 -0.00134516)
(0.00221603 0 -0.00154728)
(0.00185345 0 -0.00171495)
(0.00145884 0 -0.00184802)
(0.00103959 0 -0.0019464)
(0.000603087 0 -0.0020101)
(0.000156715 0 -0.00203916)
(-0.000292152 0 -0.0020336)
(-0.00073615 0 -0.00199343)
(-0.00116791 0 -0.00191867)
(-0.00158007 0 -0.00180934)
(-0.00196527 0 -0.00166548)
(-0.00231615 0 -0.00148722)
(-0.0026254 0 -0.00127482)
(-0.00288578 0 -0.00102872)
(-0.00309015 0 -0.000749624)
(-0.00323158 0 -0.000438608)
(-0.00330339 0 -9.71849e-05)
(-0.00329929 0 0.000272553)
(-0.00321351 0 0.000667788)
(-0.00304093 0 0.00108491)
(-0.00277726 0 0.00151953)
(-0.00241919 0 0.00196647)
(-0.00196459 0 0.00241976)
(-0.00141266 0 0.00287268)
(-0.000764113 0 0.00331779)
(-2.12892e-05 0 0.00374703)
(0.000811677 0 0.00415175)
(0.00172876 0 0.00452291)
(0.00272198 0 0.00485122)
(0.00378131 0 0.00512731)
(0.00489476 0 0.00534194)
(0.00604834 0 0.00548627)
(0.00722623 0 0.0055521)
(0.00841091 0 0.00553211)
(0.00958339 0 0.0054202)
(0.0107235 0 0.00521167)
(0.0118101 0 0.00490357)
(0.0128217 0 0.00449488)
(0.0137367 0 0.0039867)
(0.014534 0 0.00338243)
(0.0151934 0 0.00268787)
(0.015696 0 0.00191121)
(0.0160251 0 0.00106297)
(0.0161663 0 0.000155865)
(0.016108 0 -0.000795536)
(0.0158422 0 -0.00177526)
(0.0153641 0 -0.00276612)
(0.014673 0 -0.00374994)
(0.0137723 0 -0.00470789)
(0.0126693 0 -0.00562087)
(0.0113758 0 -0.00646987)
(0.00990738 0 -0.00723656)
(0.00828366 0 -0.00790363)
(0.00652787 0 -0.00845529)
(0.00466646 0 -0.00887767)
(0.00272861 0 -0.0091592)
(0.000745751 0 -0.00929118)
(-0.00128716 0 -0.00725019)
(-0.00331892 0 -0.00711768)
(-0.00529685 0 -0.00687068)
(-0.0071892 0 -0.0065159)
(-0.00896669 0 -0.00606247)
(-0.0106029 0 -0.0055214)
(-0.0120749 0 -0.0049052)
(-0.0133633 0 -0.00422758)
(-0.0144529 0 -0.00350301)
(-0.0153325 0 -0.00274642)
(-0.0159955 0 -0.00197275)
(-0.0164392 0 -0.00119671)
(-0.0166651 0 -0.000432395)
(-0.0166787 0 0.00030689)
(-0.0164892 0 0.00100878)
(-0.0161089 0 0.00166206)
(-0.0155532 0 0.00225706)
(-0.0148399 0 0.00278587)
(-0.0139887 0 0.00324243)
(-0.0130206 0 0.00362261)
(-0.0119577 0 0.00392413)
(-0.0108224 0 0.00414653)
(-0.00963678 0 0.00429098)
(-0.00842248 0 0.00436018)
(-0.00720016 0 0.00435809)
(-0.00598914 0 0.0042898)
(-0.0048072 0 0.00416128)
(-0.00367027 0 0.00397915)
(-0.00259235 0 0.00375049)
(-0.00158542 0 0.00348264)
(-0.000659318 0 0.003183)
(0.000178153 0 0.00285887)
(0.00092124 0 0.00251733)
(0.00156612 0 0.00216509)
(0.00211081 0 0.0018084)
(0.00255497 0 0.001453)
(0.00289982 0 0.00110403)
(0.00314791 0 0.000766038)
(0.00330296 0 0.000442957)
(0.0033697 0 0.000138089)
(0.00335367 0 -0.000145888)
(0.00326106 0 -0.000406937)
(0.00309855 0 -0.000643569)
(0.00287316 0 -0.000854721)
(0.00259217 0 -0.00103967)
(0.00226303 0 -0.00119793)
(0.00189327 0 -0.00132924)
(0.00149048 0 -0.00143344)
(0.00106229 0 -0.00151049)
(0.000616304 0 -0.00156038)
(0.000160138 0 -0.00158314)
(-0.000298604 0 -0.00157878)
(-0.000752324 0 -0.00154733)
(-0.00119343 0 -0.00148879)
(-0.00161432 0 -0.00140317)
(-0.00200741 0 -0.00129051)
(-0.00236512 0 -0.00115092)
(-0.00267991 0 -0.000984602)
(-0.00294432 0 -0.000791898)
(-0.003151 0 -0.00057337)
(-0.0032928 0 -0.000329847)
(-0.00336283 0 -6.25146e-05)
(-0.00335463 0 0.000226989)
(-0.00326223 0 0.000536446)
(-0.00308038 0 0.000863012)
(-0.00280467 0 0.00120323)
(-0.00243176 0 0.00155302)
(-0.00195949 0 0.00190771)
(-0.00138712 0 0.00226202)
(-0.000715449 0 0.00261012)
(5.30324e-05 0 0.00294568)
(0.00091398 0 0.00326195)
(0.0018611 0 0.00355184)
(0.00288609 0 0.00380809)
(0.00397854 0 0.00402335)
(0.00512603 0 0.00419041)
(0.00631409 0 0.00430237)
(0.00752638 0 0.00435282)
(0.00874482 0 0.00433605)
(0.00994982 0 0.00424729)
(0.0111206 0 0.00408292)
(0.0122355 0 0.00384063)
(0.0132723 0 0.00351965)
(0.0142089 0 0.00312088)
(0.0150237 0 0.00264701)
(0.0156959 0 0.00210261)
(0.0162064 0 0.00149413)
(0.016538 0 0.000829857)
(0.016676 0 0.000119762)
(0.016609 0 -0.000624727)
(0.0163286 0 -0.00139113)
(0.0158304 0 -0.00216604)
(0.0151137 0 -0.00293528)
(0.014182 0 -0.00368419)
(0.013043 0 -0.00439783)
(0.0117088 0 -0.00506138)
(0.0101954 0 -0.00566057)
(0.00852296 0 -0.00618186)
(0.00671529 0 -0.00661295)
(0.00479947 0 -0.00694299)
(0.00280543 0 -0.00716295)
(0.00076541 0 -0.00726592)
(-0.00131085 0 -0.00518344)
(-0.0033775 0 -0.0050886)
(-0.00538957 0 -0.00491199)
(-0.00731494 0 -0.00465832)
(-0.00912394 0 -0.0043341)
(-0.0107898 0 -0.00394719)
(-0.0122892 0 -0.00350654)
(-0.0136026 0 -0.00302191)
(-0.0147143 0 -0.00250366)
(-0.0156132 0 -0.00196244)
(-0.0162923 0 -0.00140893)
(-0.0167488 0 -0.000853616)
(-0.0169843 0 -0.000306577)
(-0.017004 0 0.000222695)
(-0.0168171 0 0.000725354)
(-0.016436 0 0.00119336)
(-0.0158762 0 0.00161975)
(-0.0151556 0 0.00199885)
(-0.0142942 0 0.0023263)
(-0.0133135 0 0.00259912)
(-0.0122356 0 0.00281566)
(-0.0110833 0 0.00297559)
(-0.00987918 0 0.00307972)
(-0.00864517 0 0.00312996)
(-0.0074023 0 0.00312915)
(-0.00617027 0 0.00308092)
(-0.00496717 0 0.00298952)
(-0.00380929 0 0.00285969)
(-0.00271091 0 0.0026965)
(-0.00168427 0 0.00250519)
(-0.000739468 0 0.00229105)
(0.000115506 0 0.00205933)
(0.000874723 0 0.00181507)
(0.00153423 0 0.00156309)
(0.00209194 0 0.00130786)
(0.00254745 0 0.0010535)
(0.00290196 0 0.000803701)
(0.00315801 0 0.000561727)
(0.00331937 0 0.000330399)
(0.00339083 0 0.000112097)
(0.00337802 0 -9.12483e-05)
(0.00328725 0 -0.000278175)
(0.00312531 0 -0.00044762)
(0.00289936 0 -0.000598823)
(0.00261681 0 -0.000731263)
(0.00228523 0 -0.000844603)
(0.00191229 0 -0.00093864)
(0.00150573 0 -0.00101327)
(0.00107328 0 -0.00106845)
(0.000622721 0 -0.00110419)
(0.000161789 0 -0.00112049)
(-0.000301768 0 -0.00111737)
(-0.000760212 0 -0.00109485)
(-0.00120581 0 -0.00105292)
(-0.00163082 0 -0.000991597)
(-0.00202752 0 -0.000910915)
(-0.00238819 0 -0.000810947)
(-0.00270517 0 -0.000691839)
(-0.00297085 0 -0.000553842)
(-0.00317776 0 -0.000397357)
(-0.00331862 0 -0.000222977)
(-0.00338642 0 -3.15498e-05)
(-0.00337457 0 0.000175756)
(-0.00327699 0 0.000397344)
(-0.00308835 0 0.000631163)
(-0.00280418 0 0.000874725)
(-0.00242111 0 0.0011251)
(-0.001937 0 0.00137894)
(-0.00135113 0 0.00163245)
(-0.000664384 0 0.00188146)
(0.00012064 0 0.00212143)
(0.000999456 0 0.00234753)
(0.00196559 0 0.00255467)
(0.00301052 0 0.00273766)
(0.00412361 0 0.00289125)
(0.00529215 0 0.00301028)
(0.00650137 0 0.00308981)
(0.00773459 0 0.00312526)
(0.0089734 0 0.00311256)
(0.0101978 0 0.0030483)
(0.0113867 0 0.0029299)
(0.0125181 0 0.00275574)
(0.0135693 0 0.00252526)
(0.014518 0 0.00223913)
(0.0153422 0 0.00189929)
(0.0160208 0 0.00150903)
(0.0165345 0 0.001073)
(0.0168659 0 0.000597135)
(0.0170004 0 8.86119e-05)
(0.0169263 0 -0.000444373)
(0.0166355 0 -0.000992897)
(0.0161234 0 -0.00154739)
(0.0153896 0 -0.00209775)
(0.0144376 0 -0.00263349)
(0.0132755 0 -0.00314392)
(0.0119154 0 -0.00361853)
(0.0103737 0 -0.00404704)
(0.00867083 0 -0.00441981)
(0.00683086 0 -0.00472809)
(0.00488128 0 -0.0049641)
(0.00285244 0 -0.00512135)
(0.00077707 0 -0.0051949)
(-0.00131963 0 -0.00308905)
(-0.00339824 0 -0.0030323)
(-0.00542209 0 -0.00292669)
(-0.00735903 0 -0.00277499)
(-0.00917932 0 -0.00258108)
(-0.0108561 0 -0.00234965)
(-0.012366 0 -0.00208604)
(-0.0136892 0 -0.00179611)
(-0.0148102 0 -0.00148603)
(-0.0157177 0 -0.00116217)
(-0.0164045 0 -0.000830926)
(-0.0168679 0 -0.000498553)
(-0.0171093 0 -0.000171072)
(-0.0171339 0 0.000145845)
(-0.0169507 0 0.000446906)
(-0.0165722 0 0.000727284)
(-0.0160138 0 0.000982807)
(-0.0152934 0 0.00121006)
(-0.0144311 0 0.00140643)
(-0.0134482 0 0.00157013)
(-0.0123673 0 0.00170016)
(-0.011211 0 0.0017963)
(-0.0100019 0 0.00185905)
(-0.00876235 0 0.00188954)
(-0.0075133 0 0.00188946)
(-0.0062746 0 0.00186097)
(-0.00506449 0 0.00180662)
(-0.00389935 0 0.00172924)
(-0.0027936 0 0.00163185)
(-0.00175958 0 0.0015176)
(-0.000807484 0 0.00138965)
(5.45943e-05 0 0.00125113)
(0.000820648 0 0.00110508)
(0.00148665 0 0.000954361)
(0.00205045 0 0.000801669)
(0.00251162 0 0.000649463)
(0.00287131 0 0.000499959)
(0.00313203 0 0.000355115)
(0.00329756 0 0.000216625)
(0.00337269 0 8.59188e-05)
(0.00336308 0 -3.58388e-05)
(0.00327508 0 -0.00014777)
(0.00311552 0 -0.000249237)
(0.00289159 0 -0.000339787)
(0.00261075 0 -0.000419106)
(0.00228059 0 -0.00048699)
(0.00190884 0 -0.000543315)
(0.00150326 0 -0.000588019)
(0.00107164 0 -0.000621076)
(0.000621802 0 -0.000642484)
(0.000161528 0 -0.00065225)
(-0.000301388 0 -0.000650383)
(-0.000759161 0 -0.000636889)
(-0.00120401 0 -0.000611773)
(-0.00162815 0 -0.00057504)
(-0.00202381 0 -0.000526712)
(-0.00238323 0 -0.000466835)
(-0.00269871 0 -0.000395497)
(-0.0029626 0 -0.000312851)
(-0.00316739 0 -0.000219139)
(-0.00330575 0 -0.000114719)
(-0.00337066 0 -9.49906e-08)
(-0.00335547 0 0.000124033)
(-0.00325408 0 0.000256703)
(-0.00306111 0 0.000396682)
(-0.00277211 0 0.000542474)
(-0.00238372 0 0.000692321)
(-0.00189381 0 0.000844208)
(-0.00130171 0 0.000995869)
(-0.00060834 0 0.0011448)
(0.000183626 0 0.00128828)
(0.00106963 0 0.00142342)
(0.00204312 0 0.00154718)
(0.00309547 0 0.00165644)
(0.00421594 0 0.00174807)
(0.00539171 0 0.00181899)
(0.00660789 0 0.00186622)
(0.0078477 0 0.00188706)
(0.00909257 0 0.00187905)
(0.0103224 0 0.00184016)
(0.011516 0 0.00176887)
(0.0126512 0 0.00166419)
(0.0137053 0 0.00152582)
(0.0146558 0 0.00135416)
(0.0154807 0 0.00115037)
(0.0161588 0 0.000916438)
(0.0166707 0 0.000655146)
(0.0169992 0 0.000370066)
(0.0171296 0 6.54981e-05)
(0.0170502 0 -0.000253634)
(0.0167531 0 -0.000581998)
(0.0162338 0 -0.000913883)
(0.0154918 0 -0.00124326)
(0.014531 0 -0.00156383)
(0.0133593 0 -0.00186922)
(0.0119889 0 -0.00215318)
(0.0104364 0 -0.0024095)
(0.00872226 0 -0.0026325)
(0.00687063 0 -0.00281688)
(0.00490911 0 -0.00295804)
(0.00286808 0 -0.00305206)
(0.000780438 0 -0.00309604)
(-0.00131251 0 -0.00101809)
(-0.00337879 0 -0.000999283)
(-0.00539078 0 -0.000964292)
(-0.00731661 0 -0.00091403)
(-0.00912681 0 -0.000849777)
(-0.0107947 0 -0.000773089)
(-0.0122971 0 -0.000685735)
(-0.0136143 0 -0.000589654)
(-0.0147309 0 -0.000486895)
(-0.0156357 0 -0.000379568)
(-0.0163215 0 -0.000269789)
(-0.0167855 0 -0.000159635)
(-0.0170292 0 -5.10986e-05)
(-0.0170575 0 5.39428e-05)
(-0.0168795 0 0.000153736)
(-0.0165074 0 0.000246679)
(-0.0159564 0 0.00033139)
(-0.0152443 0 0.000406736)
(-0.0143909 0 0.000471853)
(-0.0134175 0 0.000526145)
(-0.0123463 0 0.000569284)
(-0.0111998 0 0.000601199)
(-0.0100007 0 0.000622049)
(-0.00877066 0 0.000632211)
(-0.00753083 0 0.000632245)
(-0.00630085 0 0.000622868)
(-0.00509882 0 0.000604921)
(-0.00394105 0 0.000579344)
(-0.00284188 0 0.000547138)
(-0.00181356 0 0.000509343)
(-0.000866276 0 0.000467008)
(-8.08006e-06 0 0.000421169)
(0.000755025 0 0.000372831)
(0.00141901 0 0.000322947)
(0.00198169 0 0.000272405)
(0.00244263 0 0.000222021)
(0.0028029 0 0.00017253)
(0.00306502 0 0.000124579)
(0.00323267 0 7.87308e-05)
(0.0033106 0 3.54585e-05)
(0.00330442 0 -4.85137e-06)
(0.00322042 0 -4.19076e-05)
(0.00306538 0 -7.54999e-05)
(0.00284643 0 -0.000105478)
(0.00257096 0 -0.000131738)
(0.00224651 0 -0.000154212)
(0.00188076 0 -0.000172859)
(0.0014814 0 -0.00018766)
(0.00105619 0 -0.000198604)
(0.000612863 0 -0.000205692)
(0.000159175 0 -0.000208925)
(-0.000297137 0 -0.000208307)
(-0.00074834 0 -0.000203839)
(-0.0011867 0 -0.000195524)
(-0.0016045 0 -0.000183362)
(-0.001994 0 -0.000167362)
(-0.00234752 0 -0.000147538)
(-0.00265738 0 -0.000123919)
(-0.00291602 0 -9.6558e-05)
(-0.00311597 0 -6.55334e-05)
(-0.00324998 0 -3.09638e-05)
(-0.00331105 0 6.98372e-06)
(-0.00329262 0 4.80783e-05)
(-0.00318861 0 9.20012e-05)
(-0.00299373 0 0.000138343)
(-0.00270356 0 0.000186607)
(-0.00231478 0 0.000236212)
(-0.00182534 0 0.00028649)
(-0.00123459 0 0.00033669)
(-0.000543475 0 0.000385983)
(0.000245315 0 0.000433468)
(0.00112722 0 0.000478186)
(0.00209569 0 0.000519133)
(0.00314214 0 0.000555275)
(0.00425587 0 0.000585574)
(0.00542411 0 0.000609007)
(0.00663209 0 0.000624597)
(0.00786309 0 0.000631437)
(0.00909868 0 0.000628722)
(0.0103189 0 0.000615778)
(0.0115027 0 0.000592097)
(0.0126281 0 0.000557356)
(0.0136726 0 0.000511452)
(0.0146138 0 0.000454518)
(0.0154298 0 0.000386943)
(0.0160998 0 0.000309382)
(0.0166046 0 0.000222759)
(0.016927 0 0.000128255)
(0.0170525 0 2.72982e-05)
(0.0169697 0 -7.84772e-05)
(0.0166707 0 -0.000187306)
(0.016151 0 -0.000297301)
(0.0154104 0 -0.000406461)
(0.0144526 0 -0.0005127)
(0.0132855 0 -0.000613905)
(0.0119214 0 -0.000708006)
(0.0103766 0 -0.000792935)
(0.00867148 0 -0.000866836)
(0.00683007 0 -0.00092793)
(0.00487971 0 -0.0009747)
(0.0028505 0 -0.00100586)
(0.000775098 0 -0.00102043)
)
;

boundaryField
{
    top
    {
        type            directionMixed;
        refValue        uniform (0 0 0);
        refGradient     uniform (0 0 0);
        valueFraction   uniform (0 0 0 0 0 1);
        value           nonuniform List<vector> 
102
(
(-0.00131251 0 0)
(-0.00337879 0 0)
(-0.00539078 0 0)
(-0.00731661 0 0)
(-0.00912681 0 0)
(-0.0107947 0 0)
(-0.0122971 0 0)
(-0.0136143 0 0)
(-0.0147309 0 0)
(-0.0156357 0 0)
(-0.0163215 0 0)
(-0.0167855 0 0)
(-0.0170292 0 0)
(-0.0170575 0 0)
(-0.0168795 0 0)
(-0.0165074 0 0)
(-0.0159564 0 0)
(-0.0152443 0 0)
(-0.0143909 0 0)
(-0.0134175 0 0)
(-0.0123463 0 0)
(-0.0111998 0 0)
(-0.0100007 0 0)
(-0.00877066 0 0)
(-0.00753083 0 0)
(-0.00630085 0 0)
(-0.00509882 0 0)
(-0.00394105 0 0)
(-0.00284188 0 0)
(-0.00181356 0 0)
(-0.000866276 0 0)
(-8.08006e-06 0 0)
(0.000755025 0 0)
(0.00141901 0 0)
(0.00198169 0 0)
(0.00244263 0 0)
(0.0028029 0 0)
(0.00306502 0 0)
(0.00323267 0 0)
(0.0033106 0 0)
(0.00330442 0 0)
(0.00322042 0 0)
(0.00306538 0 0)
(0.00284643 0 0)
(0.00257096 0 0)
(0.00224651 0 0)
(0.00188076 0 0)
(0.0014814 0 0)
(0.00105619 0 0)
(0.000612863 0 0)
(0.000159175 0 0)
(-0.000297137 0 0)
(-0.00074834 0 0)
(-0.0011867 0 0)
(-0.0016045 0 0)
(-0.001994 0 0)
(-0.00234752 0 0)
(-0.00265738 0 0)
(-0.00291602 0 0)
(-0.00311597 0 0)
(-0.00324998 0 0)
(-0.00331105 0 0)
(-0.00329262 0 0)
(-0.00318861 0 0)
(-0.00299373 0 0)
(-0.00270356 0 0)
(-0.00231478 0 0)
(-0.00182534 0 0)
(-0.00123459 0 0)
(-0.000543475 0 0)
(0.000245315 0 0)
(0.00112722 0 0)
(0.00209569 0 0)
(0.00314214 0 0)
(0.00425587 0 0)
(0.00542411 0 0)
(0.00663209 0 0)
(0.00786309 0 0)
(0.00909868 0 0)
(0.0103189 0 0)
(0.0115027 0 0)
(0.0126281 0 0)
(0.0136726 0 0)
(0.0146138 0 0)
(0.0154298 0 0)
(0.0160998 0 0)
(0.0166046 0 0)
(0.016927 0 0)
(0.0170525 0 0)
(0.0169697 0 0)
(0.0166707 0 0)
(0.016151 0 0)
(0.0154104 0 0)
(0.0144526 0 0)
(0.0132855 0 0)
(0.0119214 0 0)
(0.0103766 0 0)
(0.00867148 0 0)
(0.00683007 0 0)
(0.00487971 0 0)
(0.0028505 0 0)
(0.000775098 0 0)
)
;
    }
    bottom
    {
        type            fixedValue;
        value           uniform (0 0 0);
    }
    frontAndBack
    {
        type            empty;
    }
    left_cyc
    {
        type            cyclic;
    }
    right_cyc
    {
        type            cyclic;
    }
}


// ************************************************************************* //
