/*--------------------------------*- C++ -*----------------------------------*\
| =========                 |                                                 |
| \\      /  F ield         | OpenFOAM: The Open Source CFD Toolbox           |
|  \\    /   O peration     | Version:  2.3.0                                 |
|   \\  /    A nd           | Web:      www.OpenFOAM.org                      |
|    \\/     M anipulation  |                                                 |
\*---------------------------------------------------------------------------*/
FoamFile
{
    version     2.0;
    format      ascii;
    class       surfaceScalarField;
    location    "23000";
    object      phi;
}
// * * * * * * * * * * * * * * * * * * * * * * * * * * * * * * * * * * * * * //

dimensions      [0 3 -1 0 0 0 0];

internalField   nonuniform List<scalar> 
353
(
-0.412652
0.0251514
-0.443579
0.0309273
-0.480041
0.0364612
-0.515437
0.0353968
-0.527654
0.0122168
-0.486678
-0.0409761
-0.39532
-0.0913583
-0.270245
-0.125075
-0.122612
-0.147633
0.0293439
-0.151956
0.180592
-0.151248
0.322061
-0.141469
-0.113108
-0.521717
0.0140053
-0.500856
0.0100666
-0.466693
0.00229829
-0.415492
-0.015804
-0.344473
-0.0588029
-0.259711
-0.125738
-0.177847
-0.173222
-0.109042
-0.19388
-0.0496984
-0.206976
0.0111277
-0.212782
0.071395
-0.211515
0.132856
-0.20293
-0.18783
-0.454953
-0.0191485
-0.408171
-0.0367156
-0.347175
-0.058698
-0.277469
-0.0855103
-0.214844
-0.121428
-0.169857
-0.170725
-0.129242
-0.213837
-0.08442
-0.238702
-0.0383029
-0.253093
0.00847655
-0.259562
0.0550804
-0.258119
0.10094
-0.24879
-0.231182
-0.380575
-0.0541191
-0.333062
-0.0842289
-0.273436
-0.118325
-0.208848
-0.150098
-0.155594
-0.174682
-0.12183
-0.204488
-0.0932222
-0.242445
-0.0624866
-0.269438
-0.0288325
-0.286747
0.00633231
-0.294726
0.0411024
-0.292889
0.0736953
-0.281383
-0.305405
-0.0822243
-0.26693
-0.122704
-0.217945
-0.16731
-0.163285
-0.204758
-0.115261
-0.222706
-0.0848683
-0.23488
-0.0631768
-0.264137
-0.0421404
-0.290474
-0.0195112
-0.309376
0.00420655
-0.318444
0.0276311
-0.316314
-0.303357
-0.21433
-0.10004
-0.188994
-0.14804
-0.155233
-0.20107
-0.115278
-0.244714
-0.0762488
-0.261735
-0.0513639
-0.259765
-0.0369312
-0.278569
-0.0245111
-0.302894
-0.0114302
-0.322457
0.00238557
-0.33226
0.0159932
-0.329921
-0.316051
-0.100949
-0.107189
-0.0896409
-0.159348
-0.073309
-0.217402
-0.0526549
-0.265368
-0.0309765
-0.283413
-0.0185172
-0.272225
-0.0131444
-0.283942
-0.00901458
-0.307024
-0.00437115
-0.327101
0.000837085
-0.337468
0.00588086
-0.334965
-0.320372
0.0308386
-0.104963
0.0287598
-0.157269
0.026599
-0.215241
0.0241219
-0.262891
0.0212578
-0.280549
0.0158621
-0.266829
0.00991837
-0.277999
0.00550985
-0.302616
0.00219527
-0.323786
-0.000587853
-0.334685
-0.0035172
-0.332036
-0.316648
0.178463
-0.0585806
0.168514
-0.0950142
0.154224
-0.142979
0.13379
-0.194808
0.106856
-0.235957
0.0763231
-0.250016
0.0508482
-0.241354
0.033433
-0.260583
0.0204079
-0.28959
0.00894492
-0.312323
-0.00211996
-0.32362
-0.0132844
-0.320871
-0.304765
0.307703
-0.0477248
0.291149
-0.0784594
0.26603
-0.11786
0.229502
-0.158279
0.181016
-0.187471
0.126685
-0.195685
0.0842698
-0.198938
0.0585016
-0.234815
0.0371469
-0.268236
0.0165864
-0.291763
-0.0040433
-0.30299
-0.0246851
-0.30023
-0.283996
0.393703
-0.0336881
0.371264
-0.0560205
0.337244
-0.0838395
0.288856
-0.109892
0.226082
-0.124697
0.16314
-0.132743
0.119489
-0.155288
0.0876113
-0.202937
0.0572376
-0.237862
0.0257913
-0.260316
-0.00640041
-0.270799
-0.0384456
-0.268184
-0.252849
0.409904
-0.0167962
0.383156
-0.0292718
0.344304
-0.0449881
0.294427
-0.0600146
0.2391
-0.0693699
0.192228
-0.0858715
0.159236
-0.122295
0.121811
-0.165512
0.0804608
-0.196512
0.0363853
-0.216241
-0.00901195
-0.225401
-0.0540827
-0.223114
-0.209697
0.36939
-0.00573991
0.352015
-0.011896
0.325813
-0.0187866
0.293274
-0.0274751
0.26337
-0.039466
0.236091
-0.0585927
0.201706
-0.0879096
0.155986
-0.119792
0.103388
-0.143915
0.0468224
-0.159675
-0.0115814
-0.166998
-0.0695293
-0.165166
-0.154438
0.363548
0.00146171
0.353106
-0.0014546
0.339076
-0.00475638
0.321126
-0.0095251
0.299201
-0.0175409
0.271514
-0.0309054
0.232816
-0.0492123
0.181437
-0.0684127
0.121048
-0.0835251
0.0550262
-0.0936541
-0.0135822
-0.0983891
-0.0815451
-0.0972028
-0.0902769
0.366036
0.359722
0.351111
0.33943
0.322453
0.296023
0.255951
0.201308
0.13528
0.0617623
-0.015226
-0.0913435
)
;

boundaryField
{
    top
    {
        type            calculated;
        value           nonuniform List<scalar> 
13
(
0.00546027
0.00485937
0.00385507
0.00215512
-0.000563105
-0.00447601
-0.00914037
-0.0137694
-0.0174973
-0.0201361
-0.0214009
-0.0210853
-0.0192543
)
;
    }
    bottom
    {
        type            calculated;
        value           uniform 0;
    }
    frontAndBack
    {
        type            empty;
        value           nonuniform 0();
    }
    left_cyc
    {
        type            cyclic;
        value           nonuniform 0();
    }
    right_cyc
    {
        type            cyclic;
        value           nonuniform 0();
    }
    procBoundary2to1
    {
        type            processor;
        value           nonuniform List<scalar> 
16
(
0.387501
0.532863
0.488107
0.415546
0.33351
0.232146
0.108098
-0.0330652
0.0658972
-0.18578
-0.318559
-0.40774
-0.426796
-0.380447
-0.370749
-0.370035
)
;
    }
    procBoundary2to3
    {
        type            processor;
        value           nonuniform List<scalar> 
16
(
0.435168
0.207579
0.144291
0.103088
-0.260574
0.0496056
0.0286872
0.0102014
-0.00724068
-0.0251678
-0.0454544
-0.069592
-0.0972344
-0.124788
-0.145707
-0.162366
)
;
    }
}


// ************************************************************************* //
