/*--------------------------------*- C++ -*----------------------------------*\
| =========                 |                                                 |
| \\      /  F ield         | OpenFOAM: The Open Source CFD Toolbox           |
|  \\    /   O peration     | Version:  2.3.0                                 |
|   \\  /    A nd           | Web:      www.OpenFOAM.org                      |
|    \\/     M anipulation  |                                                 |
\*---------------------------------------------------------------------------*/
FoamFile
{
    version     2.0;
    format      ascii;
    class       volVectorField;
    location    "3000";
    object      U;
}
// * * * * * * * * * * * * * * * * * * * * * * * * * * * * * * * * * * * * * //

dimensions      [0 1 -1 0 0 0 0];

internalField   nonuniform List<vector> 
192
(
(49.8903 0 -1.14832)
(53.3799 0 -2.01315)
(57.9018 0 -2.52894)
(62.1317 0 -2.14831)
(63.7107 0 -0.350243)
(59.3993 0 3.06778)
(45.885 0 7.72875)
(21.028 0 12.1907)
(-11.0214 0 12.8733)
(-38.1439 0 8.63421)
(-53.5025 0 3.74387)
(-59.037 0 0.0998413)
(-58.2268 0 -1.83222)
(88.5138 0 -4.63238)
(92.8098 0 -6.38848)
(97.2617 0 -6.69997)
(100.249 0 -4.06041)
(99.0309 0 3.03649)
(89.7015 0 15.481)
(67.9676 0 32.2887)
(30.6002 0 48.2469)
(-17.2639 0 50.6287)
(-57.8247 0 35.6892)
(-82.1387 0 18.0726)
(-93.2186 0 4.70345)
(-95.5001 0 -2.98713)
(92.9804 0 -8.52711)
(96.1824 0 -10.3365)
(98.6907 0 -9.50214)
(99.178 0 -3.63743)
(95.5123 0 9.8741)
(84.6448 0 32.8363)
(62.991 0 63.936)
(27.5085 0 93.554)
(-17.3641 0 97.7027)
(-55.2811 0 70.1287)
(-78.9018 0 37.5873)
(-91.1112 0 12.9145)
(-95.5872 0 -1.72383)
(81.7625 0 -10.9465)
(83.0505 0 -12.0825)
(83.1603 0 -9.68851)
(81.1608 0 -0.848661)
(75.6983 0 17.7411)
(64.9406 0 48.5145)
(46.7343 0 90.1148)
(19.2679 0 129.65)
(-14.1151 0 134.728)
(-42.571 0 97.9074)
(-61.6477 0 54.511)
(-73.0214 0 21.5792)
(-78.8703 0 1.57262)
(62.5906 0 -11.6074)
(61.8214 0 -11.6913)
(59.7593 0 -7.63345)
(55.8848 0 3.72805)
(49.5678 0 25.9786)
(40.1288 0 61.7533)
(26.9038 0 109.468)
(9.74311 0 154.152)
(-9.21874 0 159.293)
(-26.0109 0 117.564)
(-39.0943 0 68.0455)
(-48.5025 0 30.0371)
(-54.8272 0 6.32103)
(38.1846 0 -10.3846)
(35.778 0 -9.35152)
(32.2773 0 -3.87836)
(27.5454 0 9.20422)
(21.5732 0 33.4316)
(14.5675 0 71.2638)
(7.18996 0 120.64)
(0.846839 0 165.73)
(-3.72125 0 170.317)
(-8.82736 0 128.052)
(-15.3573 0 77.1246)
(-21.9031 0 37.2634)
(-27.646 0 11.6883)
(10.9407 0 -7.76982)
(7.6038 0 -5.83976)
(3.54738 0 0.548126)
(-1.03926 0 14.3955)
(-5.67197 0 38.962)
(-9.40763 0 76.2104)
(-10.4783 0 123.374)
(-6.52078 0 164.953)
(1.65902 0 168.716)
(7.19796 0 129.537)
(7.33365 0 81.2159)
(4.29381 0 42.3221)
(0.0129848 0 16.6271)
(-16.2368 0 -4.46179)
(-19.9071 0 -1.95594)
(-23.888 0 4.7811)
(-27.6779 0 18.4399)
(-30.3373 0 41.8091)
(-30.231 0 76.116)
(-24.931 0 117.961)
(-11.9882 0 153.428)
(6.40126 0 156.331)
(20.9124 0 122.719)
(27.4567 0 80.0985)
(28.3392 0 44.5849)
(26.1059 0 20.35)
(-40.6263 0 -0.942773)
(-44.2681 0 1.82856)
(-47.8234 0 8.33543)
(-50.4561 0 20.8525)
(-50.7686 0 41.5196)
(-46.6499 0 70.8544)
(-35.5319 0 105.305)
(-15.5134 0 133.422)
(10.2016 0 135.552)
(31.5887 0 108.775)
(43.802 0 73.842)
(48.6741 0 43.6766)
(48.833 0 22.3799)
(-59.7171 0 2.47692)
(-63.0391 0 5.24298)
(-65.9149 0 10.9648)
(-67.2147 0 21.3935)
(-65.1878 0 38.0258)
(-57.5192 0 60.9219)
(-41.8713 0 86.935)
(-17.1475 0 107.493)
(12.9052 0 108.98)
(38.7524 0 89.341)
(55.3048 0 63.0362)
(63.6674 0 39.5773)
(66.1936 0 22.4852)
(-70.704 0 5.54269)
(-73.364 0 8.07576)
(-75.3243 0 12.5784)
(-75.3069 0 20.2238)
(-71.4354 0 31.96)
(-61.436 0 47.6905)
(-43.3524 0 65.1235)
(-16.8011 0 78.5947)
(14.3938 0 79.5565)
(41.8616 0 66.663)
(60.7125 0 49.0414)
(71.3623 0 32.9163)
(75.7537 0 20.8284)
(-70.508 0 7.50588)
(-71.9883 0 9.5455)
(-72.6933 0 12.5304)
(-71.4789 0 17.0852)
(-66.6672 0 23.7168)
(-56.2777 0 32.3742)
(-38.7426 0 41.8291)
(-14.0382 0 49.0842)
(14.4489 0 49.6083)
(39.9179 0 42.6476)
(58.1459 0 33.0563)
(69.1505 0 24.1239)
(74.4642 0 17.2307)
(-58.0456 0 10.0271)
(-57.485 0 11.9435)
(-56.2058 0 14.0518)
(-53.5504 0 16.4561)
(-48.4896 0 19.2325)
(-39.7525 0 22.3414)
(-26.2931 0 25.4779)
(-8.05594 0 27.8255)
(12.7139 0 27.9247)
(31.4976 0 25.5354)
(45.482 0 22.2297)
(54.6509 0 18.9231)
(-44.3577 0 5.16517)
(-40.5532 0 5.95542)
(-36.0617 0 6.74734)
(-30.8096 0 7.51579)
(-24.691 0 8.20801)
(-17.5818 0 8.74955)
(-9.39954 0 9.0724)
(-0.185311 0 9.17053)
(9.53921 0 9.13101)
(18.765 0 8.97093)
(26.8805 0 8.59415)
(33.838 0 8.00254)
(-42.0349 0 3.10693)
(-37.9997 0 3.27749)
(-33.2599 0 3.44368)
(-27.7857 0 3.60374)
(-21.5639 0 3.75221)
(-14.6233 0 3.88124)
(-7.06703 0 3.98373)
(0.914554 0 4.06099)
(9.03556 0 4.11358)
(16.953 0 4.13678)
(24.3762 0 4.12249)
(31.1135 0 4.06665)
)
;

boundaryField
{
    top
    {
        type            directionMixed;
        refValue        uniform (0 0 0);
        refGradient     uniform (0 0 0);
        valueFraction   uniform (0 0 0 0 0 1);
        value           nonuniform List<vector> 
12
(
(-42.0349 0 0)
(-37.9997 0 0)
(-33.2599 0 0)
(-27.7857 0 0)
(-21.5639 0 0)
(-14.6233 0 0)
(-7.06703 0 0)
(0.914554 0 0)
(9.03556 0 0)
(16.953 0 0)
(24.3762 0 0)
(31.1135 0 0)
)
;
    }
    bottom
    {
        type            fixedValue;
        value           uniform (0 0 0);
    }
    frontAndBack
    {
        type            empty;
    }
    left_cyc
    {
        type            cyclic;
    }
    right_cyc
    {
        type            cyclic;
    }
    procBoundary0to1
    {
        type            processor;
        value           nonuniform List<vector> 
16
(
(-54.5198 0 -2.30668)
(-93.1919 0 -5.94837)
(-95.6394 0 -8.17011)
(-81.1539 0 -7.98268)
(-58.7359 0 -5.77558)
(-32.2593 0 -2.07987)
(-4.37514 0 2.19217)
(22.584 0 6.21286)
(46.5425 0 9.48026)
(65.3049 0 11.7429)
(76.2256 0 12.9164)
(76.1013 0 12.464)
(60.013 0 15.9756)
(60.013 0 15.9756)
(39.729 0 7.26477)
(37.0679 0 3.97678)
)
;
    }
    procBoundary0to3throughleft_cyc
    {
        type            processorCyclic;
        value           nonuniform List<vector> 
15
(
(47.8779 0 -0.288827)
(85.1412 0 -2.49293)
(89.8246 0 -5.77254)
(79.8931 0 -8.35562)
(62.4592 0 -9.64948)
(39.6655 0 -9.28777)
(13.5334 0 -7.4913)
(-13.0917 0 -4.82418)
(-37.3347 0 -1.79192)
(-56.5872 0 1.24322)
(-68.0845 0 4.00749)
(-68.897 0 5.89462)
(-58.2139 0 8.21053)
(-47.5142 0 4.3765)
(-45.3957 0 2.93031)
)
;
    }
}


// ************************************************************************* //
