/*--------------------------------*- C++ -*----------------------------------*\
| =========                 |                                                 |
| \\      /  F ield         | OpenFOAM: The Open Source CFD Toolbox           |
|  \\    /   O peration     | Version:  2.3.0                                 |
|   \\  /    A nd           | Web:      www.OpenFOAM.org                      |
|    \\/     M anipulation  |                                                 |
\*---------------------------------------------------------------------------*/
FoamFile
{
    version     2.0;
    format      ascii;
    class       volVectorField;
    location    "13000";
    object      U;
}
// * * * * * * * * * * * * * * * * * * * * * * * * * * * * * * * * * * * * * //

dimensions      [0 1 -1 0 0 0 0];

internalField   nonuniform List<vector> 
191
(
(-60.6446 0 0.868922)
(-61.0809 0 -1.54419)
(-57.7021 0 -2.42116)
(-53.2703 0 -2.16458)
(-49.5154 0 -1.38709)
(-47.1349 0 -0.526537)
(-46.185 0 0.193308)
(-46.4132 0 0.714366)
(-47.4832 0 1.06999)
(-49.1154 0 1.35203)
(-51.1623 0 1.64606)
(-53.5815 0 2.0324)
(-56.4204 0 2.60201)
(-93.9713 0 7.55566)
(-98.02 0 -1.66193)
(-96.4297 0 -5.8446)
(-92.5071 0 -6.41902)
(-88.2602 0 -5.04601)
(-84.7383 0 -2.9934)
(-82.3071 0 -1.01292)
(-80.9376 0 0.557034)
(-80.4085 0 1.64538)
(-80.4173 0 2.36174)
(-80.6397 0 2.84967)
(-80.7675 0 3.22728)
(-80.4834 0 3.58)
(-90.5099 0 18.2193)
(-96.6558 0 0.964121)
(-97.5822 0 -7.53078)
(-95.7978 0 -9.91206)
(-92.9131 0 -8.8314)
(-89.8724 0 -6.29957)
(-87.1384 0 -3.5631)
(-84.8665 0 -1.24987)
(-83.0296 0 0.40649)
(-81.467 0 1.3889)
(-79.9071 0 1.77692)
(-77.9924 0 1.64323)
(-75.2846 0 1.02055)
(-71.3572 0 28.8358)
(-78.6013 0 5.47704)
(-81.7595 0 -6.6994)
(-82.3607 0 -11.0923)
(-81.4968 0 -10.9507)
(-79.8828 0 -8.71858)
(-77.9561 0 -5.94022)
(-75.9642 0 -3.44794)
(-74.013 0 -1.62011)
(-72.0937 0 -0.601183)
(-70.0744 0 -0.435042)
(-67.6951 0 -1.16344)
(-64.5736 0 -2.84729)
(-46.2351 0 38.7463)
(-53.546 0 11.2621)
(-58.2012 0 -3.81838)
(-60.829 0 -10.1499)
(-61.9993 0 -11.2437)
(-62.1515 0 -9.76033)
(-61.6146 0 -7.40056)
(-60.634 0 -5.11847)
(-59.3788 0 -3.4002)
(-57.9389 0 -2.49748)
(-56.3074 0 -2.57893)
(-54.3576 0 -3.81794)
(-51.8281 0 -6.40385)
(-19.5311 0 46.7928)
(-25.7751 0 17.3336)
(-30.8765 0 0.455435)
(-34.7343 0 -7.39238)
(-37.4431 0 -9.69886)
(-39.1636 0 -9.15504)
(-40.0663 0 -7.49677)
(-40.3206 0 -5.71559)
(-40.0844 0 -4.34581)
(-39.4909 0 -3.70476)
(-38.6227 0 -4.05452)
(-37.4787 0 -5.68935)
(-35.9421 0 -8.93245)
(6.30121 0 52.0138)
(2.02244 0 22.5746)
(-2.54182 0 5.08695)
(-6.73011 0 -3.63893)
(-10.2393 0 -6.86449)
(-12.9886 0 -7.17934)
(-14.9948 0 -6.27864)
(-16.3247 0 -5.12994)
(-17.0791 0 -4.25623)
(-17.3837 0 -3.98389)
(-17.3653 0 -4.61665)
(-17.112 0 -6.52912)
(-16.6298 0 -10.1566)
(29.573 0 53.7878)
(27.8584 0 26.1805)
(24.4644 0 9.21676)
(20.5862 0 0.306181)
(16.8836 0 -3.44788)
(13.6693 0 -4.41166)
(11.0545 0 -4.17173)
(9.05329 0 -3.63935)
(7.61781 0 -3.29216)
(6.64571 0 -3.42249)
(5.99536 0 -4.33001)
(5.52651 0 -6.42813)
(5.14217 0 -10.2248)
(48.7959 0 51.7684)
(49.9647 0 27.6821)
(48.1055 0 12.3649)
(44.8972 0 3.95632)
(41.368 0 0.0623618)
(38.0808 0 -1.34655)
(35.2874 0 -1.66606)
(33.066 0 -1.70153)
(31.3942 0 -1.85885)
(30.1699 0 -2.37043)
(29.2229 0 -3.50245)
(28.3611 0 -5.67654)
(62.4553 0 46.0536)
(66.3713 0 26.8788)
(66.1751 0 14.2804)
(63.8628 0 7.043)
(60.7808 0 3.36996)
(57.7172 0 1.67465)
(55.0641 0 0.848439)
(52.9668 0 0.254836)
(51.4237 0 -0.401966)
(50.3171 0 -1.26192)
(49.4185 0 -2.52938)
(48.4545 0 -4.61448)
(68.7219 0 37.4931)
(74.6711 0 24.0654)
(75.976 0 14.9449)
(74.7123 0 9.39929)
(72.372 0 6.24131)
(69.8602 0 4.39433)
(67.6391 0 3.10507)
(65.8904 0 1.96073)
(64.6355 0 0.812777)
(63.7619 0 -0.343551)
(62.9938 0 -1.60787)
(61.9861 0 -3.3799)
(65.0693 0 26.7494)
(71.805 0 19.2035)
(74.2301 0 13.8576)
(74.1902 0 10.3208)
(73.0257 0 7.9619)
(71.5378 0 6.20891)
(70.1176 0 4.66378)
(68.9045 0 3.12454)
(67.9203 0 1.58129)
(67.0933 0 0.204641)
(66.2193 0 -0.913507)
(65.0121 0 -2.15316)
(38.5512 0 23.4886)
(49.0724 0 20.1869)
(55.4002 0 17.1768)
(58.8369 0 14.5712)
(60.5412 0 12.3168)
(61.3127 0 10.3106)
(61.589 0 8.45347)
(61.543 0 6.67384)
(61.2021 0 4.93955)
(60.5745 0 3.2857)
(59.696 0 1.87572)
(58.7188 0 0.822385)
(57.7343 0 -0.0817725)
(19.48 0 8.83685)
(26.9055 0 8.33736)
(33.2552 0 7.66052)
(38.6629 0 6.88654)
(43.2509 0 6.0785)
(47.1114 0 5.27174)
(50.3011 0 4.47564)
(52.8447 0 3.67875)
(54.7405 0 2.85753)
(55.9707 0 2.01169)
(56.5143 0 1.23863)
(56.4891 0 0.616381)
(56.0512 0 0.0453797)
(16.8916 0 4.03017)
(23.9895 0 3.94809)
(30.3553 0 3.83615)
(35.9447 0 3.70343)
(40.7665 0 3.55763)
(44.8541 0 3.40285)
(48.2457 0 3.2394)
(50.9731 0 3.06438)
(53.0559 0 2.87322)
(54.5069 0 2.66501)
(55.3695 0 2.44702)
(55.7494 0 2.21314)
(55.7234 0 1.93528)
)
;

boundaryField
{
    top
    {
        type            directionMixed;
        refValue        uniform (0 0 0);
        refGradient     uniform (0 0 0);
        valueFraction   uniform (0 0 0 0 0 1);
        value           nonuniform List<vector> 
13
(
(16.8916 0 0)
(23.9895 0 0)
(30.3553 0 0)
(35.9447 0 0)
(40.7665 0 0)
(44.8541 0 0)
(48.2457 0 0)
(50.9731 0 0)
(53.0559 0 0)
(54.5069 0 0)
(55.3695 0 0)
(55.7494 0 0)
(55.7234 0 0)
)
;
    }
    bottom
    {
        type            fixedValue;
        value           uniform (0 0 0);
    }
    frontAndBack
    {
        type            empty;
    }
    left_cyc
    {
        type            cyclic;
    }
    right_cyc
    {
        type            cyclic;
    }
    procBoundary1to0
    {
        type            processor;
        value           nonuniform List<vector> 
16
(
(-52.8822 0 4.90862)
(-79.9269 0 22.2266)
(-75.6466 0 45.2563)
(-57.9674 0 64.9206)
(-35.5728 0 80.323)
(-12.5276 0 90.2689)
(9.00575 0 94.2451)
(27.5948 0 92.0982)
(42.1948 0 84.0654)
(51.9461 0 70.987)
(55.7967 0 54.5156)
(52.0294 0 36.1105)
(52.0294 0 36.1105)
(23.0517 0 26.6097)
(10.9269 0 9.1019)
(9.19559 0 4.07619)
)
;
    }
    procBoundary1to2
    {
        type            processor;
        value           nonuniform List<vector> 
16
(
(-59.8183 0 3.46701)
(-79.4309 0 3.95773)
(-71.2675 0 -0.0859925)
(-60.2236 0 -5.52409)
(-48.3348 0 -10.4562)
(-33.7682 0 -14.0097)
(-15.8199 0 -15.8399)
(4.79677 0 -16.1407)
(27.4085 0 -9.42598)
(27.4085 0 -9.42598)
(47.1608 0 -8.03661)
(60.3977 0 -6.16006)
(63.0942 0 -4.02749)
(56.439 0 -1.02792)
(55.2094 0 -0.54411)
(55.3118 0 1.60896)
)
;
    }
}


// ************************************************************************* //
