/*--------------------------------*- C++ -*----------------------------------*\
| =========                 |                                                 |
| \\      /  F ield         | OpenFOAM: The Open Source CFD Toolbox           |
|  \\    /   O peration     | Version:  2.3.0                                 |
|   \\  /    A nd           | Web:      www.OpenFOAM.org                      |
|    \\/     M anipulation  |                                                 |
\*---------------------------------------------------------------------------*/
FoamFile
{
    version     2.0;
    format      ascii;
    class       volScalarField;
    location    "9000";
    object      p_rgh;
}
// * * * * * * * * * * * * * * * * * * * * * * * * * * * * * * * * * * * * * //

dimensions      [0 2 -2 0 0 0 0];

internalField   nonuniform List<scalar> 
3060
(
0.16311
0.163079
0.163022
0.162938
0.162828
0.162693
0.162533
0.162348
0.162138
0.161905
0.161651
0.16138
0.161095
0.160804
0.160514
0.160234
0.159975
0.159745
0.159553
0.159402
0.15929
0.159213
0.159163
0.159134
0.159119
0.159114
0.159117
0.159131
0.159157
0.159202
0.159272
0.159377
0.159519
0.159703
0.159926
0.16018
0.160457
0.160746
0.161038
0.161323
0.161596
0.161851
0.162084
0.162294
0.162478
0.162637
0.162769
0.162875
0.162954
0.163006
0.16303
0.163026
0.162995
0.162936
0.16285
0.162737
0.162598
0.162433
0.162242
0.162026
0.161787
0.161527
0.16125
0.160962
0.16067
0.160383
0.160112
0.159865
0.159652
0.159478
0.159346
0.159251
0.159188
0.159149
0.159126
0.159116
0.159114
0.159122
0.15914
0.159174
0.15923
0.159315
0.159437
0.159599
0.159802
0.16004
0.160305
0.160589
0.16088
0.16117
0.161452
0.161719
0.161968
0.162195
0.162398
0.162577
0.162731
0.162859
0.162962
0.163039
0.16309
0.163113
0.162871
0.162844
0.162794
0.162719
0.162621
0.162499
0.162354
0.162185
0.161995
0.161783
0.161554
0.16131
0.161055
0.160797
0.160542
0.160296
0.160061
0.159842
0.159654
0.159505
0.159392
0.159313
0.159259
0.159225
0.159206
0.1592
0.159204
0.159221
0.159251
0.1593
0.159374
0.159478
0.15962
0.1598
0.160013
0.160245
0.160489
0.160742
0.161
0.161254
0.161499
0.161729
0.161941
0.162131
0.162299
0.162442
0.162561
0.162656
0.162726
0.162772
0.162793
0.16279
0.162762
0.16271
0.162634
0.162533
0.162407
0.162257
0.162084
0.161888
0.161671
0.161437
0.161189
0.160933
0.160676
0.160425
0.160184
0.159955
0.15975
0.159579
0.159448
0.159352
0.159286
0.159242
0.159215
0.159202
0.1592
0.15921
0.159233
0.159271
0.159331
0.159418
0.15954
0.1597
0.159897
0.160121
0.160359
0.160608
0.160864
0.161122
0.161374
0.161615
0.16184
0.162046
0.162231
0.162394
0.162533
0.162649
0.162741
0.162809
0.162853
0.162874
0.162734
0.162706
0.162654
0.162577
0.162477
0.162356
0.162214
0.162054
0.161879
0.161689
0.161487
0.161275
0.161053
0.160823
0.160587
0.16035
0.160127
0.159929
0.159762
0.15962
0.159505
0.15942
0.159362
0.159324
0.159302
0.159294
0.159299
0.159319
0.159353
0.159406
0.159484
0.159593
0.159729
0.15989
0.16008
0.160298
0.160532
0.160768
0.160998
0.161219
0.161431
0.161632
0.16182
0.161995
0.162153
0.162292
0.16241
0.162506
0.162578
0.162626
0.162648
0.162645
0.162616
0.162562
0.162484
0.162382
0.162258
0.162113
0.161951
0.161773
0.161581
0.161377
0.161163
0.160939
0.160707
0.16047
0.160239
0.160028
0.159846
0.159691
0.159561
0.159461
0.15939
0.159343
0.159312
0.159296
0.159295
0.159307
0.159333
0.159375
0.15944
0.159532
0.159655
0.159803
0.159978
0.160183
0.160411
0.160649
0.160884
0.161112
0.161331
0.161541
0.16174
0.161926
0.162097
0.162253
0.162389
0.162505
0.162599
0.16267
0.162716
0.162738
0.162923
0.162893
0.162838
0.162757
0.162654
0.162528
0.162382
0.162218
0.16204
0.161849
0.161649
0.16144
0.161223
0.161001
0.160774
0.160547
0.160327
0.160121
0.159932
0.159776
0.159655
0.15956
0.159492
0.159447
0.159419
0.159409
0.159415
0.159439
0.15948
0.159542
0.15963
0.159744
0.159891
0.160073
0.160275
0.160491
0.160716
0.160943
0.161165
0.161381
0.161589
0.161789
0.161978
0.162155
0.162317
0.16246
0.162583
0.162682
0.162758
0.162808
0.162831
0.162828
0.162797
0.162741
0.162659
0.162553
0.162425
0.162276
0.162111
0.16193
0.161738
0.161536
0.161326
0.161108
0.160885
0.160658
0.160434
0.160222
0.160023
0.15985
0.159712
0.159605
0.159523
0.159467
0.159431
0.159412
0.15941
0.159425
0.159457
0.159507
0.159582
0.159683
0.159813
0.159979
0.160173
0.160383
0.160605
0.160833
0.161059
0.16128
0.161495
0.161702
0.1619
0.162088
0.162262
0.162422
0.162562
0.162683
0.162781
0.162854
0.162903
0.162926
0.163227
0.163197
0.163141
0.163061
0.162957
0.162831
0.162684
0.16252
0.16234
0.162146
0.16194
0.161725
0.161501
0.161272
0.16104
0.160812
0.160591
0.160379
0.160174
0.159989
0.159839
0.159728
0.159648
0.159592
0.159557
0.159543
0.159551
0.159582
0.159632
0.159706
0.159808
0.159947
0.160124
0.160326
0.160536
0.160754
0.160982
0.161212
0.161441
0.161665
0.16188
0.162086
0.162279
0.162457
0.16262
0.162763
0.162886
0.162986
0.163062
0.163112
0.163136
0.163132
0.163102
0.163045
0.162962
0.162856
0.162728
0.162579
0.162413
0.16223
0.162033
0.161825
0.161608
0.161383
0.161153
0.160922
0.160697
0.160481
0.160272
0.160075
0.159907
0.159778
0.159685
0.159617
0.159572
0.159547
0.159544
0.159564
0.159605
0.159667
0.159754
0.159874
0.160034
0.160227
0.160434
0.160648
0.160871
0.161101
0.161332
0.16156
0.161782
0.161995
0.162198
0.162388
0.162565
0.162724
0.162865
0.162986
0.163084
0.163158
0.163207
0.16323
0.163548
0.163517
0.16346
0.163377
0.163269
0.16314
0.16299
0.162823
0.162638
0.16244
0.16223
0.162009
0.16178
0.161545
0.161306
0.161066
0.160831
0.160606
0.160395
0.160203
0.160035
0.159907
0.159816
0.159754
0.159713
0.159695
0.159705
0.159741
0.159797
0.159879
0.159996
0.160155
0.160342
0.16055
0.160772
0.161006
0.161244
0.161483
0.161719
0.161949
0.162169
0.162379
0.162577
0.16276
0.162926
0.163073
0.163199
0.163302
0.16338
0.163432
0.163456
0.163453
0.163421
0.163362
0.163278
0.163168
0.163037
0.162885
0.162714
0.162527
0.162326
0.162113
0.16189
0.161659
0.161422
0.161182
0.160944
0.160714
0.160494
0.160292
0.16011
0.159962
0.159855
0.159781
0.15973
0.1597
0.159697
0.159721
0.159768
0.159837
0.159936
0.160075
0.160251
0.160448
0.160664
0.160892
0.161128
0.161368
0.161606
0.16184
0.162068
0.162286
0.162493
0.162688
0.162868
0.163031
0.163176
0.1633
0.163401
0.163477
0.163528
0.163552
0.163877
0.163845
0.163784
0.163698
0.163586
0.163452
0.163297
0.163124
0.162934
0.16273
0.162514
0.162287
0.16205
0.161807
0.161558
0.161307
0.161057
0.160814
0.160582
0.160371
0.160192
0.160057
0.159968
0.159909
0.15987
0.159852
0.159863
0.159896
0.159949
0.160027
0.160149
0.160319
0.160524
0.160752
0.160994
0.161243
0.161495
0.161744
0.161988
0.162225
0.162453
0.16267
0.162873
0.163062
0.163233
0.163386
0.163516
0.163624
0.163705
0.16376
0.163785
0.163781
0.163748
0.163687
0.163598
0.163485
0.163348
0.163191
0.163015
0.162822
0.162615
0.162395
0.162165
0.161925
0.161679
0.161429
0.161178
0.16093
0.160691
0.160468
0.160271
0.160113
0.160003
0.159933
0.159885
0.159857
0.159854
0.159878
0.159922
0.159988
0.160087
0.160234
0.160424
0.160641
0.160876
0.161121
0.161372
0.161623
0.161871
0.162113
0.162347
0.162571
0.162785
0.162985
0.163171
0.163339
0.163489
0.163617
0.163723
0.163803
0.163856
0.163881
0.164193
0.164159
0.164094
0.164003
0.163885
0.163744
0.163582
0.163402
0.163205
0.162994
0.16277
0.162536
0.162292
0.16204
0.161781
0.161518
0.161253
0.160993
0.160743
0.160512
0.160311
0.160158
0.160068
0.160023
0.159996
0.159983
0.15999
0.160012
0.16005
0.160125
0.160263
0.160454
0.16068
0.160927
0.161186
0.161451
0.161715
0.161975
0.162229
0.162474
0.16271
0.162934
0.163145
0.163341
0.16352
0.16368
0.163817
0.16393
0.164017
0.164075
0.164102
0.164098
0.164062
0.163997
0.163904
0.163784
0.16364
0.163475
0.163292
0.163091
0.162877
0.16265
0.162411
0.162164
0.161908
0.161647
0.161382
0.161118
0.160861
0.160619
0.1604
0.160221
0.1601
0.160038
0.160005
0.159986
0.159985
0.160001
0.160032
0.160086
0.160192
0.160359
0.160569
0.160806
0.16106
0.161322
0.161587
0.161849
0.162106
0.162356
0.162598
0.162829
0.16305
0.163257
0.16345
0.163626
0.163783
0.163918
0.164029
0.164114
0.16417
0.164197
0.16449
0.164452
0.164383
0.164284
0.164158
0.164008
0.163836
0.163646
0.16344
0.16322
0.162988
0.162746
0.162494
0.162233
0.161965
0.16169
0.161412
0.161136
0.160868
0.160618
0.160397
0.160221
0.16011
0.160064
0.160048
0.160042
0.160045
0.160055
0.160089
0.160181
0.160343
0.160555
0.1608
0.161066
0.161341
0.16162
0.161897
0.162168
0.162431
0.162685
0.162929
0.163162
0.163382
0.163588
0.163777
0.163947
0.164093
0.164215
0.164308
0.16437
0.1644
0.164396
0.164357
0.164287
0.164186
0.164058
0.163905
0.16373
0.163537
0.163327
0.163103
0.162867
0.16262
0.162364
0.162098
0.161826
0.161548
0.161269
0.160995
0.160734
0.160496
0.160295
0.16015
0.160076
0.160052
0.160043
0.160043
0.160051
0.160071
0.160131
0.160261
0.16045
0.160681
0.160936
0.161207
0.161484
0.161762
0.162036
0.162302
0.162561
0.16281
0.16305
0.163279
0.163495
0.163697
0.163883
0.164049
0.164193
0.164312
0.164404
0.164465
0.164494
0.164765
0.164724
0.164648
0.16454
0.164403
0.16424
0.164056
0.163854
0.163636
0.163405
0.163163
0.162911
0.16265
0.162381
0.162103
0.161818
0.161528
0.161238
0.160954
0.160687
0.160446
0.160247
0.160108
0.160038
0.160016
0.160011
0.160012
0.160026
0.16008
0.160202
0.160387
0.16062
0.160883
0.161164
0.161454
0.161746
0.162034
0.162315
0.162588
0.162851
0.163105
0.163349
0.163581
0.163799
0.164001
0.164183
0.164342
0.164475
0.164576
0.164645
0.164678
0.164673
0.164631
0.164553
0.164443
0.164304
0.164138
0.163951
0.163744
0.163522
0.163287
0.163041
0.162784
0.162518
0.162243
0.16196
0.161671
0.161379
0.16109
0.160812
0.160556
0.160334
0.160163
0.16006
0.16002
0.160011
0.160011
0.160019
0.16005
0.160138
0.160294
0.160505
0.160754
0.161027
0.161313
0.161603
0.161892
0.162176
0.162452
0.162719
0.162977
0.163227
0.163466
0.163694
0.163908
0.164106
0.164285
0.164441
0.164571
0.164671
0.164738
0.16477
0.165023
0.164977
0.164892
0.164772
0.164621
0.164443
0.164243
0.164024
0.163791
0.163546
0.163292
0.163029
0.162759
0.162481
0.162194
0.161899
0.161599
0.161298
0.161001
0.160719
0.160461
0.160242
0.160076
0.159975
0.15993
0.159918
0.159923
0.159956
0.160041
0.160191
0.160398
0.160648
0.160927
0.161222
0.161524
0.161827
0.162125
0.162416
0.162698
0.162972
0.163238
0.163495
0.163741
0.163975
0.164193
0.164392
0.164567
0.164713
0.164826
0.164902
0.164939
0.164933
0.164886
0.1648
0.164678
0.164524
0.164343
0.164139
0.163916
0.163678
0.163429
0.16317
0.162902
0.162626
0.162342
0.162049
0.161749
0.161446
0.161144
0.160853
0.16058
0.160339
0.160146
0.160013
0.159944
0.15992
0.159919
0.159938
0.159995
0.160113
0.160294
0.160525
0.16079
0.161077
0.161376
0.161677
0.161976
0.162269
0.162554
0.16283
0.163098
0.163359
0.163611
0.163853
0.164083
0.164297
0.164492
0.164663
0.164807
0.164918
0.164992
0.165028
0.165269
0.165216
0.165121
0.164987
0.164818
0.164621
0.1644
0.164162
0.16391
0.163648
0.163378
0.163103
0.162822
0.162534
0.162238
0.161935
0.161627
0.161317
0.161011
0.160717
0.160446
0.16021
0.160024
0.159896
0.159828
0.159805
0.159817
0.159871
0.159982
0.160155
0.16038
0.160644
0.160935
0.161241
0.161552
0.161864
0.162171
0.162471
0.162763
0.163049
0.163329
0.163601
0.163866
0.164119
0.164358
0.164577
0.164771
0.164934
0.165061
0.165147
0.165188
0.165182
0.165129
0.165032
0.164895
0.164723
0.164522
0.164298
0.164055
0.163798
0.163531
0.163257
0.162976
0.162688
0.162394
0.162092
0.161783
0.161471
0.161161
0.160858
0.160573
0.160317
0.160105
0.159948
0.159852
0.15981
0.159807
0.159841
0.159923
0.160067
0.160267
0.160514
0.160792
0.16109
0.161398
0.161708
0.162015
0.162316
0.162609
0.162895
0.163175
0.163449
0.163717
0.163976
0.164225
0.16446
0.164675
0.164865
0.165025
0.16515
0.165234
0.165275
0.165508
0.165449
0.165342
0.16519
0.165
0.164779
0.164534
0.164272
0.163997
0.163714
0.163427
0.163136
0.162842
0.162544
0.16224
0.16193
0.161616
0.1613
0.160988
0.160686
0.160406
0.160159
0.159958
0.159812
0.159727
0.159695
0.159713
0.159783
0.159913
0.160101
0.160339
0.160613
0.160911
0.161224
0.161542
0.16186
0.162175
0.162484
0.162788
0.163087
0.163383
0.163674
0.16396
0.164237
0.1645
0.164744
0.164961
0.165145
0.165289
0.165386
0.165433
0.165426
0.165366
0.165256
0.165101
0.164908
0.164683
0.164434
0.164167
0.163887
0.163599
0.163307
0.16301
0.16271
0.162404
0.162094
0.161778
0.16146
0.161142
0.160832
0.160539
0.160273
0.160047
0.159874
0.15976
0.159704
0.159699
0.159744
0.159844
0.160005
0.160219
0.160476
0.160763
0.161068
0.161382
0.161698
0.162011
0.16232
0.162622
0.162919
0.163212
0.163502
0.163788
0.164069
0.164341
0.1646
0.164839
0.165053
0.165233
0.165374
0.16547
0.165515
0.165749
0.165681
0.165559
0.165387
0.165173
0.164925
0.164652
0.164361
0.16406
0.163753
0.163444
0.163135
0.162827
0.162517
0.162205
0.16189
0.161571
0.161252
0.160936
0.160632
0.160348
0.160095
0.159885
0.159729
0.159633
0.159597
0.159618
0.159698
0.159839
0.160036
0.16028
0.160559
0.160862
0.161178
0.1615
0.161822
0.162143
0.162462
0.162777
0.163092
0.163407
0.16372
0.164031
0.164336
0.164627
0.164899
0.165144
0.165351
0.165514
0.165625
0.165678
0.16567
0.165602
0.165477
0.165302
0.165084
0.164831
0.164553
0.164258
0.163951
0.163639
0.163325
0.163011
0.162696
0.162379
0.16206
0.161739
0.161416
0.161095
0.160781
0.160484
0.160213
0.15998
0.159797
0.159671
0.159607
0.159601
0.159652
0.159764
0.159935
0.160157
0.160419
0.160709
0.161018
0.161335
0.161654
0.161972
0.162287
0.162598
0.162907
0.163216
0.163525
0.163833
0.164139
0.164438
0.164725
0.164992
0.165232
0.165436
0.165596
0.165704
0.165756
0.165994
0.165918
0.165779
0.165584
0.165343
0.165065
0.16476
0.164438
0.164106
0.163772
0.163438
0.163109
0.162784
0.162462
0.162141
0.161821
0.1615
0.161179
0.160864
0.16056
0.160277
0.160024
0.159812
0.159652
0.15955
0.159511
0.159534
0.15962
0.159766
0.159966
0.160211
0.16049
0.160792
0.161108
0.161432
0.161758
0.162084
0.162412
0.162741
0.163073
0.163409
0.163748
0.164087
0.164422
0.164746
0.16505
0.165324
0.165559
0.165743
0.165868
0.165928
0.165919
0.165842
0.1657
0.165502
0.165257
0.164974
0.164664
0.164336
0.164
0.16366
0.163321
0.162986
0.162655
0.162327
0.162
0.161673
0.161347
0.161025
0.160712
0.160415
0.160144
0.15991
0.159723
0.159592
0.159522
0.159515
0.159571
0.159688
0.159862
0.160086
0.160348
0.160638
0.160945
0.161262
0.161583
0.161904
0.162225
0.162546
0.162868
0.163195
0.163525
0.163859
0.164193
0.164523
0.164841
0.16514
0.16541
0.16564
0.165821
0.165944
0.166003
0.166248
0.166162
0.166005
0.165786
0.165516
0.165205
0.164866
0.164509
0.164145
0.16378
0.16342
0.163068
0.162724
0.162389
0.162059
0.161734
0.161412
0.161093
0.160781
0.160482
0.160202
0.159953
0.159743
0.159583
0.15948
0.15944
0.159464
0.159552
0.159699
0.159898
0.16014
0.160415
0.160713
0.161026
0.161349
0.161676
0.162008
0.162345
0.162688
0.163039
0.163399
0.163766
0.164137
0.164505
0.164864
0.165202
0.165509
0.165772
0.165979
0.166121
0.166188
0.166178
0.166091
0.165931
0.165708
0.165433
0.165117
0.164772
0.16441
0.164041
0.16367
0.163305
0.162947
0.162598
0.162257
0.161922
0.161591
0.161265
0.160944
0.160634
0.160341
0.160074
0.159842
0.159655
0.159523
0.159452
0.159445
0.159501
0.159619
0.159793
0.160014
0.160272
0.160558
0.160861
0.161175
0.161495
0.161818
0.162145
0.162475
0.162813
0.163159
0.163513
0.163875
0.16424
0.164603
0.164956
0.165289
0.16559
0.165849
0.166052
0.166191
0.166258
0.166514
0.166418
0.166242
0.165998
0.165697
0.165352
0.164977
0.164586
0.164187
0.163791
0.163402
0.163026
0.162663
0.162313
0.161974
0.161643
0.16132
0.161004
0.160697
0.160404
0.160132
0.159889
0.159684
0.159528
0.159427
0.159387
0.159411
0.159498
0.159643
0.159837
0.160074
0.160342
0.160634
0.160943
0.161263
0.161592
0.161929
0.162275
0.162634
0.163005
0.16339
0.163786
0.16419
0.164593
0.164987
0.165361
0.165702
0.165995
0.166226
0.166385
0.166461
0.166449
0.166351
0.166173
0.165924
0.165618
0.165267
0.164887
0.164489
0.164085
0.163683
0.163289
0.162908
0.16254
0.162185
0.161841
0.161506
0.161179
0.160862
0.160557
0.16027
0.160009
0.159783
0.1596
0.15947
0.159399
0.159391
0.159447
0.159563
0.159733
0.159949
0.1602
0.160478
0.160776
0.161085
0.161404
0.161729
0.162061
0.162402
0.162756
0.163123
0.163502
0.163893
0.164291
0.164689
0.165077
0.165445
0.16578
0.166068
0.166295
0.166451
0.166525
0.166795
0.166688
0.166494
0.166224
0.165893
0.165515
0.165106
0.164679
0.164246
0.163817
0.1634
0.162998
0.162614
0.162249
0.161899
0.161564
0.161239
0.160925
0.160624
0.160338
0.160075
0.15984
0.159644
0.159492
0.159395
0.159357
0.159381
0.159465
0.159605
0.159794
0.160022
0.160283
0.160568
0.160871
0.161189
0.161519
0.161862
0.162219
0.162594
0.162987
0.163398
0.163824
0.16426
0.164698
0.165128
0.165537
0.16591
0.166233
0.166488
0.166664
0.166748
0.166736
0.166627
0.166429
0.166155
0.165818
0.165434
0.165018
0.164585
0.164146
0.163712
0.16329
0.162883
0.162495
0.162125
0.161772
0.161432
0.161105
0.160791
0.160492
0.160212
0.159959
0.15974
0.159564
0.159438
0.159368
0.159361
0.159415
0.159527
0.159691
0.159898
0.160141
0.160411
0.160701
0.161006
0.161322
0.16165
0.161989
0.162342
0.162713
0.163101
0.163507
0.163928
0.164359
0.164791
0.165214
0.165617
0.165984
0.166301
0.166553
0.166725
0.166808
0.167093
0.166976
0.166765
0.166471
0.166112
0.165703
0.165261
0.164801
0.164335
0.163876
0.16343
0.163003
0.162598
0.162216
0.161855
0.161513
0.161186
0.160874
0.160577
0.1603
0.160045
0.15982
0.159632
0.159488
0.159395
0.159358
0.159382
0.159463
0.159597
0.159778
0.159998
0.16025
0.160528
0.160827
0.161143
0.161476
0.161826
0.162195
0.162586
0.163001
0.163438
0.163893
0.164361
0.164832
0.165295
0.165737
0.166141
0.166491
0.166769
0.166961
0.167053
0.167039
0.16692
0.166705
0.166407
0.166041
0.165626
0.165177
0.16471
0.164239
0.163774
0.163323
0.162891
0.162482
0.162097
0.161733
0.161388
0.161059
0.160747
0.160454
0.160182
0.159938
0.159727
0.159558
0.159437
0.15937
0.159362
0.159414
0.159521
0.159677
0.159875
0.160109
0.16037
0.160653
0.160953
0.161269
0.1616
0.161947
0.162313
0.162701
0.163112
0.163545
0.163995
0.164456
0.164921
0.165378
0.165813
0.166211
0.166555
0.166828
0.167016
0.167107
0.16741
0.167284
0.167057
0.166744
0.16636
0.165925
0.165454
0.164965
0.164471
0.163984
0.163511
0.16306
0.162635
0.162236
0.161863
0.161513
0.161182
0.160871
0.160579
0.160308
0.160062
0.159846
0.159666
0.159529
0.159441
0.159406
0.159429
0.159507
0.159636
0.159809
0.160021
0.160265
0.160536
0.160831
0.161147
0.161484
0.161842
0.162223
0.162631
0.163068
0.163529
0.164011
0.164507
0.165008
0.165501
0.165971
0.166401
0.166775
0.167072
0.167278
0.167377
0.167362
0.167234
0.167003
0.166685
0.166295
0.165852
0.165375
0.164879
0.164378
0.163885
0.163407
0.162952
0.162523
0.162122
0.161747
0.161394
0.161063
0.160753
0.160464
0.160199
0.159963
0.15976
0.159598
0.159482
0.159418
0.15941
0.159459
0.15956
0.159709
0.159899
0.160123
0.160376
0.160653
0.16095
0.161266
0.161602
0.161958
0.162337
0.162743
0.163176
0.163633
0.16411
0.1646
0.165094
0.165579
0.166042
0.166466
0.166833
0.167125
0.167327
0.167425
0.167746
0.167614
0.167375
0.167047
0.166645
0.16619
0.165698
0.165187
0.164671
0.164161
0.163666
0.163195
0.16275
0.162336
0.161951
0.161592
0.161257
0.160945
0.160655
0.160389
0.16015
0.159943
0.159771
0.159641
0.159557
0.159525
0.159547
0.159622
0.159745
0.159911
0.160116
0.160353
0.16062
0.160912
0.161229
0.161571
0.161938
0.162332
0.162756
0.163211
0.163693
0.164198
0.164717
0.16524
0.165755
0.166247
0.166697
0.167088
0.1674
0.167616
0.167721
0.167705
0.16757
0.167328
0.166993
0.166585
0.166123
0.165624
0.165105
0.164582
0.164066
0.163566
0.16309
0.162643
0.162227
0.16184
0.16148
0.161145
0.160834
0.160548
0.160289
0.160059
0.159864
0.159709
0.159597
0.159536
0.159528
0.159574
0.15967
0.159812
0.159993
0.16021
0.160456
0.160728
0.161024
0.161342
0.161683
0.162049
0.162441
0.162863
0.163315
0.163793
0.164293
0.164805
0.165322
0.165829
0.166313
0.166756
0.16714
0.167447
0.167659
0.167762
0.168103
0.167967
0.167722
0.167385
0.166974
0.166508
0.166006
0.165482
0.164953
0.164429
0.16392
0.163433
0.162975
0.162548
0.162153
0.161785
0.161445
0.161131
0.160842
0.16058
0.160347
0.160146
0.159981
0.159856
0.159777
0.159746
0.159768
0.15984
0.159959
0.16012
0.160318
0.160551
0.160814
0.161106
0.161425
0.161772
0.162147
0.162552
0.162989
0.163458
0.163955
0.164474
0.165008
0.165544
0.166072
0.166574
0.167035
0.167435
0.167755
0.167977
0.168085
0.168069
0.16793
0.167681
0.167339
0.166921
0.166448
0.165937
0.165406
0.164869
0.164338
0.163824
0.163334
0.162872
0.162444
0.162047
0.161679
0.16134
0.161027
0.160743
0.160487
0.160263
0.160074
0.159924
0.159817
0.159758
0.159749
0.159793
0.159885
0.16002
0.160195
0.160405
0.160646
0.160915
0.16121
0.161531
0.161878
0.162253
0.162657
0.163092
0.163558
0.16405
0.164564
0.165091
0.16562
0.166139
0.166634
0.167087
0.167481
0.167795
0.168013
0.16812
0.168481
0.168344
0.1681
0.167763
0.167354
0.16689
0.166389
0.165866
0.165336
0.16481
0.164298
0.163806
0.163342
0.162909
0.162506
0.162134
0.16179
0.161474
0.161186
0.160927
0.160699
0.160503
0.160344
0.160224
0.160148
0.160119
0.160141
0.160211
0.160325
0.160482
0.160675
0.160904
0.161165
0.161456
0.161777
0.162127
0.162508
0.162919
0.163363
0.163838
0.16434
0.164863
0.165398
0.165935
0.166461
0.166962
0.167422
0.16782
0.16814
0.168362
0.168471
0.168454
0.168315
0.168066
0.167724
0.167308
0.166836
0.166327
0.165797
0.165259
0.164726
0.164208
0.163712
0.163245
0.16281
0.162406
0.162034
0.161691
0.161378
0.161094
0.160842
0.160622
0.160437
0.160292
0.160188
0.16013
0.160122
0.160163
0.160251
0.160381
0.160551
0.160755
0.160992
0.161258
0.161554
0.161877
0.162228
0.162608
0.163019
0.16346
0.163932
0.16443
0.164946
0.165474
0.166003
0.166522
0.167015
0.167466
0.167859
0.168173
0.168391
0.168498
0.16888
0.168747
0.16851
0.168185
0.16779
0.167343
0.166859
0.166354
0.16584
0.165328
0.164827
0.164345
0.163886
0.163457
0.163056
0.162685
0.162342
0.162028
0.161743
0.161488
0.161265
0.161075
0.160921
0.160806
0.160733
0.160706
0.160727
0.160795
0.160906
0.161058
0.161247
0.161471
0.161727
0.162016
0.162335
0.162684
0.163064
0.163474
0.163913
0.164382
0.164875
0.165386
0.165906
0.166427
0.166935
0.167419
0.167862
0.168247
0.168556
0.168771
0.168877
0.16886
0.168725
0.168485
0.168154
0.167753
0.167297
0.166806
0.166293
0.165771
0.165253
0.164746
0.164259
0.163797
0.163365
0.162963
0.162591
0.162249
0.161938
0.161658
0.161409
0.161194
0.161015
0.160873
0.160773
0.160717
0.160708
0.160747
0.160832
0.160957
0.161121
0.16132
0.161552
0.161814
0.162107
0.162428
0.162779
0.163158
0.163566
0.164004
0.164469
0.164957
0.165461
0.165974
0.166487
0.166987
0.167463
0.167899
0.168277
0.168581
0.168792
0.168896
0.169298
0.169175
0.168955
0.168654
0.168288
0.167874
0.167426
0.166958
0.166481
0.166004
0.165534
0.16508
0.164644
0.164233
0.163847
0.163488
0.163155
0.162851
0.162576
0.16233
0.162115
0.161932
0.161785
0.161676
0.161607
0.161581
0.161602
0.161667
0.161774
0.161919
0.162101
0.162317
0.162565
0.162845
0.163154
0.163493
0.16386
0.164254
0.164675
0.16512
0.165585
0.166063
0.166549
0.167032
0.167504
0.167952
0.168362
0.168718
0.169005
0.169204
0.169302
0.169287
0.169162
0.168938
0.168632
0.16826
0.167839
0.167384
0.166908
0.166423
0.165939
0.165463
0.165003
0.164564
0.16415
0.163762
0.163402
0.163071
0.162769
0.162498
0.162258
0.16205
0.161878
0.161742
0.161646
0.161592
0.161584
0.161621
0.1617
0.16182
0.161976
0.162167
0.162391
0.162644
0.162928
0.163239
0.163579
0.163945
0.164338
0.164756
0.165196
0.165656
0.166128
0.166606
0.167081
0.167545
0.167986
0.168389
0.168739
0.16902
0.169217
0.169313
0.169736
0.169627
0.169434
0.16917
0.168851
0.168489
0.168098
0.167689
0.167271
0.166853
0.166439
0.166035
0.165645
0.165273
0.16492
0.16459
0.164284
0.164003
0.163748
0.16352
0.163321
0.163153
0.163017
0.162916
0.162853
0.16283
0.162849
0.16291
0.163008
0.163143
0.163311
0.163512
0.163742
0.164001
0.164287
0.164599
0.164936
0.165297
0.165677
0.166076
0.166489
0.166911
0.167337
0.167761
0.168173
0.168564
0.168922
0.169234
0.169485
0.169661
0.169748
0.169734
0.169624
0.169427
0.169159
0.168834
0.168466
0.168068
0.167652
0.167227
0.166801
0.166381
0.165972
0.165578
0.165202
0.164847
0.164516
0.16421
0.163931
0.163679
0.163457
0.163265
0.163105
0.162979
0.16289
0.16284
0.162832
0.162865
0.162939
0.163049
0.163193
0.16337
0.163576
0.163811
0.164073
0.164361
0.164674
0.16501
0.165368
0.165745
0.166139
0.166546
0.166961
0.167381
0.167797
0.168202
0.168586
0.168938
0.169245
0.169492
0.169664
0.169749
0.170192
0.170104
0.169948
0.169735
0.169478
0.169189
0.168877
0.168551
0.168217
0.167883
0.167551
0.167225
0.166907
0.1666
0.166306
0.166029
0.16577
0.165531
0.165314
0.165119
0.164949
0.164805
0.164689
0.164602
0.164548
0.164528
0.164546
0.164598
0.164683
0.164799
0.164943
0.165115
0.165312
0.165533
0.165776
0.16604
0.166324
0.166625
0.166939
0.167264
0.167598
0.167937
0.168277
0.168616
0.168945
0.169258
0.169545
0.169796
0.169998
0.170141
0.170211
0.1702
0.17011
0.169951
0.169735
0.169474
0.169179
0.168861
0.168529
0.168189
0.167849
0.167511
0.16718
0.166857
0.166545
0.166249
0.16597
0.165711
0.165473
0.165258
0.165068
0.164903
0.164766
0.164658
0.164581
0.164538
0.16453
0.164559
0.164622
0.164716
0.16484
0.164991
0.165167
0.165368
0.165591
0.165835
0.166099
0.166381
0.166679
0.166989
0.167309
0.167637
0.16797
0.168305
0.168637
0.16896
0.169267
0.169549
0.169795
0.169994
0.170134
0.170203
0.170665
0.170603
0.170494
0.170346
0.17017
0.169972
0.16976
0.169539
0.169315
0.169091
0.168869
0.168649
0.168433
0.16822
0.168014
0.167817
0.167633
0.167461
0.167305
0.167164
0.167041
0.166936
0.166851
0.166787
0.166747
0.166733
0.166746
0.166785
0.166848
0.166933
0.167039
0.167164
0.167307
0.167466
0.167641
0.16783
0.168031
0.168243
0.168462
0.168684
0.168909
0.169137
0.169366
0.169594
0.169817
0.17003
0.170227
0.170401
0.170542
0.170641
0.170691
0.170683
0.17062
0.170509
0.170359
0.170178
0.169977
0.16976
0.169535
0.169307
0.169078
0.16885
0.168626
0.168405
0.168188
0.167978
0.16778
0.167594
0.167423
0.167268
0.167129
0.167009
0.166909
0.166829
0.166772
0.16674
0.166734
0.166755
0.166802
0.166871
0.166961
0.167071
0.167199
0.167344
0.167505
0.167679
0.167867
0.168066
0.168275
0.168489
0.168706
0.168926
0.169149
0.169374
0.169597
0.169816
0.170025
0.170218
0.170388
0.170526
0.170624
0.170673
0.171154
0.171123
0.171071
0.171001
0.170919
0.17083
0.170737
0.170644
0.170551
0.170461
0.170373
0.170287
0.170201
0.170112
0.170024
0.169939
0.169859
0.169784
0.169714
0.169652
0.169596
0.169548
0.169508
0.169479
0.16946
0.169453
0.169459
0.169478
0.169508
0.169548
0.169597
0.169655
0.16972
0.169791
0.169869
0.169952
0.17004
0.170132
0.170224
0.170314
0.170404
0.170496
0.17059
0.170685
0.170781
0.170875
0.170965
0.171046
0.171113
0.171162
0.171186
0.171183
0.171151
0.171097
0.171026
0.170942
0.170851
0.170756
0.17066
0.170565
0.170472
0.170381
0.170291
0.1702
0.170108
0.170017
0.16993
0.169848
0.169772
0.169702
0.169639
0.169584
0.169537
0.1695
0.169472
0.169457
0.169453
0.169464
0.169485
0.169518
0.169559
0.169609
0.169667
0.169732
0.169803
0.169879
0.169961
0.170046
0.170134
0.170223
0.170309
0.170395
0.170484
0.170575
0.170668
0.170762
0.170854
0.170941
0.17102
0.171086
0.171134
0.171158
0.171656
0.171662
0.171673
0.171692
0.171718
0.171753
0.171795
0.171845
0.171901
0.171962
0.172028
0.172095
0.172161
0.172223
0.172282
0.172339
0.172391
0.17244
0.172485
0.172524
0.172557
0.172585
0.172607
0.172622
0.172631
0.172635
0.172632
0.172624
0.17261
0.17259
0.172564
0.172531
0.172494
0.172451
0.172403
0.172352
0.172297
0.172239
0.172178
0.172113
0.172047
0.171984
0.171924
0.17187
0.171822
0.171782
0.17175
0.171726
0.171709
0.171699
0.171695
0.171696
0.171701
0.171713
0.171731
0.171757
0.171792
0.171834
0.171883
0.171939
0.172
0.172064
0.17213
0.172194
0.172254
0.172311
0.172365
0.172416
0.172462
0.172504
0.17254
0.172571
0.172596
0.172615
0.172627
0.172634
0.172634
0.172629
0.172619
0.172602
0.172578
0.172549
0.172514
0.172474
0.172428
0.172378
0.172324
0.172267
0.172207
0.172144
0.172077
0.17201
0.171946
0.171886
0.171831
0.171783
0.171743
0.171711
0.171686
0.17167
0.17166
0.171656
)
;

boundaryField
{
    top
    {
        type            fixedFluxPressure;
        gradient        nonuniform List<scalar> 
102
(
0.0156591
0.0168441
0.0189496
0.0218306
0.0253359
0.0293212
0.0336572
0.0382336
0.0429607
0.0477699
0.0526149
0.0574781
0.0623888
0.0674814
0.0725356
0.0774353
0.0821078
0.0864951
0.0905448
0.0942068
0.0974325
0.100174
0.102387
0.104026
0.105052
0.105423
0.105106
0.104125
0.102519
0.100329
0.0975956
0.0943641
0.0906815
0.0865967
0.0821608
0.0774278
0.0724582
0.0673279
0.0621573
0.0571726
0.052239
0.0473297
0.0424668
0.0377022
0.0331109
0.0287898
0.0248565
0.0214472
0.0187116
0.0168029
0.015864
0.0160075
0.0172093
0.019346
0.0222703
0.0258289
0.0298749
0.0342764
0.0389212
0.0437181
0.0485981
0.0535171
0.0584649
0.0634936
0.0686666
0.0737635
0.0786784
0.0833401
0.0876903
0.0916759
0.0952464
0.0983532
0.10095
0.102993
0.10444
0.105252
0.105391
0.104846
0.103657
0.101865
0.0995108
0.0966387
0.093295
0.0895274
0.0853851
0.0809186
0.0761817
0.071236
0.0661649
0.0611204
0.0562197
0.0513572
0.0465161
0.0417216
0.0370255
0.0325017
0.0282453
0.0243716
0.0210142
0.0183204
0.0164409
0.0155166
)
;
        value           nonuniform List<scalar> 
102
(
0.171917
0.171942
0.171989
0.172056
0.172141
0.172241
0.172356
0.172482
0.172617
0.172758
0.172904
0.173053
0.173201
0.173348
0.173491
0.173629
0.17376
0.173882
0.173994
0.174094
0.174181
0.174255
0.174313
0.174356
0.174382
0.174392
0.174384
0.17436
0.174319
0.174262
0.17419
0.174104
0.174005
0.173894
0.173772
0.173642
0.173504
0.173361
0.173214
0.173066
0.172918
0.172772
0.172632
0.172498
0.172374
0.172262
0.172164
0.172083
0.172021
0.171979
0.17196
0.171962
0.171988
0.172035
0.172102
0.172188
0.17229
0.172405
0.172532
0.172668
0.17281
0.172956
0.173104
0.173252
0.173399
0.17354
0.173676
0.173805
0.173924
0.174032
0.174128
0.17421
0.174278
0.174331
0.174368
0.174388
0.174391
0.174377
0.174346
0.174299
0.174237
0.17416
0.174069
0.173966
0.173851
0.173727
0.173594
0.173455
0.17331
0.173163
0.173014
0.172866
0.172721
0.172581
0.172448
0.172325
0.172214
0.172117
0.172037
0.171975
0.171934
0.171914
)
;
    }
    bottom
    {
        type            fixedFluxPressure;
        gradient        nonuniform List<scalar> 
102
(
0
0
0
0
0
0
0
0
0
0
0
0
0
0
0
0
0
0
0
0
0
0
0
0
0
0
0
0
0
0
0
0
0
0
0
0
0
0
0
0
0
0
0
0
0
0
0
0
0
0
0
0
0
0
0
0
0
0
0
0
0
0
0
0
0
0
0
0
0
0
0
0
0
0
0
0
0
0
0
0
0
0
0
0
0
0
0
0
0
0
0
0
0
0
0
0
0
0
0
0
0
-1.64785e-19
)
;
        value           nonuniform List<scalar> 
102
(
0.16311
0.163079
0.163022
0.162938
0.162828
0.162693
0.162533
0.162348
0.162138
0.161905
0.161651
0.16138
0.161095
0.160804
0.160514
0.160234
0.159975
0.159745
0.159553
0.159402
0.15929
0.159213
0.159163
0.159134
0.159119
0.159114
0.159117
0.159131
0.159157
0.159202
0.159272
0.159377
0.159519
0.159703
0.159926
0.16018
0.160457
0.160746
0.161038
0.161323
0.161596
0.161851
0.162084
0.162294
0.162478
0.162637
0.162769
0.162875
0.162954
0.163006
0.16303
0.163026
0.162995
0.162936
0.16285
0.162737
0.162598
0.162433
0.162242
0.162026
0.161787
0.161527
0.16125
0.160962
0.16067
0.160383
0.160112
0.159865
0.159652
0.159478
0.159346
0.159251
0.159188
0.159149
0.159126
0.159116
0.159114
0.159122
0.15914
0.159174
0.15923
0.159315
0.159437
0.159599
0.159802
0.16004
0.160305
0.160589
0.16088
0.16117
0.161452
0.161719
0.161968
0.162195
0.162398
0.162577
0.162731
0.162859
0.162962
0.163039
0.16309
0.163113
)
;
    }
    frontAndBack
    {
        type            empty;
    }
    left_cyc
    {
        type            cyclic;
    }
    right_cyc
    {
        type            cyclic;
    }
}


// ************************************************************************* //
