/*--------------------------------*- C++ -*----------------------------------*\
| =========                 |                                                 |
| \\      /  F ield         | OpenFOAM: The Open Source CFD Toolbox           |
|  \\    /   O peration     | Version:  2.3.0                                 |
|   \\  /    A nd           | Web:      www.OpenFOAM.org                      |
|    \\/     M anipulation  |                                                 |
\*---------------------------------------------------------------------------*/
FoamFile
{
    version     2.0;
    format      ascii;
    class       surfaceScalarField;
    location    "9000";
    object      phi;
}
// * * * * * * * * * * * * * * * * * * * * * * * * * * * * * * * * * * * * * //

dimensions      [0 3 -1 0 0 0 0];

internalField   nonuniform List<scalar> 
5988
(
3.58738e-08
-3.17301e-08
6.70653e-08
-3.11915e-08
9.72634e-08
-3.0198e-08
1.26045e-07
-2.87819e-08
1.53031e-07
-2.69852e-08
1.77888e-07
-2.48578e-08
2.00342e-07
-2.24538e-08
2.20167e-07
-1.98244e-08
2.3717e-07
-1.70037e-08
2.51159e-07
-1.3989e-08
2.61882e-07
-1.07229e-08
2.68971e-07
-7.08921e-09
2.71904e-07
-2.93276e-09
2.70015e-07
1.88958e-09
2.62602e-07
7.41211e-09
2.49179e-07
1.34237e-08
2.2975e-07
1.94284e-08
2.04963e-07
2.47874e-08
1.76216e-07
2.87474e-08
1.45488e-07
3.07274e-08
1.14757e-07
3.07313e-08
8.56817e-08
2.9075e-08
5.91834e-08
2.64984e-08
3.52819e-08
2.39015e-08
1.32769e-08
2.2005e-08
-7.9386e-09
2.12155e-08
-2.96103e-08
2.16717e-08
-5.29006e-08
2.32903e-08
-7.86395e-08
2.5739e-08
-1.07011e-07
2.83716e-08
-1.37311e-07
3.03001e-08
-1.68017e-07
3.07061e-08
-1.97185e-07
2.91679e-08
-2.22767e-07
2.55816e-08
-2.43167e-07
2.04e-08
-2.57541e-07
1.43737e-08
-2.65722e-07
8.18165e-09
-2.68117e-07
2.39526e-09
-2.65418e-07
-2.6993e-09
-2.58323e-07
-7.09555e-09
-2.47399e-07
-1.09234e-08
-2.33061e-07
-1.4338e-08
-2.15602e-07
-1.74594e-08
-1.95252e-07
-2.03499e-08
-1.72236e-07
-2.30164e-08
-1.46808e-07
-2.54277e-08
-1.19273e-07
-2.75348e-08
-8.99872e-08
-2.92858e-08
-5.93547e-08
-3.06326e-08
-2.78194e-08
-3.15353e-08
4.1441e-09
-3.19635e-08
3.60435e-08
-3.18994e-08
6.73896e-08
-3.13461e-08
9.77148e-08
-3.03253e-08
1.26585e-07
-2.88697e-08
1.53606e-07
-2.70218e-08
1.78437e-07
-2.48309e-08
2.00786e-07
-2.23492e-08
2.20409e-07
-1.96228e-08
2.37084e-07
-1.66751e-08
2.5057e-07
-1.3486e-08
2.60548e-07
-9.97755e-09
2.66565e-07
-6.0173e-09
2.68014e-07
-1.44889e-09
2.64179e-07
3.83465e-09
2.54413e-07
9.76595e-09
2.38436e-07
1.59779e-08
2.1658e-07
2.18556e-08
1.89886e-07
2.66941e-08
1.60119e-07
2.97671e-08
1.29338e-07
3.07809e-08
9.94208e-08
2.99171e-08
7.17025e-08
2.77183e-08
4.66479e-08
2.50546e-08
2.38752e-08
2.27727e-08
2.43954e-09
2.14356e-08
-1.88641e-08
2.13036e-08
-4.12667e-08
2.24026e-08
-6.57991e-08
2.45324e-08
-9.30038e-08
2.72047e-08
-1.22632e-07
2.96282e-08
-1.53543e-07
3.09113e-08
-1.83956e-07
3.04132e-08
-2.11852e-07
2.78959e-08
-2.35352e-07
2.34996e-08
-2.53256e-07
1.79041e-08
-2.65094e-07
1.18382e-08
-2.71011e-07
5.91698e-09
-2.71579e-07
5.67346e-10
-2.67506e-07
-4.07285e-09
-2.59428e-07
-8.07818e-09
-2.47825e-07
-1.16027e-08
-2.3303e-07
-1.47947e-08
-2.15274e-07
-1.77559e-08
-1.94746e-07
-2.05285e-08
-1.71642e-07
-2.31035e-08
-1.46202e-07
-2.54408e-08
-1.18714e-07
-2.74873e-08
-8.95249e-08
-2.91894e-08
-5.90259e-08
-3.04991e-08
-2.76491e-08
-3.13768e-08
-3.17929e-08
5.41534e-08
-7.9639e-08
1.01682e-07
-7.872e-08
1.48509e-07
-7.70249e-08
1.9434e-07
-7.46136e-08
2.3891e-07
-7.15552e-08
2.81959e-07
-6.79065e-08
3.23193e-07
-6.36876e-08
3.62231e-07
-5.88621e-08
3.98554e-07
-5.33275e-08
4.3148e-07
-4.69151e-08
4.6015e-07
-3.93926e-08
4.83524e-07
-3.04631e-08
5.00363e-07
-1.97717e-08
5.09198e-07
-6.94554e-09
5.08365e-07
8.24547e-09
4.96241e-07
2.55477e-08
4.71663e-07
4.40059e-08
4.34378e-07
6.2073e-08
3.8568e-07
7.74451e-08
3.28689e-07
8.77184e-08
2.6727e-07
9.21504e-08
2.05171e-07
9.11736e-08
1.45086e-07
8.65835e-08
8.80618e-08
8.09257e-08
3.36249e-08
7.64418e-08
-1.96567e-08
7.44971e-08
-7.35663e-08
7.55813e-08
-1.29676e-07
7.93996e-08
-1.88755e-07
8.48188e-08
-2.5017e-07
8.97865e-08
-3.11592e-07
9.1722e-08
-3.69429e-07
8.85427e-08
-4.19744e-07
7.94835e-08
-4.59097e-07
6.49341e-08
-4.85733e-07
4.70362e-08
-4.99616e-07
2.82562e-08
-5.01761e-07
1.03274e-08
-4.93755e-07
-5.6115e-09
-4.77311e-07
-1.91433e-08
-4.53977e-07
-3.04288e-08
-4.25072e-07
-3.9829e-08
-3.91704e-07
-4.77055e-08
-3.54796e-07
-5.43677e-08
-3.15084e-07
-6.00617e-08
-2.73131e-07
-6.49693e-08
-2.29354e-07
-6.92045e-08
-1.84076e-07
-7.28133e-08
-1.37578e-07
-7.57832e-08
-9.01473e-08
-7.80638e-08
-4.20901e-08
-7.95924e-08
6.26284e-09
-8.03165e-08
5.45719e-08
-8.02084e-08
1.02498e-07
-7.92724e-08
1.49716e-07
-7.75434e-08
1.95925e-07
-7.50786e-08
2.40843e-07
-7.19397e-08
2.84182e-07
-6.81697e-08
3.256e-07
-6.37675e-08
3.64647e-07
-5.86698e-08
4.00717e-07
-5.27449e-08
4.33025e-07
-4.57939e-08
4.60602e-07
-3.75543e-08
4.82285e-07
-2.77011e-08
4.96702e-07
-1.58658e-08
5.02246e-07
-1.70921e-09
4.97194e-07
1.48178e-08
4.8007e-07
3.31022e-08
4.50075e-07
5.18512e-08
4.07628e-07
6.91411e-08
3.54991e-07
8.2404e-08
2.95839e-07
8.9932e-08
2.34113e-07
9.16434e-08
1.73148e-07
8.86833e-08
1.14843e-07
8.33594e-08
5.94211e-08
7.81949e-08
5.84179e-09
7.5015e-08
-4.75747e-08
7.47201e-08
-1.02574e-07
7.74021e-08
-1.60402e-07
8.23597e-08
-2.2118e-07
8.7983e-08
-2.83417e-07
9.1865e-08
-3.44069e-07
9.15633e-08
-3.99271e-07
8.56159e-08
-4.45242e-07
7.38662e-08
-4.79277e-07
5.75352e-08
-5.0055e-07
3.91765e-08
-5.09602e-07
2.08907e-08
-5.07757e-07
4.07155e-09
-4.96686e-07
-1.05031e-08
-4.78017e-07
-2.27419e-08
-4.53155e-07
-3.29398e-08
-4.23286e-07
-4.14722e-08
-3.894e-07
-4.86805e-08
-3.52311e-07
-5.48451e-08
-3.12658e-07
-6.01818e-08
-2.70919e-07
-6.48423e-08
-2.27448e-07
-6.89118e-08
-1.82525e-07
-7.24106e-08
-1.36407e-07
-7.53069e-08
-8.93679e-08
-7.75383e-08
-4.17085e-08
-7.90362e-08
-7.97458e-08
6.0715e-08
-1.33351e-07
1.13936e-07
-1.31941e-07
1.66234e-07
-1.29323e-07
2.17181e-07
-1.25561e-07
2.66347e-07
-1.20721e-07
3.13288e-07
-1.14848e-07
3.57543e-07
-1.07942e-07
3.9862e-07
-9.99395e-08
4.36006e-07
-9.07137e-08
4.69175e-07
-8.00835e-08
4.97609e-07
-6.78272e-08
5.2084e-07
-5.36932e-08
5.3848e-07
-3.74121e-08
5.50243e-07
-1.87083e-08
5.5576e-07
2.72838e-09
5.53979e-07
2.73288e-08
5.42527e-07
5.54575e-08
5.18211e-07
8.63893e-08
4.78432e-07
1.17224e-07
4.22778e-07
1.43373e-07
3.54303e-07
1.60625e-07
2.78595e-07
1.66882e-07
2.00664e-07
1.64515e-07
1.23425e-07
1.58164e-07
4.76431e-08
1.52224e-07
-2.73332e-08
1.49473e-07
-1.0268e-07
1.50928e-07
-1.79262e-07
1.55981e-07
-2.56755e-07
1.62312e-07
-3.32822e-07
1.65854e-07
-4.02897e-07
1.61797e-07
-4.61283e-07
1.46929e-07
-5.04073e-07
1.22273e-07
-5.30937e-07
9.17978e-08
-5.44125e-07
6.02247e-08
-5.4687e-07
3.10012e-08
-5.4184e-07
5.29701e-09
-5.30334e-07
-1.7117e-08
-5.12793e-07
-3.66842e-08
-4.89505e-07
-5.37174e-08
-4.60852e-07
-6.84813e-08
-4.27319e-07
-8.12391e-08
-3.89442e-07
-9.22446e-08
-3.47777e-07
-1.01727e-07
-3.0287e-07
-1.09877e-07
-2.55242e-07
-1.16832e-07
-2.0539e-07
-1.22666e-07
-1.53783e-07
-1.2739e-07
-1.00879e-07
-1.30968e-07
-4.71296e-08
-1.33342e-07
7.01363e-09
-1.3446e-07
6.10983e-08
-1.34293e-07
1.14672e-07
-1.32846e-07
1.67284e-07
-1.30155e-07
2.18481e-07
-1.26276e-07
2.67804e-07
-1.21263e-07
3.14776e-07
-1.15142e-07
3.58895e-07
-1.07887e-07
3.99632e-07
-9.94072e-08
4.36438e-07
-8.95501e-08
4.68757e-07
-7.81132e-08
4.96062e-07
-6.48597e-08
5.17893e-07
-4.9532e-08
5.33894e-07
-3.18665e-08
5.43779e-07
-1.15945e-08
5.46972e-07
1.16253e-08
5.41823e-07
3.82507e-08
5.2539e-07
6.82843e-08
4.94537e-07
9.99939e-08
4.47534e-07
1.29408e-07
3.85604e-07
1.51862e-07
3.13441e-07
1.63806e-07
2.3665e-07
1.65475e-07
1.5926e-07
1.60749e-07
8.30317e-08
1.54424e-07
7.88907e-09
1.50158e-07
-6.71917e-08
1.49801e-07
-1.43331e-07
1.53541e-07
-2.20901e-07
1.5993e-07
-2.9863e-07
1.65712e-07
-3.73004e-07
1.66239e-07
-4.38642e-07
1.57202e-07
-4.90314e-07
1.37288e-07
-5.25921e-07
1.09473e-07
-5.46593e-07
7.82072e-08
-5.55235e-07
4.7819e-08
-5.5495e-07
2.06055e-08
-5.47754e-07
-3.12468e-09
-5.3444e-07
-2.38173e-08
-5.15316e-07
-4.18658e-08
-4.90692e-07
-5.7564e-08
-4.60978e-07
-7.11856e-08
-4.26662e-07
-8.29967e-08
-3.88265e-07
-9.32423e-08
-3.46312e-07
-1.02135e-07
-3.01312e-07
-1.09842e-07
-2.53748e-07
-1.16476e-07
-2.04077e-07
-1.22082e-07
-1.52736e-07
-1.26647e-07
-1.00156e-07
-1.30118e-07
-4.67659e-08
-1.32427e-07
-1.33515e-07
6.35587e-08
-1.89576e-07
1.19155e-07
-1.87537e-07
1.73569e-07
-1.83738e-07
2.26254e-07
-1.78246e-07
2.76666e-07
-1.71133e-07
3.24269e-07
-1.62451e-07
3.68536e-07
-1.52209e-07
4.08962e-07
-1.40366e-07
4.45071e-07
-1.26823e-07
4.76426e-07
-1.11439e-07
5.02641e-07
-9.40419e-08
5.23388e-07
-7.44405e-08
5.38403e-07
-5.24266e-08
5.47456e-07
-2.77613e-08
5.50302e-07
-1.1807e-10
5.46659e-07
3.09719e-08
5.36235e-07
6.58815e-08
5.18366e-07
1.04258e-07
4.90739e-07
1.4485e-07
4.48936e-07
1.85175e-07
3.89913e-07
2.19649e-07
3.15486e-07
2.41309e-07
2.31808e-07
2.48193e-07
1.44478e-07
2.45494e-07
5.63445e-08
2.40357e-07
-3.17616e-08
2.3758e-07
-1.19741e-07
2.38908e-07
-2.07068e-07
2.43308e-07
-2.91546e-07
2.4679e-07
-3.68255e-07
2.42563e-07
-4.30751e-07
2.24292e-07
-4.75878e-07
1.92056e-07
-5.05719e-07
1.52114e-07
-5.24797e-07
1.10876e-07
-5.35994e-07
7.14218e-08
-5.40217e-07
3.52249e-08
-5.37784e-07
2.86327e-09
-5.28979e-07
-2.59213e-08
-5.14063e-07
-5.16009e-08
-4.9327e-07
-7.45102e-08
-4.6687e-07
-9.48808e-08
-4.35199e-07
-1.12911e-07
-3.98656e-07
-1.28787e-07
-3.577e-07
-1.42682e-07
-3.12836e-07
-1.54741e-07
-2.64598e-07
-1.65069e-07
-2.13547e-07
-1.73717e-07
-1.60251e-07
-1.80685e-07
-1.05288e-07
-1.85931e-07
-4.92339e-08
-1.89395e-07
7.32821e-09
-1.91022e-07
6.38146e-08
-1.90779e-07
1.19642e-07
-1.88673e-07
1.74229e-07
-1.84743e-07
2.26999e-07
-1.79046e-07
2.77376e-07
-1.7164e-07
3.24794e-07
-1.62559e-07
3.68697e-07
-1.5179e-07
4.08556e-07
-1.39267e-07
4.43879e-07
-1.24873e-07
4.74221e-07
-1.08455e-07
4.99197e-07
-8.98354e-08
5.1849e-07
-6.8825e-08
5.31844e-07
-4.52206e-08
5.39022e-07
-1.87731e-08
5.39756e-07
1.08911e-08
5.3376e-07
4.42471e-08
5.2066e-07
8.13844e-08
4.99176e-07
1.21477e-07
4.65789e-07
1.62795e-07
4.1617e-07
2.0148e-07
3.49464e-07
2.30513e-07
2.70122e-07
2.44816e-07
1.8455e-07
2.46321e-07
9.69334e-08
2.4204e-07
8.90717e-09
2.38184e-07
-7.92254e-08
2.37934e-07
-1.67288e-07
2.41604e-07
-2.54055e-07
2.46697e-07
-3.35966e-07
2.47623e-07
-4.06882e-07
2.37154e-07
-4.6138e-07
2.11699e-07
-4.99068e-07
1.74977e-07
-5.23793e-07
1.34197e-07
-5.396e-07
9.40145e-08
-5.4823e-07
5.64486e-08
-5.5016e-07
2.25363e-08
-5.45676e-07
-7.60908e-09
-5.35053e-07
-3.44407e-08
-5.18526e-07
-5.83926e-08
-4.96329e-07
-7.97604e-08
-4.68744e-07
-9.87709e-08
-4.36113e-07
-1.15628e-07
-3.98838e-07
-1.30518e-07
-3.57365e-07
-1.43607e-07
-3.1218e-07
-1.55027e-07
-2.63795e-07
-1.64861e-07
-2.12739e-07
-1.73138e-07
-1.59551e-07
-1.79835e-07
-1.04776e-07
-1.84893e-07
-4.89634e-08
-1.8824e-07
-1.89812e-07
6.41687e-08
-2.46338e-07
1.20198e-07
-2.43566e-07
1.74856e-07
-2.38395e-07
2.27513e-07
-2.30903e-07
2.77559e-07
-2.21179e-07
3.24408e-07
-2.093e-07
3.67509e-07
-1.9531e-07
4.06353e-07
-1.7921e-07
4.40485e-07
-1.60954e-07
4.69502e-07
-1.40455e-07
4.93057e-07
-1.17597e-07
5.10855e-07
-9.22382e-08
5.22643e-07
-6.4215e-08
5.28213e-07
-3.33315e-08
5.27432e-07
6.63131e-10
5.2034e-07
3.8064e-08
5.07185e-07
7.90365e-08
4.88114e-07
1.23329e-07
4.62702e-07
1.70263e-07
4.29328e-07
2.18549e-07
3.83883e-07
2.65094e-07
3.21409e-07
3.03783e-07
2.42576e-07
3.27025e-07
1.5376e-07
3.34311e-07
6.06421e-08
3.33474e-07
-3.36611e-08
3.31883e-07
-1.27113e-07
3.32359e-07
-2.1706e-07
3.33256e-07
-2.98575e-07
3.28305e-07
-3.64945e-07
3.08932e-07
-4.13697e-07
2.73045e-07
-4.48901e-07
2.2726e-07
-4.75326e-07
1.78539e-07
-4.95068e-07
1.30618e-07
-5.08752e-07
8.51054e-08
-5.16316e-07
4.27895e-08
-5.17496e-07
4.04267e-09
-5.12202e-07
-3.12146e-08
-5.0055e-07
-6.32532e-08
-4.82747e-07
-9.23133e-08
-4.5905e-07
-1.18578e-07
-4.29766e-07
-1.42196e-07
-3.95255e-07
-1.63298e-07
-3.55941e-07
-1.81996e-07
-3.12307e-07
-1.98376e-07
-2.64891e-07
-2.12485e-07
-2.14279e-07
-2.2433e-07
-1.61092e-07
-2.33873e-07
-1.05975e-07
-2.41048e-07
-4.95923e-08
-2.45778e-07
7.38247e-09
-2.47997e-07
6.42691e-08
-2.47666e-07
1.20388e-07
-2.44793e-07
1.75069e-07
-2.39423e-07
2.27651e-07
-2.31628e-07
2.77494e-07
-2.21483e-07
3.23985e-07
-2.0905e-07
3.6655e-07
-1.94355e-07
4.04664e-07
-1.7738e-07
4.37859e-07
-1.58068e-07
4.65728e-07
-1.36324e-07
4.87925e-07
-1.12032e-07
5.04157e-07
-8.50568e-08
5.14178e-07
-5.5242e-08
5.17798e-07
-2.2393e-08
5.14944e-07
1.37454e-08
5.05765e-07
5.34256e-08
4.90524e-07
9.66254e-08
4.69147e-07
1.42855e-07
4.40739e-07
1.91203e-07
4.02587e-07
2.39632e-07
3.49442e-07
2.83658e-07
2.78612e-07
3.15647e-07
1.94275e-07
3.30658e-07
1.03063e-07
3.33252e-07
9.19088e-09
3.32056e-07
-8.50127e-08
3.32137e-07
-1.77397e-07
3.33988e-07
-2.64282e-07
3.33581e-07
-3.39351e-07
3.22693e-07
-3.97168e-07
2.94971e-07
-4.38919e-07
2.5345e-07
-4.69955e-07
2.06012e-07
-4.93631e-07
1.57874e-07
-5.11155e-07
1.11538e-07
-5.22763e-07
6.80565e-08
-5.28234e-07
2.80073e-08
-5.2736e-07
-8.48292e-09
-5.20157e-07
-4.16438e-08
-5.06785e-07
-7.17649e-08
-4.87465e-07
-9.90807e-08
-4.62459e-07
-1.23777e-07
-4.32076e-07
-1.4601e-07
-3.96678e-07
-1.65916e-07
-3.5668e-07
-1.83605e-07
-3.12553e-07
-1.99154e-07
-2.64817e-07
-2.12597e-07
-2.14034e-07
-2.23921e-07
-1.60797e-07
-2.33072e-07
-1.05721e-07
-2.39969e-07
-4.94392e-08
-2.44522e-07
-2.46658e-07
6.30198e-08
-3.0208e-07
1.17959e-07
-2.98506e-07
1.71395e-07
-2.91831e-07
2.22649e-07
-2.82157e-07
2.71071e-07
-2.69601e-07
3.16052e-07
-2.54281e-07
3.57031e-07
-2.36289e-07
3.93508e-07
-2.15686e-07
4.25044e-07
-1.9249e-07
4.51268e-07
-1.6668e-07
4.71868e-07
-1.38197e-07
4.86588e-07
-1.06958e-07
4.95221e-07
-7.28481e-08
4.97621e-07
-3.5732e-08
4.93738e-07
4.54662e-09
4.83678e-07
4.81239e-08
4.67726e-07
9.49885e-08
4.46228e-07
1.44827e-07
4.19474e-07
1.97017e-07
3.87401e-07
2.50622e-07
3.48486e-07
3.04009e-07
2.98545e-07
3.53724e-07
2.32452e-07
3.93118e-07
1.5097e-07
4.15793e-07
6.0438e-08
4.24006e-07
-3.3103e-08
4.25424e-07
-1.24737e-07
4.23994e-07
-2.08875e-07
4.17394e-07
-2.78859e-07
3.98289e-07
-3.32067e-07
3.62141e-07
-3.72723e-07
3.13701e-07
-4.0567e-07
2.60206e-07
-4.33008e-07
2.05878e-07
-4.55023e-07
1.52633e-07
-4.71457e-07
1.01539e-07
-4.81962e-07
5.32947e-08
-4.86227e-07
8.30771e-09
-4.84106e-07
-3.33359e-08
-4.75628e-07
-7.17312e-08
-4.60933e-07
-1.07007e-07
-4.40232e-07
-1.39279e-07
-4.13789e-07
-1.68639e-07
-3.81931e-07
-1.95156e-07
-3.4505e-07
-2.18877e-07
-3.0361e-07
-2.39816e-07
-2.58142e-07
-2.57953e-07
-2.09241e-07
-2.73231e-07
-1.57552e-07
-2.85562e-07
-1.03762e-07
-2.94838e-07
-4.85886e-08
-3.00952e-07
7.23366e-09
-3.03819e-07
6.29593e-08
-3.03392e-07
1.17845e-07
-2.99678e-07
1.71158e-07
-2.92736e-07
2.2219e-07
-2.82659e-07
2.70263e-07
-2.69556e-07
3.14742e-07
-2.5353e-07
3.5505e-07
-2.34662e-07
3.90671e-07
-2.13002e-07
4.21162e-07
-1.88558e-07
4.46146e-07
-1.61309e-07
4.65315e-07
-1.31201e-07
4.78416e-07
-9.81579e-08
4.85256e-07
-6.20826e-08
4.85719e-07
-2.28555e-08
4.79813e-07
1.9651e-08
4.67736e-07
6.55026e-08
4.49823e-07
1.14538e-07
4.2641e-07
1.66269e-07
3.97691e-07
2.19921e-07
3.63054e-07
2.74269e-07
3.19711e-07
3.27e-07
2.62331e-07
3.73027e-07
1.88136e-07
4.04852e-07
1.0142e-07
4.19968e-07
8.81658e-09
4.2466e-07
-8.44296e-08
4.25383e-07
-1.73266e-07
4.22825e-07
-2.51247e-07
4.11563e-07
-3.12899e-07
3.84345e-07
-3.59419e-07
3.41492e-07
-3.96274e-07
2.90305e-07
-4.26904e-07
2.36642e-07
-4.52313e-07
1.83283e-07
-4.72403e-07
1.31628e-07
-4.86858e-07
8.25121e-08
-4.95335e-07
3.64843e-08
-4.97589e-07
-6.22938e-09
-4.93559e-07
-4.5674e-08
-4.83327e-07
-8.1997e-08
-4.67057e-07
-1.15351e-07
-4.44967e-07
-1.45866e-07
-4.17329e-07
-1.73648e-07
-3.8447e-07
-1.98776e-07
-3.46777e-07
-2.21297e-07
-3.04706e-07
-2.41225e-07
-2.58774e-07
-2.58529e-07
-2.09555e-07
-2.73141e-07
-1.57669e-07
-2.84958e-07
-1.03775e-07
-2.93862e-07
-4.85588e-08
-2.99738e-07
-3.02494e-07
6.04251e-08
-3.55526e-07
1.13024e-07
-3.51105e-07
1.64045e-07
-3.42851e-07
2.1278e-07
-3.30893e-07
2.58566e-07
-3.15387e-07
3.00787e-07
-2.96502e-07
3.3889e-07
-2.74392e-07
3.7239e-07
-2.49187e-07
4.00876e-07
-2.20976e-07
4.24006e-07
-1.8981e-07
4.41506e-07
-1.55698e-07
4.53165e-07
-1.18616e-07
4.58831e-07
-7.8514e-08
4.58424e-07
-3.53251e-08
4.51962e-07
1.10088e-08
4.39595e-07
6.04902e-08
4.21612e-07
1.12971e-07
3.98373e-07
1.68066e-07
3.70255e-07
2.25135e-07
3.3759e-07
2.83288e-07
3.00323e-07
3.41276e-07
2.56909e-07
3.97138e-07
2.0317e-07
4.46857e-07
1.35152e-07
4.8381e-07
5.51296e-08
5.04029e-07
-2.97798e-08
5.10333e-07
-1.11683e-07
5.05897e-07
-1.83038e-07
4.88749e-07
-2.3992e-07
4.5517e-07
-2.85082e-07
4.07302e-07
-3.23178e-07
3.51797e-07
-3.56392e-07
2.93421e-07
-3.84996e-07
2.34481e-07
-4.08702e-07
1.76339e-07
-4.27128e-07
1.19965e-07
-4.39905e-07
6.60715e-08
-4.4672e-07
1.51229e-08
-4.47393e-07
-3.26629e-08
-4.41887e-07
-7.72377e-08
-4.30273e-07
-1.18621e-07
-4.12704e-07
-1.56848e-07
-3.89399e-07
-1.91943e-07
-3.60647e-07
-2.23908e-07
-3.26807e-07
-2.52716e-07
-2.88318e-07
-2.78305e-07
-2.45694e-07
-3.00577e-07
-1.99521e-07
-3.19404e-07
-1.50452e-07
-3.34631e-07
-9.91885e-08
-3.46101e-07
-4.6475e-08
-3.53666e-07
6.91934e-09
-3.57213e-07
6.02122e-08
-3.56685e-07
1.12623e-07
-3.52089e-07
1.63388e-07
-3.43502e-07
2.11774e-07
-3.31044e-07
2.57088e-07
-3.1487e-07
2.98695e-07
-2.95137e-07
3.36026e-07
-2.71994e-07
3.68587e-07
-2.45563e-07
3.9596e-07
-2.15931e-07
4.17804e-07
-1.83153e-07
4.33849e-07
-1.47245e-07
4.43892e-07
-1.08201e-07
4.478e-07
-6.59909e-08
4.45526e-07
-2.05816e-08
4.37142e-07
2.80354e-08
4.22866e-07
7.97784e-08
4.03033e-07
1.34371e-07
3.78021e-07
1.91281e-07
3.48204e-07
2.49738e-07
3.13793e-07
3.08681e-07
2.74188e-07
3.66605e-07
2.26493e-07
4.20722e-07
1.65863e-07
4.65483e-07
9.11542e-08
4.94677e-07
7.71615e-09
5.08098e-07
-7.66814e-08
5.09781e-07
-1.54168e-07
5.00311e-07
-2.18403e-07
4.75797e-07
-2.68951e-07
4.34893e-07
-3.10471e-07
3.83011e-07
-3.46488e-07
3.26323e-07
-3.77993e-07
2.68147e-07
-4.04881e-07
2.10171e-07
-4.26792e-07
1.53539e-07
-4.43349e-07
9.90695e-08
-4.54204e-07
4.73396e-08
-4.59101e-07
-1.33255e-09
-4.57926e-07
-4.68486e-08
-4.50692e-07
-8.92317e-08
-4.37497e-07
-1.28545e-07
-4.1851e-07
-1.64853e-07
-3.93959e-07
-1.982e-07
-3.64133e-07
-2.28601e-07
-3.29393e-07
-2.56038e-07
-2.9017e-07
-2.80449e-07
-2.46965e-07
-3.01733e-07
-2.00351e-07
-3.19755e-07
-1.50955e-07
-3.34354e-07
-9.94545e-08
-3.45363e-07
-4.65636e-08
-3.52629e-07
-3.56037e-07
5.66557e-08
-4.05635e-07
1.05902e-07
-4.00351e-07
1.53541e-07
-3.9049e-07
1.98861e-07
-3.76213e-07
2.412e-07
-3.57725e-07
2.79953e-07
-3.35254e-07
3.14586e-07
-3.09025e-07
3.44642e-07
-2.79242e-07
3.6974e-07
-2.46075e-07
3.89579e-07
-2.09649e-07
4.03929e-07
-1.70047e-07
4.12628e-07
-1.27315e-07
4.15584e-07
-8.14698e-08
4.12778e-07
-3.25192e-08
4.04283e-07
1.95038e-08
3.9028e-07
7.44926e-08
3.71059e-07
1.32193e-07
3.4698e-07
1.92145e-07
3.18445e-07
2.5367e-07
2.85867e-07
3.15866e-07
2.49563e-07
3.7758e-07
2.09417e-07
4.37283e-07
1.63846e-07
4.92429e-07
1.09497e-07
5.38159e-07
4.52723e-08
5.68254e-07
-2.39699e-08
5.79575e-07
-9.00844e-08
5.72011e-07
-1.46925e-07
5.4559e-07
-1.94154e-07
5.02399e-07
-2.35098e-07
4.48245e-07
-2.7189e-07
3.8859e-07
-3.04895e-07
3.26426e-07
-3.33844e-07
2.6343e-07
-3.58332e-07
2.00826e-07
-3.77947e-07
1.3958e-07
-3.92313e-07
8.04379e-08
-4.01122e-07
2.39316e-08
-4.04169e-07
-2.96162e-08
-4.01364e-07
-8.00421e-08
-3.92718e-07
-1.27267e-07
-3.78324e-07
-1.71243e-07
-3.58348e-07
-2.11919e-07
-3.33034e-07
-2.49223e-07
-3.02701e-07
-2.83048e-07
-2.67755e-07
-3.13252e-07
-2.2868e-07
-3.39651e-07
-1.86046e-07
-3.62038e-07
-1.40491e-07
-3.80187e-07
-9.27154e-08
-3.93876e-07
-4.34678e-08
-4.02913e-07
6.47181e-09
-4.07153e-07
5.63083e-08
-4.06521e-07
1.05249e-07
-4.0103e-07
1.52519e-07
-3.90772e-07
1.97383e-07
-3.75908e-07
2.39155e-07
-3.56641e-07
2.77211e-07
-3.33194e-07
3.11007e-07
-3.05789e-07
3.40075e-07
-2.74631e-07
3.64034e-07
-2.39891e-07
3.82584e-07
-2.01703e-07
3.95503e-07
-1.60164e-07
4.02641e-07
-1.15339e-07
4.03926e-07
-6.72765e-08
3.99373e-07
-1.60287e-08
3.891e-07
3.83091e-08
3.73339e-07
9.55388e-08
3.52423e-07
1.55287e-07
3.26737e-07
2.16967e-07
2.967e-07
2.79775e-07
2.62696e-07
3.42684e-07
2.24911e-07
4.04391e-07
1.82636e-07
4.62996e-07
1.33192e-07
5.14927e-07
7.36536e-08
5.54215e-07
5.96531e-09
5.75786e-07
-6.27116e-08
5.78458e-07
-1.24602e-07
5.62202e-07
-1.76365e-07
5.27561e-07
-2.20248e-07
4.78775e-07
-2.59328e-07
4.22091e-07
-2.94684e-07
3.61679e-07
-3.2625e-07
2.99713e-07
-3.53668e-07
2.37589e-07
-3.76523e-07
1.76394e-07
-3.94421e-07
1.16968e-07
-4.07016e-07
5.99346e-08
-4.14045e-07
5.69615e-09
-4.15356e-07
-4.55376e-08
-4.10902e-07
-9.36856e-08
-4.00722e-07
-1.38725e-07
-3.84927e-07
-1.80648e-07
-3.63695e-07
-2.19431e-07
-3.37276e-07
-2.55021e-07
-3.0599e-07
-2.87324e-07
-2.70238e-07
-3.16201e-07
-2.30498e-07
-3.41473e-07
-1.87323e-07
-3.6293e-07
-1.41333e-07
-3.80344e-07
-9.3206e-08
-3.9349e-07
-4.36624e-08
-4.02173e-07
-4.06246e-07
5.19325e-08
-4.51564e-07
9.70052e-08
-4.45424e-07
1.40485e-07
-4.3397e-07
1.81672e-07
-4.174e-07
2.19921e-07
-3.95975e-07
2.54654e-07
-3.69987e-07
2.85367e-07
-3.39738e-07
3.11637e-07
-3.05513e-07
3.33126e-07
-2.67563e-07
3.49576e-07
-2.26098e-07
3.60807e-07
-1.81278e-07
3.66712e-07
-1.3322e-07
3.67256e-07
-8.20145e-08
3.62481e-07
-2.77444e-08
3.52511e-07
2.94744e-08
3.37559e-07
8.94441e-08
3.17929e-07
1.51823e-07
2.93988e-07
2.16086e-07
2.66157e-07
2.815e-07
2.34898e-07
3.47126e-07
2.00684e-07
4.11794e-07
1.63926e-07
4.74041e-07
1.24591e-07
5.31764e-07
8.15552e-08
5.81195e-07
3.36288e-08
6.1618e-07
-1.72139e-08
6.30418e-07
-6.61923e-08
6.2099e-07
-1.10316e-07
5.89713e-07
-1.50228e-07
5.42312e-07
-1.87302e-07
4.8532e-07
-2.21798e-07
4.23086e-07
-2.53359e-07
3.57987e-07
-2.81509e-07
2.9158e-07
-3.05777e-07
2.25095e-07
-3.2573e-07
1.59533e-07
-3.40982e-07
9.56903e-08
-3.51215e-07
3.41639e-08
-3.56194e-07
-2.46373e-08
-3.55781e-07
-8.04546e-08
-3.49929e-07
-1.3312e-07
-3.38669e-07
-1.82503e-07
-3.22113e-07
-2.28474e-07
-3.00453e-07
-2.70883e-07
-2.73963e-07
-3.09539e-07
-2.43004e-07
-3.4421e-07
-2.08027e-07
-3.74629e-07
-1.69567e-07
-4.00499e-07
-1.28236e-07
-4.21517e-07
-8.47167e-08
-4.37396e-07
-3.97423e-08
-4.47888e-07
5.91719e-09
-4.52812e-07
5.14745e-08
-4.52078e-07
9.6145e-08
-4.457e-07
1.39166e-07
-4.33794e-07
1.79817e-07
-4.16559e-07
2.17431e-07
-3.94256e-07
2.51416e-07
-3.67178e-07
2.81257e-07
-3.3563e-07
3.06528e-07
-2.99901e-07
3.26888e-07
-2.60252e-07
3.42087e-07
-2.16902e-07
3.51954e-07
-1.7003e-07
3.56397e-07
-1.19782e-07
3.55405e-07
-6.62841e-08
3.49048e-07
-9.67172e-09
3.37488e-07
4.98685e-08
3.20984e-07
1.12043e-07
2.99873e-07
1.76398e-07
2.74554e-07
2.42286e-07
2.45473e-07
3.08856e-07
2.13105e-07
3.75052e-07
1.77918e-07
4.39578e-07
1.40176e-07
5.00738e-07
9.93372e-08
5.55767e-07
5.38984e-08
5.99654e-07
3.99789e-09
6.25687e-07
-4.64996e-08
6.28955e-07
-9.31742e-08
6.08877e-07
-1.35084e-07
5.6947e-07
-1.73692e-07
5.17384e-07
-2.09816e-07
4.58215e-07
-2.43309e-07
3.95172e-07
-2.73724e-07
3.30128e-07
-3.00588e-07
2.64453e-07
-3.23447e-07
1.99254e-07
-3.41895e-07
1.35416e-07
-3.55578e-07
7.36172e-08
-3.64215e-07
1.43328e-08
-3.67615e-07
-4.21374e-08
-3.65677e-07
-9.5623e-08
-3.58382e-07
-1.46021e-07
-3.45781e-07
-1.93249e-07
-3.28e-07
-2.37212e-07
-3.0524e-07
-2.77781e-07
-2.77778e-07
-3.14785e-07
-2.45976e-07
-3.48003e-07
-2.10277e-07
-3.77173e-07
-1.71204e-07
-4.02002e-07
-1.29356e-07
-4.22192e-07
-8.53932e-08
-4.37453e-07
-4.00255e-08
-4.47541e-07
-4.52275e-07
4.64371e-08
-4.92631e-07
8.66742e-08
-4.85661e-07
1.2537e-07
-4.72665e-07
1.61854e-07
-4.53884e-07
1.95514e-07
-4.29634e-07
2.25806e-07
-4.00279e-07
2.52267e-07
-3.662e-07
2.7452e-07
-3.27766e-07
2.92272e-07
-2.85316e-07
3.05316e-07
-2.39142e-07
3.13525e-07
-1.89487e-07
3.16849e-07
-1.36544e-07
3.15311e-07
-8.04765e-08
3.09009e-07
-2.14425e-08
2.98118e-07
4.03658e-08
2.82891e-07
1.04671e-07
2.63658e-07
1.71056e-07
2.40813e-07
2.38931e-07
2.14811e-07
3.07503e-07
1.86166e-07
3.7577e-07
1.55469e-07
4.42492e-07
1.23384e-07
5.06126e-07
9.05675e-08
5.6458e-07
5.7293e-08
6.1447e-07
2.32789e-08
6.50194e-07
-1.13153e-08
6.65012e-07
-4.54957e-08
6.5517e-07
-7.88188e-08
6.23036e-07
-1.11573e-07
5.75066e-07
-1.4364e-07
5.17386e-07
-1.74409e-07
4.53855e-07
-2.03196e-07
3.86774e-07
-2.2939e-07
3.17774e-07
-2.52453e-07
2.48158e-07
-2.71914e-07
1.78994e-07
-2.87362e-07
1.11138e-07
-2.9845e-07
4.52523e-08
-3.04909e-07
-1.81787e-08
-3.0655e-07
-7.88131e-08
-3.03269e-07
-1.36401e-07
-2.95039e-07
-1.90733e-07
-2.81913e-07
-2.416e-07
-2.64027e-07
-2.88768e-07
-2.41605e-07
-3.31961e-07
-2.14959e-07
-3.70856e-07
-1.84492e-07
-4.05095e-07
-1.50698e-07
-4.34293e-07
-1.14151e-07
-4.58064e-07
-7.54978e-08
-4.76049e-07
-3.54413e-08
-4.87944e-07
5.27682e-09
-4.9353e-07
4.58962e-08
-4.92698e-07
8.56595e-08
-4.85463e-07
1.23833e-07
-4.71967e-07
1.59727e-07
-4.52453e-07
1.92711e-07
-4.2724e-07
2.22233e-07
-3.96699e-07
2.4782e-07
-3.61218e-07
2.69094e-07
-3.21175e-07
2.85764e-07
-2.76922e-07
2.97632e-07
-2.28769e-07
3.04582e-07
-1.76981e-07
3.06583e-07
-1.21783e-07
3.0368e-07
-6.33814e-08
2.96001e-07
-1.99253e-09
2.83754e-07
6.21154e-08
2.6723e-07
1.28567e-07
2.46793e-07
1.96835e-07
2.2287e-07
2.66209e-07
1.9595e-07
3.35777e-07
1.66586e-07
4.04416e-07
1.35412e-07
4.70751e-07
1.03121e-07
5.33029e-07
7.02364e-08
5.88651e-07
3.67111e-08
6.33179e-07
2.33484e-09
6.60063e-07
-3.21877e-08
6.63478e-07
-6.59814e-08
6.4267e-07
-9.91249e-08
6.02614e-07
-1.31801e-07
5.5006e-07
-1.63593e-07
4.90006e-07
-1.93819e-07
4.25398e-07
-2.21831e-07
3.5814e-07
-2.47061e-07
2.89682e-07
-2.69008e-07
2.21201e-07
-2.87236e-07
1.53643e-07
-3.01364e-07
8.77456e-08
-3.11084e-07
2.40523e-08
-3.1616e-07
-3.70605e-08
-3.16441e-07
-9.53427e-08
-3.11846e-07
-1.50616e-07
-3.02372e-07
-2.02723e-07
-2.88088e-07
-2.51495e-07
-2.69142e-07
-2.96727e-07
-2.45763e-07
-3.38164e-07
-2.18266e-07
-3.75501e-07
-1.8705e-07
-4.08388e-07
-1.526e-07
-4.36452e-07
-1.15479e-07
-4.59313e-07
-7.63158e-08
-4.76616e-07
-3.5793e-08
-4.88063e-07
-4.93438e-07
4.03165e-08
-5.28283e-07
7.51842e-08
-5.20529e-07
1.08598e-07
-5.06079e-07
1.3993e-07
-4.85216e-07
1.68613e-07
-4.58317e-07
1.94151e-07
-4.25818e-07
2.16131e-07
-3.8818e-07
2.34225e-07
-3.4586e-07
2.48193e-07
-2.99284e-07
2.57881e-07
-2.48831e-07
2.63217e-07
-1.94823e-07
2.64207e-07
-1.37534e-07
2.60931e-07
-7.72005e-08
2.53542e-07
-1.40531e-08
2.42264e-07
5.16441e-08
2.27393e-07
1.19541e-07
2.09296e-07
1.89154e-07
1.884e-07
2.59827e-07
1.652e-07
3.30704e-07
1.40266e-07
4.00704e-07
1.14265e-07
4.68493e-07
8.79856e-08
5.32405e-07
6.23219e-08
5.90244e-07
3.80282e-08
6.38763e-07
1.52124e-08
6.7301e-07
-6.86771e-09
6.87092e-07
-2.93622e-08
6.77665e-07
-5.31674e-08
6.46841e-07
-7.83917e-08
6.00291e-07
-1.04384e-07
5.43378e-07
-1.30243e-07
4.79714e-07
-1.55141e-07
4.11672e-07
-1.7838e-07
3.41013e-07
-1.99364e-07
2.69143e-07
-2.17579e-07
1.97208e-07
-2.32577e-07
1.26136e-07
-2.43978e-07
5.66526e-08
-2.51468e-07
-1.06883e-08
-2.54811e-07
-7.54697e-08
-2.53847e-07
-1.37366e-07
-2.4849e-07
-1.9609e-07
-2.38737e-07
-2.51353e-07
-2.24667e-07
-3.02838e-07
-2.06448e-07
-3.5018e-07
-1.84338e-07
-3.92967e-07
-1.58686e-07
-4.30747e-07
-1.29934e-07
-4.63045e-07
-9.86075e-08
-4.89391e-07
-6.53035e-08
-5.09353e-07
-3.06794e-08
-5.22568e-07
4.5678e-09
-5.28778e-07
3.97221e-08
-5.27852e-07
7.40701e-08
-5.19811e-07
1.06923e-07
-5.0482e-07
1.37638e-07
-4.83168e-07
1.65634e-07
-4.55236e-07
1.90408e-07
-4.21473e-07
2.11541e-07
-3.82351e-07
2.28707e-07
-3.38341e-07
2.41671e-07
-2.89886e-07
2.50289e-07
-2.37388e-07
2.54505e-07
-1.81196e-07
2.54343e-07
-1.2162e-07
2.49907e-07
-5.89454e-08
2.41378e-07
6.53642e-09
2.29013e-07
7.44805e-08
2.13142e-07
1.44438e-07
1.94164e-07
2.15813e-07
1.72543e-07
2.8783e-07
1.48812e-07
3.59507e-07
1.23593e-07
4.29635e-07
9.7615e-08
4.96729e-07
7.17371e-08
5.58907e-07
4.68415e-08
6.13547e-07
2.3425e-08
6.56595e-07
1.1459e-09
6.82342e-07
-2.10199e-08
6.85644e-07
-4.41777e-08
6.65828e-07
-6.88721e-08
6.27308e-07
-9.47807e-08
5.75969e-07
-1.21071e-07
5.16296e-07
-1.46865e-07
4.51192e-07
-1.71409e-07
3.82683e-07
-1.94062e-07
3.12336e-07
-2.14275e-07
2.41415e-07
-2.31573e-07
1.7094e-07
-2.45541e-07
1.01714e-07
-2.55834e-07
3.43452e-08
-2.62173e-07
-3.07219e-08
-2.64351e-07
-9.31642e-08
-2.62236e-07
-1.52731e-07
-2.55766e-07
-2.09193e-07
-2.44954e-07
-2.62307e-07
-2.29895e-07
-3.11787e-07
-2.10763e-07
-3.57295e-07
-1.87823e-07
-3.98441e-07
-1.61423e-07
-4.34788e-07
-1.32001e-07
-4.65875e-07
-1.0007e-07
-4.91243e-07
-6.62157e-08
-5.1047e-07
-3.10782e-08
-5.23201e-07
-5.2918e-07
3.36889e-08
-5.58072e-07
6.27569e-08
-5.49597e-07
9.04903e-08
-5.33812e-07
1.16319e-07
-5.11045e-07
1.39731e-07
-4.8173e-07
1.6029e-07
-4.46377e-07
1.77638e-07
-4.05528e-07
1.91505e-07
-3.59726e-07
2.01704e-07
-3.09484e-07
2.08138e-07
-2.55264e-07
2.10788e-07
-1.97473e-07
2.09713e-07
-1.3646e-07
2.05048e-07
-7.25347e-08
1.96994e-07
-5.99923e-09
1.85823e-07
6.28145e-08
1.71874e-07
1.3349e-07
1.55545e-07
2.05483e-07
1.37296e-07
2.78075e-07
1.17653e-07
3.50347e-07
9.72161e-08
4.21141e-07
7.66766e-08
4.89032e-07
5.68318e-08
5.5225e-07
3.85537e-08
6.08522e-07
2.25697e-08
6.54747e-07
8.91494e-09
6.86665e-07
-3.55088e-09
6.99558e-07
-1.67204e-08
6.90834e-07
-3.2007e-08
6.62128e-07
-4.96416e-08
6.17925e-07
-6.89997e-08
5.62736e-07
-8.92056e-08
4.9992e-07
-1.09432e-07
4.31898e-07
-1.28957e-07
3.60538e-07
-1.47156e-07
2.87342e-07
-1.63484e-07
2.13536e-07
-1.77461e-07
1.40114e-07
-1.88673e-07
6.78644e-08
-1.96767e-07
-2.59448e-09
-2.01459e-07
-7.07778e-08
-2.02537e-07
-1.36288e-07
-1.99862e-07
-1.98764e-07
-1.93376e-07
-2.57839e-07
-1.83101e-07
-3.13113e-07
-1.69148e-07
-3.64133e-07
-1.51716e-07
-4.10399e-07
-1.31096e-07
-4.51366e-07
-1.0767e-07
-4.86471e-07
-8.19018e-08
-5.15159e-07
-5.43289e-08
-5.36926e-07
-2.55481e-08
-5.51349e-07
3.80374e-09
-5.58129e-07
3.30703e-08
-5.57119e-07
6.15983e-08
-5.48339e-07
8.87593e-08
-5.31981e-07
1.1397e-07
-5.08378e-07
1.36711e-07
-4.77977e-07
1.56539e-07
-4.413e-07
1.73095e-07
-3.98907e-07
1.86111e-07
-3.51357e-07
1.95412e-07
-2.99187e-07
2.0091e-07
-2.42886e-07
2.02603e-07
-1.8289e-07
2.00574e-07
-1.19591e-07
1.94977e-07
-5.33492e-08
1.86046e-07
1.54678e-08
1.74082e-07
8.6445e-08
1.59453e-07
1.59067e-07
1.42592e-07
2.32674e-07
1.23994e-07
3.06428e-07
1.04224e-07
3.79277e-07
8.39294e-08
4.4993e-07
6.38601e-08
5.16799e-07
4.48672e-08
5.779e-07
2.78047e-08
6.30609e-07
1.31384e-08
6.71262e-07
3.27665e-10
6.95153e-07
-1.22766e-08
6.98248e-07
-2.64757e-08
6.80027e-07
-4.30981e-08
6.4393e-07
-6.18652e-08
5.94736e-07
-8.19723e-08
5.36403e-07
-1.02557e-07
4.71777e-07
-1.2285e-07
4.02976e-07
-1.42185e-07
3.3167e-07
-1.59983e-07
2.59212e-07
-1.75735e-07
1.86693e-07
-1.88998e-07
1.14977e-07
-1.99388e-07
4.47351e-08
-2.06584e-07
-2.35257e-08
-2.10332e-07
-8.94156e-08
-2.10448e-07
-1.52615e-07
-2.06817e-07
-2.12824e-07
-1.99399e-07
-2.69725e-07
-1.88233e-07
-3.22953e-07
-1.7344e-07
-3.72089e-07
-1.55227e-07
-4.16654e-07
-1.33888e-07
-4.56127e-07
-1.09801e-07
-4.89961e-07
-8.34255e-08
-5.17619e-07
-5.52879e-08
-5.38608e-07
-2.59721e-08
-5.52517e-07
-5.59053e-07
2.66499e-08
-5.81634e-07
4.9571e-08
-5.72518e-07
7.13078e-08
-5.55549e-07
9.13594e-08
-5.31096e-07
1.09283e-07
-4.99654e-07
1.24707e-07
-4.61801e-07
1.37338e-07
-4.18158e-07
1.46964e-07
-3.69352e-07
1.53458e-07
-3.15978e-07
1.56776e-07
-2.58582e-07
1.5695e-07
-1.97647e-07
1.54089e-07
-1.33599e-07
1.48374e-07
-6.68197e-08
1.40052e-07
2.3234e-09
1.29432e-07
7.34338e-08
1.16886e-07
1.46036e-07
1.02839e-07
2.1953e-07
8.77684e-08
2.93146e-07
7.22098e-08
3.65905e-07
5.67573e-08
4.36594e-07
4.20697e-08
5.0372e-07
2.88619e-08
5.65458e-07
1.7845e-08
6.19539e-07
9.51385e-09
6.63079e-07
3.68263e-09
6.92496e-07
-9.19883e-10
7.04161e-07
-6.25712e-09
6.96171e-07
-1.38512e-08
6.69722e-07
-2.4135e-08
6.28209e-07
-3.67248e-08
5.75326e-07
-5.09276e-08
5.14122e-07
-6.60158e-08
4.46986e-07
-8.13109e-08
3.75833e-07
-9.6199e-08
3.0223e-07
-1.10128e-07
2.27465e-07
-1.22602e-07
1.52588e-07
-1.33182e-07
7.84438e-08
-1.41482e-07
5.70569e-09
-1.4718e-07
-6.50799e-08
-1.50019e-07
-1.33449e-07
-1.49813e-07
-1.9897e-07
-1.46452e-07
-2.612e-07
-1.39905e-07
-3.1966e-07
-1.30224e-07
-3.73814e-07
-1.1755e-07
-4.23073e-07
-1.02111e-07
-4.66806e-07
-8.42191e-08
-5.04362e-07
-6.427e-08
-5.35108e-07
-4.27292e-08
-5.58467e-07
-2.01198e-08
-5.73958e-07
2.99549e-09
-5.81245e-07
2.60353e-08
-5.80158e-07
4.84208e-08
-5.70725e-07
6.95978e-08
-5.53158e-07
8.90564e-08
-5.27837e-07
1.06348e-07
-4.95269e-07
1.21099e-07
-4.56051e-07
1.33016e-07
-4.10824e-07
1.41895e-07
-3.60237e-07
1.47619e-07
-3.04911e-07
1.50157e-07
-2.45423e-07
1.49561e-07
-1.82294e-07
1.45961e-07
-1.15991e-07
1.39562e-07
-4.69502e-08
1.30638e-07
2.43915e-08
1.19529e-07
9.7554e-08
1.06634e-07
1.71962e-07
9.24071e-08
2.46901e-07
7.73585e-08
3.21476e-07
6.2056e-08
3.9458e-07
4.713e-08
4.64855e-07
3.32749e-08
5.30654e-07
2.12225e-08
5.89952e-07
1.16227e-08
6.40209e-07
4.70054e-09
6.78184e-07
-2.62686e-10
7.00116e-07
-5.00631e-09
7.02991e-07
-1.14099e-08
6.86431e-07
-2.04577e-08
6.52978e-07
-3.21053e-08
6.06384e-07
-4.57674e-08
5.50065e-07
-6.07201e-08
4.8673e-07
-7.62605e-08
4.18516e-07
-9.17465e-08
3.47156e-07
-1.066e-07
2.74065e-07
-1.20301e-07
2.00393e-07
-1.32384e-07
1.27061e-07
-1.4244e-07
5.47904e-08
-1.50111e-07
-1.58539e-08
-1.55105e-07
-8.44219e-08
-1.57191e-07
-1.50529e-07
-1.56206e-07
-2.13809e-07
-1.52063e-07
-2.73868e-07
-1.44746e-07
-3.3027e-07
-1.34323e-07
-3.82512e-07
-1.20942e-07
-4.30035e-07
-1.04836e-07
-4.72233e-07
-8.63202e-08
-5.08477e-07
-6.5785e-08
-5.38154e-07
-4.36898e-08
-5.60703e-07
-2.05484e-08
-5.75658e-07
-5.82689e-07
1.92777e-08
-5.98675e-07
3.57733e-08
-5.89013e-07
5.12635e-08
-5.71039e-07
6.53289e-08
-5.45162e-07
7.76051e-08
-5.1193e-07
8.77939e-08
-4.71989e-07
9.56706e-08
-4.26035e-07
1.01087e-07
-3.74769e-07
1.03974e-07
-3.18865e-07
1.04338e-07
-2.58946e-07
1.0226e-07
-1.95569e-07
9.78914e-08
-1.2923e-07
9.14508e-08
-6.03791e-08
8.32195e-08
1.05547e-08
7.35365e-08
8.31167e-08
6.27925e-08
1.5678e-07
5.14239e-08
2.30899e-07
3.9909e-08
3.0466e-07
2.87661e-08
3.77048e-07
1.85489e-08
4.46811e-07
9.83698e-09
5.12432e-07
3.20771e-09
5.72087e-07
-8.43191e-10
6.2359e-07
-2.0951e-09
6.64331e-07
-9.47297e-10
6.91348e-07
1.32668e-09
7.01887e-07
2.92266e-09
6.94575e-07
2.37419e-09
6.7027e-07
-9.22606e-10
6.31506e-07
-6.85904e-09
5.81263e-07
-1.49781e-08
5.22241e-07
-2.47081e-08
4.56716e-07
-3.54624e-08
3.86588e-07
-4.6676e-08
3.13444e-07
-5.7818e-08
2.38607e-07
-6.83964e-08
1.63167e-07
-7.79617e-08
8.80091e-08
-8.61105e-08
1.38544e-08
-9.24918e-08
-5.86987e-08
-9.68146e-08
-1.29126e-07
-9.88534e-08
-1.96931e-07
-9.84529e-08
-2.61601e-07
-9.55328e-08
-3.2258e-07
-9.00911e-08
-3.79255e-07
-8.22069e-08
-4.30957e-07
-7.2041e-08
-4.76972e-07
-5.98342e-08
-5.16569e-07
-4.59029e-08
-5.4904e-07
-3.06302e-08
-5.73739e-07
-1.44536e-08
-5.90135e-07
2.15183e-09
-5.9785e-07
1.86932e-08
-5.967e-07
3.46803e-08
-5.86712e-07
4.96459e-08
-5.68124e-07
6.31652e-08
-5.41356e-07
7.48712e-08
-5.06975e-07
8.44666e-08
-4.65646e-07
9.17309e-08
-4.18088e-07
9.65243e-08
-3.6503e-07
9.87889e-08
-3.07176e-07
9.85473e-08
-2.45182e-07
9.58995e-08
-1.79646e-07
9.10196e-08
-1.11111e-07
8.41506e-08
-4.00812e-08
7.55995e-08
3.29426e-08
6.57316e-08
1.07422e-07
5.49628e-08
1.82731e-07
4.37541e-08
2.5811e-07
3.26077e-08
3.32623e-07
2.2064e-08
4.05124e-07
1.26955e-08
4.74224e-07
5.08997e-09
5.38259e-07
-1.96907e-10
5.95239e-07
-2.76913e-09
6.42781e-07
-2.66694e-09
6.78082e-07
-7.2586e-10
6.98175e-07
1.42089e-09
7.00845e-07
2.03245e-09
6.85819e-07
6.04698e-11
6.5495e-07
-4.69682e-09
6.11141e-07
-1.19196e-08
5.57288e-07
-2.10784e-08
4.95889e-07
-3.15905e-08
4.29029e-07
-4.28815e-08
3.58447e-07
-5.44061e-08
2.8559e-07
-6.56563e-08
2.11644e-07
-7.61644e-08
1.37569e-07
-8.55052e-08
6.41312e-08
-9.33009e-08
-8.05814e-09
-9.92271e-08
-7.84957e-08
-1.03018e-07
-1.46738e-07
-1.04473e-07
-2.12354e-07
-1.03457e-07
-2.74884e-07
-9.99099e-08
-3.33817e-07
-9.38433e-08
-3.88578e-07
-8.53477e-08
-4.3853e-07
-7.45912e-08
-4.82989e-07
-6.18181e-08
-5.2125e-07
-4.73445e-08
-5.52628e-07
-3.15504e-08
-5.76497e-07
-1.48675e-08
-5.92341e-07
-5.99793e-07
1.16394e-08
-6.0896e-07
2.14889e-08
-5.98863e-07
3.05388e-08
-5.80089e-07
3.84619e-08
-5.53085e-07
4.49812e-08
-5.18449e-07
4.98795e-08
-4.76888e-07
5.3005e-08
-4.2916e-07
5.42749e-08
-3.76039e-07
5.36757e-08
-3.18266e-07
5.1263e-08
-2.56533e-07
4.71589e-08
-1.91465e-07
4.15502e-08
-1.23622e-07
3.46841e-08
-5.3513e-08
2.68644e-08
1.83744e-08
1.84451e-08
9.1536e-08
9.82236e-09
1.65403e-07
1.4271e-09
2.39294e-07
-6.28208e-09
3.1237e-07
-1.28273e-08
3.83593e-07
-1.77236e-08
4.51707e-07
-2.04996e-08
5.15208e-07
-2.07393e-08
5.72326e-07
-1.81666e-08
6.21017e-07
-1.28073e-08
6.58971e-07
-5.22309e-09
6.83764e-07
3.35992e-09
6.93304e-07
1.1336e-08
6.86599e-07
1.73405e-08
6.64266e-07
2.06517e-08
6.28195e-07
2.11385e-08
5.80776e-07
1.90254e-08
5.24355e-07
1.47077e-08
4.61034e-07
8.65138e-09
3.92644e-07
1.34379e-09
3.20751e-07
-6.73068e-09
2.46681e-07
-1.51045e-08
1.7154e-07
-2.33362e-08
9.62408e-08
-3.10187e-08
2.15369e-08
-3.7787e-08
-5.19303e-08
-4.33277e-08
-1.23586e-07
-4.73858e-08
-1.92873e-07
-4.97694e-08
-2.59217e-07
-5.03545e-08
-3.21995e-07
-4.90876e-08
-3.80522e-07
-4.59875e-08
-4.34057e-07
-4.11461e-08
-4.81813e-07
-3.47267e-08
-5.22988e-07
-2.69601e-08
-5.56806e-07
-1.81374e-08
-5.82562e-07
-8.59897e-09
-5.99673e-07
1.28015e-09
-6.07729e-07
1.11083e-08
-6.06528e-07
2.04964e-08
-5.961e-07
2.90767e-08
-5.76704e-07
3.65205e-08
-5.488e-07
4.25512e-08
-5.13006e-07
4.69549e-08
-4.7005e-07
4.95866e-08
-4.2072e-07
5.03733e-08
-3.65817e-07
4.9315e-08
-3.06117e-07
4.64836e-08
-2.4235e-07
4.2021e-08
-1.75183e-07
3.61359e-08
-1.05226e-07
2.90991e-08
-3.30443e-08
2.12381e-08
4.08036e-08
1.29297e-08
1.1573e-07
4.59065e-09
1.9107e-07
-3.33008e-09
2.6603e-07
-1.03596e-08
3.39652e-07
-1.60111e-08
4.10775e-07
-1.97997e-08
4.78013e-07
-2.12716e-08
5.39731e-07
-2.00633e-08
5.94031e-07
-1.60211e-08
6.38739e-07
-9.40786e-09
6.71468e-07
-1.12316e-09
6.8989e-07
7.34898e-09
6.92372e-07
1.44473e-08
6.78721e-07
1.91113e-08
6.50286e-07
2.09405e-08
6.09312e-07
2.00083e-08
5.5822e-07
1.66389e-08
4.99258e-07
1.12684e-08
4.34399e-07
4.37473e-09
3.65341e-07
-3.55749e-09
2.93522e-07
-1.20545e-08
2.20141e-07
-2.0664e-08
1.46179e-07
-2.89635e-08
7.24308e-08
-3.65671e-08
-4.54586e-10
-4.31329e-08
-7.193e-08
-4.83714e-08
-1.415e-07
-5.20507e-08
-2.08675e-07
-5.40005e-08
-2.72934e-07
-5.41159e-08
-3.33702e-07
-5.23591e-08
-3.90335e-07
-4.87615e-08
-4.42128e-07
-4.34242e-08
-4.88326e-07
-3.65162e-08
-5.28158e-07
-2.82711e-08
-5.60873e-07
-1.898e-08
-5.85788e-07
-8.98104e-09
-6.0234e-07
-6.10129e-07
3.79597e-09
-6.12308e-07
6.83159e-09
-6.01899e-07
9.29774e-09
-5.82555e-07
1.09696e-08
-5.54757e-07
1.16657e-08
-5.19145e-07
1.12553e-08
-4.76477e-07
9.66302e-09
-4.27568e-07
6.87152e-09
-3.73247e-07
2.92218e-09
-3.14317e-07
-2.08523e-09
-2.51525e-07
-7.99356e-09
-1.85556e-07
-1.45902e-08
-1.17025e-07
-2.16098e-08
-4.64934e-08
-2.8739e-08
2.55036e-08
-3.5623e-08
9.84201e-08
-4.18757e-08
1.71656e-07
-4.70881e-08
2.44507e-07
-5.08397e-08
3.16121e-07
-5.27121e-08
3.85466e-07
-5.23075e-08
4.51303e-07
-4.9277e-08
5.12177e-07
-4.33682e-08
5.66418e-07
-3.45049e-08
6.12154e-07
-2.29121e-08
6.47378e-07
-9.26391e-09
6.70116e-07
5.27128e-09
6.78769e-07
1.926e-08
6.72611e-07
3.14369e-08
6.52089e-07
4.10057e-08
6.18626e-07
4.76471e-08
5.74134e-07
5.13803e-08
5.20621e-07
5.24262e-08
4.59988e-07
5.11182e-08
3.93952e-07
4.78479e-08
3.24022e-07
4.30337e-08
2.51496e-07
3.71003e-08
1.77474e-07
3.04635e-08
1.02878e-07
2.35183e-08
2.84821e-08
1.66288e-08
-4.50408e-08
1.01178e-08
-1.17075e-07
4.25905e-09
-1.87014e-07
-7.28598e-10
-2.54229e-07
-4.68404e-09
-3.18039e-07
-7.50632e-09
-3.777e-07
-9.15579e-09
-4.32408e-07
-9.65433e-09
-4.81315e-07
-9.08403e-09
-5.23559e-07
-7.58409e-09
-5.58306e-07
-5.34508e-09
-5.84801e-07
-2.60018e-09
-6.02418e-07
3.87054e-10
-6.10716e-07
3.338e-09
-6.09479e-07
5.97632e-09
-5.98738e-07
8.04498e-09
-5.78773e-07
9.32081e-09
-5.50076e-07
9.62583e-09
-5.13311e-07
8.83519e-09
-4.69259e-07
6.88216e-09
-4.18767e-07
3.76074e-09
-3.62695e-07
-4.73513e-10
-3.01883e-07
-5.70395e-09
-2.3712e-07
-1.17543e-08
-1.69133e-07
-1.83909e-08
-9.85889e-08
-2.53271e-08
-2.61082e-08
-3.2228e-08
4.77045e-08
-3.87208e-08
1.22223e-07
-4.44038e-08
1.96753e-07
-4.88578e-08
2.70484e-07
-5.16583e-08
3.42453e-07
-5.23914e-08
4.11508e-07
-5.06769e-08
4.76298e-07
-4.62042e-08
5.35259e-07
-3.87943e-08
5.86621e-07
-2.85013e-08
6.28446e-07
-1.57569e-08
6.58724e-07
-1.49107e-09
6.75624e-07
1.29475e-08
6.77934e-07
2.61555e-08
6.65513e-07
3.7084e-08
6.39358e-07
4.51872e-08
6.01209e-07
5.03326e-08
5.53075e-07
5.26523e-08
4.96938e-07
5.24298e-08
4.34622e-07
5.00302e-08
3.67741e-07
4.58591e-08
2.97693e-07
4.03367e-08
2.25663e-07
3.3882e-08
1.52633e-07
2.68987e-08
7.94141e-08
1.97658e-08
6.6783e-09
1.28283e-08
-6.49925e-08
6.38769e-09
-1.35059e-07
6.95861e-10
-2.02983e-07
-4.04882e-09
-2.68189e-07
-7.704e-09
-3.30047e-07
-1.0185e-08
-3.87854e-07
-1.14657e-08
-4.40847e-07
-1.15787e-08
-4.88213e-07
-1.0614e-08
-5.29123e-07
-8.7161e-09
-5.62771e-07
-6.07863e-09
-5.88426e-07
-2.93602e-09
-6.05482e-07
-6.13513e-07
-4.19293e-09
-6.0859e-07
-8.08749e-09
-5.98004e-07
-1.22995e-08
-5.78343e-07
-1.69427e-08
-5.50113e-07
-2.20966e-08
-5.13992e-07
-2.78006e-08
-4.70773e-07
-3.40516e-08
-4.21317e-07
-4.08014e-08
-3.66497e-07
-4.79566e-08
-3.07161e-07
-5.53778e-08
-2.44104e-07
-6.28801e-08
-1.78054e-07
-7.0234e-08
-1.09671e-07
-7.71672e-08
-3.95601e-08
-8.33691e-08
3.17054e-08
-8.84984e-08
1.03549e-07
-9.21933e-08
1.75351e-07
-9.40825e-08
2.46396e-07
-9.37985e-08
3.15837e-07
-9.09962e-08
3.82663e-07
-8.5375e-08
4.45681e-07
-7.6712e-08
5.03514e-07
-6.49088e-08
5.54615e-07
-5.00608e-08
5.97306e-07
-3.2548e-08
6.29866e-07
-1.31197e-08
6.50687e-07
7.10809e-09
6.58541e-07
2.68342e-08
6.52884e-07
4.48751e-08
6.34048e-07
6.03884e-08
6.03113e-07
7.2913e-08
5.6161e-07
8.22957e-08
5.11239e-07
8.85969e-08
4.53687e-07
9.20163e-08
3.90532e-07
9.28411e-08
3.23197e-07
9.14102e-08
2.52926e-07
8.80904e-08
1.80794e-07
8.32562e-08
1.07712e-07
7.72755e-08
3.44628e-08
7.04973e-08
-3.82626e-08
6.32409e-08
-1.09818e-07
5.5787e-08
-1.7956e-07
4.83726e-08
-2.46815e-07
4.11886e-08
-3.10855e-07
3.43786e-08
-3.7089e-07
2.80383e-08
-4.26067e-07
2.22159e-08
-4.75492e-07
1.69129e-08
-5.18256e-07
1.20869e-08
-5.5348e-07
7.65478e-09
-5.80369e-07
3.49952e-09
-5.98263e-07
-5.2101e-10
-6.06696e-07
-4.56182e-09
-6.05438e-07
-8.77587e-09
-5.94524e-07
-1.32998e-08
-5.74249e-07
-1.82427e-08
-5.45133e-07
-2.36775e-08
-5.07876e-07
-2.96356e-08
-4.63301e-07
-3.61035e-08
-4.12299e-07
-4.30208e-08
-3.55778e-07
-5.02795e-08
-2.94625e-07
-5.77235e-08
-2.29676e-07
-6.51501e-08
-1.61707e-07
-7.23105e-08
-9.14285e-08
-7.89135e-08
-1.95053e-08
-8.46308e-08
5.34219e-08
-8.91076e-08
1.267e-07
-9.1973e-08
1.99618e-07
-9.28529e-08
2.71364e-07
-9.13858e-08
3.40986e-07
-8.72435e-08
4.07366e-07
-8.01575e-08
4.69212e-07
-6.99585e-08
5.2506e-07
-5.66332e-08
5.73296e-07
-4.04056e-08
6.12218e-07
-2.18311e-08
6.4015e-07
-1.8516e-09
6.55645e-07
1.82907e-08
6.57792e-07
3.73154e-08
6.46488e-07
5.41924e-08
6.22481e-07
6.82732e-08
5.87128e-07
7.9261e-08
5.42087e-07
8.71189e-08
4.89081e-07
9.1983e-08
4.29757e-07
9.41005e-08
3.65623e-07
9.3786e-08
2.98008e-07
9.13924e-08
2.28057e-07
8.72896e-08
1.56736e-07
8.18479e-08
8.48558e-08
7.54247e-08
1.31015e-08
6.83543e-08
-5.7922e-08
6.09379e-08
-1.27643e-07
5.34369e-08
-1.95482e-07
4.60692e-08
-2.60822e-07
3.90082e-08
-3.22986e-07
3.23811e-08
-3.81227e-07
2.62698e-08
-4.34736e-07
2.07103e-08
-4.82654e-07
1.56948e-08
-5.24108e-07
1.11729e-08
-5.58249e-07
7.05565e-09
-5.84309e-07
3.2215e-09
-6.01648e-07
-6.09816e-07
-1.2264e-08
-5.97735e-07
-2.31507e-08
-5.87117e-07
-3.40842e-08
-5.6741e-07
-4.50603e-08
-5.39137e-07
-5.60511e-08
-5.03001e-07
-6.70015e-08
-4.59823e-07
-7.78286e-08
-4.1049e-07
-8.84198e-08
-3.55906e-07
-9.86325e-08
-2.96949e-07
-1.08293e-07
-2.34444e-07
-1.17195e-07
-1.69152e-07
-1.25101e-07
-1.01765e-07
-1.31742e-07
-3.2919e-08
-1.36822e-07
3.67857e-08
-1.40027e-07
1.06754e-07
-1.41031e-07
1.76355e-07
-1.39513e-07
2.44878e-07
-1.35172e-07
3.11496e-07
-1.27743e-07
3.75234e-07
-1.17028e-07
4.34967e-07
-1.02927e-07
4.89413e-07
-8.54816e-08
5.37169e-07
-6.49302e-08
5.76754e-07
-4.17715e-08
6.06707e-07
-1.68057e-08
6.25722e-07
8.89385e-09
6.32841e-07
3.41229e-08
6.27655e-07
5.77603e-08
6.10411e-07
7.89351e-08
5.81938e-07
9.70803e-08
5.43464e-07
1.11901e-07
4.96418e-07
1.23315e-07
4.42273e-07
1.31394e-07
3.82454e-07
1.36317e-07
3.18274e-07
1.38337e-07
2.50907e-07
1.37749e-07
1.81381e-07
1.34875e-07
1.10585e-07
1.30043e-07
3.92949e-08
1.23574e-07
-3.17929e-08
1.1577e-07
-1.02014e-07
1.06909e-07
-1.707e-07
9.72383e-08
-2.37144e-07
8.69704e-08
-3.00587e-07
7.62868e-08
-3.60207e-07
6.53365e-08
-4.15117e-07
5.42368e-08
-4.64392e-07
4.30745e-08
-5.07094e-07
3.19072e-08
-5.42313e-07
2.07651e-08
-5.69227e-07
9.65434e-09
-5.87152e-07
-1.43723e-09
-5.95604e-07
-1.25319e-08
-5.94343e-07
-2.36501e-08
-5.83406e-07
-3.48002e-08
-5.63099e-07
-4.59699e-08
-5.33963e-07
-5.71224e-08
-4.96724e-07
-6.81926e-08
-4.52231e-07
-7.90859e-08
-4.01406e-07
-8.96768e-08
-3.45187e-07
-9.98081e-08
-2.84493e-07
-1.0929e-07
-2.20194e-07
-1.17901e-07
-1.53096e-07
-1.25386e-07
-8.39434e-08
-1.31461e-07
-1.34305e-08
-1.35816e-07
5.77771e-08
-1.38128e-07
1.29012e-07
-1.38069e-07
1.9956e-07
-1.35324e-07
2.68619e-07
-1.29604e-07
3.35266e-07
-1.20673e-07
3.98435e-07
-1.08377e-07
4.56916e-07
-9.26785e-08
5.09361e-07
-7.37092e-08
5.54327e-07
-5.18292e-08
5.90338e-07
-2.76837e-08
6.16004e-07
-2.21827e-09
6.30179e-07
2.34043e-08
6.32169e-07
4.79943e-08
6.21898e-07
7.05403e-08
5.99935e-07
9.03218e-08
5.67346e-07
1.06913e-07
5.25496e-07
1.20132e-07
4.75862e-07
1.29979e-07
4.1991e-07
1.36584e-07
3.59018e-07
1.40165e-07
2.94427e-07
1.40998e-07
2.27224e-07
1.39391e-07
1.58343e-07
1.35669e-07
8.85782e-08
1.30154e-07
1.86167e-08
1.23157e-07
-5.09252e-08
1.14968e-07
-1.19454e-07
1.05848e-07
-1.86361e-07
9.60256e-08
-2.51e-07
8.56992e-08
-3.12659e-07
7.50343e-08
-3.70562e-07
6.41656e-08
-4.23867e-07
5.31978e-08
-4.71686e-07
4.22067e-08
-5.13116e-07
3.124e-08
-5.47282e-07
2.03192e-08
-5.73388e-07
9.44272e-09
-5.90772e-07
-5.98965e-07
-2.03463e-08
-5.79732e-07
-3.82267e-08
-5.69237e-07
-5.58685e-08
-5.49768e-07
-7.31449e-08
-5.21861e-07
-8.99167e-08
-4.86229e-07
-1.06033e-07
-4.43706e-07
-1.2133e-07
-3.95193e-07
-1.35634e-07
-3.41603e-07
-1.48754e-07
-2.83828e-07
-1.60487e-07
-2.22711e-07
-1.70614e-07
-1.59026e-07
-1.78895e-07
-9.34839e-08
-1.85075e-07
-2.67392e-08
-1.88882e-07
4.05931e-08
-1.90039e-07
1.0791e-07
-1.88268e-07
1.74585e-07
-1.8331e-07
2.3992e-07
-1.74934e-07
3.0312e-07
-1.62965e-07
3.63265e-07
-1.47306e-07
4.19308e-07
-1.27974e-07
4.70081e-07
-1.05134e-07
5.14329e-07
-7.9145e-08
5.50765e-07
-5.05955e-08
5.78157e-07
-2.03207e-08
5.95447e-07
1.06388e-08
6.01882e-07
4.11486e-08
5.97146e-07
7.01339e-08
5.81425e-07
9.67057e-08
5.55366e-07
1.20217e-07
5.19953e-07
1.40257e-07
4.76377e-07
1.56619e-07
4.25911e-07
1.69255e-07
3.69818e-07
1.78237e-07
3.09291e-07
1.83726e-07
2.45418e-07
1.85941e-07
1.79167e-07
1.85139e-07
1.11387e-07
1.81596e-07
4.28372e-08
1.75596e-07
-2.57923e-08
1.67414e-07
-9.38329e-08
1.57316e-07
-1.60601e-07
1.45549e-07
-2.25377e-07
1.32342e-07
-2.87381e-07
1.17911e-07
-3.45775e-07
1.02454e-07
-3.9966e-07
8.61553e-08
-4.48094e-07
6.91886e-08
-4.90127e-07
5.17133e-08
-5.24838e-07
3.38764e-08
-5.5139e-07
1.58126e-08
-5.69089e-07
-2.35389e-09
-5.77438e-07
-2.05053e-08
-5.76192e-07
-3.85226e-08
-5.65389e-07
-5.62793e-08
-5.45342e-07
-7.36374e-08
-5.16605e-07
-9.04466e-08
-4.79914e-07
-1.06544e-07
-4.36134e-07
-1.21754e-07
-3.86196e-07
-1.35887e-07
-3.31054e-07
-1.48741e-07
-2.71639e-07
-1.60098e-07
-2.08837e-07
-1.69723e-07
-1.4347e-07
-1.77365e-07
-7.63018e-08
-1.82755e-07
-8.04063e-09
-1.85613e-07
6.06357e-08
-1.85659e-07
1.29057e-07
-1.82619e-07
1.96519e-07
-1.76243e-07
2.62243e-07
-1.66325e-07
3.25348e-07
-1.52726e-07
3.84836e-07
-1.35399e-07
4.3959e-07
-1.14431e-07
4.88393e-07
-9.0078e-08
5.29973e-07
-6.28082e-08
5.63068e-07
-3.33333e-08
5.86529e-07
-2.59896e-09
5.99445e-07
2.82901e-08
6.0128e-07
5.82097e-08
5.91978e-07
8.61649e-08
5.71979e-07
1.11383e-07
5.42128e-07
1.33338e-07
5.03541e-07
1.51726e-07
4.57474e-07
1.66423e-07
4.05213e-07
1.77446e-07
3.47995e-07
1.84915e-07
2.86958e-07
1.89021e-07
2.23117e-07
1.90006e-07
1.57359e-07
1.88134e-07
9.04501e-08
1.83684e-07
2.30667e-08
1.76933e-07
-4.41743e-08
1.68148e-07
-1.10669e-07
1.57582e-07
-1.75795e-07
1.45468e-07
-2.38885e-07
1.32021e-07
-2.99213e-07
1.17442e-07
-3.55983e-07
1.01915e-07
-4.0834e-07
8.56131e-08
-4.55384e-07
6.86959e-08
-4.96199e-07
5.13116e-08
-5.29898e-07
3.35959e-08
-5.55672e-07
1.5673e-08
-5.72849e-07
-5.80948e-07
-2.83583e-08
-5.54644e-07
-5.31643e-08
-5.44431e-07
-7.74371e-08
-5.25495e-07
-1.00924e-07
-4.98374e-07
-1.23373e-07
-4.6378e-07
-1.44537e-07
-4.22542e-07
-1.64174e-07
-3.75556e-07
-1.82046e-07
-3.23731e-07
-1.97922e-07
-2.67952e-07
-2.11573e-07
-2.0906e-07
-2.2277e-07
-1.47829e-07
-2.31279e-07
-8.49744e-08
-2.36866e-07
-2.11523e-08
-2.39292e-07
4.30196e-08
-2.38326e-07
1.06944e-07
-2.33745e-07
1.70005e-07
-2.25358e-07
2.31533e-07
-2.13013e-07
2.90774e-07
-1.96623e-07
3.46876e-07
-1.76195e-07
3.98879e-07
-1.5185e-07
4.45737e-07
-1.23866e-07
4.86345e-07
-9.26993e-08
5.19598e-07
-5.90097e-08
5.44468e-07
-2.36565e-08
5.60094e-07
1.23449e-08
5.6588e-07
4.79101e-08
5.6158e-07
8.19982e-08
5.47337e-07
1.13708e-07
5.23656e-07
1.42332e-07
4.9133e-07
1.67364e-07
4.51345e-07
1.8849e-07
4.04786e-07
2.0555e-07
3.52758e-07
2.18513e-07
2.96328e-07
2.27446e-07
2.36486e-07
2.32486e-07
1.74126e-07
2.3382e-07
1.10053e-07
2.31666e-07
4.49916e-08
2.26257e-07
-2.03839e-08
2.17838e-07
-8.5413e-08
2.0665e-07
-1.49414e-07
1.92936e-07
-2.11663e-07
1.76938e-07
-2.71383e-07
1.58898e-07
-3.27735e-07
1.39061e-07
-3.79823e-07
1.1768e-07
-4.26713e-07
9.50106e-08
-4.67458e-07
7.1316e-08
-5.01143e-07
4.68618e-08
-5.26936e-07
2.19142e-08
-5.44141e-07
-3.26205e-09
-5.52262e-07
-2.84044e-08
-5.5105e-07
-5.32498e-08
-5.40543e-07
-7.75329e-08
-5.21059e-07
-1.00987e-07
-4.93151e-07
-1.23348e-07
-4.57554e-07
-1.44354e-07
-4.15128e-07
-1.63749e-07
-3.66801e-07
-1.81283e-07
-3.13519e-07
-1.96712e-07
-2.5621e-07
-2.09794e-07
-1.95755e-07
-2.20287e-07
-1.32977e-07
-2.2795e-07
-6.86397e-08
-2.32537e-07
-3.45316e-09
-2.33809e-07
6.19072e-08
-2.31533e-07
1.26782e-07
-2.255e-07
1.90486e-07
-2.15532e-07
2.52276e-07
-2.0151e-07
3.11326e-07
-1.83388e-07
3.66714e-07
-1.61228e-07
4.1743e-07
-1.35227e-07
4.62392e-07
-1.05746e-07
5.00493e-07
-7.33434e-08
5.30666e-07
-3.8779e-08
5.51965e-07
-2.9974e-09
5.63663e-07
3.29386e-08
5.65344e-07
6.79522e-08
5.56965e-07
1.01061e-07
5.3887e-07
1.31457e-07
5.11733e-07
1.58532e-07
4.76466e-07
1.81879e-07
4.34127e-07
2.01266e-07
3.85827e-07
2.16601e-07
3.3266e-07
2.27907e-07
2.75652e-07
2.35289e-07
2.15735e-07
2.38911e-07
1.53737e-07
2.38974e-07
9.03865e-08
2.35704e-07
2.63367e-08
2.29336e-07
-3.78054e-08
2.20105e-07
-1.01439e-07
2.08249e-07
-1.63939e-07
1.93997e-07
-2.24634e-07
1.7758e-07
-2.82795e-07
1.59226e-07
-3.37629e-07
1.3917e-07
-3.88284e-07
1.17647e-07
-4.33862e-07
9.49041e-08
-4.73456e-07
7.11885e-08
-5.06182e-07
4.67526e-08
-5.31236e-07
2.18492e-08
-5.47945e-07
-5.55828e-07
-3.62057e-08
-5.22618e-07
-6.77894e-08
-5.12847e-07
-9.85415e-08
-4.94743e-07
-1.28083e-07
-4.68832e-07
-1.56051e-07
-4.35812e-07
-1.82102e-07
-3.96492e-07
-2.05915e-07
-3.51743e-07
-2.27197e-07
-3.02449e-07
-2.45674e-07
-2.49475e-07
-2.61097e-07
-1.93637e-07
-2.73229e-07
-1.35697e-07
-2.81851e-07
-7.63526e-08
-2.86752e-07
-1.6251e-08
-2.87735e-07
4.40022e-08
-2.84617e-07
1.03826e-07
-2.77241e-07
1.62628e-07
-2.65484e-07
2.19776e-07
-2.49277e-07
2.74567e-07
-2.28623e-07
3.26223e-07
-2.03625e-07
3.73881e-07
-1.74506e-07
4.16618e-07
-1.41639e-07
4.53477e-07
-1.05562e-07
4.83521e-07
-6.69906e-08
5.05896e-07
-2.68014e-08
5.19904e-07
1.40082e-08
5.25071e-07
5.439e-08
5.21199e-07
9.33276e-08
5.084e-07
1.29911e-07
4.87073e-07
1.63385e-07
4.57856e-07
1.93168e-07
4.21562e-07
2.18847e-07
3.79106e-07
2.40165e-07
3.3144e-07
2.5699e-07
2.79503e-07
2.69297e-07
2.24178e-07
2.77139e-07
1.66284e-07
2.80628e-07
1.06565e-07
2.79916e-07
4.57037e-08
2.75184e-07
-1.56524e-08
2.66635e-07
-7.68639e-08
2.54485e-07
-1.37264e-07
2.38967e-07
-1.96144e-07
2.20327e-07
-2.52743e-07
1.98834e-07
-3.06241e-07
1.74776e-07
-3.55766e-07
1.4847e-07
-4.00406e-07
1.20255e-07
-4.39243e-07
9.04948e-08
-4.71383e-07
5.95734e-08
-4.96014e-07
2.78892e-08
-5.12457e-07
-4.15129e-09
-5.20221e-07
-3.61388e-08
-5.19062e-07
-6.76644e-08
-5.09018e-07
-9.83229e-08
-4.90401e-07
-1.27719e-07
-4.63754e-07
-1.55474e-07
-4.29799e-07
-1.8123e-07
-3.89372e-07
-2.04652e-07
-3.43379e-07
-2.25433e-07
-2.92738e-07
-2.43289e-07
-2.38354e-07
-2.57958e-07
-1.81086e-07
-2.69195e-07
-1.21739e-07
-2.76775e-07
-6.10603e-08
-2.80483e-07
2.54534e-10
-2.80122e-07
6.15465e-08
-2.75518e-07
1.22178e-07
-2.66527e-07
1.81495e-07
-2.5305e-07
2.38799e-07
-2.35054e-07
2.93329e-07
-2.12588e-07
3.44248e-07
-1.85814e-07
3.90656e-07
-1.55028e-07
4.31606e-07
-1.20684e-07
4.6615e-07
-8.34111e-08
4.93392e-07
-4.40064e-08
5.1256e-07
-3.41361e-09
5.23071e-07
3.73347e-08
5.24596e-07
7.71956e-08
5.17104e-07
1.15197e-07
5.00868e-07
1.50503e-07
4.76427e-07
1.82442e-07
4.44527e-07
2.1052e-07
4.06049e-07
2.34406e-07
3.61941e-07
2.5391e-07
3.13156e-07
2.68958e-07
2.60603e-07
2.79568e-07
2.05125e-07
2.85825e-07
1.4748e-07
2.87861e-07
8.83504e-08
2.85842e-07
2.83557e-08
2.79954e-07
-3.19178e-08
2.70399e-07
-9.18843e-08
2.5739e-07
-1.50929e-07
2.4115e-07
-2.08394e-07
2.21918e-07
-2.63563e-07
1.99951e-07
-3.15662e-07
1.75526e-07
-3.63859e-07
1.48945e-07
-4.07281e-07
1.20533e-07
-4.45045e-07
9.06409e-08
-4.7629e-07
5.96354e-08
-5.00231e-07
2.78989e-08
-5.16209e-07
-5.23751e-07
-4.37807e-08
-4.83893e-07
-8.19023e-08
-4.74726e-07
-1.18897e-07
-4.57748e-07
-1.54263e-07
-4.33467e-07
-1.87525e-07
-4.02549e-07
-2.1825e-07
-3.65767e-07
-2.46042e-07
-3.23951e-07
-2.70551e-07
-2.7794e-07
-2.91467e-07
-2.28558e-07
-3.08521e-07
-1.76583e-07
-3.21476e-07
-1.22742e-07
-3.30126e-07
-6.77032e-08
-3.34289e-07
-1.20876e-08
-3.33812e-07
4.35249e-08
-3.28567e-07
9.85805e-08
-3.1846e-07
1.52522e-07
-3.03444e-07
2.04759e-07
-2.8353e-07
2.54653e-07
-2.58811e-07
3.01504e-07
-2.29479e-07
3.4455e-07
-1.95851e-07
3.8299e-07
-1.58383e-07
4.16008e-07
-1.17681e-07
4.42819e-07
-7.45036e-08
4.62719e-07
-2.97421e-08
4.75143e-07
1.56194e-08
4.79709e-07
6.05575e-08
4.76261e-07
1.04073e-07
4.64884e-07
1.45249e-07
4.45897e-07
1.83292e-07
4.19813e-07
2.17556e-07
3.87298e-07
2.47548e-07
3.49114e-07
2.72919e-07
3.0607e-07
2.93443e-07
2.58978e-07
3.09006e-07
2.08616e-07
3.19575e-07
1.55715e-07
3.25186e-07
1.00954e-07
3.25925e-07
4.49649e-08
3.21916e-07
-1.16435e-08
3.13317e-07
-6.82644e-08
3.00314e-07
-1.24261e-07
2.83125e-07
-1.78956e-07
2.62002e-07
-2.31621e-07
2.37235e-07
-2.81474e-07
2.09153e-07
-3.27684e-07
1.78132e-07
-3.69385e-07
1.44591e-07
-4.05702e-07
1.08995e-07
-4.35786e-07
7.18405e-08
-4.5886e-07
3.36568e-08
-4.74273e-07
-5.00956e-09
-4.81555e-07
-4.36041e-08
-4.80468e-07
-8.15732e-08
-4.71049e-07
-1.18374e-07
-4.536e-07
-1.53485e-07
-4.28643e-07
-1.86416e-07
-3.96868e-07
-2.16714e-07
-3.59074e-07
-2.43972e-07
-3.1612e-07
-2.67826e-07
-2.68884e-07
-2.87956e-07
-2.18224e-07
-3.04083e-07
-1.6496e-07
-3.15964e-07
-1.09858e-07
-3.23391e-07
-5.36342e-08
-3.26182e-07
3.04612e-09
-3.24191e-07
5.95549e-08
-3.173e-07
1.15288e-07
-3.05438e-07
1.69632e-07
-2.88582e-07
2.21944e-07
-2.66786e-07
2.71533e-07
-2.40191e-07
3.17653e-07
-2.09052e-07
3.59516e-07
-1.73754e-07
3.96308e-07
-1.34831e-07
4.27226e-07
-9.29665e-08
4.51528e-07
-4.89899e-08
4.68583e-07
-3.84413e-09
4.77925e-07
4.14592e-08
4.79292e-07
8.59007e-08
4.72662e-07
1.28516e-07
4.58253e-07
1.68445e-07
4.36498e-07
2.04969e-07
4.08003e-07
2.37519e-07
3.73498e-07
2.65678e-07
3.33782e-07
2.89163e-07
2.8967e-07
3.0781e-07
2.41956e-07
3.21549e-07
1.91386e-07
3.30386e-07
1.38644e-07
3.34382e-07
8.43545e-08
3.3364e-07
2.90977e-08
3.28295e-07
-2.65725e-08
3.18508e-07
-8.20972e-08
3.04466e-07
-1.36887e-07
2.86383e-07
-1.90311e-07
2.64505e-07
-2.41685e-07
2.3911e-07
-2.90268e-07
2.1052e-07
-3.35268e-07
1.79095e-07
-3.75856e-07
1.45242e-07
-4.11191e-07
1.09406e-07
-4.40454e-07
7.20683e-08
-4.62893e-07
3.37387e-08
-4.77879e-07
-4.84956e-07
-5.09624e-08
-4.38818e-07
-9.52792e-08
-4.30409e-07
-1.38184e-07
-4.14843e-07
-1.79055e-07
-3.92596e-07
-2.17315e-07
-3.64289e-07
-2.52441e-07
-3.30642e-07
-2.83968e-07
-2.92424e-07
-3.11493e-07
-2.50415e-07
-3.34674e-07
-2.05377e-07
-3.53223e-07
-1.58034e-07
-3.66904e-07
-1.09061e-07
-3.75526e-07
-5.90814e-08
-3.78939e-07
-8.67412e-09
-3.77034e-07
4.16196e-08
-3.69738e-07
9.12847e-08
-3.57023e-07
1.39807e-07
-3.38914e-07
1.8665e-07
-3.15503e-07
2.31242e-07
-2.86967e-07
2.72967e-07
-2.53583e-07
3.11166e-07
-2.15749e-07
3.45156e-07
-1.73993e-07
3.74253e-07
-1.28979e-07
3.97806e-07
-8.1502e-08
4.15242e-07
-3.24622e-08
4.26103e-07
1.7163e-08
4.30084e-07
6.63665e-08
4.27057e-07
1.14159e-07
4.17091e-07
1.59618e-07
4.00439e-07
2.01917e-07
3.77513e-07
2.4036e-07
3.48855e-07
2.74383e-07
3.15091e-07
3.03553e-07
2.769e-07
3.27562e-07
2.34969e-07
3.46207e-07
1.89971e-07
3.59375e-07
1.42547e-07
3.67025e-07
9.3303e-08
3.69177e-07
4.2813e-08
3.65898e-07
-8.36409e-09
3.57299e-07
-5.96652e-08
3.43535e-07
-1.10498e-07
3.2481e-07
-1.60231e-07
3.01377e-07
-2.08187e-07
2.73544e-07
-2.5364e-07
2.41679e-07
-2.95819e-07
2.06214e-07
-3.33921e-07
1.67645e-07
-3.67133e-07
1.26527e-07
-3.94668e-07
8.34696e-08
-4.15803e-07
3.91257e-08
-4.29929e-07
-5.8233e-09
-4.36606e-07
-5.06821e-08
-4.35609e-07
-9.47576e-08
-4.26973e-07
-1.37374e-07
-4.10983e-07
-1.77889e-07
-3.88129e-07
-2.15705e-07
-3.59051e-07
-2.50283e-07
-3.24496e-07
-2.81143e-07
-2.8526e-07
-3.0787e-07
-2.42157e-07
-3.30112e-07
-1.95983e-07
-3.47573e-07
-1.47498e-07
-3.60016e-07
-9.74153e-08
-3.6725e-07
-4.64006e-08
-3.6913e-07
4.92647e-09
-3.65557e-07
5.59822e-08
-3.56476e-07
1.06206e-07
-3.41882e-07
1.55037e-07
-3.21832e-07
2.01894e-07
-2.96462e-07
2.46162e-07
-2.65999e-07
2.87191e-07
-2.30783e-07
3.24301e-07
-1.91281e-07
3.56805e-07
-1.48089e-07
3.84035e-07
-1.01942e-07
4.05381e-07
-5.36912e-08
4.20333e-07
-4.28193e-09
4.28516e-07
4.52875e-08
4.29723e-07
9.40131e-08
4.23937e-07
1.40934e-07
4.11333e-07
1.85173e-07
3.92259e-07
2.25968e-07
3.67207e-07
2.62692e-07
3.36775e-07
2.94851e-07
3.01624e-07
3.22079e-07
2.62442e-07
3.44126e-07
2.19909e-07
3.60839e-07
1.74672e-07
3.72146e-07
1.27337e-07
3.78036e-07
7.84641e-08
3.78551e-07
2.85833e-08
3.73771e-07
-2.17928e-08
3.63818e-07
-7.2144e-08
3.48851e-07
-1.2192e-07
3.29072e-07
-1.70533e-07
3.04732e-07
-2.17344e-07
2.7613e-07
-2.61666e-07
2.43625e-07
-3.02764e-07
2.07637e-07
-3.39868e-07
1.68645e-07
-3.72199e-07
1.27187e-07
-3.98996e-07
8.38534e-08
-4.1956e-07
3.92755e-08
-4.33301e-07
-4.39793e-07
-5.76185e-08
-3.87857e-07
-1.07675e-07
-3.80353e-07
-1.56051e-07
-3.66467e-07
-2.02014e-07
-3.46633e-07
-2.44891e-07
-3.21413e-07
-2.84076e-07
-2.91457e-07
-3.19041e-07
-2.57458e-07
-3.49336e-07
-2.2012e-07
-3.74587e-07
-1.80127e-07
-3.94491e-07
-1.3813e-07
-4.08814e-07
-9.47384e-08
-4.1738e-07
-5.05155e-08
-4.2007e-07
-5.98389e-09
-4.16817e-07
3.83668e-08
-4.07603e-07
8.20707e-08
-3.92462e-07
1.24666e-07
-3.71488e-07
1.65677e-07
-3.4485e-07
2.04604e-07
-3.12801e-07
2.40918e-07
-2.75698e-07
2.74062e-07
-2.34008e-07
3.03467e-07
-1.88323e-07
3.28568e-07
-1.39354e-07
3.48836e-07
-8.7922e-08
3.6381e-07
-3.49404e-08
3.73122e-07
1.86172e-08
3.76526e-07
7.17523e-08
3.73922e-07
1.23481e-07
3.65363e-07
1.7287e-07
3.51049e-07
2.19073e-07
3.31311e-07
2.61345e-07
3.06582e-07
2.99064e-07
2.77373e-07
3.31727e-07
2.44237e-07
3.58947e-07
2.07749e-07
3.80442e-07
1.68476e-07
3.96022e-07
1.26967e-07
4.05575e-07
8.37497e-08
4.09056e-07
3.93326e-08
4.06476e-07
-5.78382e-09
3.97902e-07
-5.10917e-08
3.8346e-07
-9.60563e-08
3.63338e-07
-1.40108e-07
3.37787e-07
-1.82637e-07
3.07135e-07
-2.22988e-07
2.71784e-07
-2.60468e-07
2.32217e-07
-2.94354e-07
1.88999e-07
-3.23915e-07
1.42772e-07
-3.48441e-07
9.42481e-08
-3.67279e-07
4.41953e-08
-3.79876e-07
-6.57755e-09
-3.85833e-07
-5.7243e-08
-3.84943e-07
-1.06977e-07
-3.7724e-07
-1.54978e-07
-3.62982e-07
-2.00492e-07
-3.42615e-07
-2.42823e-07
-3.1672e-07
-2.8135e-07
-2.85969e-07
-3.15528e-07
-2.51083e-07
-3.44894e-07
-2.1279e-07
-3.69068e-07
-1.7181e-07
-3.87741e-07
-1.28825e-07
-4.00678e-07
-8.44784e-08
-4.07708e-07
-3.93702e-08
-4.08722e-07
5.94032e-09
-4.03666e-07
5.09267e-08
-3.92544e-07
9.50838e-08
-3.75417e-07
1.3791e-07
-3.52415e-07
1.78893e-07
-3.23753e-07
2.175e-07
-2.89738e-07
2.53175e-07
-2.50785e-07
2.85348e-07
-2.07429e-07
3.13449e-07
-1.60324e-07
3.3693e-07
-1.10242e-07
3.55299e-07
-5.80566e-08
3.68147e-07
-4.71627e-09
3.75175e-07
4.87873e-08
3.76219e-07
1.01458e-07
3.71266e-07
1.52336e-07
3.60456e-07
2.00527e-07
3.44068e-07
2.45238e-07
3.22496e-07
2.85789e-07
2.96224e-07
3.2162e-07
2.65792e-07
3.52294e-07
2.31769e-07
3.77481e-07
1.94722e-07
3.96953e-07
1.55201e-07
4.1056e-07
1.13729e-07
4.18226e-07
7.07984e-08
4.1993e-07
2.68793e-08
4.15703e-07
-1.75662e-08
4.05627e-07
-6.20673e-08
3.89833e-07
-1.06127e-07
3.68513e-07
-1.49213e-07
3.41918e-07
-1.90749e-07
3.10369e-07
-2.30117e-07
2.7426e-07
-2.66654e-07
2.3406e-07
-2.99669e-07
1.90319e-07
-3.28458e-07
1.43661e-07
-3.52337e-07
9.47747e-08
-3.70674e-07
4.44071e-08
-3.82934e-07
-3.88728e-07
-6.36089e-08
-3.316e-07
-1.18829e-07
-3.25133e-07
-1.72125e-07
-3.13171e-07
-2.22665e-07
-2.96093e-07
-2.69686e-07
-2.74391e-07
-3.12513e-07
-2.4863e-07
-3.50559e-07
-2.19412e-07
-3.83333e-07
-1.87346e-07
-4.10432e-07
-1.53027e-07
-4.31542e-07
-1.1702e-07
-4.46429e-07
-7.98512e-08
-4.54933e-07
-4.20115e-08
-4.56962e-07
-3.9547e-09
-4.52489e-07
3.38932e-08
-4.41544e-07
7.11253e-08
-4.24218e-07
1.0734e-07
-4.00671e-07
1.4213e-07
-3.7114e-07
1.75072e-07
-3.35947e-07
2.05726e-07
-2.95517e-07
2.33633e-07
-2.50381e-07
2.58331e-07
-2.0118e-07
2.79367e-07
-1.48664e-07
2.9632e-07
-9.36791e-08
3.08825e-07
-3.71486e-08
3.16591e-07
1.99525e-08
3.19425e-07
7.66283e-08
3.17246e-07
1.31895e-07
3.10096e-07
1.84811e-07
2.98133e-07
2.34507e-07
2.81615e-07
2.80203e-07
2.60886e-07
3.21226e-07
2.36349e-07
3.57013e-07
2.08451e-07
3.87108e-07
1.77653e-07
4.1116e-07
1.44424e-07
4.28908e-07
1.09219e-07
4.40175e-07
7.24831e-08
4.44855e-07
3.46527e-08
4.4291e-07
-3.83889e-09
4.34367e-07
-4.2549e-08
4.19324e-07
-8.10133e-08
3.97954e-07
-1.18738e-07
3.7051e-07
-1.55192e-07
3.37332e-07
-1.8981e-07
2.98854e-07
-2.2199e-07
2.55605e-07
-2.51105e-07
2.08211e-07
-2.76521e-07
1.57391e-07
-2.97621e-07
1.03949e-07
-3.13837e-07
4.87587e-08
-3.24686e-07
-7.25641e-09
-3.29818e-07
-6.31484e-08
-3.29051e-07
-1.17973e-07
-3.22415e-07
-1.70818e-07
-3.10137e-07
-2.20825e-07
-2.92607e-07
-2.67212e-07
-2.70333e-07
-3.09282e-07
-2.43899e-07
-3.46435e-07
-2.1393e-07
-3.78166e-07
-1.81059e-07
-4.04067e-07
-1.45909e-07
-4.2382e-07
-1.09072e-07
-4.37193e-07
-7.11054e-08
-4.44033e-07
-3.253e-08
-4.44261e-07
6.16879e-09
-4.37868e-07
4.45336e-08
-4.24909e-07
8.21244e-08
-4.05506e-07
1.18508e-07
-3.79859e-07
1.53246e-07
-3.4825e-07
1.85891e-07
-3.11058e-07
2.15983e-07
-2.68764e-07
2.43055e-07
-2.21962e-07
2.66646e-07
-1.71352e-07
2.8632e-07
-1.17739e-07
3.01687e-07
-6.20142e-08
3.12422e-07
-5.13256e-09
3.18294e-07
5.19158e-08
3.19171e-07
1.08137e-07
3.15044e-07
1.62568e-07
3.06025e-07
2.14301e-07
2.92334e-07
2.62514e-07
2.74282e-07
3.06486e-07
2.52253e-07
3.45602e-07
2.26676e-07
3.79361e-07
1.9801e-07
4.07366e-07
1.66717e-07
4.29316e-07
1.33251e-07
4.44996e-07
9.80491e-08
4.54265e-07
6.15289e-08
4.57049e-07
2.40958e-08
4.53331e-07
-1.38479e-08
4.43155e-07
-5.18916e-08
4.26631e-07
-8.96028e-08
4.03937e-07
-1.26519e-07
3.75328e-07
-1.6214e-07
3.4114e-07
-1.95929e-07
3.01799e-07
-2.27313e-07
2.57821e-07
-2.55691e-07
2.09815e-07
-2.80453e-07
1.58482e-07
-3.01004e-07
1.04603e-07
-3.16794e-07
4.90257e-08
-3.27357e-07
-3.32351e-07
-6.87906e-08
-2.70761e-07
-1.28476e-07
-2.65447e-07
-1.86025e-07
-2.55622e-07
-2.40518e-07
-2.416e-07
-2.91119e-07
-2.2379e-07
-3.37088e-07
-2.0266e-07
-3.77793e-07
-1.78708e-07
-4.12704e-07
-1.52435e-07
-4.41397e-07
-1.24334e-07
-4.63548e-07
-9.48688e-08
-4.78923e-07
-6.44764e-08
-4.87374e-07
-3.35603e-08
-4.88834e-07
-2.49526e-09
-4.83307e-07
2.83664e-08
-4.70867e-07
5.86858e-08
-4.51657e-07
8.81299e-08
-4.25891e-07
1.16364e-07
-3.93865e-07
1.43046e-07
-3.55963e-07
1.67824e-07
-3.12667e-07
1.90336e-07
-2.64558e-07
2.10221e-07
-2.12319e-07
2.27129e-07
-1.56733e-07
2.40734e-07
-9.86659e-08
2.50757e-07
-3.90512e-08
2.56976e-07
2.11318e-08
2.59242e-07
8.08856e-08
2.57492e-07
1.39223e-07
2.51759e-07
1.95193e-07
2.42163e-07
2.47907e-07
2.28901e-07
2.96556e-07
2.12236e-07
3.40426e-07
1.92479e-07
3.78903e-07
1.69974e-07
4.11476e-07
1.45081e-07
4.3773e-07
1.18169e-07
4.57346e-07
8.96028e-08
4.70088e-07
5.97412e-08
4.75799e-07
2.89411e-08
4.74399e-07
-2.43843e-09
4.65879e-07
-3.40294e-08
4.50314e-07
-6.54486e-08
4.27865e-07
-9.62887e-08
3.98786e-07
-1.26113e-07
3.63428e-07
-1.54453e-07
3.22251e-07
-1.80813e-07
2.75823e-07
-2.04677e-07
2.24822e-07
-2.2552e-07
1.70033e-07
-2.42832e-07
1.12339e-07
-2.56143e-07
5.2706e-08
-2.65053e-07
-7.84356e-09
-2.69268e-07
-6.82563e-08
-2.68639e-07
-1.27484e-07
-2.63187e-07
-1.84515e-07
-2.53106e-07
-2.38405e-07
-2.38718e-07
-2.88294e-07
-2.20444e-07
-3.33424e-07
-1.98769e-07
-3.73144e-07
-1.74209e-07
-4.06916e-07
-1.47287e-07
-4.34309e-07
-1.18516e-07
-4.54996e-07
-8.83846e-08
-4.68749e-07
-5.73531e-08
-4.75428e-07
-2.58503e-08
-4.74983e-07
5.72333e-09
-4.67439e-07
3.69897e-08
-4.52897e-07
6.7583e-08
-4.31535e-07
9.71452e-08
-4.03608e-07
1.25319e-07
-3.69462e-07
1.51744e-07
-3.29533e-07
1.76054e-07
-2.8436e-07
1.97882e-07
-2.34584e-07
2.1687e-07
-1.80944e-07
2.3268e-07
-1.24271e-07
2.45014e-07
-6.54735e-08
2.53625e-07
-5.5126e-09
2.58333e-07
5.46185e-08
2.5904e-07
1.13924e-07
2.55738e-07
1.71435e-07
2.48514e-07
2.26233e-07
2.37537e-07
2.7747e-07
2.23045e-07
3.24392e-07
2.05331e-07
3.66339e-07
1.84729e-07
4.02757e-07
1.61592e-07
4.3319e-07
1.36284e-07
4.57278e-07
1.09163e-07
4.74747e-07
8.05806e-08
4.854e-07
5.08754e-08
4.89115e-07
2.03812e-08
4.85835e-07
-1.05677e-08
4.75573e-07
-4.16298e-08
4.58418e-07
-7.24479e-08
4.34539e-07
-1.0264e-07
4.04193e-07
-1.31794e-07
3.6773e-07
-1.59466e-07
3.25601e-07
-1.85184e-07
2.78361e-07
-2.08451e-07
2.26672e-07
-2.28764e-07
1.713e-07
-2.45632e-07
1.13103e-07
-2.58598e-07
5.30208e-08
-2.67275e-07
-2.71378e-07
-7.30237e-08
-2.06179e-07
-1.36356e-07
-2.02115e-07
-1.97378e-07
-1.94601e-07
-2.55097e-07
-1.83881e-07
-3.08617e-07
-1.7027e-07
-3.57151e-07
-1.54127e-07
-4.00023e-07
-1.35835e-07
-4.36678e-07
-1.1578e-07
-4.66674e-07
-9.43378e-08
-4.89677e-07
-7.18658e-08
-5.05455e-07
-4.86985e-08
-5.1387e-07
-2.51454e-08
-5.14872e-07
-1.49362e-09
-5.08492e-07
2.19865e-08
-4.94838e-07
4.5032e-08
-4.74093e-07
6.73851e-08
-4.46519e-07
8.87899e-08
-4.1246e-07
1.08987e-07
-3.7235e-07
1.27714e-07
-3.26714e-07
1.44701e-07
-2.76177e-07
1.59684e-07
-2.21455e-07
1.72406e-07
-1.63353e-07
1.82633e-07
-1.02756e-07
1.9016e-07
-4.06058e-08
1.94826e-07
2.21118e-08
1.96525e-07
8.43959e-08
1.95208e-07
1.45254e-07
1.90901e-07
2.03727e-07
1.8369e-07
2.5891e-07
1.73718e-07
3.0997e-07
1.61176e-07
3.56162e-07
1.46288e-07
3.96831e-07
1.29305e-07
4.3142e-07
1.10493e-07
4.59466e-07
9.01233e-08
4.80599e-07
6.84695e-08
4.94537e-07
4.5803e-08
5.01082e-07
2.23965e-08
5.00116e-07
-1.47291e-09
4.91607e-07
-2.55202e-08
4.7561e-07
-4.94515e-08
4.52276e-07
-7.29551e-08
4.2186e-07
-9.56964e-08
3.84724e-07
-1.17317e-07
3.41346e-07
-1.37435e-07
2.92325e-07
-1.55656e-07
2.38381e-07
-1.71576e-07
1.80354e-07
-1.84805e-07
1.1919e-07
-1.94979e-07
5.59294e-08
-2.01792e-07
-8.32301e-09
-2.05016e-07
-7.24274e-08
-2.04534e-07
-1.35249e-07
-2.00366e-07
-1.95698e-07
-1.92658e-07
-2.52755e-07
-1.8166e-07
-3.055e-07
-1.67699e-07
-3.53125e-07
-1.51145e-07
-3.9494e-07
-1.32394e-07
-4.30378e-07
-1.11849e-07
-4.58991e-07
-8.99028e-08
-4.80445e-07
-6.69302e-08
-4.94515e-07
-4.3284e-08
-5.01072e-07
-1.92927e-08
-5.00086e-07
4.73721e-09
-4.91612e-07
2.85152e-08
-4.75786e-07
5.17579e-08
-4.52831e-07
7.41895e-08
-4.23049e-07
9.55378e-08
-3.86836e-07
1.15531e-07
-3.44677e-07
1.33895e-07
-2.97156e-07
1.50361e-07
-2.44951e-07
1.64664e-07
-1.88831e-07
1.76561e-07
-1.2965e-07
1.85833e-07
-6.83281e-08
1.92303e-07
-5.83536e-09
1.9584e-07
5.6831e-08
1.96373e-07
1.18671e-07
1.93898e-07
1.7871e-07
1.88476e-07
2.36016e-07
1.80231e-07
2.89726e-07
1.69335e-07
3.39056e-07
1.56001e-07
3.83313e-07
1.40472e-07
4.21898e-07
1.23006e-07
4.54311e-07
1.03871e-07
4.8014e-07
8.33338e-08
4.99064e-07
6.16567e-08
5.10842e-07
3.90978e-08
5.1531e-07
1.59133e-08
5.1238e-07
-7.63783e-09
5.02042e-07
-3.12915e-08
4.84367e-07
-5.47736e-08
4.59519e-07
-7.77916e-08
4.27754e-07
-1.00029e-07
3.89435e-07
-1.21147e-07
3.45031e-07
-1.4078e-07
2.95131e-07
-1.5855e-07
2.40437e-07
-1.74071e-07
1.81768e-07
-1.86963e-07
1.20047e-07
-1.96876e-07
5.62846e-08
-2.03512e-07
-2.06651e-07
-7.61782e-08
-1.38809e-07
-1.42228e-07
-1.36065e-07
-2.05836e-07
-1.30993e-07
-2.65957e-07
-1.23759e-07
-3.21652e-07
-1.14575e-07
-3.72093e-07
-1.03686e-07
-4.1658e-07
-9.13489e-08
-4.54535e-07
-7.78254e-08
-4.85503e-07
-6.33699e-08
-5.09144e-07
-4.82245e-08
-5.25227e-07
-3.26152e-08
-5.33621e-07
-1.67513e-08
-5.34288e-07
-8.26843e-10
-5.27277e-07
1.49757e-08
-5.12721e-07
3.04759e-08
-4.90834e-07
4.54978e-08
-4.61912e-07
5.98679e-08
-4.26337e-07
7.34126e-08
-3.8458e-07
8.59561e-08
-3.37201e-07
9.73221e-08
-2.84853e-07
1.07336e-07
-2.28277e-07
1.15831e-07
-1.68298e-07
1.22654e-07
-1.05811e-07
1.27672e-07
-4.1766e-08
1.30782e-07
2.28464e-08
1.31912e-07
8.70214e-08
1.31033e-07
1.49762e-07
1.2816e-07
2.10102e-07
1.2335e-07
2.67126e-07
1.16695e-07
3.19983e-07
1.08318e-07
3.67904e-07
9.83668e-08
4.10205e-07
8.70037e-08
4.46294e-07
7.44031e-08
4.75673e-07
6.07443e-08
4.97934e-07
4.62086e-08
5.12759e-07
3.09784e-08
5.19917e-07
1.52379e-08
5.19268e-07
-8.23665e-10
5.10759e-07
-1.70114e-08
4.94434e-07
-3.31268e-08
4.70439e-07
-4.89596e-08
4.39026e-07
-6.42836e-08
4.00566e-07
-7.88563e-08
3.55551e-07
-9.242e-08
3.04602e-07
-1.04707e-07
2.4847e-07
-1.15445e-07
1.88034e-07
-1.24369e-07
1.24289e-07
-1.31234e-07
5.83287e-08
-1.35831e-07
-8.6798e-09
-1.38007e-07
-7.55317e-08
-1.37682e-07
-1.41028e-07
-1.34869e-07
-2.04019e-07
-1.29667e-07
-2.63431e-07
-1.22248e-07
-3.18301e-07
-1.1283e-07
-3.67781e-07
-1.01665e-07
-4.11154e-07
-8.90213e-08
-4.47832e-07
-7.51709e-08
-4.77356e-07
-6.03793e-08
-4.99386e-07
-4.49006e-08
-5.13696e-07
-2.89731e-08
-5.20171e-07
-1.28187e-08
-5.18789e-07
3.35584e-09
-5.09628e-07
1.93536e-08
-4.92851e-07
3.49809e-08
-4.68711e-07
5.00497e-08
-4.37549e-07
6.43764e-08
-3.99798e-07
7.7779e-08
-3.55979e-07
9.00764e-08
-3.06708e-07
1.0109e-07
-2.52693e-07
1.10649e-07
-1.94725e-07
1.18592e-07
-1.33671e-07
1.2478e-07
-7.04638e-08
1.29095e-07
-6.07858e-09
1.31455e-07
5.84829e-08
1.31812e-07
1.22217e-07
1.30163e-07
1.84144e-07
1.2655e-07
2.43323e-07
1.21052e-07
2.98877e-07
1.13781e-07
3.50002e-07
1.04876e-07
3.95981e-07
9.44936e-08
4.36183e-07
8.28043e-08
4.70071e-07
6.9983e-08
4.97198e-07
5.62064e-08
5.17206e-07
4.16494e-08
5.29818e-07
2.64857e-08
5.34842e-07
1.08893e-08
5.32167e-07
-4.96286e-09
5.21766e-07
-2.08903e-08
5.037e-07
-3.67078e-08
4.78126e-07
-5.22178e-08
4.45303e-07
-6.72066e-08
4.056e-07
-8.14437e-08
3.59504e-07
-9.46836e-08
3.07623e-07
-1.06669e-07
2.50692e-07
-1.1714e-07
1.89568e-07
-1.25839e-07
1.25221e-07
-1.32529e-07
5.87168e-08
-1.37008e-07
-1.39127e-07
-7.81398e-08
-6.97034e-08
-1.4588e-07
-6.83247e-08
-2.11096e-07
-6.57766e-08
-2.72713e-07
-6.21417e-08
-3.29762e-07
-5.75271e-08
-3.81393e-07
-5.2055e-08
-4.26886e-07
-4.58552e-08
-4.65653e-07
-3.9059e-08
-4.97228e-07
-3.17945e-08
-5.21269e-07
-2.41835e-08
-5.37544e-07
-1.634e-08
-5.45926e-07
-8.36947e-09
-5.46383e-07
-3.69611e-10
-5.38976e-07
7.56773e-09
-5.2385e-07
1.53505e-08
-5.01242e-07
2.28893e-08
-4.7147e-07
3.00964e-08
-4.34942e-07
3.68847e-08
-3.92153e-07
4.31666e-08
-3.43685e-07
4.88544e-08
-2.90211e-07
5.3862e-08
-2.32487e-07
5.81072e-08
-1.71348e-07
6.15148e-08
-1.07696e-07
6.40201e-08
-4.24861e-08
6.55718e-08
2.32908e-08
6.61355e-08
8.86281e-08
6.56961e-08
1.52527e-07
6.42613e-08
2.14018e-07
6.18588e-08
2.72179e-07
5.8534e-08
3.2615e-07
5.43473e-08
3.75146e-07
4.93705e-08
4.18466e-07
4.36841e-08
4.55495e-07
3.73739e-08
4.85711e-07
3.05289e-08
5.0868e-07
2.32395e-08
5.24061e-07
1.55972e-08
5.31604e-07
7.69498e-09
5.31152e-07
-3.71106e-10
5.22642e-07
-8.50171e-09
5.06112e-07
-1.65971e-08
4.81704e-07
-2.45514e-08
4.49671e-07
-3.22507e-08
4.10388e-07
-3.95728e-08
3.64356e-07
-4.6388e-08
3.1221e-07
-5.25614e-08
2.54722e-07
-5.79565e-08
1.92793e-07
-6.24401e-08
1.27448e-07
-6.5889e-08
5.9815e-08
-6.81986e-08
-8.90075e-09
-6.92917e-08
-7.74547e-08
-6.91284e-08
-1.44608e-07
-6.7715e-08
-2.09174e-07
-6.51019e-08
-2.70047e-07
-6.13743e-08
-3.26234e-07
-5.66425e-08
-3.76866e-07
-5.1033e-08
-4.21207e-07
-4.46803e-08
-4.58657e-07
-3.7721e-08
-4.88747e-07
-3.0289e-08
-5.11136e-07
-2.25121e-08
-5.25598e-07
-1.45104e-08
-5.32021e-07
-6.3957e-09
-5.30393e-07
1.72801e-09
-5.20801e-07
9.76147e-09
-5.03426e-07
1.76059e-08
-4.78543e-07
2.51661e-08
-4.46516e-07
3.23495e-08
-4.07802e-07
3.90649e-08
-3.62947e-07
4.52221e-08
-3.1259e-07
5.07328e-08
-2.57453e-07
5.55123e-08
-1.98343e-07
5.94821e-08
-1.36136e-07
6.25729e-08
-7.17694e-08
6.47281e-08
-6.22117e-09
6.59066e-08
5.95053e-08
6.60855e-08
1.24405e-07
6.52632e-08
1.87495e-07
6.34599e-08
2.47832e-07
6.07148e-08
3.0453e-07
5.70828e-08
3.56774e-07
5.26319e-08
4.03828e-07
4.74393e-08
4.45044e-07
4.15885e-08
4.7986e-07
3.51664e-08
5.07806e-07
2.82605e-08
5.28497e-07
2.09584e-08
5.41636e-07
1.33474e-08
5.47009e-07
5.51547e-09
5.44494e-07
-2.44718e-09
5.34052e-07
-1.04489e-08
5.15741e-07
-1.83964e-08
4.89713e-07
-2.61902e-08
4.56229e-07
-3.37226e-08
4.15663e-07
-4.08774e-08
3.6851e-07
-4.75311e-08
3.15395e-07
-5.35543e-08
2.57071e-07
-5.88157e-08
1.94419e-07
-6.31867e-08
1.28439e-07
-6.65482e-08
6.02292e-08
-6.87988e-08
-6.98635e-08
-7.88163e-08
-1.47141e-07
-2.12918e-07
-2.75059e-07
-3.32586e-07
-3.84641e-07
-4.30497e-07
-4.69556e-07
-5.0135e-07
-5.25534e-07
-5.41874e-07
-5.50243e-07
-5.50613e-07
-5.43045e-07
-5.27694e-07
-5.04805e-07
-4.74709e-07
-4.37824e-07
-3.94657e-07
-3.45803e-07
-2.91941e-07
-2.33834e-07
-1.72319e-07
-1.08299e-07
-4.2727e-08
2.34085e-08
8.91046e-08
1.53366e-07
2.15225e-07
2.73759e-07
3.28106e-07
3.77476e-07
4.21161e-07
4.58534e-07
4.89063e-07
5.12303e-07
5.279e-07
5.35595e-07
5.35224e-07
5.26722e-07
5.10125e-07
4.85574e-07
4.53323e-07
4.1375e-07
3.67362e-07
3.14801e-07
2.56844e-07
1.94404e-07
1.28515e-07
6.03165e-08
-8.97514e-09
-7.81035e-08
-1.45818e-07
-2.1092e-07
-2.72295e-07
-3.28937e-07
-3.7997e-07
-4.24651e-07
-4.62372e-07
-4.92661e-07
-5.15173e-07
-5.29683e-07
-5.36079e-07
-5.34351e-07
-5.24589e-07
-5.06983e-07
-4.81817e-07
-4.49468e-07
-4.10403e-07
-3.65181e-07
-3.14448e-07
-2.58936e-07
-1.99454e-07
-1.36881e-07
-7.21526e-08
-6.24599e-09
5.98395e-08
1.25103e-07
1.88563e-07
2.49277e-07
3.0636e-07
3.58992e-07
4.06431e-07
4.4802e-07
4.83186e-07
5.11447e-07
5.32405e-07
5.45752e-07
5.51268e-07
5.48821e-07
5.38372e-07
5.19976e-07
4.93785e-07
4.60063e-07
4.19185e-07
3.71654e-07
3.181e-07
2.59284e-07
1.96098e-07
1.29549e-07
6.07506e-08
)
;

boundaryField
{
    top
    {
        type            calculated;
        value           nonuniform List<scalar> 
102
(
4.1359e-25
-4.1359e-25
0
0
0
0
0
0
0
0
0
0
0
0
0
0
0
0
0
0
0
0
0
0
0
0
0
0
0
0
0
0
0
0
0
0
0
0
0
0
0
0
0
0
-8.27181e-25
0
0
0
0
0
4.1359e-25
0
0
0
0
0
0
8.27181e-25
0
0
0
0
0
0
0
0
0
0
0
0
0
0
0
0
0
0
0
0
0
0
0
0
0
0
0
0
0
0
0
0
0
0
0
0
0
0
0
0
0
0
-4.1359e-25
0
)
;
    }
    bottom
    {
        type            calculated;
        value           nonuniform List<scalar> 
102
(
0
0
0
0
0
0
0
0
0
0
0
0
0
0
0
0
0
0
0
0
0
0
0
0
0
0
0
0
0
0
0
0
0
0
0
0
0
0
0
0
0
0
0
0
0
0
0
0
0
0
0
0
0
0
0
0
0
0
0
0
0
0
0
0
0
0
0
0
0
0
0
0
0
0
0
0
0
0
0
0
0
0
0
0
0
0
0
0
0
0
0
0
0
0
0
0
0
0
0
0
0
-2.29589e-41
)
;
    }
    frontAndBack
    {
        type            empty;
        value           nonuniform 0();
    }
    left_cyc
    {
        type            cyclic;
        value           nonuniform List<scalar> 
30
(
-4.14378e-09
-6.24449e-09
-7.00289e-09
-7.33393e-09
-7.40702e-09
-7.2769e-09
-6.97965e-09
-6.54654e-09
-6.00302e-09
-5.37005e-09
-4.66456e-09
-3.90018e-09
-3.0879e-09
-2.23676e-09
-1.35451e-09
-4.48178e-10
4.7532e-10
1.40866e-09
2.34361e-09
3.27069e-09
4.17894e-09
5.05583e-09
5.88732e-09
6.65803e-09
7.35172e-09
7.95179e-09
8.44203e-09
8.80737e-09
9.03457e-09
9.11289e-09
)
;
    }
    right_cyc
    {
        type            cyclic;
        value           nonuniform List<scalar> 
30
(
4.14378e-09
6.24449e-09
7.00289e-09
7.33393e-09
7.40702e-09
7.2769e-09
6.97965e-09
6.54654e-09
6.00302e-09
5.37005e-09
4.66456e-09
3.90018e-09
3.0879e-09
2.23676e-09
1.35451e-09
4.48178e-10
-4.7532e-10
-1.40866e-09
-2.34361e-09
-3.27069e-09
-4.17894e-09
-5.05583e-09
-5.88732e-09
-6.65803e-09
-7.35172e-09
-7.95179e-09
-8.44203e-09
-8.80737e-09
-9.03457e-09
-9.11289e-09
)
;
    }
}


// ************************************************************************* //
