/*--------------------------------*- C++ -*----------------------------------*\
| =========                 |                                                 |
| \\      /  F ield         | OpenFOAM: The Open Source CFD Toolbox           |
|  \\    /   O peration     | Version:  2.3.0                                 |
|   \\  /    A nd           | Web:      www.OpenFOAM.org                      |
|    \\/     M anipulation  |                                                 |
\*---------------------------------------------------------------------------*/
FoamFile
{
    version     2.0;
    format      ascii;
    class       volScalarField;
    location    "9000";
    object      T;
}
// * * * * * * * * * * * * * * * * * * * * * * * * * * * * * * * * * * * * * //

dimensions      [0 0 0 1 0 0 0];

internalField   nonuniform List<scalar> 
3060
(
33.5512
33.5786
33.628
33.6977
33.7851
33.8871
34
34.1195
34.2408
34.3594
34.4716
34.5832
34.6963
34.8107
34.9266
35.0448
35.1655
35.2882
35.4111
35.5316
35.6463
35.7517
35.8435
35.9173
35.9684
35.9923
35.986
35.9505
35.8894
35.8072
35.7086
35.598
35.4792
35.3558
35.231
35.107
34.985
34.8652
34.7471
34.631
34.5177
34.4054
34.2884
34.171
34.0562
33.9482
33.8512
33.769
33.7049
33.6613
33.6403
33.6438
33.6711
33.7205
33.7899
33.8764
33.9768
34.0871
34.203
34.3205
34.4362
34.5485
34.6626
34.7795
34.8979
35.0182
35.1409
35.2653
35.3899
35.5124
35.6293
35.7371
35.8316
35.9085
35.963
35.9908
35.9886
35.9569
35.8991
35.8199
35.7239
35.6155
35.4989
35.3774
35.2543
35.132
35.0119
34.8944
34.779
34.6649
34.5523
34.4407
34.3275
34.2074
34.0861
33.968
33.8576
33.7593
33.6765
33.6122
33.5687
33.5478
28.1113
28.1789
28.3012
28.4732
28.6888
28.9407
29.2204
29.5189
29.8288
30.1465
30.4735
30.8053
31.1437
31.4856
31.8303
32.1823
32.5423
32.9078
33.2737
33.6316
33.9722
34.2852
34.5589
34.7803
34.9346
35.0076
34.9884
34.8805
34.6965
34.4507
34.1573
33.8287
33.4761
33.1093
32.7375
32.3678
32.0041
31.6472
31.2936
30.9447
30.6068
30.2798
29.9673
29.6652
29.3766
29.1082
28.8685
28.6657
28.5074
28.3998
28.348
28.3564
28.4239
28.546
28.7171
28.9308
29.1793
29.454
29.7469
30.052
30.3684
30.6983
31.0393
31.3912
31.7444
32.103
32.4687
32.8395
33.2108
33.5747
33.9217
34.2418
34.5235
34.7538
34.9183
35.003
34.9962
34.8996
34.7254
34.4883
34.2024
33.8808
33.5345
33.1734
32.8069
32.4424
32.0844
31.7345
31.3912
31.0495
30.7132
30.3828
30.0575
29.7423
29.435
29.1408
28.8679
28.6253
28.421
28.2622
28.1546
28.1029
23.3779
23.4711
23.6398
23.8773
24.1757
24.5258
24.9178
25.3417
25.7893
26.2558
26.7405
27.2438
27.7686
28.3198
28.8842
29.4634
30.0562
30.657
31.2561
31.8402
32.3949
32.9052
33.353
33.7173
33.9736
34.0962
34.0641
33.8841
33.5798
33.1765
32.6972
32.1618
31.587
30.9875
30.3779
29.7703
29.173
28.5897
28.0187
27.4776
26.9634
26.4743
26.0095
25.5686
25.1551
24.7761
24.4409
24.159
23.9397
23.7909
23.7193
23.7309
23.8242
23.993
24.2303
24.5277
24.8759
25.2652
25.6868
26.1345
26.6059
27.1016
27.6228
28.1709
28.7472
29.3352
29.9362
30.5454
31.1536
31.7478
32.3134
32.8352
33.2957
33.6743
33.9471
34.0886
34.0769
33.9152
33.6268
33.2372
32.7702
32.2461
31.6818
31.0922
30.4913
29.8919
29.3023
28.7269
28.1645
27.6215
27.103
26.605
26.1251
25.6636
25.222
24.806
24.4245
24.0876
23.8051
23.5859
23.4374
23.3662
19.4673
19.5748
19.7697
20.0447
20.3912
20.8
21.2614
21.7662
22.307
22.8793
23.4816
24.1151
24.7822
25.4856
26.2244
26.9901
27.7805
28.5877
29.3979
30.1913
30.9464
31.6404
32.25
32.7479
33.1005
33.2708
33.2266
32.9782
32.561
32.011
31.3591
30.6307
29.849
29.0367
28.2155
27.4035
26.6124
25.8479
25.1178
24.4286
23.779
23.1671
22.5919
22.0538
21.5565
21.1063
20.7118
20.3823
20.127
19.9541
19.8711
19.8846
19.9928
20.189
20.4655
20.8137
21.2243
21.6882
22.1972
22.7457
23.331
23.953
24.6133
25.3137
26.0562
26.8275
27.6248
28.4406
29.2614
30.0676
30.8369
31.5467
32.1733
32.6902
33.0648
33.2606
33.2439
33.02
32.6239
32.0922
31.4569
30.7438
29.976
29.1758
28.3647
27.561
26.7771
26.0191
25.2884
24.5949
23.9372
23.3125
22.7184
22.1545
21.623
21.1293
20.6814
20.2888
19.9612
19.7075
19.536
19.4538
16.3814
16.4965
16.7054
17.0004
17.3732
17.8147
18.3162
18.8694
19.4681
20.1084
20.7891
21.5114
22.2778
23.0911
23.9534
24.8585
25.8012
26.7712
27.7523
28.7218
29.6514
30.5092
31.2631
31.8795
32.3177
32.5305
32.4757
32.1667
31.6496
30.9696
30.1638
29.2652
28.3064
27.3187
26.329
25.358
24.4201
23.5243
22.679
21.8852
21.1413
20.4455
19.7968
19.1957
18.6454
18.1517
17.7219
17.3647
17.0887
16.9022
16.8129
16.8273
16.9439
17.1556
17.4547
17.8326
18.2807
18.7906
19.3552
19.9695
20.6312
21.34
22.0975
22.9058
23.7667
24.674
25.6217
26.5995
27.5909
28.5736
29.5192
30.3956
31.1702
31.8097
32.2744
32.5181
32.4968
32.2174
31.7258
31.0679
30.2822
29.4015
28.4579
27.4826
26.5026
25.5388
24.6057
23.7123
22.8627
22.0622
21.3081
20.5974
19.9278
19.2987
18.712
18.1723
17.6865
17.263
16.9108
16.6387
16.4549
16.3669
14.0399
14.1598
14.3774
14.6849
15.0736
15.5346
16.0595
16.6409
17.2734
17.9537
18.6812
19.4573
20.2854
21.1692
22.1125
23.1131
24.1637
25.2526
26.3617
27.4658
28.5326
29.5242
30.399
31.114
31.6221
31.8693
31.8062
31.4484
30.8494
30.0609
29.1277
28.0927
26.9968
25.8767
24.7624
23.6771
22.6371
21.6533
20.7318
19.8708
19.0676
18.3196
17.6253
16.9852
16.402
15.8807
15.4284
15.0531
14.7635
14.568
14.4744
14.4895
14.6117
14.8337
15.1475
15.5447
16.0167
16.5555
17.1547
17.8098
18.5187
19.2817
20.1005
20.9779
21.9166
22.9168
23.9706
25.0658
26.1844
27.3012
28.3844
29.3957
30.2935
31.0348
31.5731
31.8552
31.83
31.5058
30.9358
30.1725
29.2614
28.245
27.1644
26.056
24.9503
23.8703
22.8325
21.8471
20.9203
20.052
19.2385
18.4759
17.7614
17.0941
16.4752
15.9087
15.4006
14.9587
14.5915
14.308
14.1165
14.0249
12.3177
12.4424
12.6689
12.9883
13.3914
13.8686
14.4112
15.0117
15.6649
16.3679
17.1206
17.9253
18.7861
19.7085
20.6986
21.757
22.876
24.0432
25.2394
26.4375
27.6026
28.6921
29.6578
30.4477
31.0074
31.2787
31.2101
30.8175
30.1575
29.287
28.2594
27.1259
25.9333
24.7217
23.5239
22.3645
21.2606
20.224
19.2584
18.3594
17.5227
16.7444
16.0224
15.3568
14.7502
14.2077
13.7363
13.3448
13.0423
12.838
12.7401
12.7559
12.8836
13.1156
13.4433
13.8575
14.3491
14.9098
15.5329
16.2141
16.9514
17.7454
18.5987
19.5153
20.4994
21.5559
22.6768
23.849
25.0536
26.2637
27.4445
28.5539
29.5438
30.362
30.9545
31.2636
31.2357
30.8795
30.251
29.4075
28.4027
27.2878
26.1097
24.9089
23.7183
22.5627
21.4592
20.4189
19.4481
18.5431
17.6982
16.9082
16.1692
15.4797
14.8406
14.2554
13.73
13.2723
12.8913
12.5966
12.3974
12.3021
11.0769
11.2084
11.4469
11.7826
12.2044
12.7016
13.264
13.8831
14.5533
15.2714
16.0377
16.8551
17.7293
18.6676
19.6784
20.7644
21.9187
23.1291
24.3759
25.6311
26.8575
28.0094
29.0337
29.8721
30.4638
30.7488
30.6774
30.2645
29.5659
28.6426
27.5548
26.3593
25.1071
23.8412
22.5957
21.3961
20.2595
19.197
18.2108
17.2939
16.44
15.6439
14.9026
14.2162
13.5875
13.0224
12.5291
12.1176
11.7987
11.5829
11.4795
11.4962
11.6311
11.876
12.2212
12.6561
13.1699
13.7531
14.3981
15.0996
15.8557
16.6673
17.5378
18.4726
19.4784
20.5627
21.7183
22.9329
24.1871
25.4533
26.6948
27.8662
28.9148
29.7826
30.4089
30.7332
30.7037
30.3289
29.6634
28.7679
27.703
26.5256
25.287
24.0307
22.7915
21.5948
20.4582
19.3922
18.4024
17.4826
16.6246
15.8217
15.0688
14.3637
13.7071
13.1029
12.5575
12.08
11.6808
11.3709
11.161
11.0604
10.1888
10.33
10.5856
10.9441
11.3926
11.9176
12.5069
13.1501
13.8401
14.5732
15.3493
16.1723
17.0487
17.9881
19.0014
20.0924
21.2557
22.4802
23.7466
25.0266
26.2814
27.463
28.5151
29.3756
29.9803
30.2692
30.1975
29.7778
29.0628
28.1152
26.999
25.7745
24.4956
23.2071
21.944
20.7315
19.5861
18.5171
17.526
16.6032
15.7403
14.9308
14.1714
13.4621
12.8068
12.2129
11.6907
11.2524
10.9113
10.6798
10.5688
10.5867
10.7315
10.994
11.363
11.8254
12.3683
12.9799
13.6505
14.3737
15.1467
15.9703
16.8489
17.7893
18.8004
19.8914
21.0568
22.2854
23.5587
24.8487
26.1177
27.3183
28.3946
29.2849
29.9249
30.2537
30.2238
29.8428
29.1616
28.2421
27.1484
25.9414
24.6752
23.3956
22.1382
20.9289
19.7845
18.7145
17.7227
16.8016
15.9406
15.1311
14.367
13.6455
12.9678
12.3386
11.7658
11.2606
10.8356
10.5042
10.2791
10.1712
9.54558
9.69942
9.9777
10.3668
10.8509
11.4135
12.0393
12.7153
13.4322
14.1848
14.9728
15.8
16.6744
17.6069
18.6108
19.6906
20.8432
22.0589
23.3195
24.5968
25.8515
27.0343
28.087
28.9461
29.5468
29.8314
29.7612
29.3463
28.6347
27.688
26.5711
25.3463
24.0687
22.7841
21.5274
20.3233
19.1865
18.1243
17.1374
16.2141
15.3442
14.5202
13.7387
13.0004
12.3106
11.6791
11.119
10.6458
10.2756
10.0238
9.90302
9.92243
10.08
10.3655
10.7654
11.2639
11.8449
12.4935
13.1973
13.9477
14.7407
15.5767
16.4604
17.4001
18.4066
19.4897
20.6462
21.8668
23.1342
24.4211
25.6894
26.8906
27.9673
28.856
29.4921
29.8162
29.787
29.4106
28.7327
27.814
26.7194
25.5114
24.2459
22.9698
21.7191
20.5192
19.386
18.3269
17.3438
16.4284
15.568
14.7521
13.974
13.2308
12.5244
11.8611
11.2513
10.7087
10.2492
9.88911
9.64393
9.52641
9.06334
9.23274
9.53897
9.96595
10.4946
11.1047
11.7772
12.4959
13.2485
14.0281
14.8332
15.6676
16.5399
17.4625
18.4501
19.5081
20.6357
21.8253
23.06
24.3123
25.5433
26.7034
27.7342
28.5724
29.1554
29.4294
29.3619
28.9609
28.2686
27.3435
26.2492
25.0478
23.7945
22.5349
21.3034
20.1231
19.0071
17.9601
16.9815
16.0584
15.1794
14.3365
13.5262
12.7506
12.0171
11.3384
10.7312
10.2148
9.80899
9.53226
9.39956
9.42087
9.59406
9.90765
10.3455
10.8887
11.5172
12.2123
12.9583
13.7439
14.5631
15.4153
16.3055
17.2427
18.2393
19.3052
20.4397
21.6359
22.8781
24.1401
25.3843
26.5623
27.6167
28.4843
29.102
29.4147
29.3869
29.0236
28.3646
27.4671
26.3946
25.2096
23.9682
22.7173
21.4927
20.3189
19.21
18.1715
17.2029
16.2954
15.4345
14.6087
13.8107
13.0381
12.2938
11.5864
10.9293
10.3396
9.83701
9.44153
9.17163
9.04226
8.68064
8.86804
9.20675
9.67797
10.259
10.9255
11.6542
12.425
13.2225
14.0373
14.8664
15.7131
16.5863
17.4992
18.4673
19.497
20.5901
21.7411
22.9347
24.1447
25.3332
26.4514
27.4424
28.2449
28.7999
29.059
28.995
28.6142
27.9532
27.0656
26.0122
24.8529
23.642
22.4237
21.2311
20.0856
18.9981
17.9711
17.0013
16.0764
15.184
14.3158
13.4691
12.6475
11.8613
11.1264
10.4636
9.89662
9.44939
9.14385
8.99738
9.02086
9.2121
9.55823
10.0404
10.6359
11.3206
12.0713
12.8685
13.6977
14.5503
15.4247
16.325
17.2609
18.2457
19.2892
20.3932
21.5533
22.7557
23.9759
25.1778
26.3139
27.328
28.1594
28.7484
29.0448
29.0189
28.6748
28.0463
27.186
26.154
25.0111
23.8123
22.6035
21.4194
20.2833
19.2073
18.195
17.2431
16.3425
15.4777
14.6364
13.8112
13.0005
12.2091
11.4481
10.7343
10.0889
9.53579
9.099
8.80042
8.65736
8.35439
8.56165
8.93631
9.45672
10.0963
10.8263
11.6191
12.4502
13.3008
14.1586
15.0189
15.884
16.7626
17.6683
18.616
19.6143
20.6672
21.7711
22.9127
24.0674
25.1992
26.2614
27.1992
27.9551
28.4752
28.7165
28.6563
28.2999
27.6784
26.8401
25.8411
24.7381
23.5829
22.4178
21.2736
20.1698
19.1151
18.1095
17.1475
16.2172
15.3059
14.4058
13.5151
12.6397
11.7927
10.9941
10.2689
9.64553
9.15229
8.81489
8.65322
8.67911
8.89025
9.27242
9.80386
10.4578
11.2057
12.0198
12.8762
13.7567
14.6502
15.5529
16.4684
17.4059
18.3792
19.398
20.4667
21.5831
22.7355
23.9016
25.0473
26.1275
27.0882
27.8725
28.4255
28.7027
28.6793
28.3582
27.7684
26.9569
25.9792
24.8927
23.7504
22.5962
21.463
20.3722
19.3341
18.3502
17.4148
16.5183
15.6447
14.7815
13.9217
13.0649
12.2181
11.3954
10.6172
9.90929
9.29978
8.81712
8.48683
8.32868
8.05533
8.28368
8.69659
9.26945
9.97167
10.7701
11.6325
12.5301
13.4403
14.348
15.2461
16.1357
17.0246
17.9266
18.8552
19.8217
20.8321
21.884
22.9662
24.0565
25.1213
26.1176
26.9926
27.6944
28.1753
28.3975
28.3411
28.0109
27.4344
26.6538
25.7188
24.6815
23.5916
22.4877
21.398
20.3395
19.3186
18.3339
17.3773
16.4372
15.5016
14.5632
13.6222
12.6866
11.7729
10.905
10.1127
9.42893
8.8866
8.51527
8.33747
8.3659
8.59821
9.01877
9.6028
10.3195
11.1355
12.0185
12.9402
13.8785
14.8193
15.7565
16.6924
17.6355
18.5991
19.5933
20.625
21.6933
22.7892
23.8926
24.9725
25.9874
26.8852
27.6145
28.1272
28.3841
28.3633
28.0672
27.5213
26.767
25.8533
24.8333
23.7576
22.6666
21.591
20.5497
19.5514
18.5959
17.6752
16.7788
15.8908
14.9994
14.0983
13.1888
12.2801
11.3896
10.5418
9.76655
9.09677
8.56523
8.20121
8.02705
7.76397
8.01404
8.46628
9.09306
9.85977
10.7289
11.6638
12.6316
13.6059
14.5684
15.5098
16.4294
17.3339
18.2359
19.1485
20.0849
21.0535
22.0512
23.0696
24.0892
25.0797
26.0016
26.8086
27.4539
27.8947
28.0979
28.0452
27.7413
27.2106
26.4906
25.6255
24.6622
23.6442
22.6067
21.5747
20.5621
19.5736
18.6076
17.6531
16.6988
15.7336
14.7519
13.7556
12.7556
11.7716
10.8316
9.96979
9.22378
8.63093
8.22464
8.03021
8.06126
8.3154
8.7755
9.41366
10.195
11.0817
12.0368
13.0275
14.028
15.021
15.998
16.9593
17.9123
18.869
19.8404
20.8364
21.8552
22.8907
23.9259
24.933
25.8741
26.7041
27.3764
27.8482
28.0849
28.0667
27.7957
27.2949
26.6007
25.7574
24.8123
23.8103
22.7884
21.7741
20.7839
19.824
18.8951
17.9864
17.0853
16.1777
15.2524
14.3046
13.3374
12.3626
11.4009
10.4806
9.63594
8.90418
8.32241
7.92369
7.73305
7.46742
7.7393
8.23076
8.91098
9.74151
10.6807
11.6882
12.727
13.767
14.7873
15.776
16.7303
17.6552
18.5616
19.4617
20.3699
21.2952
22.2384
23.1922
24.1396
25.0541
25.9006
26.6387
27.2272
27.6282
27.8125
27.7634
27.4853
27.0002
26.3408
25.5464
24.6577
23.7128
22.7424
21.7683
20.8021
19.8465
18.8964
17.9405
16.9677
15.9687
14.9399
13.8856
12.8195
11.7645
10.7521
9.82139
9.01368
8.37057
7.9293
7.7181
7.75182
8.02791
8.52751
9.21945
10.0649
11.0219
12.0494
13.1101
14.1748
15.223
16.2437
17.2348
18.2019
19.1552
20.106
21.0647
22.0339
23.0087
23.9748
24.9079
25.7748
26.5364
27.1517
27.583
27.7998
27.7842
27.5381
27.0823
26.4488
25.6767
24.8077
23.881
22.9295
21.9773
21.0387
20.1185
19.2136
18.3132
17.4027
16.4703
15.5066
14.5084
13.4809
12.4387
11.405
10.4126
9.49917
8.70606
8.07442
7.64104
7.43382
7.15696
7.45042
7.97981
8.71106
9.60206
10.6075
11.6831
12.7891
13.8928
14.9705
16.0078
16.9996
17.9487
18.8636
19.756
20.6408
21.5277
22.4197
23.3114
24.1887
25.0289
25.8018
26.4726
27.0056
27.3679
27.5338
27.488
27.2349
26.7938
26.1933
25.4674
24.6512
23.777
22.8712
21.9517
21.0277
20.0999
19.1614
18.2002
17.2054
16.1702
15.0932
13.9816
12.8516
11.7291
10.649
9.65305
8.78666
8.09533
7.61998
7.392
7.42844
7.72631
8.26419
9.00759
9.91385
10.9371
12.0325
13.1601
14.2872
15.3905
16.4563
17.4802
18.465
19.4187
20.3534
21.2801
22.2034
23.1206
24.02
24.8814
25.6764
26.3715
26.9315
27.3236
27.5213
27.5083
27.2865
26.8744
26.3002
25.5977
24.803
23.9499
23.0667
22.1739
21.2831
20.3973
19.5116
18.6146
17.691
16.7305
15.7259
14.6764
13.5896
12.4823
11.381
10.3206
9.3422
8.49088
7.81148
7.3444
7.12062
6.8252
7.13845
7.70201
8.47872
9.42337
10.4877
11.6248
12.7924
13.9557
15.0886
16.1743
17.2053
18.1816
19.1091
19.9993
20.8666
21.7214
22.568
23.4029
24.215
24.9854
25.6889
26.2961
26.7765
27.1021
27.2504
27.2078
26.9779
26.5782
26.0331
25.3715
24.6229
23.8144
22.9676
22.097
21.2091
20.3028
19.3705
18.4
17.3804
16.3074
15.1828
14.0162
12.8266
11.6425
10.5012
9.44708
8.5285
7.79404
7.28784
7.0444
7.0834
7.40122
7.97361
8.76293
9.72331
10.8058
11.9628
13.1517
14.3373
15.4939
16.605
17.6633
18.6691
19.6278
20.552
21.4529
22.3364
23.2016
24.0398
24.8345
25.5622
26.1949
26.703
27.0583
27.2381
27.2277
27.029
26.6584
26.1402
25.5035
24.7789
23.9947
23.1748
22.3358
21.487
20.6293
19.7569
18.858
17.9175
16.9262
15.8796
14.7796
13.6361
12.4686
11.3055
10.184
9.14795
8.24495
7.52292
7.02535
6.78629
6.46668
6.79644
7.38818
8.20208
9.1906
10.3035
11.4921
12.7127
13.9287
15.112
16.2438
17.3139
18.3195
19.2636
20.157
21.0136
21.8439
22.6525
23.4382
24.1923
24.8999
25.5403
26.0892
26.5214
26.8131
26.9451
26.9051
26.6965
26.3344
25.8396
25.236
24.5481
23.7978
23.0024
22.1728
21.3134
20.4218
19.49
18.5062
17.4597
16.3493
15.1796
13.963
12.7209
11.4839
10.2914
9.18923
8.22784
7.45796
6.9262
6.66975
6.71093
7.04545
7.64636
8.47335
9.47816
10.6097
11.8186
13.0604
14.298
15.5035
16.6578
17.751
18.7804
19.7485
20.6684
21.5507
22.4022
23.2232
24.0078
24.7431
25.4103
25.9866
26.4473
26.7692
26.9328
26.925
26.7476
26.4152
25.9485
25.372
24.7108
23.9886
23.2246
22.432
21.6174
20.7806
19.9149
19.0089
18.0481
17.0246
15.9368
14.7892
13.5945
12.374
11.1583
9.98594
8.90242
7.9572
7.20024
6.67746
6.42558
6.07754
6.4193
7.03107
7.87115
8.89064
10.0384
11.2651
12.5262
13.7845
15.0103
16.183
17.2897
18.3249
19.2884
20.1902
21.0431
21.8567
22.6363
23.3817
24.087
24.7404
25.3257
25.8234
26.2127
26.4741
26.5913
26.5534
26.3634
26.0343
25.5834
25.0302
24.3943
23.693
22.9396
22.1421
21.3029
20.4187
19.482
18.4819
17.4082
16.2628
15.0535
13.7951
12.5112
11.2339
10.0036
8.86698
7.87526
7.08027
6.53018
6.26421
6.30701
6.65368
7.27495
8.1286
9.16497
10.332
11.5794
12.862
14.1416
15.3884
16.5813
17.7075
18.7611
19.7428
20.6644
21.5358
22.3637
23.1498
23.8901
24.5751
25.1903
25.7175
26.1369
26.4294
26.5788
26.5736
26.4155
26.1172
25.6961
25.1723
24.5664
23.8973
23.1801
22.4248
21.636
20.8121
19.9467
19.029
18.0459
16.9906
15.8647
14.6757
13.4384
12.176
10.9203
9.71075
8.59342
7.61846
6.83686
6.29606
6.03482
5.65517
6.00318
6.62478
7.4773
8.51158
9.67677
10.924
12.2093
13.4952
14.7515
15.9559
17.0935
18.1558
19.1393
20.0533
20.9084
21.7132
22.4727
23.1877
23.8541
24.4633
25.0027
25.4571
25.8099
26.0453
26.1496
26.113
25.9385
25.6371
25.2228
24.7112
24.1175
23.455
22.7336
21.9588
21.1316
20.2485
19.3028
18.2854
17.1869
16.0126
14.7729
13.4852
12.1744
10.8735
9.62287
8.469
7.46263
6.65549
6.09619
5.82512
5.86884
6.22189
6.85326
7.71976
8.77147
9.95656
11.2252
12.5323
13.8395
15.116
16.3391
17.4932
18.5695
19.5668
20.4949
21.3623
22.1752
22.9358
23.642
24.2869
24.8596
25.3461
25.731
25.999
26.1366
26.1339
25.9925
25.7235
25.3412
24.8618
24.3018
23.6757
22.9953
22.2678
21.4959
20.6777
19.8071
18.8747
17.8693
16.7857
15.6285
14.408
13.141
11.852
10.5732
9.34395
8.20996
7.22088
6.42752
5.87776
5.61154
5.19787
5.54522
6.16447
7.01303
8.04269
9.20415
10.4503
11.7386
13.0325
14.302
15.524
16.6818
17.7645
18.7656
19.6925
20.5536
21.3557
22.1031
22.7969
23.4345
24.0095
24.5127
24.9322
25.2552
25.4691
25.5624
25.5266
25.3644
25.0849
24.6996
24.2204
23.659
23.0253
22.3263
21.5658
20.744
19.8579
18.902
17.8696
16.7531
15.5605
14.3049
13.0054
11.6877
10.3846
9.13537
7.98517
6.98302
6.17923
5.62164
5.35084
5.39459
5.74706
6.37625
7.23906
8.28655
9.46842
10.7365
12.0471
13.3626
14.6521
15.8918
17.0642
18.1578
19.1692
20.1058
20.9741
21.7792
22.5231
23.2048
23.8197
24.3597
24.8144
25.172
25.4204
25.5488
25.5486
25.4212
25.1762
24.8254
24.3817
23.8577
23.2646
22.611
21.9023
21.1399
20.3219
19.4431
18.4961
17.4722
16.3681
15.1912
13.9542
12.6754
11.3799
10.0993
8.87213
7.7423
6.75779
5.96802
5.4201
5.1542
4.70477
5.04353
5.64647
6.47221
7.47477
8.60763
9.82662
11.0918
12.3686
13.6282
14.8474
16.0087
17.0991
18.1097
19.0456
19.9122
20.7142
21.4546
22.1342
22.7512
23.3011
23.7767
24.1694
24.469
24.6658
24.7502
24.7146
24.5614
24.2986
23.935
23.4799
22.9421
22.3288
21.645
20.8934
20.0741
19.1849
18.2224
17.1825
16.0608
14.8671
13.6164
12.3286
11.0295
9.75039
8.52872
7.40681
6.43076
5.64818
5.10487
4.84051
4.88331
5.22718
5.84005
6.6801
7.70061
8.85413
10.0954
11.3833
12.682
13.9617
15.1983
16.3733
17.4728
18.4918
19.4342
20.3042
21.105
21.8382
22.5032
23.0965
23.6125
24.0435
24.3804
24.614
24.7357
24.7379
24.6218
24.3959
24.0697
23.6533
23.1564
22.5874
21.9528
21.2563
20.499
19.6793
18.7937
17.8372
16.8041
15.6933
14.5146
13.2823
12.0156
10.7389
9.48281
8.28348
7.18213
6.22381
5.45524
4.92156
4.66207
4.1758
4.49719
5.06841
5.85046
6.8008
7.87686
9.03852
10.2495
11.4783
12.6982
13.8871
15.0273
16.1052
17.1099
18.0438
18.9089
19.7073
20.4404
21.1082
21.7091
22.2395
22.694
23.0658
23.3473
23.5305
23.6078
23.5719
23.4255
23.1752
22.8281
22.3914
21.8716
21.2741
20.6029
19.8601
19.0463
18.1608
17.2025
16.1702
15.0638
13.8937
12.6759
11.4301
10.1807
8.95698
7.79302
6.72732
5.80185
5.06028
4.54517
4.29413
4.33484
4.66121
5.24213
6.0382
7.00621
8.10273
9.28657
10.5204
11.7713
13.0116
14.218
15.3719
16.4585
17.4708
18.4093
19.2752
20.0697
20.7931
21.4445
22.0212
22.5189
22.9318
23.2531
23.4756
23.5924
23.5967
23.4897
23.2787
22.9716
22.5763
22.1004
21.5501
20.9304
20.2444
19.4933
18.6765
17.7922
16.8384
15.8129
14.7168
13.5617
12.3624
11.1378
9.91109
8.7104
7.56864
6.52323
5.61516
4.88727
4.38153
4.13519
3.61175
3.90644
4.42957
5.14569
6.01677
7.00525
8.07601
9.19742
10.3418
11.4856
12.6089
13.6953
14.7312
15.7055
16.617
17.4643
18.247
18.9644
19.6155
20.1982
20.7093
21.1442
21.4976
21.7634
21.9351
22.0063
21.9703
21.8297
21.5904
21.258
20.8384
20.3366
19.757
19.1031
18.3772
17.5809
16.7153
15.7815
14.7819
13.72
12.6067
11.4573
10.2902
9.12735
7.99467
6.92198
5.94294
5.0944
4.415
3.94291
3.71249
3.74992
4.04932
4.58162
5.31104
6.19897
7.20709
8.2993
9.44295
10.6093
11.7735
12.9147
14.0153
15.0607
16.0428
16.9582
17.8051
18.5823
19.2887
19.9226
20.4813
20.9611
21.3574
21.6648
21.8777
21.9902
21.9963
21.8969
21.6987
21.4082
21.0318
20.5754
20.0443
19.4424
18.7728
18.0372
17.2365
16.371
15.4415
14.4495
13.3986
12.3007
11.17
10.024
8.88344
7.77313
6.72183
5.7622
4.93018
4.26371
3.80044
3.57444
3.0143
3.27281
3.73123
4.3587
5.12271
5.99152
6.93573
7.92902
8.94845
9.97431
10.9899
11.9812
12.9362
13.845
14.7027
15.5048
16.2485
16.9311
17.5505
18.1037
18.5873
18.9974
19.3291
19.5775
19.7371
19.8022
19.7669
19.6336
19.4076
19.0937
18.6967
18.221
17.6706
17.0489
16.3589
15.6033
14.785
13.9075
12.976
11.9978
10.9828
9.94444
8.89837
7.86308
6.86012
5.91431
5.05371
4.30924
3.71362
3.29964
3.09733
3.13023
3.393
3.85971
4.49924
5.27861
6.16542
7.12948
8.14359
9.18383
10.2295
11.263
12.2692
13.2353
14.1527
15.0144
15.8159
16.5538
17.2254
17.828
18.3583
18.8129
19.1876
19.4779
19.679
19.786
19.7933
19.7017
19.5171
19.2453
18.8915
18.4608
17.9576
17.3858
16.7487
16.0489
15.2888
14.4707
13.5981
12.6758
11.7097
10.7105
9.6906
8.66474
7.65045
6.6683
5.74218
4.89931
4.16983
3.5859
3.17986
2.98151
2.38613
2.5993
2.97694
3.4938
4.12362
4.84112
5.62309
6.44897
7.30094
8.16381
9.0248
9.87326
10.7003
11.4985
12.2597
12.9772
13.6462
14.2627
14.8232
15.3244
15.7625
16.1334
16.433
16.6568
16.8001
16.8579
16.8249
16.7034
16.4982
16.2135
15.8534
15.422
14.9232
14.3606
13.7379
13.0588
12.3276
11.5495
10.7318
9.88489
9.0165
8.13659
7.2571
6.39216
5.55841
4.77513
4.06431
3.45038
2.95952
2.61824
2.45128
2.47846
2.69524
3.07992
3.60703
4.24995
4.9829
5.78205
6.62616
7.49666
8.37765
9.25562
10.1192
10.9589
11.7664
12.5322
13.2496
13.9137
14.5203
15.0658
15.5465
15.9588
16.2986
16.562
16.7447
16.8424
16.8501
16.7683
16.6024
16.3574
16.0377
15.6478
15.192
14.6741
14.0977
13.4664
12.7836
12.0534
11.2811
10.4742
9.64036
8.78742
7.92471
7.06343
6.21702
5.40137
4.63505
3.93938
3.33821
2.85724
2.52268
2.35905
1.7309
1.89044
2.17283
2.55922
3.03025
3.56748
4.1542
4.77573
5.41953
6.07514
6.73399
7.38941
8.03645
8.67178
9.28479
9.86771
10.415
10.9221
11.3851
11.8003
12.1639
12.4722
12.7211
12.907
13.0258
13.0734
13.0453
12.9436
12.7723
12.535
12.2353
11.877
11.4636
10.999
10.4869
9.93164
9.3379
8.71165
8.06102
7.39808
6.72718
6.05393
5.38583
4.73233
4.10491
3.51716
2.98481
2.52551
2.15837
1.90301
1.77794
1.79833
1.96065
2.24844
2.64269
3.12379
3.67297
4.27305
4.9089
5.56752
6.238
6.91144
7.58087
8.24119
8.88578
9.50367
10.0874
10.6312
11.1307
11.5817
11.9804
12.323
12.6059
12.8255
12.9781
13.06
13.067
12.9994
12.8618
12.6582
12.3926
12.0687
11.6905
11.2618
10.7862
10.2675
9.70997
9.11817
8.4983
7.85917
7.20916
6.55204
5.8932
5.23983
4.601
3.98772
3.41311
2.89242
2.4429
2.08334
1.83311
1.7106
1.05319
1.15231
1.3276
1.56729
1.85942
2.19269
2.55696
2.94343
3.34472
3.75485
4.1693
4.58515
5.00145
5.41969
5.82857
6.22113
6.59256
6.93901
7.25708
7.54354
7.79525
8.00915
8.18221
8.31151
8.39414
8.42715
8.40737
8.3363
8.21683
8.05166
7.84356
7.59539
7.31016
6.99101
6.64124
6.26444
5.86469
5.44704
5.01869
4.59137
4.16538
3.74178
3.3238
2.91646
2.5263
2.16133
1.83099
1.54602
1.31817
1.15957
1.08182
1.0945
1.19538
1.37408
1.61874
1.91723
2.25806
2.63081
3.02645
3.43735
3.8574
4.28206
4.70868
5.1369
5.56282
5.976
6.36986
6.73961
7.08134
7.39152
7.66691
7.9044
8.10101
8.25392
8.36039
8.41768
8.42277
8.37582
8.28007
8.13846
7.95386
7.72925
7.46766
7.17217
6.84595
6.49225
6.11461
5.71713
5.30521
4.8872
4.47065
4.05474
3.64095
3.23265
2.83474
2.45357
2.09692
1.77394
1.49514
1.27207
1.11671
1.04056
0.358421
0.392427
0.452461
0.534397
0.634051
0.747488
0.871199
1.00218
1.13796
1.27663
1.41692
1.55848
1.70275
1.85549
2.00773
2.15574
2.29726
2.43048
2.55378
2.6656
2.76442
2.84877
2.91725
2.96853
3.00134
3.01446
3.00662
2.97843
2.93108
2.86577
2.78374
2.68634
2.57503
2.45132
2.31682
2.17324
2.0225
1.86695
1.71029
1.56103
1.41568
1.27221
1.13086
0.993009
0.860751
0.736771
0.624299
0.527055
0.449137
0.394802
0.368122
0.372478
0.40708
0.468272
0.551888
0.653687
0.769658
0.896209
1.03026
1.16927
1.31135
1.45539
1.60163
1.7533
1.90989
2.06432
2.21328
2.35453
2.48624
2.60671
2.71436
2.80769
2.88526
2.94577
2.98797
3.0107
3.01271
2.99406
2.95605
2.89992
2.82693
2.73845
2.63591
2.52077
2.39458
2.2589
2.11542
1.96607
1.81353
1.66313
1.51951
1.37816
1.23815
1.10007
0.965375
0.836118
0.714916
0.604916
0.509753
0.433452
0.380217
0.354084
)
;

boundaryField
{
    top
    {
        type            fixedValue;
        value           uniform 0;
    }
    bottom
    {
        type            fixedValue;
        value           uniform 36.5;
    }
    frontAndBack
    {
        type            empty;
    }
    left_cyc
    {
        type            cyclic;
    }
    right_cyc
    {
        type            cyclic;
    }
}


// ************************************************************************* //
