/*--------------------------------*- C++ -*----------------------------------*\
| =========                 |                                                 |
| \\      /  F ield         | OpenFOAM: The Open Source CFD Toolbox           |
|  \\    /   O peration     | Version:  2.3.0                                 |
|   \\  /    A nd           | Web:      www.OpenFOAM.org                      |
|    \\/     M anipulation  |                                                 |
\*---------------------------------------------------------------------------*/
FoamFile
{
    version     2.0;
    format      ascii;
    class       volVectorField;
    location    "9000";
    object      U;
}
// * * * * * * * * * * * * * * * * * * * * * * * * * * * * * * * * * * * * * //

dimensions      [0 1 -1 0 0 0 0];

internalField   nonuniform List<vector> 
3060
(
(0.611784 0 -0.44882)
(1.57296 0 -0.43302)
(2.51043 0 -0.403665)
(3.41044 0 -0.361269)
(4.2601 0 -0.306778)
(5.04771 0 -0.24212)
(5.76315 0 -0.170735)
(6.39839 0 -0.0976462)
(6.94757 0 -0.0286518)
(7.40633 0 0.0312193)
(7.77 0 0.0791145)
(8.03136 0 0.114715)
(8.17851 0 0.139493)
(8.19392 0 0.155726)
(8.05658 0 0.167935)
(7.74608 0 0.185817)
(7.25188 0 0.218597)
(6.58036 0 0.262098)
(5.75657 0 0.297555)
(4.83472 0 0.307354)
(3.88358 0 0.291061)
(2.96477 0 0.256035)
(2.12252 0 0.214063)
(1.37151 0 0.176501)
(0.697932 0 0.150922)
(0.0695968 0 0.140835)
(-0.55369 0 0.147194)
(-1.21282 0 0.169412)
(-1.94252 0 0.204715)
(-2.76178 0 0.246521)
(-3.66269 0 0.284045)
(-4.60659 0 0.30517)
(-5.53449 0 0.301343)
(-6.37706 0 0.270358)
(-7.07439 0 0.22682)
(-7.59506 0 0.190753)
(-7.92844 0 0.169579)
(-8.08156 0 0.155718)
(-8.07421 0 0.138642)
(-7.92794 0 0.113037)
(-7.66155 0 0.076508)
(-7.28824 0 0.0276123)
(-6.81643 0 -0.0332692)
(-6.25182 0 -0.103181)
(-5.5997 0 -0.176941)
(-4.86677 0 -0.248576)
(-4.06189 0 -0.312929)
(-3.19594 0 -0.366482)
(-2.28137 0 -0.407275)
(-1.33174 0 -0.434341)
(-0.361444 0 -0.447117)
(0.614504 0 -0.445194)
(1.58085 0 -0.428664)
(2.52274 0 -0.397976)
(3.42596 0 -0.35375)
(4.2772 0 -0.297151)
(5.06438 0 -0.230499)
(5.7771 0 -0.157759)
(6.40708 0 -0.0844246)
(6.94808 0 -0.0164295)
(7.39493 0 0.0415159)
(7.74145 0 0.0871466)
(7.97812 0 0.120659)
(8.09032 0 0.143823)
(8.05794 0 0.159335)
(7.85969 0 0.173861)
(7.47752 0 0.198655)
(6.90923 0 0.238103)
(6.16986 0 0.280493)
(5.29849 0 0.305078)
(4.35985 0 0.301865)
(3.42203 0 0.275364)
(2.53988 0 0.235555)
(1.74441 0 0.194561)
(1.03572 0 0.162212)
(0.389617 0 0.143977)
(-0.231014 0 0.141903)
(-0.867468 0 0.156181)
(-1.55866 0 0.185358)
(-2.33312 0 0.224976)
(-3.19798 0 0.266308)
(-4.13037 0 0.297526)
(-5.08047 0 0.307562)
(-5.98328 0 0.290322)
(-6.77145 0 0.250631)
(-7.39828 0 0.208535)
(-7.8446 0 0.179949)
(-8.10826 0 0.164752)
(-8.20382 0 0.152169)
(-8.15204 0 0.133933)
(-7.97364 0 0.106538)
(-7.68465 0 0.0678203)
(-7.2956 0 0.0166716)
(-6.81283 0 -0.045963)
(-6.24071 0 -0.116575)
(-5.58387 0 -0.189773)
(-4.84871 0 -0.259829)
(-4.04384 0 -0.322097)
(-3.17984 0 -0.373566)
(-2.26876 0 -0.412621)
(-1.32373 0 -0.43848)
(-0.358704 0 -0.450669)
(0.912555 0 -1.67403)
(2.35332 0 -1.65314)
(3.77706 0 -1.61467)
(5.17415 0 -1.56004)
(6.53613 0 -1.49098)
(7.85532 0 -1.40904)
(9.12389 0 -1.31504)
(10.3322 0 -1.20851)
(11.4667 0 -1.08729)
(12.5091 0 -0.947447)
(13.436 0 -0.782982)
(14.2188 0 -0.585586)
(14.8245 0 -0.344684)
(15.2144 0 -0.0495202)
(15.3415 0 0.301311)
(15.1529 0 0.681366)
(14.6041 0 1.03677)
(13.6758 0 1.32812)
(12.3739 0 1.5395)
(10.7616 0 1.65738)
(8.9507 0 1.67652)
(7.06419 0 1.60122)
(5.21003 0 1.4684)
(3.44876 0 1.3297)
(1.78607 0 1.22723)
(0.18679 0 1.18485)
(-1.4045 0 1.2106)
(-3.04513 0 1.2994)
(-4.77653 0 1.43136)
(-6.60391 0 1.56823)
(-8.479 0 1.65841)
(-10.3015 0 1.65926)
(-11.9488 0 1.55955)
(-13.3026 0 1.36324)
(-14.2862 0 1.08247)
(-14.8847 0 0.73141)
(-15.1131 0 0.344512)
(-15.0119 0 -0.0214339)
(-14.6353 0 -0.332597)
(-14.0325 0 -0.586885)
(-13.2442 0 -0.79453)
(-12.3057 0 -0.966416)
(-11.247 0 -1.11131)
(-10.0931 0 -1.23561)
(-8.86386 0 -1.34362)
(-7.57368 0 -1.43772)
(-6.23317 0 -1.5186)
(-4.85089 0 -1.58558)
(-3.43512 0 -1.63722)
(-1.99487 0 -1.67192)
(-0.540122 0 -1.68837)
(0.918568 0 -1.6859)
(2.37056 0 -1.66462)
(3.80538 0 -1.62539)
(5.21329 0 -1.56962)
(6.58552 0 -1.49891)
(7.91385 0 -1.41458)
(9.18937 0 -1.31699)
(10.4007 0 -1.20506)
(11.5319 0 -1.07589)
(12.5621 0 -0.924683)
(13.4646 0 -0.744434)
(14.2083 0 -0.525759)
(14.7565 0 -0.257526)
(15.0668 0 0.0690377)
(15.0874 0 0.445306)
(14.7654 0 0.828234)
(14.0675 0 1.163)
(12.9839 0 1.42309)
(11.544 0 1.59507)
(9.83899 0 1.66902)
(7.99122 0 1.64215)
(6.12083 0 1.53493)
(4.31609 0 1.3947)
(2.61062 0 1.27107)
(0.987742 0 1.19746)
(-0.599964 0 1.18948)
(-2.21094 0 1.24881)
(-3.89723 0 1.36373)
(-5.68537 0 1.50562)
(-7.55598 0 1.62825)
(-9.43437 0 1.68144)
(-11.2056 0 1.63614)
(-12.7465 0 1.49302)
(-13.9545 0 1.25949)
(-14.7831 0 0.949426)
(-15.2353 0 0.582366)
(-15.3365 0 0.205283)
(-15.1357 0 -0.132139)
(-14.6855 0 -0.412342)
(-14.0301 0 -0.640824)
(-13.2067 0 -0.828709)
(-12.2472 0 -0.98606)
(-11.1786 0 -1.12056)
(-10.0232 0 -1.23764)
(-8.7981 0 -1.34077)
(-7.51547 0 -1.43163)
(-6.18438 0 -1.51032)
(-4.81247 0 -1.57578)
(-3.40755 0 -1.62635)
(-1.9784 0 -1.66035)
(-0.534875 0 -1.67647)
(1.02347 0 -3.17444)
(2.63852 0 -3.14016)
(4.23212 0 -3.07666)
(5.79136 0 -2.98572)
(7.30342 0 -2.86932)
(8.75536 0 -2.7289)
(10.1337 0 -2.56461)
(11.424 0 -2.37472)
(12.6108 0 -2.15553)
(13.6779 0 -1.90156)
(14.6086 0 -1.60599)
(15.3872 0 -1.26084)
(16.0002 0 -0.857359)
(16.4374 0 -0.38671)
(16.692 0 0.160004)
(16.7499 0 0.79426)
(16.5646 0 1.52775)
(16.0404 0 2.33387)
(15.0803 0 3.08417)
(13.6343 0 3.59908)
(11.7363 0 3.84065)
(9.52335 0 3.85078)
(7.17605 0 3.69571)
(4.82643 0 3.47867)
(2.52816 0 3.29984)
(0.274004 0 3.22197)
(-1.97311 0 3.26749)
(-4.25303 0 3.42221)
(-6.58242 0 3.63293)
(-8.92417 0 3.80605)
(-11.1631 0 3.83326)
(-13.1232 0 3.63981)
(-14.6497 0 3.17814)
(-15.6858 0 2.45688)
(-16.2673 0 1.64011)
(-16.4856 0 0.879257)
(-16.443 0 0.217672)
(-16.1961 0 -0.353092)
(-15.7619 0 -0.84498)
(-15.1476 0 -1.26675)
(-14.3631 0 -1.62694)
(-13.4221 0 -1.93422)
(-12.3409 0 -2.19672)
(-11.1368 0 -2.42152)
(-9.82705 0 -2.61438)
(-8.42809 0 -2.77934)
(-6.95522 0 -2.91838)
(-5.42283 0 -3.0316)
(-3.84467 0 -3.11778)
(-2.23425 0 -3.17517)
(-0.605127 0 -3.20223)
(1.02906 0 -3.19819)
(2.65464 0 -3.16314)
(4.25798 0 -3.09812)
(5.82557 0 -3.00476)
(7.34385 0 -2.88476)
(8.79895 0 -2.73907)
(10.1763 0 -2.56714)
(11.4602 0 -2.36644)
(12.634 0 -2.13245)
(13.6805 0 -1.85903)
(14.5823 0 -1.53879)
(15.3238 0 -1.16341)
(15.892 0 -0.724177)
(16.2782 0 -0.212656)
(16.4745 0 0.380353)
(16.457 0 1.06775)
(16.1549 0 1.85125)
(15.4623 0 2.66203)
(14.299 0 3.32611)
(12.6498 0 3.71458)
(10.5994 0 3.84495)
(8.3186 0 3.77086)
(5.97223 0 3.57738)
(3.65485 0 3.37374)
(1.38647 0 3.24407)
(-0.858406 0 3.23077)
(-3.12122 0 3.33854)
(-5.43409 0 3.53509)
(-7.79149 0 3.74662)
(-10.1193 0 3.86719)
(-12.2678 0 3.80224)
(-14.0575 0 3.49272)
(-15.376 0 2.90527)
(-16.2152 0 2.12197)
(-16.6406 0 1.32716)
(-16.755 0 0.619706)
(-16.6433 0 0.00964909)
(-16.3404 0 -0.516356)
(-15.8566 0 -0.9687)
(-15.1993 0 -1.35614)
(-14.3796 0 -1.68757)
(-13.4118 0 -1.97158)
(-12.3119 0 -2.21587)
(-11.0965 0 -2.42696)
(-9.78173 0 -2.60989)
(-8.38283 0 -2.76787)
(-6.91392 0 -2.90209)
(-5.3883 0 -3.01202)
(-3.81885 0 -3.09598)
(-2.21838 0 -3.152)
(-0.599895 0 -3.17843)
(1.07172 0 -4.85507)
(2.76104 0 -4.80281)
(4.423 0 -4.7056)
(6.04103 0 -4.56539)
(7.59873 0 -4.38424)
(9.07987 0 -4.16363)
(10.4685 0 -3.90377)
(11.749 0 -3.6032)
(12.9066 0 -3.25884)
(13.9273 0 -2.86624)
(14.7985 0 -2.42)
(15.5091 0 -1.91389)
(16.0498 0 -1.3409)
(16.4131 0 -0.692587)
(16.5915 0 0.042721)
(16.5767 0 0.881789)
(16.3603 0 1.83763)
(15.9339 0 2.89398)
(15.2705 0 3.99654)
(14.2663 0 5.0528)
(12.7499 0 5.86449)
(10.7001 0 6.22227)
(8.26299 0 6.20897)
(5.64744 0 6.01548)
(2.98975 0 5.81518)
(0.334484 0 5.72062)
(-2.31718 0 5.77279)
(-4.96787 0 5.94588)
(-7.58767 0 6.14407)
(-10.0651 0 6.20429)
(-12.1979 0 5.93364)
(-13.8171 0 5.20346)
(-14.898 0 4.16838)
(-15.6 0 3.05564)
(-16.0487 0 1.97375)
(-16.2819 0 0.984265)
(-16.3086 0 0.111784)
(-16.1374 0 -0.652994)
(-15.7768 0 -1.32707)
(-15.2345 0 -1.92248)
(-14.5183 0 -2.44755)
(-13.6377 0 -2.90916)
(-12.604 0 -3.31347)
(-11.4306 0 -3.66596)
(-10.132 0 -3.97124)
(-8.72403 0 -4.23261)
(-7.22315 0 -4.45175)
(-5.64631 0 -4.6287)
(-4.01068 0 -4.76223)
(-2.33356 0 -4.85057)
(-0.632389 0 -4.8921)
(1.0753 0 -4.88589)
(2.77191 0 -4.83209)
(4.43992 0 -4.73185)
(6.06195 0 -4.58689)
(7.62072 0 -4.39891)
(9.09909 0 -4.16887)
(10.4802 0 -3.89632)
(11.7478 0 -3.57915)
(12.8863 0 -3.21366)
(13.8814 0 -2.795)
(14.7203 0 -2.31748)
(15.3921 0 -1.77478)
(15.8879 0 -1.15978)
(16.2 0 -0.463455)
(16.3205 0 0.327592)
(16.2409 0 1.23055)
(15.9527 0 2.24819)
(15.4444 0 3.34524)
(14.6604 0 4.45169)
(13.4502 0 5.43475)
(11.6869 0 6.04587)
(9.44446 0 6.21249)
(6.91307 0 6.09835)
(4.27864 0 5.89334)
(1.62692 0 5.74557)
(-1.02508 0 5.73179)
(-3.68202 0 5.8605)
(-6.33598 0 6.07284)
(-8.92276 0 6.23755)
(-11.2787 0 6.17177)
(-13.1992 0 5.69304)
(-14.5703 0 4.7905)
(-15.4697 0 3.70904)
(-16.0655 0 2.61161)
(-16.4361 0 1.5775)
(-16.5992 0 0.652126)
(-16.5628 0 -0.158147)
(-16.3355 0 -0.86941)
(-15.9253 0 -1.49719)
(-15.3395 0 -2.05206)
(-14.586 0 -2.54195)
(-13.6747 0 -2.97366)
(-12.617 0 -3.3532)
(-11.4259 0 -3.68577)
(-10.1157 0 -3.97548)
(-8.70144 0 -4.22503)
(-7.19875 0 -4.43542)
(-5.62373 0 -4.60605)
(-3.99264 0 -4.73524)
(-2.32192 0 -4.82087)
(-0.628211 0 -4.86114)
(1.08241 0 -6.58437)
(2.78698 0 -6.51182)
(4.45977 0 -6.37651)
(6.08165 0 -6.18058)
(7.63395 0 -5.92637)
(9.09864 0 -5.6157)
(10.4585 0 -5.24932)
(11.6977 0 -4.82655)
(12.8015 0 -4.34534)
(13.7569 0 -3.80248)
(14.5527 0 -3.19403)
(15.1789 0 -2.51549)
(15.6271 0 -1.7617)
(15.89 0 -0.926275)
(15.9617 0 -0.000231533)
(15.84 0 1.0285)
(15.5298 0 2.1696)
(15.0399 0 3.41853)
(14.3696 0 4.75303)
(13.4993 0 6.12043)
(12.3544 0 7.39081)
(10.7633 0 8.34301)
(8.58979 0 8.7559)
(5.99989 0 8.74964)
(3.21735 0 8.60769)
(0.370209 0 8.52332)
(-2.47962 0 8.56459)
(-5.27609 0 8.68938)
(-7.91374 0 8.73479)
(-10.1875 0 8.42601)
(-11.8912 0 7.57073)
(-13.0997 0 6.3366)
(-14.0017 0 4.96414)
(-14.6915 0 3.60347)
(-15.1958 0 2.32068)
(-15.5181 0 1.14246)
(-15.6503 0 0.0774205)
(-15.5861 0 -0.881856)
(-15.3267 0 -1.7472)
(-14.878 0 -2.52758)
(-14.2472 0 -3.22914)
(-13.4432 0 -3.8567)
(-12.4761 0 -4.41454)
(-11.358 0 -4.90648)
(-10.1024 0 -5.33573)
(-8.72491 0 -5.70446)
(-7.24236 0 -6.01353)
(-5.67297 0 -6.26242)
(-4.03579 0 -6.44957)
(-2.35053 0 -6.57297)
(-0.637294 0 -6.63085)
(1.08352 0 -6.6222)
(2.79145 0 -6.54718)
(4.46615 0 -6.40704)
(6.0876 0 -6.20369)
(7.63624 0 -5.93906)
(9.09322 0 -5.6145)
(10.4406 0 -5.23018)
(11.6619 0 -4.78488)
(12.742 0 -4.27614)
(13.6678 0 -3.70054)
(14.4277 0 -3.05412)
(15.012 0 -2.33252)
(15.4122 0 -1.53067)
(15.6212 0 -0.64186)
(15.6342 0 0.343748)
(15.4516 0 1.43799)
(15.0815 0 2.64501)
(14.53 0 3.95143)
(13.789 0 5.32452)
(12.8204 0 6.67913)
(11.5043 0 7.8413)
(9.64442 0 8.55629)
(7.25224 0 8.74488)
(4.55751 0 8.6557)
(1.74032 0 8.54239)
(-1.11363 0 8.53418)
(-3.95125 0 8.64467)
(-6.70032 0 8.77526)
(-9.20569 0 8.69981)
(-11.233 0 8.1415)
(-12.6865 0 7.08005)
(-13.7474 0 5.76683)
(-14.5619 0 4.39913)
(-15.1841 0 3.08373)
(-15.6278 0 1.86137)
(-15.8898 0 0.749852)
(-15.9613 0 -0.250918)
(-15.8393 0 -1.15235)
(-15.5275 0 -1.96583)
(-15.0321 0 -2.69951)
(-14.3608 0 -3.35935)
(-13.5223 0 -3.95032)
(-12.527 0 -4.47676)
(-11.3866 0 -4.94247)
(-10.1145 0 -5.35038)
(-8.72561 0 -5.70222)
(-7.23636 0 -5.99828)
(-5.66412 0 -6.23748)
(-4.02713 0 -6.4178)
(-2.34418 0 -6.5369)
(-0.634501 0 -6.59279)
(1.06353 0 -8.28673)
(2.73695 0 -8.19071)
(4.37551 0 -8.01148)
(5.95839 0 -7.75169)
(7.46554 0 -7.41443)
(8.87796 0 -7.00258)
(10.178 0 -6.51824)
(11.3496 0 -5.96239)
(12.3787 0 -5.33478)
(13.253 0 -4.63403)
(13.9621 0 -3.85783)
(14.4975 0 -3.00304)
(14.8517 0 -2.06566)
(15.019 0 -1.04055)
(14.9956 0 0.0786919)
(14.782 0 1.2987)
(14.3843 0 2.62157)
(13.8136 0 4.0384)
(13.0803 0 5.53005)
(12.1907 0 7.06976)
(11.1346 0 8.60177)
(9.83997 0 9.98551)
(8.12754 0 10.9715)
(5.85774 0 11.3945)
(3.19988 0 11.4513)
(0.378257 0 11.4229)
(-2.45631 0 11.4253)
(-5.16045 0 11.387)
(-7.53258 0 11.0566)
(-9.35639 0 10.1794)
(-10.7137 0 8.84673)
(-11.7972 0 7.31617)
(-12.7036 0 5.7562)
(-13.4505 0 4.23535)
(-14.0334 0 2.78411)
(-14.4423 0 1.4235)
(-14.6659 0 0.165275)
(-14.6965 0 -0.990438)
(-14.5332 0 -2.04929)
(-14.1791 0 -3.01716)
(-13.6403 0 -3.89867)
(-12.9241 0 -4.69737)
(-12.0396 0 -5.41601)
(-10.9979 0 -6.05665)
(-9.81177 0 -6.62051)
(-8.49623 0 -7.10783)
(-7.06825 0 -7.51771)
(-5.54653 0 -7.84823)
(-3.95115 0 -8.09676)
(-2.30327 0 -8.26055)
(-0.624751 0 -8.33733)
(1.06208 0 -8.32586)
(2.73478 0 -8.22632)
(4.37111 0 -8.04029)
(5.94935 0 -7.77021)
(7.44862 0 -7.41886)
(8.84913 0 -6.98872)
(10.1326 0 -6.48147)
(11.2826 0 -5.89771)
(12.2846 0 -5.23693)
(13.1263 0 -4.49766)
(13.7973 0 -3.67768)
(14.2887 0 -2.77404)
(14.5937 0 -1.78295)
(14.7068 0 -0.699455)
(14.6256 0 0.482495)
(14.3529 0 1.76777)
(13.8976 0 3.15359)
(13.2712 0 4.62521)
(12.4829 0 6.15999)
(11.5337 0 7.72155)
(10.3935 0 9.22236)
(8.93478 0 10.4616)
(6.96205 0 11.1887)
(4.47834 0 11.4123)
(1.72478 0 11.4226)
(-1.11948 0 11.4289)
(-3.91458 0 11.4539)
(-6.49705 0 11.3327)
(-8.62521 0 10.7678)
(-10.2087 0 9.65242)
(-11.4274 0 8.20905)
(-12.4372 0 6.66635)
(-13.2861 0 5.13559)
(-13.978 0 3.6612)
(-14.5047 0 2.26727)
(-14.8553 0 0.970835)
(-15.0198 0 -0.222444)
(-14.9932 0 -1.31656)
(-14.7767 0 -2.31831)
(-14.3746 0 -3.23378)
(-13.7932 0 -4.06777)
(-13.0401 0 -4.82406)
(-12.1243 0 -5.50558)
(-11.0568 0 -6.11439)
(-9.85023 0 -6.65162)
(-8.51926 0 -7.11719)
(-7.08036 0 -7.50981)
(-5.55155 0 -7.82714)
(-3.95217 0 -8.06619)
(-2.30247 0 -8.22392)
(-0.623445 0 -8.29787)
(1.02038 0 -9.94195)
(2.62464 0 -9.82089)
(4.19221 0 -9.59489)
(5.70135 0 -9.26735)
(7.13134 0 -8.84241)
(8.46284 0 -8.32433)
(9.67822 0 -7.71692)
(10.7618 0 -7.02307)
(11.7001 0 -6.24456)
(12.4818 0 -5.38202)
(13.0975 0 -4.43498)
(13.5397 0 -3.40198)
(13.8027 0 -2.28068)
(13.8825 0 -1.06799)
(13.7777 0 0.239402)
(13.4903 0 1.6436)
(13.0273 0 3.14216)
(12.3989 0 4.72456)
(11.6165 0 6.3717)
(10.6918 0 8.0563)
(9.63309 0 9.73808)
(8.43214 0 11.3489)
(7.00912 0 12.7381)
(5.19155 0 13.6717)
(2.90553 0 14.0893)
(0.3537 0 14.1884)
(-2.22201 0 14.1082)
(-4.58767 0 13.7597)
(-6.50966 0 12.93)
(-7.99683 0 11.6061)
(-9.22473 0 10.0096)
(-10.2986 0 8.31775)
(-11.2362 0 6.61123)
(-12.0306 0 4.93411)
(-12.6703 0 3.31622)
(-13.1437 0 1.77867)
(-13.4401 0 0.334359)
(-13.5518 0 -1.01229)
(-13.4758 0 -2.26209)
(-13.2134 0 -3.41741)
(-12.7685 0 -4.48058)
(-12.1469 0 -5.45328)
(-11.3566 0 -6.33641)
(-10.4073 0 -7.13003)
(-9.31116 0 -7.8332)
(-8.08249 0 -8.44401)
(-6.7379 0 -8.95952)
(-5.29606 0 -9.37605)
(-3.77742 0 -9.68956)
(-2.20379 0 -9.89626)
(-0.598012 0 -9.99315)
(1.0165 0 -9.97867)
(2.61617 0 -9.85306)
(4.17768 0 -9.61831)
(5.67843 0 -9.27766)
(7.09691 0 -8.83505)
(8.41312 0 -8.29446)
(9.60889 0 -7.65941)
(10.6682 0 -6.93257)
(11.5772 0 -6.11562)
(12.3246 0 -5.20921)
(12.9009 0 -4.21306)
(13.2989 0 -3.12606)
(13.5131 0 -1.94634)
(13.5403 0 -0.67149)
(13.3802 0 0.700656)
(13.0368 0 2.16996)
(12.519 0 3.73003)
(11.8379 0 5.36567)
(11.0053 0 7.05381)
(10.0319 0 8.76148)
(8.92178 0 10.439)
(7.64152 0 11.987)
(6.05722 0 13.1991)
(4.0066 0 13.8886)
(1.56166 0 14.1473)
(-1.02927 0 14.1818)
(-3.5369 0 14.0208)
(-5.71182 0 13.482)
(-7.40985 0 12.4112)
(-8.76066 0 10.9425)
(-9.92124 0 9.30327)
(-10.9454 0 7.61592)
(-11.8341 0 5.93777)
(-12.5775 0 4.30519)
(-13.1639 0 2.74306)
(-13.5821 0 1.2684)
(-13.8223 0 -0.110609)
(-13.879 0 -1.39311)
(-13.7512 0 -2.58174)
(-13.441 0 -3.67982)
(-12.9529 0 -4.69026)
(-12.2932 0 -5.6152)
(-11.4697 0 -6.45585)
(-10.4923 0 -7.2124)
(-9.37287 0 -7.88393)
(-8.12559 0 -8.46836)
(-6.76661 0 -8.96252)
(-5.31403 0 -9.36245)
(-3.7876 0 -9.66387)
(-2.20832 0 -9.86275)
(-0.598158 0 -9.95599)
(0.957493 0 -11.5103)
(2.46169 0 -11.3633)
(3.92848 0 -11.089)
(5.33584 0 -10.6917)
(6.66297 0 -10.1768)
(7.89072 0 -9.55039)
(9.0019 0 -8.81817)
(9.98155 0 -7.98525)
(10.817 0 -7.05566)
(11.498 0 -6.03222)
(12.0164 0 -4.9165)
(12.3662 0 -3.70895)
(12.5434 0 -2.40912)
(12.5458 0 -1.01618)
(12.3738 0 0.470267)
(12.0312 0 2.04861)
(11.5249 0 3.71269)
(10.8652 0 5.44969)
(10.0634 0 7.23968)
(9.1322 0 9.05582)
(8.08367 0 10.8625)
(6.92705 0 12.6098)
(5.65165 0 14.2092)
(4.17206 0 15.4933)
(2.3706 0 16.2801)
(0.299284 0 16.5506)
(-1.80154 0 16.3591)
(-3.67659 0 15.6684)
(-5.21648 0 14.4623)
(-6.51929 0 12.8945)
(-7.68908 0 11.1495)
(-8.74888 0 9.32983)
(-9.69077 0 7.4908)
(-10.503 0 5.67027)
(-11.1727 0 3.89704)
(-11.6881 0 2.1929)
(-12.0387 0 0.572743)
(-12.2166 0 -0.955362)
(-12.2178 0 -2.38829)
(-12.0414 0 -3.72521)
(-11.6894 0 -4.96598)
(-11.1661 0 -6.11015)
(-10.4777 0 -7.15656)
(-9.63297 0 -8.10303)
(-8.64275 0 -8.9463)
(-7.5205 0 -9.68206)
(-6.28215 0 -10.3051)
(-4.94588 0 -10.8096)
(-3.53195 0 -11.1899)
(-2.06224 0 -11.4408)
(-0.559825 0 -11.5585)
(0.951478 0 -11.5409)
(2.44767 0 -11.3884)
(3.90508 0 -11.1034)
(5.30089 0 -10.6904)
(6.6136 0 -10.1545)
(7.82346 0 -9.50165)
(8.91285 0 -8.73748)
(9.86648 0 -7.867)
(10.6716 0 -6.89426)
(11.3178 0 -5.82223)
(11.7971 0 -4.65281)
(12.1038 0 -3.38696)
(12.2341 0 -2.02498)
(12.1869 0 -0.567084)
(11.9635 0 0.98547)
(11.5692 0 2.62853)
(11.0125 0 4.35239)
(10.3045 0 6.14031)
(9.45738 0 7.96877)
(8.48375 0 9.80684)
(7.39485 0 11.6137)
(6.19547 0 13.3255)
(4.84401 0 14.8197)
(3.22104 0 15.8998)
(1.26666 0 16.4539)
(-0.852031 0 16.5257)
(-2.87243 0 16.1274)
(-4.58441 0 15.2015)
(-5.99806 0 13.8147)
(-7.23812 0 12.1644)
(-8.36717 0 10.3953)
(-9.3862 0 8.58211)
(-10.2849 0 6.7697)
(-11.0509 0 4.99116)
(-11.6717 0 3.27146)
(-12.1362 0 1.62871)
(-12.4349 0 0.0738687)
(-12.5615 0 -1.38834)
(-12.5135 0 -2.75701)
(-12.2911 0 -4.03277)
(-11.8968 0 -5.21642)
(-11.3353 0 -6.3082)
(-10.6132 0 -7.3074)
(-9.739 0 -8.21212)
(-8.72372 0 -9.01922)
(-7.58058 0 -9.72436)
(-6.32516 0 -10.3223)
(-4.97517 0 -10.807)
(-3.55024 0 -11.1727)
(-2.07152 0 -11.4142)
(-0.56129 0 -11.5274)
(0.878579 0 -12.9649)
(2.25769 0 -12.7919)
(3.59965 0 -12.469)
(4.88271 0 -12.0018)
(6.08653 0 -11.3973)
(7.19257 0 -10.6632)
(8.18446 0 -9.8077)
(9.04823 0 -8.83813)
(9.77237 0 -7.76097)
(10.3478 0 -6.58139)
(10.768 0 -5.30319)
(11.0284 0 -3.9289)
(11.1267 0 -2.46019)
(11.0627 0 -0.898491)
(10.8386 0 0.753956)
(10.4594 0 2.49251)
(9.93279 0 4.30809)
(9.26907 0 6.18575)
(8.48015 0 8.1041)
(7.57947 0 10.0353)
(6.58141 0 11.9444)
(5.50083 0 13.7869)
(4.35187 0 15.4948)
(3.12136 0 16.9447)
(1.75061 0 17.9477)
(0.230093 0 18.3415)
(-1.30996 0 18.0681)
(-2.71688 0 17.1648)
(-3.96895 0 15.7724)
(-5.12603 0 14.0848)
(-6.21321 0 12.2414)
(-7.21872 0 10.3188)
(-8.12728 0 8.3647)
(-8.92431 0 6.41565)
(-9.59602 0 4.50123)
(-10.13 0 2.64465)
(-10.5157 0 0.86283)
(-10.7446 0 -0.833274)
(-10.8115 0 -2.43736)
(-10.7138 0 -3.94577)
(-10.4517 0 -5.35586)
(-10.0274 0 -6.66491)
(-9.44575 0 -7.86946)
(-8.71387 0 -8.96496)
(-7.84139 0 -9.94562)
(-6.84056 0 -10.8046)
(-5.72627 0 -11.5341)
(-4.51587 0 -12.1262)
(-3.22894 0 -12.5732)
(-1.88688 0 -12.8684)
(-0.512436 0 -13.0069)
(0.870817 0 -12.9862)
(2.2391 0 -12.8067)
(3.56899 0 -12.4715)
(4.83804 0 -11.9862)
(6.02528 0 -11.3576)
(7.11168 0 -10.5937)
(8.0805 0 -9.70238)
(8.91754 0 -8.69124)
(9.61121 0 -7.56686)
(10.1526 0 -6.33471)
(10.5351 0 -4.99904)
(10.7547 0 -3.56307)
(10.8095 0 -2.02943)
(10.7001 0 -0.400909)
(10.4298 0 1.31832)
(10.0047 0 3.1209)
(9.43377 0 4.99445)
(8.72821 0 6.92038)
(7.90079 0 8.8739)
(6.96558 0 10.8237)
(5.93727 0 12.7309)
(4.83141 0 14.5432)
(3.65447 0 16.1706)
(2.36724 0 17.4545)
(0.917238 0 18.2029)
(-0.635002 0 18.3025)
(-2.12376 0 17.7404)
(-3.45238 0 16.6019)
(-4.65719 0 15.0686)
(-5.78902 0 13.3167)
(-6.84965 0 11.4516)
(-7.82376 0 9.53293)
(-8.69669 0 7.60194)
(-9.45424 0 5.6917)
(-10.0833 0 3.82834)
(-10.5724 0 2.03157)
(-10.9118 0 0.314694)
(-11.0945 0 -1.31451)
(-11.1162 0 -2.85221)
(-10.9756 0 -4.2965)
(-10.6732 0 -5.64598)
(-10.212 0 -6.8988)
(-9.59704 0 -8.05213)
(-8.83551 0 -9.1018)
(-7.9371 0 -10.0423)
(-6.91397 0 -10.8669)
(-5.78075 0 -11.5679)
(-4.55438 0 -12.1374)
(-3.25392 0 -12.5675)
(-1.90012 0 -12.8517)
(-0.515025 0 -12.985)
(0.786681 0 -14.2831)
(2.02044 0 -14.0845)
(3.2182 0 -13.7141)
(4.359 0 -13.1786)
(5.42338 0 -12.4867)
(6.39383 0 -11.6484)
(7.25513 0 -10.6739)
(7.99454 0 -9.57319)
(8.60195 0 -8.35531)
(9.06977 0 -7.02789)
(9.3929 0 -5.59707)
(9.56857 0 -4.06764)
(9.59622 0 -2.44345)
(9.4775 0 -0.728169)
(9.21632 0 1.07353)
(8.81903 0 2.9544)
(8.2944 0 4.90296)
(7.65341 0 6.90221)
(6.90887 0 8.92905)
(6.07549 0 10.9539)
(5.17005 0 12.9401)
(4.21179 0 14.8419)
(3.2239 0 16.5955)
(2.22576 0 18.0937)
(1.21106 0 19.1607)
(0.166274 0 19.5959)
(-0.882808 0 19.2938)
(-1.9021 0 18.3241)
(-2.89829 0 16.8775)
(-3.88329 0 15.1429)
(-4.84179 0 13.2415)
(-5.74984 0 11.2431)
(-6.58729 0 9.1961)
(-7.3368 0 7.13887)
(-7.98309 0 5.1027)
(-8.51288 0 3.11255)
(-8.91474 0 1.18732)
(-9.1794 0 -0.659575)
(-9.30012 0 -2.41913)
(-9.27271 0 -4.08512)
(-9.09539 0 -5.65246)
(-8.76877 0 -7.11608)
(-8.29583 0 -8.4701)
(-7.68209 0 -9.70743)
(-6.93566 0 -10.8197)
(-6.06739 0 -11.7972)
(-5.09085 0 -12.6298)
(-4.02219 0 -13.307)
(-2.8799 0 -13.819)
(-1.68443 0 -14.1574)
(-0.457664 0 -14.3162)
(0.777621 0 -14.2925)
(1.99842 0 -14.0866)
(3.18214 0 -13.7024)
(4.30721 0 -13.1467)
(5.35364 0 -12.4282)
(6.30352 0 -11.5569)
(7.14134 0 -10.5434)
(7.85425 0 -9.39775)
(8.43209 0 -8.1293)
(8.86745 0 -6.74612)
(9.15548 0 -5.25495)
(9.29381 0 -3.66141)
(9.28247 0 -1.97051)
(9.12384 0 -0.187474)
(8.82278 0 1.68089)
(8.3867 0 3.62456)
(7.82544 0 5.62879)
(7.15095 0 7.67313)
(6.37701 0 9.73101)
(5.51942 0 11.7694)
(4.59614 0 13.7478)
(3.62837 0 15.614)
(2.64001 0 17.2882)
(1.63984 0 18.6309)
(0.611816 0 19.4424)
(-0.440439 0 19.5521)
(-1.47795 0 18.9362)
(-2.48632 0 17.7369)
(-3.48244 0 16.1581)
(-4.46499 0 14.3579)
(-5.41156 0 12.429)
(-6.29997 0 10.4287)
(-7.11174 0 8.39998)
(-7.83064 0 6.37767)
(-8.44246 0 4.38957)
(-8.93486 0 2.45716)
(-9.29741 0 0.595901)
(-9.52194 0 -1.18392)
(-9.60277 0 -2.87592)
(-9.53659 0 -4.47582)
(-9.32232 0 -5.98)
(-8.96108 0 -7.38442)
(-8.45626 0 -8.68396)
(-7.81358 0 -9.87209)
(-7.04128 0 -10.9408)
(-6.15017 0 -11.8808)
(-5.15365 0 -12.6819)
(-4.06755 0 -13.3339)
(-2.90994 0 -13.8271)
(-1.70072 0 -14.1531)
(-0.461144 0 -14.3061)
(0.684252 0 -15.4466)
(1.75628 0 -15.2235)
(2.79427 0 -14.8076)
(3.77852 0 -14.207)
(4.69086 0 -13.4321)
(5.51518 0 -12.495)
(6.23769 0 -11.4084)
(6.84715 0 -10.185)
(7.33499 0 -8.83622)
(7.69521 0 -7.37237)
(7.92434 0 -5.80201)
(8.02131 0 -4.13224)
(7.9873 0 -2.36915)
(7.82571 0 -0.518629)
(7.54209 0 1.4124)
(7.14426 0 3.41438)
(6.64217 0 5.47364)
(6.04784 0 7.57117)
(5.3752 0 9.68188)
(4.64036 0 11.7739)
(3.86202 0 13.8078)
(3.06224 0 15.7339)
(2.26768 0 17.4861)
(1.50683 0 18.9631)
(0.793769 0 20.0067)
(0.115304 0 20.4315)
(-0.558781 0 20.1348)
(-1.26009 0 19.1847)
(-2.00694 0 17.7598)
(-2.7909 0 16.03)
(-3.58466 0 14.1076)
(-4.36036 0 12.0641)
(-5.09487 0 9.9515)
(-5.76873 0 7.81133)
(-6.3652 0 5.67724)
(-6.86979 0 3.57625)
(-7.27004 0 1.52932)
(-7.55551 0 -0.447924)
(-7.71803 0 -2.34408)
(-7.75174 0 -4.15053)
(-7.65311 0 -5.85983)
(-7.42094 0 -7.46449)
(-7.0565 0 -8.95617)
(-6.56357 0 -10.3252)
(-5.94863 0 -11.5604)
(-5.22092 0 -12.6494)
(-4.39243 0 -13.5794)
(-3.4778 0 -14.3372)
(-2.49406 0 -14.911)
(-1.46026 0 -15.2907)
(-0.396968 0 -15.469)
(0.67437 0 -15.4423)
(1.73205 0 -15.2112)
(2.75477 0 -14.7804)
(3.72232 0 -14.1577)
(4.61614 0 -13.354)
(5.41976 0 -12.3814)
(6.11924 0 -11.2531)
(6.70327 0 -9.98202)
(7.16334 0 -8.58009)
(7.49369 0 -7.05812)
(7.69118 0 -5.42543)
(7.75523 0 -3.6901)
(7.68762 0 -1.8595)
(7.49251 0 0.0587381)
(7.17634 0 2.05544)
(6.74789 0 4.1182)
(6.21814 0 6.23011)
(5.60008 0 8.36869)
(4.90874 0 10.5052)
(4.16151 0 12.6042)
(3.37871 0 14.6218)
(2.58464 0 16.5022)
(1.80811 0 18.1657)
(1.07349 0 19.4854)
(0.381882 0 20.2805)
(-0.290131 0 20.3888)
(-0.975053 0 19.7874)
(-1.70035 0 18.6128)
(-2.47228 0 17.0514)
(-3.27102 0 15.246)
(-4.06757 0 13.2863)
(-4.83655 0 11.2329)
(-5.55687 0 9.13248)
(-6.21056 0 7.02233)
(-6.78211 0 4.93251)
(-7.25808 0 2.88648)
(-7.62701 0 0.901747)
(-7.87946 0 -1.00917)
(-8.00823 0 -2.83759)
(-8.00831 0 -4.57698)
(-7.87689 0 -6.22151)
(-7.61336 0 -7.76488)
(-7.21941 0 -9.19965)
(-6.69916 0 -10.5168)
(-6.05927 0 -11.7057)
(-5.309 0 -12.7546)
(-4.46029 0 -13.6506)
(-3.52754 0 -14.3811)
(-2.52745 0 -14.9344)
(-1.47862 0 -15.3006)
(-0.40109 0 -15.4725)
(0.573261 0 -16.4405)
(1.47028 0 -16.1946)
(2.33598 0 -15.7364)
(3.15234 0 -15.0753)
(3.9029 0 -14.2234)
(4.57324 0 -13.1952)
(5.15129 0 -12.0059)
(5.62751 0 -10.6705)
(5.99497 0 -9.20338)
(6.24937 0 -7.61726)
(6.38887 0 -5.92319)
(6.41404 0 -4.13062)
(6.32772 0 -2.24786)
(6.13491 0 -0.282982)
(5.8427 0 1.75496)
(5.46024 0 3.8543)
(4.99867 0 5.99934)
(4.47098 0 8.16913)
(3.89207 0 10.3365)
(3.27893 0 12.4671)
(2.6511 0 14.5183)
(2.03112 0 16.4371)
(1.44488 0 18.154)
(0.918952 0 19.5721)
(0.467709 0 20.5543)
(0.0740511 0 20.9479)
(-0.312357 0 20.6705)
(-0.746161 0 19.7765)
(-1.25282 0 18.412)
(-1.82335 0 16.7219)
(-2.43208 0 14.8111)
(-3.05235 0 12.7533)
(-3.66073 0 10.6044)
(-4.23697 0 8.40914)
(-4.76342 0 6.20373)
(-5.22467 0 4.01736)
(-5.60723 0 1.87302)
(-5.89955 0 -0.211605)
(-6.09209 0 -2.22292)
(-6.17746 0 -4.15006)
(-6.1505 0 -5.98328)
(-6.00832 0 -7.71271)
(-5.75046 0 -9.32749)
(-5.37901 0 -10.8153)
(-4.8987 0 -12.1623)
(-4.31702 0 -13.3535)
(-3.64418 0 -14.373)
(-2.89301 0 -15.2054)
(-2.07876 0 -15.8366)
(-1.21866 0 -16.2545)
(-0.331506 0 -16.4509)
(0.563036 0 -16.4216)
(1.44503 0 -16.1671)
(2.29498 0 -15.6928)
(3.09444 0 -15.0081)
(3.82665 0 -14.1257)
(4.47696 0 -13.0601)
(5.03319 0 -11.8269)
(5.48584 0 -10.4419)
(5.82814 0 -8.91974)
(6.05605 0 -7.27398)
(6.16816 0 -5.51651)
(6.16558 0 -3.65787)
(6.05179 0 -1.7078)
(5.83253 0 0.323788)
(5.51577 0 2.42548)
(5.11158 0 4.58273)
(4.63203 0 6.77657)
(4.09108 0 8.98248)
(3.5047 0 11.1695)
(2.89116 0 13.2994)
(2.27151 0 15.3249)
(1.67005 0 17.1864)
(1.11398 0 18.8036)
(0.6266 0 20.0609)
(0.209133 0 20.8065)
(-0.173375 0 20.9088)
(-0.57823 0 20.3494)
(-1.0488 0 19.2386)
(-1.59264 0 17.7312)
(-2.19031 0 15.9537)
(-2.81468 0 13.9945)
(-3.44072 0 11.9179)
(-4.0467 0 9.77394)
(-4.61381 0 7.60286)
(-5.12561 0 5.43707)
(-5.56772 0 3.30204)
(-5.92764 0 1.21726)
(-6.19473 0 -0.802724)
(-6.36036 0 -2.74709)
(-6.41799 0 -4.60718)
(-6.36317 0 -6.37496)
(-6.19366 0 -8.04191)
(-5.90949 0 -9.59818)
(-5.51312 0 -11.0323)
(-5.00956 0 -12.331)
(-4.40641 0 -13.4798)
(-3.71387 0 -14.4634)
(-2.94466 0 -15.2668)
(-2.11376 0 -15.876)
(-1.2381 0 -16.2795)
(-0.336017 0 -16.4691)
(0.455291 0 -17.2529)
(1.1665 0 -16.9862)
(1.84984 0 -16.4897)
(2.48936 0 -15.774)
(3.07067 0 -14.8531)
(3.58134 0 -13.7434)
(4.01126 0 -12.4627)
(4.35273 0 -11.0287)
(4.6006 0 -9.4581)
(4.75222 0 -7.76628)
(4.80737 0 -5.9667)
(4.76816 0 -4.07111)
(4.6389 0 -2.09003)
(4.42599 0 -0.0336126)
(4.13782 0 2.08706)
(3.78468 0 4.2584)
(3.37859 0 6.46289)
(2.93323 0 8.67777)
(2.46392 0 10.874)
(1.98773 0 13.015)
(1.52363 0 15.0558)
(1.0925 0 16.9408)
(0.716392 0 18.6001)
(0.415298 0 19.9425)
(0.196523 0 20.8522)
(0.0383397 0 21.2102)
(-0.112461 0 20.955)
(-0.31325 0 20.1272)
(-0.59356 0 18.839)
(-0.951056 0 17.2102)
(-1.36713 0 15.3369)
(-1.81957 0 13.2928)
(-2.28702 0 11.1361)
(-2.74997 0 8.91401)
(-3.19082 0 6.66493)
(-3.59379 0 4.42006)
(-3.94474 0 2.2042)
(-4.23125 0 0.0369258)
(-4.44266 0 -2.06618)
(-4.57029 0 -4.09213)
(-4.60753 0 -6.02898)
(-4.54997 0 -7.86454)
(-4.39557 0 -9.58549)
(-4.14473 0 -11.1769)
(-3.80042 0 -12.6224)
(-3.36827 0 -13.904)
(-2.85653 0 -15.0034)
(-2.27601 0 -15.9027)
(-1.63981 0 -16.5854)
(-0.963012 0 -17.038)
(-0.262196 0 -17.2507)
(0.445182 0 -17.2189)
(1.14142 0 -16.9432)
(1.80922 0 -16.4298)
(2.43234 0 -15.6894)
(2.99619 0 -14.7365)
(3.4882 0 -13.588)
(3.89823 0 -12.262)
(4.21871 0 -10.777)
(4.4447 0 -9.15031)
(4.57389 0 -7.39815)
(4.60653 0 -5.53497)
(4.54531 0 -3.57373)
(4.39521 0 -1.52646)
(4.16338 0 0.594744)
(3.85904 0 2.77638)
(3.49332 0 5.00194)
(3.0791 0 7.25061)
(2.63093 0 9.49602)
(2.16506 0 11.7052)
(1.69957 0 13.8375)
(1.25448 0 15.8433)
(0.851532 0 17.6609)
(0.512696 0 19.2115)
(0.253929 0 20.392)
(0.0704506 0 21.0798)
(-0.0762408 0 21.1751)
(-0.246098 0 20.664)
(-0.485636 0 19.6296)
(-0.807748 0 18.1944)
(-1.20029 0 16.4686)
(-1.6421 0 14.5368)
(-2.11127 0 12.465)
(-2.58741 0 10.3056)
(-3.05204 0 8.10123)
(-3.48856 0 5.88642)
(-3.88208 0 3.6885)
(-4.21937 0 1.52875)
(-4.48882 0 -0.576468)
(-4.68063 0 -2.61434)
(-4.78693 0 -4.57418)
(-4.80185 0 -6.44585)
(-4.72164 0 -8.21858)
(-4.54479 0 -9.8802)
(-4.27214 0 -11.4167)
(-3.90699 0 -12.8125)
(-3.45516 0 -14.0503)
(-2.92497 0 -15.1124)
(-2.32719 0 -15.9813)
(-1.67478 0 -16.641)
(-0.982579 0 -17.0783)
(-0.266852 0 -17.2839)
(0.331633 0 -17.8739)
(0.848287 0 -17.5891)
(1.34117 0 -17.0593)
(1.79682 0 -16.2961)
(2.20324 0 -15.3154)
(2.55028 0 -14.1358)
(2.82995 0 -12.7773)
(3.03656 0 -11.2599)
(3.16675 0 -9.60289)
(3.21953 0 -7.82404)
(3.19617 0 -5.93914)
(3.10016 0 -3.96215)
(2.93706 0 -1.9057)
(2.71439 0 0.218096)
(2.44152 0 2.39627)
(2.12951 0 4.61353)
(1.79089 0 6.8508)
(1.4395 0 9.08383)
(1.09044 0 11.282)
(0.759957 0 13.4075)
(0.46525 0 15.4138)
(0.223966 0 17.2448)
(0.052814 0 18.8323)
(-0.0360578 0 20.0931)
(-0.043416 0 20.9311)
(0.00565594 0 21.2554)
(0.0613275 0 21.0215)
(0.0705745 0 20.2586)
(0.00213086 0 19.051)
(-0.149144 0 17.4961)
(-0.372889 0 15.6798)
(-0.652844 0 13.6733)
(-0.971295 0 11.5349)
(-1.31078 0 9.31298)
(-1.65471 0 7.04756)
(-1.98763 0 4.77129)
(-2.2953 0 2.51049)
(-2.56484 0 0.286319)
(-2.78485 0 -1.88389)
(-2.94567 0 -3.9852)
(-3.03953 0 -6.0036)
(-3.06075 0 -7.92467)
(-3.00584 0 -9.73275)
(-2.87362 0 -11.4105)
(-2.66534 0 -12.9388)
(-2.3847 0 -14.2974)
(-2.03785 0 -15.4653)
(-1.63335 0 -16.4222)
(-1.18189 0 -17.1496)
(-0.696039 0 -17.6322)
(-0.189778 0 -17.8592)
(0.322066 0 -17.8252)
(0.824431 0 -17.5311)
(1.30265 0 -16.9837)
(1.74306 0 -16.1951)
(2.13355 0 -15.1816)
(2.46394 0 -13.9621)
(2.72629 0 -12.5574)
(2.91509 0 -10.9883)
(3.02726 0 -9.27493)
(3.06221 0 -7.43583)
(3.0217 0 -5.48794)
(2.90983 0 -3.44655)
(2.73282 0 -1.32588)
(2.49896 0 0.859959)
(2.21837 0 3.09554)
(1.90286 0 5.36268)
(1.56568 0 7.63897)
(1.22139 0 9.89656)
(0.885755 0 12.101)
(0.575624 0 14.2101)
(0.308613 0 16.1733)
(0.102293 0 17.929)
(-0.0280099 0 19.4024)
(-0.0748253 0 20.5037)
(-0.0493423 0 21.1356)
(0.0101036 0 21.224)
(0.0484863 0 20.759)
(0.0211696 0 19.8015)
(-0.0897732 0 18.4467)
(-0.280633 0 16.7885)
(-0.537504 0 14.9057)
(-0.843214 0 12.8633)
(-1.18015 0 10.7147)
(-1.53132 0 8.50404)
(-1.88077 0 6.26713)
(-2.21373 0 4.03285)
(-2.51667 0 1.824)
(-2.77744 0 -0.341462)
(-2.9854 0 -2.44898)
(-3.13164 0 -4.48597)
(-3.20914 0 -6.44027)
(-3.21288 0 -8.29898)
(-3.13993 0 -10.0477)
(-2.9896 0 -11.6701)
(-2.76351 0 -13.148)
(-2.46561 0 -14.4618)
(-2.10221 0 -15.5914)
(-1.68189 0 -16.517)
(-1.2153 0 -17.2207)
(-0.714863 0 -17.6875)
(-0.194355 0 -17.907)
(0.203385 0 -18.2956)
(0.518449 0 -17.9958)
(0.814483 0 -17.4383)
(1.08085 0 -16.6361)
(1.30824 0 -15.6065)
(1.48905 0 -14.3702)
(1.61761 0 -12.949)
(1.69027 0 -11.3655)
(1.70551 0 -9.64108)
(1.66393 0 -7.79571)
(1.56816 0 -5.84733)
(1.42283 0 -3.812)
(1.23448 0 -1.70426)
(1.01144 0 0.461928)
(0.763684 0 2.67194)
(0.502581 0 4.90905)
(0.240682 0 7.15293)
(-0.00851194 0 9.37826)
(-0.230785 0 11.5536)
(-0.411508 0 13.6403)
(-0.536115 0 15.592)
(-0.59099 0 17.3536)
(-0.56521 0 18.8607)
(-0.454001 0 20.0392)
(-0.264976 0 20.8101)
(-0.0251531 0 21.1044)
(0.220339 0 20.8895)
(0.424124 0 20.1868)
(0.5546 0 19.0594)
(0.60047 0 17.5856)
(0.564526 0 15.8408)
(0.456817 0 13.8913)
(0.290649 0 11.7942)
(0.0805656 0 9.59748)
(-0.158669 0 7.34181)
(-0.412615 0 5.06067)
(-0.667497 0 2.78142)
(-0.91046 0 0.526486)
(-1.12982 0 -1.68535)
(-1.31531 0 -3.83746)
(-1.45839 0 -5.91391)
(-1.55233 0 -7.89824)
(-1.59244 0 -9.77263)
(-1.57611 0 -11.5174)
(-1.50289 0 -13.1113)
(-1.37455 0 -14.5315)
(-1.19505 0 -15.7548)
(-0.970488 0 -16.7587)
(-0.708902 0 -17.5227)
(-0.420023 0 -18.0301)
(-0.114871 0 -18.2689)
(0.194741 0 -18.2331)
(0.496783 0 -17.9238)
(0.779595 0 -17.3485)
(1.03245 0 -16.5203)
(1.24602 0 -15.4574)
(1.41274 0 -14.1807)
(1.52707 0 -12.7132)
(1.58562 0 -11.078)
(1.58718 0 -9.29744)
(1.53276 0 -7.3926)
(1.42553 0 -5.3826)
(1.27074 0 -3.28486)
(1.07556 0 -1.11559)
(0.849046 0 1.10921)
(0.601832 0 3.37249)
(0.345939 0 5.65465)
(0.0944839 0 7.93211)
(-0.138558 0 10.176)
(-0.338626 0 12.3511)
(-0.490947 0 14.4148)
(-0.581172 0 16.3169)
(-0.596589 0 17.998)
(-0.528544 0 19.3892)
(-0.377155 0 20.4135)
(-0.158637 0 20.9941)
(0.0902099 0 21.0762)
(0.320581 0 20.6529)
(0.49107 0 19.7684)
(0.58013 0 18.4968)
(0.584121 0 16.9166)
(0.50989 0 15.0996)
(0.369306 0 13.1077)
(0.176355 0 10.9937)
(-0.054318 0 8.80189)
(-0.308154 0 6.56886)
(-0.571098 0 4.32441)
(-0.829875 0 2.09246)
(-1.07222 0 -0.107742)
(-1.2871 0 -2.26014)
(-1.46495 0 -4.35044)
(-1.59789 0 -6.36462)
(-1.67989 0 -8.28781)
(-1.7068 0 -10.1035)
(-1.67654 0 -11.7932)
(-1.58906 0 -13.3365)
(-1.44643 0 -14.7116)
(-1.25283 0 -15.8961)
(-1.01446 0 -16.8682)
(-0.739397 0 -17.6081)
(-0.437325 0 -18.0993)
(-0.11917 0 -18.3304)
(0.0715416 0 -18.5116)
(0.179537 0 -18.2003)
(0.273821 0 -17.6217)
(0.346901 0 -16.7899)
(0.392459 0 -15.7237)
(0.405627 0 -14.4452)
(0.383172 0 -12.9785)
(0.323594 0 -11.3478)
(0.227177 0 -9.57656)
(0.0959928 0 -7.68669)
(-0.0661222 0 -5.69804)
(-0.25361 0 -3.62848)
(-0.45926 0 -1.49431)
(-0.674307 0 0.688902)
(-0.888608 0 2.90515)
(-1.0909 0 5.13656)
(-1.26911 0 7.36193)
(-1.41061 0 9.55535)
(-1.50262 0 11.6851)
(-1.53269 0 13.7129)
(-1.48941 0 15.5934)
(-1.36344 0 17.2742)
(-1.14941 0 18.6956)
(-0.848826 0 19.7931)
(-0.474524 0 20.5019)
(-0.0544742 0 20.7694)
(0.370424 0 20.5718)
(0.757731 0 19.9244)
(1.07616 0 18.875)
(1.30987 0 17.4864)
(1.45536 0 15.8237)
(1.51688 0 13.9473)
(1.50315 0 11.9112)
(1.42533 0 9.76235)
(1.29578 0 7.54078)
(1.12736 0 5.28014)
(0.932843 0 3.00835)
(0.724552 0 0.74865)
(0.514003 0 -1.47903)
(0.311604 0 -3.65663)
(0.126361 0 -5.76658)
(-0.0343203 0 -7.79062)
(-0.164756 0 -9.70898)
(-0.261062 0 -11.5)
(-0.321203 0 -13.1404)
(-0.345017 0 -14.6052)
(-0.334202 0 -15.8693)
(-0.292248 0 -16.9083)
(-0.224309 0 -17.7001)
(-0.136991 0 -18.2262)
(-0.0380261 0 -18.474)
(0.0641437 0 -18.4369)
(0.160878 0 -18.116)
(0.243872 0 -17.5194)
(0.305651 0 -16.6616)
(0.33996 0 -15.5619)
(0.34206 0 -14.2432)
(0.308915 0 -12.7303)
(0.239307 0 -11.0485)
(0.133886 0 -9.22208)
(-0.00483268 0 -7.27419)
(-0.172491 0 -5.22592)
(-0.362949 0 -3.09658)
(-0.568373 0 -0.904182)
(-0.779366 0 1.3337)
(-0.985198 0 3.59867)
(-1.17412 0 5.87005)
(-1.33365 0 8.12351)
(-1.45095 0 10.3297)
(-1.51325 0 12.4534)
(-1.50839 0 14.4528)
(-1.42572 0 16.2791)
(-1.25744 0 17.8766)
(-1.00094 0 19.1833)
(-0.662461 0 20.1338)
(-0.261764 0 20.6677)
(0.166138 0 20.7442)
(0.577815 0 20.358)
(0.93496 0 19.5422)
(1.21369 0 18.354)
(1.4046 0 16.8589)
(1.50832 0 15.1207)
(1.5315 0 13.197)
(1.48414 0 11.1384)
(1.37803 0 8.98859)
(1.22575 0 6.78394)
(1.04007 0 4.55459)
(0.833526 0 2.32514)
(0.617996 0 0.115771)
(0.404485 0 -2.05626)
(0.202803 0 -4.17518)
(0.021319 0 -6.22533)
(-0.133181 0 -8.19008)
(-0.255582 0 -10.051)
(-0.342507 0 -11.7878)
(-0.392348 0 -13.3781)
(-0.405289 0 -14.7981)
(-0.383286 0 -16.0234)
(-0.330012 0 -17.0305)
(-0.250736 0 -17.7978)
(-0.152111 0 -18.3078)
(-0.0418784 0 -18.5477)
(-0.0629302 0 -18.517)
(-0.165963 0 -18.1981)
(-0.276869 0 -17.6057)
(-0.399703 0 -16.7547)
(-0.537566 0 -15.6653)
(-0.69241 0 -14.3609)
(-0.864914 0 -12.867)
(-1.05441 0 -11.2095)
(-1.25885 0 -9.41349)
(-1.47478 0 -7.50242)
(-1.69736 0 -5.49773)
(-1.92035 0 -3.41886)
(-2.13617 0 -1.28356)
(-2.33598 0 0.891289)
(-2.50987 0 3.08855)
(-2.64714 0 5.28958)
(-2.73661 0 7.47267)
(-2.76702 0 9.61182)
(-2.72746 0 11.6757)
(-2.60804 0 13.6272)
(-2.40067 0 15.4229)
(-2.10026 0 17.0138)
(-1.70638 0 18.3462)
(-1.22572 0 19.3644)
(-0.674907 0 20.0156)
(-0.0823211 0 20.259)
(0.514447 0 20.0771)
(1.07676 0 19.4811)
(1.57384 0 18.5074)
(1.98664 0 17.2065)
(2.30661 0 15.6339)
(2.5329 0 13.8437)
(2.66982 0 11.8858)
(2.72496 0 9.80491)
(2.70798 0 7.63982)
(2.62968 0 5.42363)
(2.50139 0 3.18424)
(2.33443 0 0.945339)
(2.13969 0 -1.2724)
(1.92732 0 -3.44982)
(1.70641 0 -5.56798)
(1.48474 0 -7.60713)
(1.26873 0 -9.5459)
(1.06335 0 -11.361)
(0.872117 0 -13.0273)
(0.697094 0 -14.5185)
(0.538893 0 -15.8076)
(0.396738 0 -16.8686)
(0.268549 0 -17.678)
(0.151095 0 -18.2164)
(0.0402235 0 -18.47)
(-0.0688194 0 -18.4321)
(-0.18096 0 -18.1036)
(-0.300831 0 -17.4933)
(-0.432373 0 -16.6164)
(-0.578536 0 -15.4938)
(-0.741074 0 -14.1497)
(-0.920407 0 -12.6105)
(-1.11555 0 -10.9029)
(-1.32407 0 -9.0533)
(-1.54207 0 -7.08623)
(-1.76419 0 -5.02448)
(-1.98366 0 -2.88897)
(-2.19234 0 -0.699167)
(-2.38086 0 1.52605)
(-2.53882 0 3.76726)
(-2.65518 0 6.00313)
(-2.7186 0 8.209)
(-2.71781 0 10.3557)
(-2.64225 0 12.4086)
(-2.4827 0 14.3274)
(-2.23227 0 16.0661)
(-1.88781 0 17.5733)
(-1.45188 0 18.7943)
(-0.935519 0 19.6743)
(-0.360857 0 20.1652)
(0.23866 0 20.2363)
(0.823708 0 19.8839)
(1.3585 0 19.1326)
(1.81771 0 18.0273)
(2.18755 0 16.6221)
(2.46347 0 14.9728)
(2.6473 0 13.132)
(2.74506 0 11.1473)
(2.76539 0 9.06034)
(2.71853 0 6.90684)
(2.61552 0 4.71666)
(2.46765 0 2.51455)
(2.28601 0 0.321312)
(2.08112 0 -1.84495)
(1.86265 0 -3.96727)
(1.63911 0 -6.02864)
(1.41773 0 -8.01091)
(1.2044 0 -9.89416)
(1.00359 0 -11.6564)
(0.81839 0 -13.2737)
(0.650488 0 -14.7207)
(0.500195 0 -15.9714)
(0.366492 0 -17.0008)
(0.247113 0 -17.786)
(0.138686 0 -18.3082)
(0.0369511 0 -18.5541)
(-0.199006 0 -18.3087)
(-0.515429 0 -17.9863)
(-0.833436 0 -17.388)
(-1.15341 0 -16.5292)
(-1.47503 0 -15.431)
(-1.79722 0 -14.1179)
(-2.11802 0 -12.6165)
(-2.4346 0 -10.9538)
(-2.74318 0 -9.15619)
(-3.03907 0 -7.24818)
(-3.31659 0 -5.25248)
(-3.56905 0 -3.18967)
(-3.78881 0 -1.07867)
(-3.96729 0 1.06262)
(-4.09518 0 3.21632)
(-4.16274 0 5.36333)
(-4.16009 0 7.48185)
(-4.07767 0 9.54625)
(-3.9068 0 11.5262)
(-3.64031 0 13.3862)
(-3.27351 0 15.0857)
(-2.80525 0 16.5799)
(-2.23948 0 17.8211)
(-1.58698 0 18.7616)
(-0.867165 0 19.3584)
(-0.108554 0 19.5798)
(0.65371 0 19.4125)
(1.38376 0 18.865)
(2.05135 0 17.9651)
(2.63511 0 16.7537)
(3.12256 0 15.2775)
(3.50848 0 13.5842)
(3.79307 0 11.7192)
(3.98041 0 9.72425)
(4.07724 0 7.6361)
(4.09203 0 5.48676)
(4.03428 0 3.30362)
(3.91392 0 1.11037)
(3.74082 0 -1.07192)
(3.5245 0 -3.22335)
(3.27375 0 -5.324)
(2.99646 0 -7.35294)
(2.69953 0 -9.28759)
(2.38884 0 -11.1034)
(2.06928 0 -12.7741)
(1.74475 0 -14.272)
(1.41818 0 -15.569)
(1.0916 0 -16.638)
(0.766152 0 -17.4544)
(0.442164 0 -17.9979)
(0.119313 0 -18.2541)
(-0.20319 0 -18.2157)
(-0.526274 0 -17.884)
(-0.850632 0 -17.268)
(-1.17644 0 -16.3839)
(-1.50315 0 -15.2532)
(-1.82941 0 -13.9013)
(-2.15296 0 -12.3558)
(-2.47061 0 -10.6448)
(-2.77821 0 -8.79557)
(-3.07062 0 -6.83407)
(-3.34169 0 -4.78432)
(-3.58427 0 -2.66842)
(-3.79022 0 -0.506973)
(-3.95052 0 1.68019)
(-4.05555 0 3.87302)
(-4.09536 0 6.04987)
(-4.06011 0 8.18619)
(-3.94049 0 10.2534)
(-3.7284 0 12.2184)
(-3.4177 0 14.0429)
(-3.0052 0 15.6843)
(-2.49192 0 17.0963)
(-1.88482 0 18.231)
(-1.19855 0 19.0427)
(-0.456907 0 19.4933)
(0.307935 0 19.5594)
(1.05963 0 19.2381)
(1.76429 0 18.5482)
(2.3957 0 17.525)
(2.9368 0 16.2132)
(3.37878 0 14.661)
(3.71918 0 12.9154)
(3.9602 0 11.0204)
(4.10727 0 9.01517)
(4.16802 0 6.93384)
(4.15144 0 4.80549)
(4.06722 0 2.65466)
(3.92522 0 0.502314)
(3.73512 0 -1.63289)
(3.50606 0 -3.73316)
(3.24638 0 -5.78042)
(2.96348 0 -7.75537)
(2.66378 0 -9.6369)
(2.3527 0 -11.4018)
(2.03471 0 -13.025)
(1.71331 0 -14.4799)
(1.39111 0 -15.7394)
(1.06985 0 -16.7774)
(0.750389 0 -17.57)
(0.432857 0 -18.0976)
(0.116718 0 -18.3461)
(-0.335537 0 -17.8849)
(-0.865924 0 -17.5637)
(-1.39124 0 -16.9677)
(-1.90802 0 -16.1131)
(-2.41242 0 -15.0214)
(-2.9002 0 -13.7179)
(-3.36674 0 -12.2296)
(-3.80705 0 -10.5843)
(-4.21573 0 -8.80901)
(-4.58693 0 -6.92901)
(-4.9143 0 -4.96776)
(-5.19095 0 -2.94664)
(-5.40939 0 -0.885304)
(-5.56163 0 1.19768)
(-5.63928 0 3.28402)
(-5.63388 0 5.35451)
(-5.53716 0 7.38764)
(-5.34157 0 9.35858)
(-5.04083 0 11.2384)
(-4.63063 0 12.9939)
(-4.10955 0 14.5879)
(-3.48012 0 15.9798)
(-2.75 0 17.128)
(-1.9333 0 17.992)
(-1.05145 0 18.537)
(-0.132995 0 18.738)
(0.78869 0 18.5846)
(1.67972 0 18.0834)
(2.51029 0 17.256)
(3.25738 0 16.1353)
(3.90539 0 14.7606)
(4.4454 0 13.1732)
(4.87389 0 11.4139)
(5.19153 0 9.52079)
(5.40208 0 7.52824)
(5.51151 0 5.46661)
(5.52721 0 3.36238)
(5.45738 0 1.23881)
(5.31058 0 -0.882971)
(5.09532 0 -2.98274)
(4.81983 0 -5.03995)
(4.49183 0 -7.03291)
(4.11847 0 -8.93828)
(3.7064 0 -10.7308)
(3.26173 0 -12.3833)
(2.79016 0 -13.8674)
(2.29693 0 -15.1544)
(1.78691 0 -16.2165)
(1.26454 0 -17.0286)
(0.733877 0 -17.5696)
(0.198605 0 -17.8247)
(-0.337885 0 -17.7865)
(-0.872296 0 -17.4561)
(-1.40117 0 -16.8431)
(-1.92074 0 -15.9639)
(-2.42684 0 -14.8408)
(-2.91492 0 -13.4999)
(-3.38001 0 -11.9693)
(-3.81676 0 -10.2777)
(-4.21937 0 -8.45329)
(-4.58158 0 -6.52274)
(-4.89663 0 -4.51083)
(-5.1572 0 -2.44044)
(-5.35545 0 -0.332899)
(-5.48306 0 1.7914)
(-5.53145 0 3.91212)
(-5.49213 0 6.00772)
(-5.35706 0 8.05416)
(-5.11914 0 10.024)
(-4.77292 0 11.8859)
(-4.31534 0 13.6043)
(-3.74669 0 15.1404)
(-3.07179 0 16.453)
(-2.3012 0 17.501)
(-1.4524 0 18.2463)
(-0.5503 0 18.6585)
(0.373855 0 18.7196)
(1.28585 0 18.4274)
(2.1532 0 17.7965)
(2.94911 0 16.8548)
(3.65408 0 15.6391)
(4.2558 0 14.1905)
(4.74806 0 12.5507)
(5.12948 0 10.7592)
(5.40232 0 8.85256)
(5.57148 0 6.8627)
(5.64364 0 4.81749)
(5.6266 0 2.74079)
(5.52869 0 0.65342)
(5.35841 0 -1.42578)
(5.12406 0 -3.47853)
(4.8335 0 -5.48606)
(4.49407 0 -7.42831)
(4.1125 0 -9.28339)
(3.69503 0 -11.0273)
(3.24737 0 -12.6343)
(2.77482 0 -14.0771)
(2.28227 0 -15.3279)
(1.77425 0 -16.36)
(1.25489 0 -17.149)
(0.727926 0 -17.6745)
(0.19675 0 -17.9222)
(-0.471198 0 -17.246)
(-1.21406 0 -16.9306)
(-1.94497 0 -16.3458)
(-2.65648 0 -15.508)
(-3.34113 0 -14.4388)
(-3.99151 0 -13.1635)
(-4.60036 0 -11.7096)
(-5.16054 0 -10.1049)
(-5.66509 0 -8.37631)
(-6.10712 0 -6.54961)
(-6.47976 0 -4.64846)
(-6.77607 0 -2.69458)
(-6.98897 0 -0.707978)
(-7.11128 0 1.29252)
(-7.13579 0 3.28859)
(-7.05558 0 5.26123)
(-6.86423 0 7.18958)
(-6.5564 0 9.04995)
(-6.12831 0 10.8153)
(-5.57854 0 12.455)
(-4.90884 0 13.9353)
(-4.12503 0 15.2204)
(-3.238 0 16.2743)
(-2.2645 0 17.063)
(-1.22749 0 17.558)
(-0.155486 0 17.7396)
(0.919401 0 17.5997)
(1.96471 0 17.1433)
(2.95095 0 16.3874)
(3.85392 0 15.3586)
(4.65554 0 14.0895)
(5.34373 0 12.6157)
(5.91162 0 10.9731)
(6.35667 0 9.19609)
(6.67968 0 7.31615)
(6.88396 0 5.36165)
(6.97463 0 3.35777)
(6.95795 0 1.32701)
(6.84087 0 -0.709843)
(6.63068 0 -2.7326)
(6.33477 0 -4.72051)
(5.96046 0 -6.65158)
(5.515 0 -8.50216)
(5.00563 0 -10.2467)
(4.43962 0 -11.8579)
(3.82434 0 -13.3072)
(3.16735 0 -14.5657)
(2.47634 0 -15.6056)
(1.75912 0 -16.4014)
(1.02352 0 -16.932)
(0.277357 0 -17.1823)
(-0.471646 0 -17.1448)
(-1.21581 0 -16.8207)
(-1.94739 0 -16.2196)
(-2.65857 0 -15.3582)
(-3.34149 0 -14.259)
(-3.98837 0 -12.9481)
(-4.59156 0 -11.454)
(-5.14356 0 -9.80544)
(-5.63701 0 -8.03075)
(-6.06466 0 -6.15682)
(-6.41928 0 -4.2087)
(-6.6936 0 -2.20959)
(-6.88028 0 -0.1811)
(-6.97194 0 1.8562)
(-6.96134 0 3.88211)
(-6.84168 0 5.8755)
(-6.60695 0 7.81323)
(-6.25243 0 9.66934)
(-5.77538 0 11.4146)
(-5.17579 0 13.0167)
(-4.45724 0 14.4408)
(-3.62786 0 15.6508)
(-2.70125 0 16.6116)
(-1.69707 0 17.2917)
(-0.641074 0 17.667)
(0.436218 0 17.7231)
(1.50209 0 17.4586)
(2.5251 0 16.8848)
(3.47803 0 16.0241)
(4.33954 0 14.9066)
(5.09446 0 13.5671)
(5.7333 0 12.0418)
(6.2514 0 10.3662)
(6.64791 0 8.5732)
(6.92496 0 6.69255)
(7.08677 0 4.7504)
(7.13905 0 2.76962)
(7.08837 0 0.770507)
(6.94176 0 -1.22825)
(6.70643 0 -3.20825)
(6.38955 0 -5.15043)
(5.99815 0 -7.03437)
(5.53916 0 -8.83786)
(5.01943 0 -10.5367)
(4.44587 0 -12.1048)
(3.82549 0 -13.5148)
(3.16545 0 -14.7388)
(2.47308 0 -15.75)
(1.75578 0 -16.5237)
(1.02104 0 -17.0394)
(0.276269 0 -17.2826)
(-0.604454 0 -16.3945)
(-1.55594 0 -16.0899)
(-2.48846 0 -15.5253)
(-3.39059 0 -14.717)
(-4.25122 0 -13.6864)
(-5.05982 0 -12.4586)
(-5.80648 0 -11.0606)
(-6.48201 0 -9.51961)
(-7.07795 0 -7.86243)
(-7.58646 0 -6.11434)
(-8.00027 0 -4.29881)
(-8.31253 0 -2.43742)
(-8.51674 0 -0.550082)
(-8.60669 0 1.34451)
(-8.57656 0 3.22834)
(-8.42112 0 5.08297)
(-8.136 0 6.88849)
(-7.71814 0 8.62268)
(-7.16636 0 10.2606)
(-6.48206 0 11.7745)
(-5.66999 0 13.1343)
(-4.73895 0 14.3089)
(-3.70261 0 15.2674)
(-2.57985 0 15.9815)
(-1.39478 0 16.4279)
(-0.175916 0 16.591)
(1.04556 0 16.4644)
(2.23816 0 16.0518)
(3.37267 0 15.3667)
(4.42394 0 14.4307)
(5.37192 0 13.2708)
(6.20185 0 11.9171)
(6.90387 0 10.401)
(7.4724 0 8.75276)
(7.90534 0 7.00098)
(8.20335 0 5.17168)
(8.36913 0 3.2884)
(8.40685 0 1.37258)
(8.32169 0 -0.555687)
(8.11952 0 -2.47663)
(7.80671 0 -4.36972)
(7.39002 0 -6.21314)
(6.87667 0 -7.98345)
(6.27435 0 -9.65537)
(5.59139 0 -11.202)
(4.83681 0 -12.5951)
(4.02036 0 -13.8064)
(3.15255 0 -14.8083)
(2.24452 0 -15.5757)
(1.30791 0 -16.0878)
(0.354702 0 -16.3295)
(-0.603002 0 -16.2933)
(-1.55307 0 -15.9804)
(-2.4834 0 -15.4003)
(-3.38209 0 -14.5698)
(-4.23761 0 -13.511)
(-5.03897 0 -12.2498)
(-5.77586 0 -10.8141)
(-6.43871 0 -9.23223)
(-7.01868 0 -7.53218)
(-7.50763 0 -5.74047)
(-7.89798 0 -3.88189)
(-8.18265 0 -1.97944)
(-8.35498 0 -0.0545527)
(-8.40872 0 1.87247)
(-8.33816 0 3.78189)
(-8.13834 0 5.65335)
(-7.80543 0 7.46493)
(-7.33719 0 9.19247)
(-6.73361 0 10.8092)
(-5.99762 0 12.2861)
(-5.13585 0 13.5924)
(-4.15937 0 14.697)
(-3.08431 0 15.5701)
(-1.93209 0 16.186)
(-0.729037 0 16.5252)
(0.494806 0 16.5764)
(1.70779 0 16.3385)
(2.87921 0 15.8205)
(3.98158 0 15.0403)
(4.9921 0 14.0227)
(5.89326 0 12.7968)
(6.67272 0 11.3937)
(7.3228 0 9.84466)
(7.83971 0 8.17902)
(8.22278 0 6.42387)
(8.47375 0 4.60341)
(8.59607 0 2.73921)
(8.59437 0 0.850719)
(8.47406 0 -1.04383)
(8.24108 0 -2.92632)
(7.90169 0 -4.77778)
(7.46251 0 -6.57792)
(6.93047 0 -8.30466)
(6.31298 0 -9.93405)
(5.61804 0 -11.4404)
(4.85431 0 -12.7966)
(4.03114 0 -13.9755)
(3.15863 0 -14.9503)
(2.24749 0 -15.6969)
(1.3089 0 -16.195)
(0.354378 0 -16.43)
(-0.733552 0 -15.3357)
(-1.88707 0 -15.0466)
(-3.01467 0 -14.5112)
(-4.10095 0 -13.7452)
(-5.13129 0 -12.7695)
(-6.09204 0 -11.6083)
(-6.97076 0 -10.2874)
(-7.75629 0 -8.83338)
(-8.43875 0 -7.27186)
(-9.00944 0 -5.62728)
(-9.46077 0 -3.92239)
(-9.78607 0 -2.17811)
(-9.9795 0 -0.413819)
(-10.036 0 1.35235)
(-9.95114 0 3.10304)
(-9.7216 0 4.82069)
(-9.34506 0 6.48661)
(-8.82083 0 8.08032)
(-8.15029 0 9.57922)
(-7.3376 0 10.9586)
(-6.39027 0 12.1921)
(-5.31982 0 13.253)
(-4.14224 0 14.1151)
(-2.8782 0 14.755)
(-1.55269 0 15.154)
(-0.194227 0 15.2992)
(1.1666 0 15.1856)
(2.49903 0 14.8161)
(3.77394 0 14.2016)
(4.96549 0 13.3593)
(6.052 0 12.3116)
(7.01645 0 11.0837)
(7.84632 0 9.70259)
(8.53319 0 8.19463)
(9.07219 0 6.58522)
(9.46133 0 4.89788)
(9.70088 0 3.15428)
(9.79285 0 1.37446)
(9.74054 0 -0.422504)
(9.54829 0 -2.21761)
(9.22134 0 -3.991)
(8.76581 0 -5.72153)
(8.18874 0 -7.38648)
(7.49823 0 -8.96141)
(6.70358 0 -10.4203)
(5.81535 0 -11.7361)
(4.84542 0 -12.8815)
(3.80703 0 -13.8297)
(2.71456 0 -14.5567)
(1.5834 0 -15.0421)
(0.429639 0 -15.2714)
(-0.730255 0 -15.237)
(-1.87972 0 -14.9403)
(-3.00236 0 -14.3905)
(-4.08224 0 -13.6039)
(-5.1042 0 -12.6021)
(-6.05413 0 -11.4099)
(-6.91915 0 -10.0543)
(-7.68772 0 -8.56261)
(-8.3496 0 -6.96183)
(-8.89582 0 -5.27751)
(-9.31858 0 -3.53367)
(-9.61106 0 -1.75258)
(-9.76738 0 0.0449729)
(-9.78254 0 1.83939)
(-9.65247 0 3.61175)
(-9.37415 0 5.34279)
(-8.94599 0 7.0121)
(-8.36824 0 8.59753)
(-7.64358 0 10.0751)
(-6.77774 0 11.419)
(-5.78016 0 12.6025)
(-4.6645 0 13.5992)
(-3.44901 0 14.3842)
(-2.15649 0 14.9364)
(-0.813793 0 15.24)
(0.549398 0 15.2862)
(1.90216 0 15.0742)
(3.21428 0 14.611)
(4.45805 0 13.9111)
(5.60952 0 12.9948)
(6.64926 0 11.8864)
(7.56246 0 10.6123)
(8.3387 0 9.19921)
(8.97139 0 7.67324)
(9.45718 0 6.05853)
(9.79526 0 4.37713)
(9.98681 0 2.64902)
(10.0344 0 0.892517)
(9.94181 0 -0.874948)
(9.71347 0 -2.63588)
(9.35471 0 -4.37185)
(8.87156 0 -6.06314)
(8.27094 0 -7.68833)
(7.5607 0 -9.22426)
(6.74984 0 -10.6461)
(5.84858 0 -11.9278)
(4.86842 0 -13.0431)
(3.82212 0 -13.9663)
(2.72361 0 -14.6739)
(1.58773 0 -15.1463)
(0.430047 0 -15.3693)
(-0.856521 0 -14.0774)
(-2.20243 0 -13.8087)
(-3.51566 0 -13.3114)
(-4.77701 0 -12.6003)
(-5.96842 0 -11.6953)
(-7.07332 0 -10.6192)
(-8.07687 0 -9.39632)
(-8.96601 0 -8.05162)
(-9.72955 0 -6.60928)
(-10.358 0 -5.09232)
(-10.8435 0 -3.52218)
(-11.1797 0 -1.91869)
(-11.3613 0 -0.300183)
(-11.3845 0 1.31616)
(-11.2465 0 2.91398)
(-10.9456 0 4.47691)
(-10.4816 0 5.98772)
(-9.8563 0 7.42791)
(-9.07345 0 8.77735)
(-8.13982 0 10.0144)
(-7.0655 0 11.1165)
(-5.86439 0 12.0608)
(-4.5545 0 12.8257)
(-3.1579 0 13.3918)
(-1.70034 0 13.7439)
(-0.21041 0 13.8717)
(1.28171 0 13.771)
(2.74565 0 13.4443)
(4.15237 0 12.9002)
(5.47538 0 12.1526)
(6.6917 0 11.2198)
(7.78238 0 10.1228)
(8.73253 0 8.88425)
(9.53118 0 7.52689)
(10.1708 0 6.07285)
(10.6469 0 4.543)
(10.9573 0 2.95689)
(11.1019 0 1.33293)
(11.0821 0 -0.311125)
(10.9007 0 -1.95743)
(10.5616 0 -3.58723)
(10.0705 0 -5.18053)
(9.43403 0 -6.71587)
(8.66071 0 -8.1702)
(7.7607 0 -9.51906)
(6.746 0 -10.7369)
(5.63054 0 -11.7981)
(4.4301 0 -12.6774)
(3.16221 0 -13.3521)
(1.84584 0 -13.8029)
(0.501038 0 -14.0158)
(-0.851488 0 -13.9839)
(-2.19088 0 -13.7083)
(-3.49656 0 -13.1978)
(-4.74872 0 -12.468)
(-5.92871 0 -11.5391)
(-7.01945 0 -10.4348)
(-8.00564 0 -9.18046)
(-8.87383 0 -7.80178)
(-9.61251 0 -6.32407)
(-10.212 0 -4.77149)
(-10.6642 0 -3.16665)
(-10.9627 0 -1.53063)
(-11.1025 0 0.116937)
(-11.0798 0 1.75757)
(-10.8921 0 3.37351)
(-10.5386 0 4.94688)
(-10.0196 0 6.45902)
(-9.3381 0 7.89005)
(-8.4992 0 9.21873)
(-7.51129 0 10.4227)
(-6.38634 0 11.4791)
(-5.14028 0 12.3657)
(-3.79313 0 13.062)
(-2.36886 0 13.5507)
(-0.89472 0 13.8192)
(0.599763 0 13.8603)
(2.08412 0 13.6735)
(3.52846 0 13.2645)
(4.90482 0 12.645)
(6.18835 0 11.8314)
(7.358 0 10.8438)
(8.39685 0 9.70429)
(9.29203 0 8.43573)
(10.0344 0 7.06055)
(10.6179 0 5.6)
(11.0394 0 4.07378)
(11.2978 0 2.50005)
(11.3936 0 0.895723)
(11.3288 0 -0.722867)
(11.1064 0 -2.33921)
(10.7308 0 -3.93587)
(10.2073 0 -5.49414)
(9.54273 0 -6.99379)
(8.74543 0 -8.41295)
(7.82528 0 -9.72824)
(6.79395 0 -10.9152)
(5.66496 0 -11.949)
(4.45363 0 -12.8055)
(3.17695 0 -13.4625)
(1.8533 0 -13.9014)
(0.502124 0 -14.1087)
(-0.971212 0 -12.6311)
(-2.49652 0 -12.3874)
(-3.98276 0 -11.9366)
(-5.40715 0 -11.2924)
(-6.74843 0 -10.4732)
(-7.9873 0 -9.49982)
(-9.10666 0 -8.39474)
(-10.0918 0 -7.18069)
(-10.9302 0 -5.87984)
(-11.6117 0 -4.51329)
(-12.1283 0 -3.10071)
(-12.4737 0 -1.66031)
(-12.6436 0 -0.208976)
(-12.635 0 1.23749)
(-12.4468 0 2.66409)
(-12.0789 0 4.05586)
(-11.5334 0 5.39734)
(-10.814 0 6.67213)
(-9.92698 0 7.86273)
(-8.88147 0 8.95061)
(-7.68985 0 9.91665)
(-6.36812 0 10.7419)
(-4.93596 0 11.4085)
(-3.41667 0 11.9008)
(-1.8366 0 12.2064)
(-0.224485 0 12.3171)
(1.38967 0 12.2294)
(2.97571 0 11.9454)
(4.5045 0 11.4718)
(5.94902 0 10.8199)
(7.2852 0 10.0045)
(8.49244 0 9.0429)
(9.55381 0 7.95377)
(10.456 0 6.75634)
(11.1892 0 5.46949)
(11.7463 0 4.11138)
(12.1231 0 2.69928)
(12.3172 0 1.24969)
(12.3282 0 -0.221238)
(12.1575 0 -1.69715)
(11.8079 0 -3.16083)
(11.2842 0 -4.59391)
(10.5931 0 -5.9767)
(9.74314 0 -7.28807)
(8.74542 0 -8.50561)
(7.61326 0 -9.60598)
(6.36243 0 -10.5655)
(5.01112 0 -11.3614)
(3.57976 0 -11.9724)
(2.09067 0 -12.3809)
(0.567655 0 -12.574)
(-0.964593 0 -12.5451)
(-2.48115 0 -12.2952)
(-3.95749 0 -11.8327)
(-5.37015 0 -11.1718)
(-6.69725 0 -10.3313)
(-7.91893 0 -9.33294)
(-9.01761 0 -8.19987)
(-9.97814 0 -6.95573)
(-10.7878 0 -5.62368)
(-11.4362 0 -4.22583)
(-11.9153 0 -2.78291)
(-12.2187 0 -1.31429)
(-12.3424 0 0.162018)
(-12.2838 0 1.62905)
(-12.0422 0 3.07055)
(-11.6182 0 4.47031)
(-11.0148 0 5.81165)
(-10.2369 0 7.07709)
(-9.29218 0 8.24824)
(-8.19146 0 9.30608)
(-6.9489 0 10.2315)
(-5.58241 0 11.0059)
(-4.11352 0 11.6127)
(-2.56713 0 12.0379)
(-0.970925 0 12.2713)
(0.645615 0 12.3073)
(2.25224 0 12.1454)
(3.81916 0 11.7902)
(5.31819 0 11.2512)
(6.72369 0 10.5416)
(8.01329 0 9.67787)
(9.16824 0 8.6782)
(10.1735 0 7.56169)
(11.0176 0 6.34734)
(11.6922 0 5.05346)
(12.1917 0 3.69725)
(12.5129 0 2.29485)
(12.6542 0 0.861545)
(12.616 0 -0.587742)
(12.4 0 -2.03784)
(12.0095 0 -3.4727)
(11.4492 0 -4.87511)
(10.7258 0 -6.2265)
(9.84806 0 -7.50679)
(8.82663 0 -8.6946)
(7.67456 0 -9.76751)
(6.40722 0 -10.7028)
(5.04231 0 -11.4783)
(3.59965 0 -12.0736)
(2.10096 0 -12.4715)
(0.56935 0 -12.6594)
(-1.07536 0 -11.0115)
(-2.76355 0 -10.7972)
(-4.40682 0 -10.4007)
(-5.97911 0 -9.83463)
(-7.45625 0 -9.11514)
(-8.81648 0 -8.26092)
(-10.0407 0 -7.29185)
(-11.1126 0 -6.2281)
(-12.0186 0 -5.08932)
(-12.7481 0 -3.89419)
(-13.2926 0 -2.66016)
(-13.6462 0 -1.40339)
(-13.8051 0 -0.138872)
(-13.7676 0 1.11935)
(-13.5336 0 2.35789)
(-13.105 0 3.56355)
(-12.4855 0 4.72278)
(-11.6809 0 5.82149)
(-10.6997 0 6.84482)
(-9.55318 0 7.77729)
(-8.25565 0 8.60314)
(-6.8249 0 9.30691)
(-5.28207 0 9.87418)
(-3.65144 0 10.2924)
(-1.95994 0 10.5516)
(-0.236491 0 10.6453)
(1.48888 0 10.5708)
(3.18602 0 10.3294)
(4.82565 0 9.92682)
(6.38025 0 9.37184)
(7.82478 0 8.67633)
(9.13728 0 7.85418)
(10.2991 0 6.92064)
(11.2949 0 5.89151)
(12.1126 0 4.78255)
(12.7432 0 3.60912)
(13.18 0 2.38606)
(13.4191 0 1.12778)
(13.4582 0 -0.151458)
(13.2973 0 -1.43713)
(12.9383 0 -2.71396)
(12.3852 0 -3.96566)
(11.6446 0 -5.17476)
(10.7253 0 -6.32255)
(9.6391 0 -7.38917)
(8.40048 0 -8.35393)
(7.02692 0 -9.1959)
(5.53875 0 -9.89471)
(3.959 0 -10.4316)
(2.31307 0 -10.7907)
(0.628176 0 -10.9605)
(-1.06734 0 -10.9351)
(-2.74481 0 -10.7153)
(-4.37611 0 -10.3088)
(-5.93445 0 -9.72818)
(-7.39498 0 -8.99032)
(-8.73535 0 -8.11447)
(-9.93596 0 -7.12124)
(-10.9801 0 -6.03158)
(-11.854 0 -4.86598)
(-12.5467 0 -3.64404)
(-13.0499 0 -2.38415)
(-13.3578 0 -1.10346)
(-13.4668 0 0.182045)
(-13.3756 0 1.45731)
(-13.0848 0 2.70789)
(-12.5971 0 3.91952)
(-11.9172 0 5.0777)
(-11.0522 0 6.16745)
(-10.0119 0 7.17329)
(-8.80931 0 8.0794)
(-7.46053 0 8.87006)
(-5.98512 0 9.5303)
(-4.40588 0 10.0467)
(-2.74855 0 10.4081)
(-1.0412 0 10.6064)
(0.686581 0 10.6371)
(2.40457 0 10.4999)
(4.08294 0 10.1985)
(5.69321 0 9.74038)
(7.20907 0 9.13625)
(8.60702 0 8.39922)
(9.86681 0 7.54404)
(10.9716 0 6.58634)
(11.9077 0 5.54185)
(12.6647 0 4.4259)
(13.235 0 3.25316)
(13.6131 0 2.03757)
(13.796 0 0.792541)
(13.7822 0 -0.468693)
(13.5722 0 -1.73262)
(13.1683 0 -2.98499)
(12.5749 0 -4.2105)
(11.7985 0 -5.39269)
(10.848 0 -6.51375)
(9.73492 0 -7.55473)
(8.47353 0 -8.49578)
(7.08083 0 -9.31674)
(5.57665 0 -9.99792)
(3.98342 0 -10.5212)
(2.32585 0 -10.8711)
(0.630397 0 -11.0364)
(-1.16668 0 -9.2371)
(-2.99766 0 -9.05594)
(-4.77855 0 -8.721)
(-6.48039 0 -8.243)
(-8.07651 0 -7.63581)
(-9.54298 0 -6.91537)
(-10.859 0 -6.09864)
(-12.0068 0 -5.20273)
(-12.9721 0 -4.24435)
(-13.7435 0 -3.23936)
(-14.3126 0 -2.20259)
(-14.6735 0 -1.14774)
(-14.8231 0 -0.0875642)
(-14.7604 0 0.966001)
(-14.4866 0 2.00152)
(-14.005 0 3.00773)
(-13.3209 0 3.97326)
(-12.4419 0 4.88639)
(-11.3785 0 5.73498)
(-10.1436 0 6.5065)
(-8.75336 0 7.18836)
(-7.22707 0 7.76832)
(-5.58701 0 8.23502)
(-3.85829 0 8.57864)
(-2.06838 0 8.79143)
(-0.246474 0 8.86823)
(1.57727 0 8.80688)
(3.37258 0 8.60856)
(5.10991 0 8.27752)
(6.76127 0 7.82075)
(8.30081 0 7.24747)
(9.70543 0 6.5686)
(10.955 0 5.79617)
(12.0325 0 4.94281)
(12.9241 0 4.02122)
(13.6186 0 3.04398)
(14.1079 0 2.02338)
(14.386 0 0.971516)
(14.4495 0 -0.0994861)
(14.2969 0 -1.17723)
(13.9294 0 -2.24874)
(13.3504 0 -3.30019)
(12.5663 0 -4.31677)
(11.5862 0 -5.28259)
(10.4225 0 -6.18079)
(9.0906 0 -6.9938)
(7.60951 0 -7.7038)
(6.0014 0 -8.29345)
(4.29159 0 -8.74674)
(2.50814 0 -9.05009)
(0.681261 0 -9.19357)
(-1.15746 0 -9.17207)
(-2.97606 0 -8.98639)
(-4.74322 0 -8.643)
(-6.42923 0 -8.1529)
(-8.00668 0 -7.5304)
(-9.45104 0 -6.79196)
(-10.7409 0 -5.95512)
(-11.8584 0 -5.03768)
(-12.7886 0 -4.05708)
(-13.5202 0 -3.02994)
(-14.0448 0 -1.97186)
(-14.3567 0 -0.897409)
(-14.4532 0 0.179854)
(-14.3337 0 1.24713)
(-14.0003 0 2.29211)
(-13.457 0 3.30267)
(-12.7103 0 4.26669)
(-11.7693 0 5.1718)
(-10.6455 0 6.00538)
(-9.35386 0 6.7547)
(-7.91208 0 7.40725)
(-6.3411 0 7.95123)
(-4.66479 0 8.3761)
(-2.9096 0 8.67318)
(-1.10401 0 8.83615)
(0.722182 0 8.86153)
(2.53864 0 8.74899)
(4.31537 0 8.50152)
(6.02357 0 8.12501)
(7.63632 0 7.62778)
(9.1292 0 7.02012)
(10.4807 0 6.31367)
(11.6724 0 5.52081)
(12.6889 0 4.65417)
(13.5179 0 3.72618)
(14.1499 0 2.74887)
(14.5778 0 1.73387)
(14.7968 0 0.692498)
(14.8041 0 -0.36396)
(14.5992 0 -1.42397)
(14.1836 0 -2.47539)
(13.561 0 -3.50527)
(12.7381 0 -4.49959)
(11.7239 0 -5.44325)
(10.5307 0 -6.32014)
(9.17358 0 -7.11341)
(7.67114 0 -7.8059)
(6.045 0 -8.38085)
(4.31984 0 -8.82275)
(2.52301 0 -9.11841)
(0.683922 0 -9.25819)
(-1.24295 0 -7.32991)
(-3.19318 0 -7.18528)
(-5.08897 0 -6.91798)
(-6.89895 0 -6.53668)
(-8.59433 0 -6.05257)
(-10.1494 0 -5.47849)
(-11.542 0 -4.82803)
(-12.7532 0 -4.11495)
(-13.7681 0 -3.35261)
(-14.5747 0 -2.55373)
(-15.1645 0 -1.73015)
(-15.5319 0 -0.892851)
(-15.6741 0 -0.0519958)
(-15.5908 0 0.78286)
(-15.2842 0 1.60248)
(-14.7587 0 2.3978)
(-14.0209 0 3.15975)
(-13.0802 0 3.87914)
(-11.9482 0 4.5465)
(-10.6396 0 5.15221)
(-9.17198 0 5.68666)
(-7.56565 0 6.14058)
(-5.84392 0 6.50541)
(-4.03259 0 6.77377)
(-2.15961 0 6.93984)
(-0.254477 0 6.99971)
(1.65244 0 6.95174)
(3.53064 0 6.79682)
(5.35031 0 6.53815)
(7.08298 0 6.18096)
(8.70216 0 5.73218)
(10.1838 0 5.20001)
(11.5066 0 4.59357)
(12.6522 0 3.92246)
(13.6051 0 3.19646)
(14.3527 0 2.42531)
(14.8853 0 1.6187)
(15.1956 0 0.786235)
(15.2788 0 -0.0623353)
(15.1327 0 -0.917017)
(14.7577 0 -1.76744)
(14.1567 0 -2.60257)
(13.3361 0 -3.41058)
(12.3052 0 -4.17875)
(11.0767 0 -4.89358)
(9.66695 0 -5.541)
(8.09611 0 -6.10672)
(6.38787 0 -6.57679)
(4.56944 0 -6.93834)
(2.67112 0 -7.1804)
(0.725619 0 -7.29492)
(-1.23276 0 -7.27776)
(-3.16926 0 -7.12956)
(-5.04991 0 -6.85558)
(-6.84253 0 -6.46472)
(-8.51758 0 -5.96853)
(-10.0487 0 -5.38024)
(-11.4132 0 -4.71394)
(-12.5918 0 -3.98392)
(-13.5693 0 -3.20412)
(-14.3336 0 -2.38787)
(-14.8764 0 -1.54764)
(-15.1922 0 -0.695047)
(-15.2786 0 0.159064)
(-15.1361 0 1.00446)
(-14.7675 0 1.83119)
(-14.1782 0 2.62956)
(-13.3761 0 3.38995)
(-12.3718 0 4.10266)
(-11.1785 0 4.75792)
(-9.8125 0 5.34598)
(-8.29292 0 5.85732)
(-6.64179 0 6.28303)
(-4.88385 0 6.61519)
(-3.04614 0 6.8473)
(-1.15755 0 6.97461)
(0.751846 0 6.9945)
(2.65151 0 6.90673)
(4.51123 0 6.71357)
(6.30185 0 6.41945)
(7.99592 0 6.03064)
(9.56827 0 5.55487)
(10.9964 0 5.00092)
(12.2605 0 4.37818)
(13.3439 0 3.69631)
(14.2328 0 2.96488)
(14.916 0 2.1933)
(15.3851 0 1.39074)
(15.6338 0 0.566223)
(15.6583 0 -0.271134)
(15.4573 0 -1.11204)
(15.0314 0 -1.9468)
(14.3844 0 -2.76505)
(13.5224 0 -3.55559)
(12.4551 0 -4.30634)
(11.1949 0 -5.0044)
(9.75797 0 -5.63626)
(8.16397 0 -6.18816)
(6.43607 0 -6.64663)
(4.60079 0 -6.99917)
(2.68768 0 -7.23515)
(0.728629 0 -7.34675)
(-1.30217 0 -5.31519)
(-3.345 0 -5.20983)
(-5.32996 0 -5.01516)
(-7.22384 0 -4.73757)
(-8.99621 0 -4.38529)
(-10.62 0 -3.96771)
(-12.0719 0 -3.4948)
(-13.3324 0 -2.97659)
(-14.3857 0 -2.42288)
(-15.2198 0 -1.84291)
(-15.8261 0 -1.24533)
(-16.1989 0 -0.638116)
(-16.3358 0 -0.028662)
(-16.237 0 0.576094)
(-15.9053 0 1.16934)
(-15.3461 0 1.74442)
(-14.567 0 2.29473)
(-13.5785 0 2.81364)
(-12.3935 0 3.29441)
(-11.0277 0 3.73022)
(-9.49979 0 4.1143)
(-7.83104 0 4.44018)
(-6.04544 0 4.70187)
(-4.16936 0 4.89424)
(-2.23113 0 5.01322)
(-0.26054 0 5.05608)
(1.71179 0 5.02167)
(3.65513 0 4.91059)
(5.53937 0 4.7251)
(7.33566 0 4.46883)
(9.01698 0 4.14659)
(10.5586 0 3.76412)
(11.9382 0 3.32777)
(13.1365 0 2.8443)
(14.1368 0 2.32062)
(14.9254 0 1.7637)
(15.4912 0 1.18049)
(15.826 0 0.578001)
(15.9241 0 -0.0366349)
(15.7825 0 -0.656054)
(15.4012 0 -1.27272)
(14.783 0 -1.87864)
(13.9338 0 -2.46518)
(12.8633 0 -3.0231)
(11.5845 0 -3.54253)
(10.1144 0 -4.0132)
(8.4739 0 -4.42467)
(6.68797 0 -4.76672)
(4.78524 0 -5.0299)
(2.79771 0 -5.20617)
(0.760076 0 -5.28959)
(-1.29125 0 -5.27709)
(-3.31932 0 -5.16915)
(-5.28808 0 -4.96965)
(-7.16344 0 -4.68516)
(-8.91423 0 -4.32414)
(-10.5127 0 -3.89631)
(-11.935 0 -3.41198)
(-13.1612 0 -2.88157)
(-14.1754 0 -2.31529)
(-14.9654 0 -1.72284)
(-15.5225 0 -1.11331)
(-15.8418 0 -0.495152)
(-15.9209 0 0.123765)
(-15.761 0 0.735984)
(-15.3655 0 1.33419)
(-14.7409 0 1.91127)
(-13.8961 0 2.46025)
(-12.8428 0 2.97417)
(-11.5957 0 3.44607)
(-10.1719 0 3.86906)
(-8.59176 0 4.23647)
(-6.87805 0 4.54208)
(-5.05618 0 4.78036)
(-3.15372 0 4.94679)
(-1.1999 0 5.03807)
(0.774946 0 5.05236)
(2.74004 0 4.98951)
(4.66492 0 4.8511)
(6.5201 0 4.64023)
(8.27773 0 4.36128)
(9.91202 0 4.01963)
(11.3996 0 3.62141)
(12.72 0 3.17321)
(13.8552 0 2.68182)
(14.7903 0 2.15405)
(15.513 0 1.59661)
(16.0135 0 1.01613)
(16.2849 0 0.419212)
(16.3223 0 -0.187452)
(16.1238 0 -0.797034)
(15.6897 0 -1.40249)
(15.0234 0 -1.99629)
(14.1311 0 -2.57028)
(13.0224 0 -3.11566)
(11.7103 0 -3.62301)
(10.2115 0 -4.08246)
(8.54648 0 -4.48394)
(6.73964 0 -4.81761)
(4.81892 0 -5.07428)
(2.81555 0 -5.24616)
(0.763348 0 -5.32746)
(-1.34269 0 -3.22175)
(-3.44886 0 -3.15769)
(-5.49481 0 -3.03934)
(-7.44602 0 -2.87063)
(-9.27097 0 -2.65659)
(-10.9417 0 -2.40295)
(-12.4341 0 -2.11581)
(-13.7282 0 -1.80127)
(-14.8079 0 -1.46529)
(-15.6608 0 -1.11351)
(-16.2784 0 -0.751178)
(-16.6552 0 -0.383139)
(-16.7888 0 -0.0138558)
(-16.6797 0 0.352472)
(-16.3313 0 0.711655)
(-15.7492 0 1.05961)
(-14.9421 0 1.39233)
(-13.921 0 1.70581)
(-12.6998 0 1.996)
(-11.295 0 2.25884)
(-9.72577 0 2.49031)
(-8.01414 0 2.68658)
(-6.18458 0 2.8441)
(-4.26384 0 2.95985)
(-2.28054 0 3.03141)
(-0.264695 0 3.05718)
(1.75287 0 3.03646)
(3.74121 0 2.96962)
(5.67001 0 2.85798)
(7.51012 0 2.7037)
(9.23414 0 2.50961)
(10.8168 0 2.2791)
(12.2353 0 2.01592)
(13.4696 0 1.7241)
(14.5022 0 1.40775)
(15.3185 0 1.07104)
(15.9068 0 0.718183)
(16.2581 0 0.353418)
(16.366 0 -0.018873)
(16.2272 0 -0.394172)
(15.8414 0 -0.767925)
(15.2111 0 -1.13529)
(14.3424 0 -1.49104)
(13.2448 0 -1.82956)
(11.9316 0 -2.14483)
(10.4203 0 -2.4306)
(8.73226 0 -2.68051)
(6.89324 0 -2.88833)
(4.93288 0 -3.04828)
(2.88434 0 -3.15544)
(0.783656 0 -3.20616)
(-1.33127 0 -3.19855)
(-3.422 0 -3.13293)
(-5.45102 0 -3.01166)
(-7.38295 0 -2.83877)
(-9.18547 0 -2.61945)
(-10.8299 0 -2.35962)
(-12.2918 0 -2.06558)
(-13.5505 0 -1.74367)
(-14.5898 0 -1.40012)
(-15.3973 0 -1.04082)
(-15.9646 0 -0.671294)
(-16.2864 0 -0.296671)
(-16.3609 0 0.0782963)
(-16.1894 0 0.449082)
(-15.7758 0 0.811193)
(-15.1273 0 1.16029)
(-14.2535 0 1.49212)
(-13.1669 0 1.80251)
(-11.883 0 2.0873)
(-10.4197 0 2.34236)
(-8.79795 0 2.56376)
(-7.0412 0 2.74781)
(-5.17529 0 2.89125)
(-3.22814 0 2.99141)
(-1.22922 0 3.04634)
(0.790881 0 3.05495)
(2.80121 0 3.01715)
(4.77107 0 2.93389)
(6.67077 0 2.807)
(8.47211 0 2.63907)
(10.1489 0 2.43327)
(11.6773 0 2.19324)
(13.0361 0 1.92287)
(14.2066 0 1.6262)
(15.1731 0 1.3073)
(15.9226 0 0.970202)
(16.4444 0 0.618914)
(16.7309 0 0.257459)
(16.7769 0 -0.110054)
(16.5798 0 -0.479446)
(16.1398 0 -0.846459)
(15.4602 0 -1.20653)
(14.5471 0 -1.55472)
(13.4101 0 -1.88567)
(12.0626 0 -2.19365)
(10.5215 0 -2.47264)
(8.80802 0 -2.71652)
(6.94725 0 -2.91927)
(4.96813 0 -3.07528)
(2.90303 0 -3.17978)
(0.787102 0 -3.22922)
(-1.36329 0 -1.07947)
(-3.50163 0 -1.05795)
(-5.57855 0 -1.01822)
(-7.55886 0 -0.961591)
(-9.41048 0 -0.889763)
(-11.105 0 -0.804672)
(-12.6179 0 -0.708363)
(-13.929 0 -0.602896)
(-15.022 0 -0.49027)
(-15.8845 0 -0.372381)
(-16.5079 0 -0.25099)
(-16.8867 0 -0.127719)
(-17.0188 0 -0.00406001)
(-16.9047 0 0.118586)
(-16.5478 0 0.238803)
(-15.9542 0 0.355216)
(-15.133 0 0.466479)
(-14.0955 0 0.571257)
(-12.8559 0 0.668205)
(-11.4312 0 0.755973)
(-9.84105 0 0.833234)
(-8.10762 0 0.898718)
(-6.25569 0 0.951261)
(-4.31219 0 0.989861)
(-2.3059 0 1.01372)
(-0.266964 0 1.02231)
(1.77368 0 1.0154)
(3.78499 0 0.993114)
(5.7365 0 0.955882)
(7.59893 0 0.904417)
(9.34468 0 0.839656)
(10.9482 0 0.762714)
(12.3865 0 0.674834)
(13.639 0 0.577342)
(14.688 0 0.471605)
(15.5184 0 0.359011)
(16.118 0 0.24096)
(16.4775 0 0.118877)
(16.5902 0 -0.00576346)
(16.4528 0 -0.131435)
(16.0646 0 -0.256617)
(15.4282 0 -0.379694)
(14.5496 0 -0.498914)
(13.4383 0 -0.612387)
(12.1078 0 -0.718101)
(10.5756 0 -0.81395)
(8.86343 0 -0.897793)
(6.9975 0 -0.967532)
(5.00788 0 -1.02122)
(2.92835 0 -1.0572)
(0.79564 0 -1.07423)
(-1.35161 0 -1.07167)
(-3.47417 0 -1.04964)
(-5.53379 0 -1.00893)
(-7.49441 0 -0.9509)
(-9.32316 0 -0.877305)
(-10.9909 0 -0.790141)
(-12.4727 0 -0.691525)
(-13.7479 0 -0.583596)
(-14.7999 0 -0.46844)
(-15.6164 0 -0.34804)
(-16.1888 0 -0.224249)
(-16.512 0 -0.0987829)
(-16.5843 0 0.0267711)
(-16.4069 0 0.150898)
(-15.9843 0 0.272081)
(-15.3237 0 0.388858)
(-14.4352 0 0.499811)
(-13.3318 0 0.603543)
(-12.0291 0 0.698671)
(-10.5458 0 0.783834)
(-8.90291 0 0.857726)
(-7.12426 0 0.919131)
(-5.23591 0 0.966976)
(-3.26596 0 1.00038)
(-1.24404 0 1.0187)
(0.79916 0 1.02157)
(2.83256 0 1.00897)
(4.82537 0 0.981206)
(6.74774 0 0.938889)
(8.57133 0 0.882869)
(10.2697 0 0.814198)
(11.8189 0 0.73407)
(13.1971 0 0.643776)
(14.3855 0 0.544653)
(15.3679 0 0.438049)
(16.1308 0 0.325308)
(16.6634 0 0.207768)
(16.9575 0 0.0867801)
(17.0076 0 -0.0362693)
(16.8111 0 -0.159973)
(16.3681 0 -0.282908)
(15.6817 0 -0.403552)
(14.7581 0 -0.520247)
(13.6068 0 -0.631194)
(12.2413 0 -0.734468)
(10.6788 0 -0.82805)
(8.94082 0 -0.909875)
(7.0527 0 -0.977916)
(5.04394 0 -1.03029)
(2.94749 0 -1.06537)
(0.799175 0 -1.08197)
)
;

boundaryField
{
    top
    {
        type            directionMixed;
        refValue        uniform (0 0 0);
        refGradient     uniform (0 0 0);
        valueFraction   uniform (0 0 0 0 0 1);
        value           nonuniform List<vector> 
102
(
(-1.36329 0 0)
(-3.50163 0 0)
(-5.57855 0 0)
(-7.55886 0 0)
(-9.41048 0 0)
(-11.105 0 0)
(-12.6179 0 0)
(-13.929 0 0)
(-15.022 0 0)
(-15.8845 0 0)
(-16.5079 0 0)
(-16.8867 0 0)
(-17.0188 0 0)
(-16.9047 0 0)
(-16.5478 0 0)
(-15.9542 0 0)
(-15.133 0 0)
(-14.0955 0 0)
(-12.8559 0 0)
(-11.4312 0 0)
(-9.84105 0 0)
(-8.10762 0 0)
(-6.25569 0 0)
(-4.31219 0 0)
(-2.3059 0 0)
(-0.266964 0 0)
(1.77368 0 0)
(3.78499 0 0)
(5.7365 0 0)
(7.59893 0 0)
(9.34468 0 0)
(10.9482 0 0)
(12.3865 0 0)
(13.639 0 0)
(14.688 0 0)
(15.5184 0 0)
(16.118 0 0)
(16.4775 0 0)
(16.5902 0 0)
(16.4528 0 0)
(16.0646 0 0)
(15.4282 0 0)
(14.5496 0 0)
(13.4383 0 0)
(12.1078 0 0)
(10.5756 0 0)
(8.86343 0 0)
(6.9975 0 0)
(5.00788 0 0)
(2.92835 0 0)
(0.79564 0 0)
(-1.35161 0 0)
(-3.47417 0 0)
(-5.53379 0 0)
(-7.49441 0 0)
(-9.32316 0 0)
(-10.9909 0 0)
(-12.4727 0 0)
(-13.7479 0 0)
(-14.7999 0 0)
(-15.6164 0 0)
(-16.1888 0 0)
(-16.512 0 0)
(-16.5843 0 0)
(-16.4069 0 0)
(-15.9843 0 0)
(-15.3237 0 0)
(-14.4352 0 0)
(-13.3318 0 0)
(-12.0291 0 0)
(-10.5458 0 0)
(-8.90291 0 0)
(-7.12426 0 0)
(-5.23591 0 0)
(-3.26596 0 0)
(-1.24404 0 0)
(0.79916 0 0)
(2.83256 0 0)
(4.82537 0 0)
(6.74774 0 0)
(8.57133 0 0)
(10.2697 0 0)
(11.8189 0 0)
(13.1971 0 0)
(14.3855 0 0)
(15.3679 0 0)
(16.1308 0 0)
(16.6634 0 0)
(16.9575 0 0)
(17.0076 0 0)
(16.8111 0 0)
(16.3681 0 0)
(15.6817 0 0)
(14.7581 0 0)
(13.6068 0 0)
(12.2413 0 0)
(10.6788 0 0)
(8.94082 0 0)
(7.0527 0 0)
(5.04394 0 0)
(2.94749 0 0)
(0.799175 0 0)
)
;
    }
    bottom
    {
        type            fixedValue;
        value           uniform (0 0 0);
    }
    frontAndBack
    {
        type            empty;
    }
    left_cyc
    {
        type            cyclic;
    }
    right_cyc
    {
        type            cyclic;
    }
}


// ************************************************************************* //
