/*--------------------------------*- C++ -*----------------------------------*\
| =========                 |                                                 |
| \\      /  F ield         | OpenFOAM: The Open Source CFD Toolbox           |
|  \\    /   O peration     | Version:  2.3.0                                 |
|   \\  /    A nd           | Web:      www.OpenFOAM.org                      |
|    \\/     M anipulation  |                                                 |
\*---------------------------------------------------------------------------*/
FoamFile
{
    version     2.0;
    format      ascii;
    class       volScalarField;
    location    "3000";
    object      p_rgh;
}
// * * * * * * * * * * * * * * * * * * * * * * * * * * * * * * * * * * * * * //

dimensions      [0 2 -2 0 0 0 0];

internalField   nonuniform List<scalar> 
3060
(
-1129.45
-1131.27
-1134.66
-1139.6
-1146.04
-1153.92
-1163.14
-1173.58
-1185.05
-1197.33
-1210.16
-1223.3
-1236.46
-1249.38
-1261.78
-1273.44
-1284.18
-1293.9
-1302.53
-1310.04
-1316.45
-1321.8
-1326.12
-1329.45
-1331.84
-1333.29
-1333.84
-1333.48
-1332.22
-1330.06
-1326.98
-1322.97
-1318.01
-1312.09
-1305.19
-1297.35
-1288.6
-1279.06
-1268.85
-1258.17
-1247.25
-1236.35
-1225.73
-1215.66
-1206.35
-1198.02
-1190.85
-1184.99
-1180.55
-1177.63
-1176.27
-1176.49
-1178.29
-1181.65
-1186.49
-1192.73
-1200.24
-1208.86
-1218.41
-1228.66
-1239.38
-1250.31
-1261.19
-1271.76
-1281.8
-1291.13
-1299.63
-1307.21
-1313.83
-1319.49
-1324.18
-1327.93
-1330.75
-1332.66
-1333.66
-1333.77
-1332.97
-1331.26
-1328.61
-1325
-1320.4
-1314.76
-1308.05
-1300.22
-1291.29
-1281.28
-1270.26
-1258.38
-1245.81
-1232.8
-1219.62
-1206.54
-1193.83
-1181.75
-1170.55
-1160.44
-1151.58
-1144.1
-1138.07
-1133.56
-1130.6
-1129.23
-1129.42
-1131.16
-1134.41
-1139.15
-1145.35
-1152.97
-1161.92
-1172.07
-1183.26
-1195.26
-1207.8
-1220.62
-1233.44
-1246
-1258.05
-1269.38
-1279.84
-1289.33
-1297.78
-1305.17
-1311.52
-1316.84
-1321.17
-1324.52
-1326.93
-1328.42
-1328.99
-1328.66
-1327.43
-1325.29
-1322.25
-1318.3
-1313.43
-1307.63
-1300.9
-1293.28
-1284.8
-1275.57
-1265.71
-1255.38
-1244.81
-1234.24
-1223.92
-1214.1
-1205.02
-1196.87
-1189.85
-1184.12
-1179.78
-1176.92
-1175.58
-1175.8
-1177.56
-1180.84
-1185.58
-1191.69
-1199.04
-1207.47
-1216.78
-1226.76
-1237.18
-1247.77
-1258.3
-1268.52
-1278.22
-1287.25
-1295.49
-1302.87
-1309.34
-1314.88
-1319.49
-1323.19
-1325.97
-1327.85
-1328.84
-1328.91
-1328.09
-1326.34
-1323.67
-1320.05
-1315.45
-1309.85
-1303.21
-1295.52
-1286.77
-1277.01
-1266.29
-1254.74
-1242.53
-1229.87
-1217.03
-1204.26
-1191.84
-1180.04
-1169.12
-1159.29
-1150.71
-1143.48
-1137.67
-1133.35
-1130.52
-1129.21
-1129.25
-1130.84
-1133.82
-1138.2
-1143.95
-1151.07
-1159.48
-1169.09
-1179.74
-1191.21
-1203.25
-1215.66
-1228.2
-1240.64
-1252.66
-1264.02
-1274.54
-1284.09
-1292.62
-1300.11
-1306.54
-1311.95
-1316.36
-1319.8
-1322.28
-1323.81
-1324.41
-1324.07
-1322.81
-1320.63
-1317.53
-1313.51
-1308.56
-1302.69
-1295.89
-1288.19
-1279.64
-1270.34
-1260.41
-1250.03
-1239.47
-1229
-1218.87
-1209.32
-1200.55
-1192.72
-1186.01
-1180.54
-1176.42
-1173.71
-1172.44
-1172.65
-1174.32
-1177.43
-1181.94
-1187.77
-1194.8
-1202.91
-1211.92
-1221.65
-1231.9
-1242.42
-1252.96
-1263.23
-1273.01
-1282.11
-1290.43
-1297.88
-1304.42
-1310.03
-1314.72
-1318.48
-1321.33
-1323.25
-1324.25
-1324.33
-1323.47
-1321.67
-1318.93
-1315.22
-1310.53
-1304.84
-1298.11
-1290.34
-1281.52
-1271.69
-1260.92
-1249.36
-1237.19
-1224.69
-1212.17
-1199.84
-1187.94
-1176.68
-1166.3
-1157.01
-1148.95
-1142.21
-1136.84
-1132.85
-1130.26
-1129.06
-1135.35
-1136.67
-1139.13
-1142.72
-1147.4
-1153.15
-1159.95
-1167.78
-1176.64
-1186.5
-1197.3
-1208.9
-1221.07
-1233.36
-1245.33
-1256.65
-1267.19
-1276.83
-1285.5
-1293.14
-1299.76
-1305.35
-1309.93
-1313.52
-1316.12
-1317.73
-1318.36
-1318.01
-1316.68
-1314.4
-1311.16
-1306.99
-1301.87
-1295.83
-1288.88
-1281.05
-1272.41
-1263.1
-1253.24
-1243.03
-1232.7
-1222.59
-1213.05
-1204.36
-1196.66
-1190.03
-1184.51
-1180.11
-1176.85
-1174.72
-1173.73
-1173.89
-1175.2
-1177.65
-1181.23
-1185.94
-1191.77
-1198.7
-1206.69
-1215.64
-1225.37
-1235.58
-1245.9
-1256.04
-1265.76
-1274.9
-1283.32
-1290.91
-1297.61
-1303.39
-1308.24
-1312.16
-1315.13
-1317.14
-1318.2
-1318.28
-1317.37
-1315.48
-1312.61
-1308.74
-1303.88
-1298.01
-1291.11
-1283.17
-1274.23
-1264.33
-1253.56
-1242.05
-1229.94
-1217.63
-1205.59
-1194.19
-1183.64
-1174.06
-1165.49
-1157.94
-1151.43
-1145.98
-1141.6
-1138.33
-1136.19
-1135.19
-1123.89
-1125.34
-1128.03
-1131.92
-1136.97
-1143.11
-1150.28
-1158.4
-1167.37
-1177.12
-1187.53
-1198.49
-1209.88
-1221.58
-1233.42
-1245.18
-1256.47
-1266.87
-1276.14
-1284.27
-1291.27
-1297.19
-1302.06
-1305.89
-1308.67
-1310.41
-1311.08
-1310.69
-1309.25
-1306.79
-1303.32
-1298.87
-1293.45
-1287.07
-1279.72
-1271.45
-1262.33
-1252.56
-1242.5
-1232.52
-1222.86
-1213.65
-1205
-1197.02
-1189.79
-1183.41
-1177.97
-1173.54
-1170.2
-1167.99
-1166.96
-1167.13
-1168.49
-1171.02
-1174.67
-1179.39
-1185.11
-1191.73
-1199.18
-1207.36
-1216.17
-1225.51
-1235.28
-1245.31
-1255.34
-1264.95
-1273.85
-1281.86
-1288.94
-1295.06
-1300.21
-1304.38
-1307.57
-1309.75
-1310.9
-1310.99
-1310.02
-1307.99
-1304.92
-1300.8
-1295.64
-1289.42
-1282.11
-1273.66
-1264.07
-1253.39
-1241.92
-1230.11
-1218.29
-1206.66
-1195.38
-1184.56
-1174.32
-1164.78
-1156.04
-1148.18
-1141.29
-1135.44
-1130.71
-1127.15
-1124.81
-1123.71
-1099.32
-1100.95
-1103.97
-1108.35
-1114.03
-1120.95
-1129.02
-1138.12
-1148.1
-1158.8
-1170.05
-1181.67
-1193.53
-1205.55
-1217.62
-1229.6
-1241.27
-1252.42
-1262.8
-1272.1
-1280.13
-1286.84
-1292.29
-1296.54
-1299.61
-1301.52
-1302.25
-1301.8
-1300.19
-1297.44
-1293.57
-1288.59
-1282.48
-1275.26
-1267.01
-1257.93
-1248.29
-1238.29
-1228.12
-1217.96
-1207.97
-1198.3
-1189.07
-1180.41
-1172.46
-1165.36
-1159.25
-1154.24
-1150.45
-1147.94
-1146.76
-1146.95
-1148.51
-1151.38
-1155.52
-1160.85
-1167.25
-1174.6
-1182.76
-1191.59
-1200.96
-1210.74
-1220.78
-1230.97
-1241.11
-1251.02
-1260.53
-1269.41
-1277.39
-1284.3
-1290.08
-1294.75
-1298.31
-1300.74
-1302.04
-1302.16
-1301.1
-1298.86
-1295.46
-1290.88
-1285.09
-1278.01
-1269.62
-1259.99
-1249.37
-1238.05
-1226.27
-1214.25
-1202.18
-1190.2
-1178.39
-1166.86
-1155.75
-1145.23
-1135.48
-1126.66
-1118.9
-1112.32
-1106.99
-1102.99
-1100.35
-1099.12
-1070.98
-1072.74
-1076.01
-1080.75
-1086.9
-1094.37
-1103.07
-1112.89
-1123.7
-1135.33
-1147.62
-1160.37
-1173.37
-1186.41
-1199.29
-1211.87
-1224.01
-1235.62
-1246.53
-1256.57
-1265.56
-1273.34
-1279.76
-1284.77
-1288.37
-1290.58
-1291.4
-1290.85
-1288.94
-1285.69
-1281.14
-1275.34
-1268.38
-1260.4
-1251.55
-1241.95
-1231.76
-1221.11
-1210.17
-1199.09
-1188.06
-1177.29
-1166.99
-1157.35
-1148.56
-1140.76
-1134.07
-1128.63
-1124.51
-1121.79
-1120.52
-1120.73
-1122.41
-1125.52
-1130.02
-1135.82
-1142.83
-1150.92
-1159.97
-1169.81
-1180.26
-1191.13
-1202.19
-1213.25
-1224.12
-1234.65
-1244.69
-1254.09
-1262.72
-1270.42
-1277.07
-1282.54
-1286.72
-1289.6
-1291.13
-1291.3
-1290.09
-1287.5
-1283.5
-1278.1
-1271.28
-1263.15
-1253.85
-1243.55
-1232.43
-1220.66
-1208.39
-1195.72
-1182.78
-1169.72
-1156.77
-1144.13
-1132.01
-1120.59
-1110.04
-1100.52
-1092.15
-1085.04
-1079.28
-1074.95
-1072.09
-1070.76
-1039.05
-1040.98
-1044.57
-1049.75
-1056.48
-1064.65
-1074.16
-1084.89
-1096.69
-1109.39
-1122.81
-1136.75
-1150.99
-1165.29
-1179.41
-1193.12
-1206.2
-1218.49
-1229.86
-1240.22
-1249.51
-1257.65
-1264.56
-1270.13
-1274.24
-1276.8
-1277.76
-1277.12
-1274.92
-1271.28
-1266.3
-1260.12
-1252.81
-1244.43
-1235.01
-1224.66
-1213.54
-1201.82
-1189.7
-1177.41
-1165.2
-1153.31
-1141.97
-1131.38
-1121.72
-1113.16
-1105.83
-1099.85
-1095.34
-1092.35
-1090.96
-1091.19
-1093.03
-1096.45
-1101.38
-1107.75
-1115.43
-1124.32
-1134.26
-1145.07
-1156.59
-1168.59
-1180.85
-1193.12
-1205.14
-1216.71
-1227.63
-1237.73
-1246.87
-1254.95
-1261.95
-1267.81
-1272.43
-1275.68
-1277.44
-1277.64
-1276.23
-1273.23
-1268.7
-1262.75
-1255.48
-1247.01
-1237.42
-1226.77
-1215.13
-1202.62
-1189.34
-1175.49
-1161.29
-1146.99
-1132.81
-1119
-1105.76
-1093.3
-1081.78
-1071.38
-1062.22
-1054.45
-1048.15
-1043.4
-1040.27
-1038.81
-1004.43
-1006.54
-1010.45
-1016.11
-1023.45
-1032.37
-1042.75
-1054.47
-1067.36
-1081.25
-1095.93
-1111.2
-1126.82
-1142.53
-1158.08
-1173.22
-1187.68
-1201.21
-1213.57
-1224.6
-1234.24
-1242.46
-1249.3
-1254.77
-1258.82
-1261.39
-1262.4
-1261.83
-1259.73
-1256.19
-1251.27
-1244.98
-1237.29
-1228.22
-1217.86
-1206.37
-1193.94
-1180.83
-1167.33
-1153.67
-1140.14
-1126.99
-1114.46
-1102.78
-1092.14
-1082.72
-1074.66
-1068.1
-1063.15
-1059.88
-1058.35
-1058.6
-1060.62
-1064.37
-1069.78
-1076.77
-1085.22
-1095
-1105.95
-1117.89
-1130.61
-1143.89
-1157.49
-1171.14
-1184.55
-1197.49
-1209.68
-1220.87
-1230.88
-1239.57
-1246.87
-1252.77
-1257.3
-1260.45
-1262.14
-1262.27
-1260.82
-1257.82
-1253.36
-1247.52
-1240.29
-1231.67
-1221.64
-1210.23
-1197.52
-1183.71
-1169.03
-1153.75
-1138.14
-1122.43
-1106.89
-1091.76
-1077.28
-1063.65
-1051.07
-1039.71
-1029.73
-1021.24
-1014.36
-1009.18
-1005.76
-1004.17
-967.703
-969.997
-974.251
-980.411
-988.395
-998.101
-1009.4
-1022.16
-1036.2
-1051.34
-1067.35
-1084.03
-1101.1
-1118.31
-1135.36
-1152.02
-1167.99
-1182.99
-1196.76
-1209.05
-1219.7
-1228.61
-1235.81
-1241.35
-1245.33
-1247.79
-1248.76
-1248.22
-1246.15
-1242.52
-1237.25
-1230.31
-1221.67
-1211.4
-1199.67
-1186.69
-1172.76
-1158.14
-1143.14
-1128.02
-1113.08
-1098.59
-1084.8
-1071.97
-1060.29
-1049.96
-1041.13
-1033.95
-1028.53
-1024.95
-1023.28
-1023.55
-1025.76
-1029.86
-1035.79
-1043.44
-1052.7
-1063.43
-1075.45
-1088.57
-1102.57
-1117.22
-1132.24
-1147.36
-1162.28
-1176.73
-1190.42
-1203.07
-1214.42
-1224.24
-1232.41
-1238.88
-1243.68
-1246.87
-1248.51
-1248.63
-1247.24
-1244.36
-1239.95
-1233.95
-1226.28
-1216.88
-1205.76
-1193.04
-1178.9
-1163.6
-1147.41
-1130.61
-1113.49
-1096.29
-1079.31
-1062.8
-1047.01
-1032.16
-1018.46
-1006.1
-995.225
-985.987
-978.502
-972.866
-969.155
-967.418
-929.336
-931.817
-936.418
-943.084
-951.727
-962.236
-974.479
-988.297
-1003.51
-1019.92
-1037.3
-1055.41
-1073.97
-1092.7
-1111.3
-1129.5
-1147
-1163.51
-1178.74
-1192.44
-1204.4
-1214.49
-1222.64
-1228.86
-1233.25
-1235.87
-1236.8
-1236.04
-1233.53
-1229.2
-1222.99
-1214.86
-1204.87
-1193.15
-1179.91
-1165.39
-1149.89
-1133.72
-1117.18
-1100.56
-1084.16
-1068.29
-1053.22
-1039.2
-1026.45
-1015.18
-1005.56
-997.739
-991.836
-987.944
-986.127
-986.424
-988.826
-993.289
-999.739
-1008.08
-1018.17
-1029.87
-1042.99
-1057.33
-1072.65
-1088.7
-1105.19
-1121.82
-1138.29
-1154.3
-1169.55
-1183.74
-1196.58
-1207.84
-1217.31
-1224.91
-1230.59
-1234.4
-1236.41
-1236.7
-1235.3
-1232.19
-1227.3
-1220.54
-1211.85
-1201.23
-1188.76
-1174.61
-1159
-1142.18
-1124.45
-1106.1
-1087.44
-1068.74
-1050.28
-1032.36
-1015.23
-999.134
-984.29
-970.895
-959.122
-949.121
-941.019
-934.921
-930.907
-929.029
-889.702
-892.367
-897.312
-904.479
-913.774
-925.08
-938.253
-953.127
-969.509
-987.183
-1005.91
-1025.43
-1045.45
-1065.68
-1085.8
-1105.52
-1124.53
-1142.5
-1159.16
-1174.22
-1187.48
-1198.75
-1207.95
-1215.02
-1220
-1222.92
-1223.83
-1222.72
-1219.57
-1214.33
-1206.99
-1197.59
-1186.22
-1173.05
-1158.3
-1142.25
-1125.21
-1107.48
-1089.42
-1071.29
-1053.45
-1036.21
-1019.84
-1004.64
-990.825
-978.621
-968.212
-959.753
-953.371
-949.166
-947.205
-947.525
-950.119
-954.941
-961.915
-970.933
-981.861
-994.534
-1008.76
-1024.31
-1040.94
-1058.38
-1076.33
-1094.47
-1112.47
-1130.04
-1146.84
-1162.56
-1176.89
-1189.58
-1200.41
-1209.24
-1215.99
-1220.64
-1223.22
-1223.76
-1222.3
-1218.8
-1213.24
-1205.57
-1195.79
-1183.95
-1170.17
-1154.63
-1137.58
-1119.29
-1100.05
-1080.18
-1060.01
-1039.81
-1019.9
-1000.58
-982.127
-964.793
-948.813
-934.397
-921.729
-910.971
-902.259
-895.703
-891.39
-889.373
-849.091
-851.932
-857.208
-864.857
-874.781
-886.855
-900.925
-916.814
-934.317
-953.205
-973.225
-994.098
-1015.52
-1037.18
-1058.74
-1079.9
-1100.32
-1119.67
-1137.65
-1153.99
-1168.43
-1180.78
-1190.92
-1198.76
-1204.27
-1207.44
-1208.3
-1206.84
-1203.05
-1196.95
-1188.55
-1177.95
-1165.27
-1150.73
-1134.55
-1117.04
-1098.5
-1079.29
-1059.75
-1040.18
-1020.95
-1002.37
-984.766
-968.414
-953.571
-940.464
-929.289
-920.212
-913.369
-908.861
-906.76
-907.103
-909.883
-915.053
-922.533
-932.211
-943.944
-957.556
-972.843
-989.57
-1007.47
-1026.26
-1045.61
-1065.19
-1084.69
-1103.75
-1122.04
-1139.21
-1154.96
-1169
-1181.11
-1191.11
-1198.87
-1204.33
-1207.46
-1208.28
-1206.77
-1202.94
-1196.78
-1188.3
-1177.53
-1164.57
-1149.58
-1132.76
-1114.37
-1094.68
-1074.03
-1052.72
-1031.11
-1009.49
-988.188
-967.529
-947.802
-929.278
-912.205
-896.805
-883.276
-871.789
-862.488
-855.491
-850.891
-848.741
-807.723
-810.728
-816.313
-824.413
-834.924
-847.713
-862.618
-879.452
-897.997
-918.011
-939.227
-961.35
-984.068
-1007.04
-1029.92
-1052.39
-1074.09
-1094.68
-1113.85
-1131.3
-1146.78
-1160.07
-1171.01
-1179.48
-1185.42
-1188.78
-1189.57
-1187.77
-1183.4
-1176.51
-1167.16
-1155.47
-1141.62
-1125.81
-1108.32
-1089.45
-1069.54
-1048.95
-1028.03
-1007.12
-986.589
-966.777
-948.012
-930.592
-914.786
-900.835
-888.944
-879.29
-872.014
-867.223
-864.991
-865.355
-868.309
-873.804
-881.758
-892.054
-904.539
-919.03
-935.311
-953.132
-972.217
-992.258
-1012.92
-1033.86
-1054.73
-1075.18
-1094.83
-1113.35
-1130.4
-1145.69
-1158.95
-1170
-1178.67
-1184.86
-1188.51
-1189.59
-1188.08
-1183.99
-1177.34
-1168.17
-1156.56
-1142.64
-1126.59
-1108.63
-1089.03
-1068.1
-1046.15
-1023.53
-1000.6
-977.664
-955.086
-933.19
-912.285
-892.657
-874.569
-858.254
-843.922
-831.754
-821.904
-814.496
-809.627
-807.353
-765.758
-768.912
-774.776
-783.281
-794.318
-807.748
-823.4
-841.075
-860.545
-881.558
-903.831
-927.057
-950.909
-975.037
-999.077
-1022.68
-1045.48
-1067.14
-1087.32
-1105.72
-1122.06
-1136.12
-1147.71
-1156.68
-1162.95
-1166.44
-1167.13
-1165.02
-1160.13
-1152.54
-1142.35
-1129.71
-1114.81
-1097.89
-1079.24
-1059.18
-1038.05
-1016.23
-994.086
-971.98
-950.287
-929.371
-909.57
-891.195
-874.528
-859.82
-847.288
-837.115
-829.448
-824.402
-822.052
-822.435
-825.546
-831.335
-839.716
-850.566
-863.726
-879.004
-896.174
-914.975
-935.116
-956.278
-978.114
-1000.25
-1022.35
-1044.03
-1064.9
-1084.6
-1102.8
-1119.18
-1133.47
-1145.44
-1154.91
-1161.75
-1165.87
-1167.2
-1165.72
-1161.45
-1154.42
-1144.7
-1132.4
-1117.69
-1100.75
-1081.82
-1061.2
-1039.19
-1016.12
-992.361
-968.267
-944.187
-920.481
-897.493
-875.546
-854.94
-835.948
-818.817
-803.768
-790.99
-780.646
-772.868
-767.756
-765.37
-723.308
-726.592
-732.697
-741.55
-753.036
-767.008
-783.288
-801.668
-821.911
-843.753
-866.901
-891.037
-915.819
-940.887
-965.86
-990.385
-1014.09
-1036.6
-1057.6
-1076.75
-1093.78
-1108.44
-1120.53
-1129.88
-1136.38
-1139.94
-1140.52
-1138.12
-1132.78
-1124.59
-1113.68
-1100.22
-1084.43
-1066.57
-1046.93
-1025.85
-1003.69
-980.828
-957.658
-934.547
-911.886
-890.048
-869.381
-850.207
-832.818
-817.473
-804.397
-793.781
-785.779
-780.511
-778.057
-778.458
-781.706
-787.749
-796.496
-807.818
-821.549
-837.49
-855.404
-875.024
-896.049
-918.148
-940.965
-964.12
-987.25
-1009.96
-1031.86
-1052.57
-1071.74
-1089.05
-1104.21
-1116.98
-1127.14
-1134.54
-1139.06
-1140.64
-1139.22
-1134.83
-1127.52
-1117.39
-1104.56
-1089.22
-1071.57
-1051.88
-1030.43
-1007.54
-983.575
-958.886
-933.855
-908.836
-884.204
-860.315
-837.505
-816.084
-796.337
-778.522
-762.867
-749.573
-738.808
-730.711
-725.389
-722.904
-680.44
-683.829
-690.125
-699.25
-711.082
-725.469
-742.225
-761.135
-781.957
-804.416
-828.212
-853.019
-878.488
-904.249
-929.913
-955.117
-979.478
-1002.63
-1024.21
-1043.91
-1061.44
-1076.53
-1088.96
-1098.57
-1105.21
-1108.79
-1109.25
-1106.58
-1100.85
-1092.17
-1080.67
-1066.55
-1050.04
-1031.42
-1011
-989.113
-966.138
-942.462
-918.488
-894.607
-871.205
-848.662
-827.336
-807.553
-789.613
-773.78
-760.286
-749.327
-741.065
-735.623
-733.086
-733.501
-736.858
-743.1
-752.132
-763.818
-777.987
-794.434
-812.917
-833.161
-854.86
-877.677
-901.248
-925.186
-949.119
-972.639
-995.347
-1016.86
-1036.81
-1054.87
-1070.73
-1084.14
-1094.86
-1102.73
-1107.61
-1109.41
-1108.07
-1103.63
-1096.15
-1085.74
-1072.54
-1056.75
-1038.59
-1018.33
-996.275
-972.753
-948.12
-922.748
-897.025
-871.314
-845.998
-821.443
-797.992
-775.964
-755.651
-737.32
-721.206
-707.515
-696.424
-688.078
-682.588
-680.024
-637.189
-640.648
-647.069
-656.369
-668.42
-683.064
-700.112
-719.344
-740.512
-763.338
-787.519
-812.722
-838.596
-864.766
-890.844
-916.454
-941.209
-964.735
-986.676
-1006.7
-1024.52
-1039.85
-1052.48
-1062.22
-1068.91
-1072.45
-1072.78
-1069.89
-1063.84
-1054.77
-1042.82
-1028.21
-1011.18
-992.007
-971.023
-948.576
-925.042
-900.816
-876.304
-851.919
-828.039
-805.047
-783.303
-763.137
-744.849
-728.708
-714.948
-703.771
-695.34
-689.783
-687.191
-687.615
-691.045
-697.417
-706.632
-718.551
-732.999
-749.766
-768.607
-789.246
-811.373
-834.648
-858.708
-883.163
-907.632
-931.704
-954.971
-977.043
-997.551
-1016.15
-1032.53
-1046.42
-1057.58
-1065.82
-1070.99
-1072.98
-1071.75
-1067.32
-1059.76
-1049.2
-1035.8
-1019.75
-1001.29
-980.696
-958.28
-934.377
-909.346
-883.568
-857.432
-831.311
-805.591
-780.642
-756.81
-734.42
-713.767
-695.122
-678.725
-664.787
-653.49
-644.982
-639.381
-636.763
-593.565
-597.052
-603.518
-612.875
-624.992
-639.709
-656.832
-676.143
-697.389
-720.295
-744.556
-769.843
-795.801
-822.059
-848.237
-873.948
-898.803
-922.424
-944.457
-964.568
-982.454
-997.845
-1010.51
-1020.24
-1026.89
-1030.36
-1030.55
-1027.47
-1021.19
-1011.85
-999.605
-984.683
-967.337
-947.858
-926.574
-903.839
-880.033
-855.555
-830.815
-806.228
-782.171
-759.023
-737.139
-716.848
-698.449
-682.209
-668.362
-657.11
-648.619
-643.019
-640.405
-640.833
-644.291
-650.713
-659.992
-671.99
-686.529
-703.398
-722.355
-743.123
-765.394
-788.833
-813.077
-837.742
-862.446
-886.773
-910.315
-932.679
-953.49
-972.401
-989.094
-1003.29
-1014.74
-1023.24
-1028.63
-1030.8
-1029.68
-1025.32
-1017.79
-1007.22
-993.776
-977.664
-959.129
-938.451
-915.943
-891.943
-866.815
-840.938
-814.706
-788.495
-762.69
-737.658
-713.745
-691.275
-670.544
-651.821
-635.349
-621.341
-609.979
-601.417
-595.776
-593.137
-549.57
-553.033
-559.45
-568.729
-580.736
-595.311
-612.263
-631.373
-652.394
-675.053
-699.052
-724.067
-749.752
-775.741
-801.667
-827.137
-851.764
-875.173
-897.009
-916.941
-934.664
-949.907
-962.43
-972.036
-978.565
-981.9
-981.967
-978.743
-972.318
-962.832
-950.467
-935.443
-918.021
-898.497
-877.2
-854.485
-830.733
-806.339
-781.712
-757.268
-733.373
-710.399
-688.692
-668.57
-650.328
-634.226
-620.495
-609.333
-600.906
-595.346
-592.749
-593.174
-596.61
-602.985
-612.193
-624.093
-638.51
-655.237
-674.033
-694.629
-716.725
-739.993
-764.079
-788.61
-813.208
-837.458
-860.955
-883.307
-904.139
-923.103
-939.879
-954.181
-965.759
-974.403
-979.942
-982.249
-981.262
-977.024
-969.62
-959.181
-945.876
-929.917
-911.549
-891.056
-868.749
-844.967
-820.071
-794.441
-768.466
-742.524
-716.992
-692.229
-668.574
-646.345
-625.832
-607.302
-590.994
-577.118
-565.858
-557.366
-551.766
-549.144
-505.194
-508.575
-514.837
-523.883
-535.582
-549.776
-566.279
-584.877
-605.332
-627.382
-650.737
-675.088
-700.101
-725.426
-750.708
-775.559
-799.597
-822.453
-843.778
-863.244
-880.549
-895.424
-907.632
-916.973
-923.285
-926.45
-926.391
-923.079
-916.613
-907.137
-894.839
-879.942
-862.71
-843.436
-822.449
-800.099
-776.761
-752.825
-728.694
-704.775
-681.423
-658.99
-637.809
-618.184
-600.395
-584.695
-571.306
-560.419
-552.197
-546.768
-544.23
-544.646
-548.003
-554.226
-563.21
-574.816
-588.874
-605.184
-623.513
-643.604
-665.169
-687.893
-711.441
-735.454
-759.565
-783.369
-806.464
-828.465
-849.004
-867.734
-884.338
-898.529
-910.055
-918.703
-924.298
-926.702
-925.854
-921.798
-914.625
-904.465
-891.491
-875.912
-857.976
-837.963
-816.179
-792.961
-768.664
-743.661
-718.336
-693.061
-668.2
-644.096
-621.076
-599.445
-579.484
-561.45
-545.573
-532.058
-521.084
-512.804
-507.339
-504.778
-460.424
-463.66
-469.648
-478.292
-489.465
-503.014
-518.763
-536.508
-556.025
-577.066
-599.359
-622.613
-646.517
-670.741
-694.951
-718.767
-741.819
-763.749
-784.217
-802.902
-819.513
-833.784
-845.483
-854.412
-860.413
-863.365
-863.189
-859.856
-853.465
-844.168
-832.151
-817.64
-800.892
-782.198
-761.878
-740.274
-717.751
-694.687
-671.472
-648.5
-626.107
-604.619
-584.346
-565.574
-548.565
-533.556
-520.754
-510.344
-502.479
-497.283
-494.853
-495.251
-498.465
-504.421
-513.014
-524.112
-537.552
-553.145
-570.674
-589.894
-610.538
-632.312
-654.903
-677.975
-701.181
-724.127
-746.426
-767.701
-787.596
-805.772
-821.918
-835.753
-847.026
-855.525
-861.071
-863.523
-862.817
-859.002
-852.169
-842.447
-830.009
-815.061
-797.845
-778.633
-757.728
-735.454
-712.157
-688.2
-663.955
-639.787
-616.033
-593.018
-571.048
-550.408
-531.362
-514.154
-499.002
-486.1
-475.618
-467.704
-462.477
-460.025
-415.245
-418.267
-423.854
-431.914
-442.326
-454.947
-469.613
-486.138
-504.315
-523.917
-544.696
-566.386
-588.705
-611.353
-634.022
-656.35
-677.982
-698.576
-717.807
-735.37
-750.982
-764.391
-775.371
-783.731
-789.318
-792.013
-791.737
-788.457
-782.277
-773.347
-761.852
-748.012
-732.077
-714.327
-695.07
-674.633
-653.364
-631.624
-609.784
-588.219
-567.234
-547.126
-528.175
-510.64
-494.759
-480.749
-468.801
-459.083
-451.738
-446.884
-444.612
-444.985
-447.989
-453.553
-461.577
-471.936
-484.481
-499.037
-515.404
-533.362
-552.666
-573.049
-594.228
-615.901
-637.745
-659.384
-680.451
-700.587
-719.45
-736.717
-752.089
-765.293
-776.088
-784.263
-789.643
-792.083
-791.521
-788.007
-781.631
-772.521
-760.843
-746.796
-730.614
-712.559
-692.919
-672.006
-650.149
-627.696
-605.003
-582.417
-560.246
-538.783
-518.309
-499.082
-481.346
-465.321
-451.209
-439.19
-429.421
-422.041
-417.164
-414.874
-369.641
-372.375
-377.427
-384.709
-394.112
-405.507
-418.745
-433.663
-450.075
-467.783
-486.567
-506.195
-526.42
-546.982
-567.606
-587.954
-607.694
-626.507
-644.087
-660.151
-674.434
-686.697
-696.729
-704.351
-709.413
-711.805
-711.449
-708.309
-702.49
-694.138
-683.432
-670.58
-655.82
-639.416
-621.655
-602.845
-583.308
-563.381
-543.409
-523.742
-504.647
-486.382
-469.189
-453.295
-438.911
-426.225
-415.408
-406.609
-399.957
-395.559
-393.499
-393.837
-396.561
-401.601
-408.868
-418.247
-429.605
-442.786
-457.615
-473.895
-491.414
-509.939
-529.222
-549.002
-568.99
-588.836
-608.198
-626.741
-644.148
-660.116
-674.363
-686.634
-696.697
-704.354
-709.434
-711.795
-711.376
-708.228
-702.437
-694.125
-683.45
-670.602
-655.798
-639.286
-621.335
-602.237
-582.299
-561.845
-541.21
-520.717
-500.635
-481.22
-462.715
-445.349
-429.336
-414.871
-402.132
-391.28
-382.458
-375.788
-371.377
-369.304
-323.614
-325.986
-330.364
-336.67
-344.808
-354.667
-366.12
-379.028
-393.234
-408.572
-424.859
-441.9
-459.493
-477.424
-495.464
-513.303
-530.639
-547.184
-562.663
-576.817
-589.407
-600.214
-609.048
-615.742
-620.16
-622.199
-621.785
-618.883
-613.593
-606.054
-596.431
-584.917
-571.73
-557.11
-541.318
-524.632
-507.344
-489.756
-472.179
-454.932
-438.234
-422.296
-407.318
-393.488
-380.981
-369.956
-360.557
-352.912
-347.13
-343.305
-341.513
-341.808
-344.177
-348.56
-354.875
-363.025
-372.895
-384.351
-397.247
-411.419
-426.687
-442.861
-459.737
-477.1
-494.705
-512.234
-529.379
-545.839
-561.325
-575.565
-588.303
-599.305
-608.36
-615.283
-619.914
-622.12
-621.841
-619.128
-614.061
-606.754
-597.352
-586.027
-572.979
-558.433
-542.633
-525.842
-508.34
-490.419
-472.384
-454.527
-437.069
-420.219
-404.18
-389.142
-375.283
-362.768
-351.747
-342.357
-334.721
-328.945
-325.121
-323.323
-277.1
-279.034
-282.599
-287.731
-294.349
-302.365
-311.676
-322.171
-333.73
-346.219
-359.499
-373.421
-387.83
-402.569
-417.461
-432.234
-446.627
-460.39
-473.285
-485.088
-495.593
-504.611
-511.974
-517.537
-521.181
-522.812
-522.366
-519.808
-515.231
-508.758
-500.537
-490.738
-479.551
-467.186
-453.867
-439.834
-425.337
-410.638
-396.005
-381.715
-367.932
-354.814
-342.511
-331.168
-320.921
-311.894
-304.201
-297.943
-293.208
-290.075
-288.605
-288.847
-290.79
-294.38
-299.551
-306.222
-314.302
-323.684
-334.253
-345.88
-358.428
-371.751
-385.694
-400.1
-414.773
-429.436
-443.824
-457.677
-470.749
-482.803
-493.618
-502.99
-510.734
-516.688
-520.709
-522.676
-522.535
-520.332
-516.141
-510.062
-502.221
-492.771
-481.885
-469.757
-456.6
-442.64
-428.12
-413.291
-398.418
-383.758
-369.47
-355.713
-342.641
-330.399
-319.125
-308.95
-299.991
-292.357
-286.145
-281.444
-278.33
-276.863
-229.981
-231.404
-234.025
-237.792
-242.646
-248.522
-255.348
-263.044
-271.526
-280.702
-290.478
-300.755
-311.432
-322.412
-333.584
-344.722
-355.611
-366.053
-375.857
-384.844
-392.85
-399.721
-405.323
-409.537
-412.265
-413.431
-412.979
-410.878
-407.208
-402.073
-395.594
-387.91
-379.176
-369.559
-359.241
-348.411
-337.269
-326.023
-314.89
-304.097
-293.745
-283.931
-274.756
-266.314
-258.698
-251.995
-246.284
-241.639
-238.123
-235.794
-234.7
-234.881
-236.326
-238.994
-242.834
-247.786
-253.784
-260.753
-268.611
-277.269
-286.635
-296.612
-307.101
-318.004
-329.185
-340.418
-351.489
-362.191
-372.328
-381.712
-390.166
-397.524
-403.638
-408.372
-411.61
-413.249
-413.243
-411.633
-408.48
-403.867
-397.898
-390.697
-382.402
-373.171
-363.173
-352.59
-341.615
-330.451
-319.313
-308.409
-297.835
-287.689
-278.071
-269.08
-260.81
-253.349
-246.782
-241.185
-236.629
-233.177
-230.887
-229.807
-184.787
-185.596
-187.079
-189.203
-191.935
-195.236
-199.07
-203.394
-208.167
-213.345
-218.882
-224.736
-230.868
-237.247
-243.845
-250.489
-257.031
-263.337
-269.281
-274.744
-279.614
-283.789
-287.176
-289.693
-291.273
-291.859
-291.411
-289.903
-287.395
-283.963
-279.693
-274.681
-269.034
-262.866
-256.298
-249.456
-242.472
-235.487
-228.649
-222.121
-215.935
-210.12
-204.716
-199.766
-195.313
-191.401
-188.07
-185.36
-183.307
-181.944
-181.302
-181.408
-182.256
-183.817
-186.059
-188.948
-192.447
-196.516
-201.115
-206.198
-211.723
-217.648
-223.936
-230.56
-237.449
-244.444
-251.398
-258.174
-264.64
-270.672
-276.149
-280.961
-285.004
-288.184
-290.417
-291.628
-291.782
-290.913
-289.064
-286.296
-282.68
-278.302
-273.257
-267.649
-261.594
-255.212
-248.631
-241.991
-235.442
-229.128
-223.07
-217.3
-211.859
-206.79
-202.139
-197.947
-194.259
-191.113
-188.548
-186.6
-185.304
-184.689
-121.698
-122.076
-122.767
-123.751
-125.012
-126.534
-128.299
-130.292
-132.495
-134.893
-137.472
-140.221
-143.136
-146.227
-149.531
-152.912
-156.279
-159.551
-162.655
-165.52
-168.082
-170.279
-172.055
-173.36
-174.154
-174.4
-174.074
-173.157
-171.689
-169.715
-167.291
-164.475
-161.329
-157.923
-154.327
-150.615
-146.862
-143.152
-139.576
-136.249
-133.156
-130.286
-127.642
-125.232
-123.072
-121.179
-119.568
-118.257
-117.262
-116.6
-116.287
-116.339
-116.752
-117.51
-118.596
-119.994
-121.687
-123.657
-125.889
-128.368
-131.078
-134.011
-137.17
-140.573
-144.192
-147.92
-151.667
-155.353
-158.902
-162.24
-165.298
-168.01
-170.312
-172.147
-173.465
-174.216
-174.379
-173.976
-173.035
-171.593
-169.694
-167.39
-164.737
-161.8
-158.643
-155.339
-151.963
-148.6
-145.351
-142.307
-139.437
-136.734
-134.204
-131.858
-129.713
-127.782
-126.084
-124.633
-123.448
-122.545
-121.941
-121.653
-142.361
-141.049
-138.6
-135.043
-130.425
-124.806
-118.264
-110.888
-102.779
-94.0495
-84.8244
-75.2368
-65.4322
-55.5752
-45.8791
-36.4209
-27.3038
-18.6443
-10.5572
-3.15039
3.47831
9.24266
14.0698
17.9016
20.6955
22.4257
23.0838
22.6795
21.2235
18.7441
15.2871
10.9142
5.70212
-0.259331
-6.86873
-14.0152
-21.5813
-29.4464
-37.4953
-45.6391
-53.7211
-61.5605
-69.013
-75.9513
-82.2611
-87.8403
-92.6001
-96.4658
-99.3777
-101.292
-102.182
-102.037
-100.859
-98.6626
-95.4791
-91.3569
-86.3601
-80.5675
-74.0717
-66.9781
-59.4048
-51.4828
-43.3625
-35.2395
-27.231
-19.4377
-11.9774
-4.97008
1.46822
7.22919
12.2145
16.3378
19.5266
21.7232
22.887
22.9955
22.0376
20.0084
16.9211
12.8062
7.71079
1.69723
-5.1578
-12.7647
-21.0226
-29.8216
-39.046
-48.5818
-58.3388
-68.1952
-77.9526
-87.4516
-96.5502
-105.117
-113.032
-120.184
-126.476
-131.821
-136.148
-139.399
-141.533
-142.523
)
;

boundaryField
{
    top
    {
        type            fixedValue;
        value           uniform 0;
    }
    bottom
    {
        type            fixedFluxPressure;
        gradient        nonuniform List<scalar> 
102
(
0
0
0
0
0
0
0
0
0
0
0
0
0
0
0
0
0
0
0
0
0
0
0
0
0
0
0
0
0
0
0
0
0
0
0
0
0
0
0
0
0
0
0
0
0
0
0
0
0
0
0
0
0
0
0
0
0
0
0
0
0
0
0
0
0
0
0
0
0
0
0
0
0
0
0
0
0
0
0
0
0
0
0
0
0
0
0
0
0
0
0
0
0
0
0
0
0
0
0
0
0
-7.98101e-15
)
;
        value           nonuniform List<scalar> 
102
(
-1129.45
-1131.27
-1134.66
-1139.6
-1146.04
-1153.92
-1163.14
-1173.58
-1185.05
-1197.33
-1210.16
-1223.3
-1236.46
-1249.38
-1261.78
-1273.44
-1284.18
-1293.9
-1302.53
-1310.04
-1316.45
-1321.8
-1326.12
-1329.45
-1331.84
-1333.29
-1333.84
-1333.48
-1332.22
-1330.06
-1326.98
-1322.97
-1318.01
-1312.09
-1305.19
-1297.35
-1288.6
-1279.06
-1268.85
-1258.17
-1247.25
-1236.35
-1225.73
-1215.66
-1206.35
-1198.02
-1190.85
-1184.99
-1180.55
-1177.63
-1176.27
-1176.49
-1178.29
-1181.65
-1186.49
-1192.73
-1200.24
-1208.86
-1218.41
-1228.66
-1239.38
-1250.31
-1261.19
-1271.76
-1281.8
-1291.13
-1299.63
-1307.21
-1313.83
-1319.49
-1324.18
-1327.93
-1330.75
-1332.66
-1333.66
-1333.77
-1332.97
-1331.26
-1328.61
-1325
-1320.4
-1314.76
-1308.05
-1300.22
-1291.29
-1281.28
-1270.26
-1258.38
-1245.81
-1232.8
-1219.62
-1206.54
-1193.83
-1181.75
-1170.55
-1160.44
-1151.58
-1144.1
-1138.07
-1133.56
-1130.6
-1129.23
)
;
    }
    frontAndBack
    {
        type            empty;
    }
    left_cyc
    {
        type            cyclic;
    }
    right_cyc
    {
        type            cyclic;
    }
}


// ************************************************************************* //
