/*--------------------------------*- C++ -*----------------------------------*\
| =========                 |                                                 |
| \\      /  F ield         | OpenFOAM: The Open Source CFD Toolbox           |
|  \\    /   O peration     | Version:  2.3.0                                 |
|   \\  /    A nd           | Web:      www.OpenFOAM.org                      |
|    \\/     M anipulation  |                                                 |
\*---------------------------------------------------------------------------*/
FoamFile
{
    version     2.0;
    format      ascii;
    class       surfaceScalarField;
    location    "3000";
    object      phi;
}
// * * * * * * * * * * * * * * * * * * * * * * * * * * * * * * * * * * * * * //

dimensions      [0 3 -1 0 0 0 0];

internalField   nonuniform List<scalar> 
5988
(
0.00114383
-0.0010117
0.00213891
-0.000995075
0.00310267
-0.000963759
0.00402003
-0.000917365
0.00487552
-0.000855491
0.00565356
-0.000778036
0.00633916
-0.000685598
0.00691884
-0.000579683
0.00738131
-0.000462467
0.00771758
-0.000336271
0.00792104
-0.000203461
0.00798828
-6.72387e-05
0.00792071
6.75667e-05
0.00772552
0.000195194
0.00741423
0.00031129
0.00700073
0.000413499
0.00650029
0.000500445
0.00592853
0.000571755
0.00530026
0.000628265
0.00462863
0.000671639
0.00392467
0.000703954
0.00319736
0.000727313
0.00245385
0.000743505
0.00170002
0.000753833
0.00094092
0.000759102
0.000181222
0.000759698
-0.000574491
0.000755713
-0.00132157
0.00074708
-0.00205519
0.000733618
-0.00277008
0.00071489
-0.00346018
0.000690099
-0.00411821
0.000658036
-0.00473534
0.000617125
-0.00530094
0.000565595
-0.00580274
0.000501806
-0.00622733
0.000424589
-0.00656089
0.000333559
-0.00679031
0.000229417
-0.0069041
0.000113795
-0.00689332
-1.07826e-05
-0.00675308
-0.000140236
-0.00648365
-0.000269439
-0.0060901
-0.000393548
-0.00558108
-0.000509013
-0.00496756
-0.000613525
-0.00426213
-0.000705427
-0.00347879
-0.000783347
-0.00263259
-0.000846192
-0.00173936
-0.000893235
-0.000815285
-0.000924074
0.000123199
-0.000938483
0.0010595
-0.000936303
0.00197707
-0.000917569
0.00285953
-0.000882456
0.00369075
-0.000831222
0.00445509
-0.000764341
0.00513773
-0.000682638
0.00572502
-0.000587291
0.00620476
-0.000479732
0.00656649
-0.000361737
0.00680238
-0.000235888
0.0069085
-0.000106113
0.00688596
2.25372e-05
0.00674088
0.00014508
0.00648301
0.000257874
0.00612432
0.000358689
0.00567821
0.000446105
0.00515849
0.000519718
0.00457834
0.000580151
0.00394962
0.000628724
0.00328247
0.000667146
0.00258531
0.000697163
0.00186504
0.000720265
0.00112749
0.000737553
0.000377769
0.000749722
-0.000379361
0.000757131
-0.00113928
0.000759916
-0.0018974
0.000758119
-0.00264898
0.000751583
-0.0033888
0.000739825
-0.00411072
0.000721914
-0.00480713
0.000696415
-0.00546857
0.000661435
-0.0060834
0.000614837
-0.00663802
0.000554618
-0.0071173
0.000479281
-0.00750558
0.000388284
-0.00778788
0.0002823
-0.0079508
0.000162915
-0.00798372
3.29224e-05
-0.00788095
-0.000102769
-0.00764248
-0.00023847
-0.00727269
-0.000369793
-0.00677883
-0.000493862
-0.00617046
-0.000608362
-0.00545949
-0.000710971
-0.00465986
-0.000799635
-0.00378677
-0.000873083
-0.00285584
-0.000930936
-0.00188243
-0.000973407
-0.000881533
-0.0010009
-0.00101367
0.00220957
-0.00296625
0.00413866
-0.00292416
0.00601932
-0.00284442
0.00782759
-0.00272564
0.00953817
-0.00256606
0.0111244
-0.00236428
0.0125589
-0.00212012
0.0138147
-0.00183543
0.014866
-0.00151382
0.0156895
-0.00115979
0.0162647
-0.000778574
0.0165756
-0.00037814
0.0166143
2.87833e-05
0.0163833
0.000426231
0.0158941
0.000800448
0.0151655
0.00114212
0.0142218
0.0014442
0.013091
0.00170255
0.0118025
0.00191677
0.0103847
0.00208936
0.00886411
0.00222458
0.00726406
0.00232736
0.00560533
0.00240224
0.00390645
0.00245271
0.00218447
0.00248109
0.000455565
0.0024886
-0.00126438
0.00247566
-0.00295947
0.00244217
-0.00461352
0.00238766
-0.00620955
0.00231093
-0.00772934
0.00220988
-0.00915279
0.00208149
-0.0104577
0.00192201
-0.0116196
0.00172756
-0.012613
0.00149519
-0.0134121
0.00122371
-0.0139932
0.000914585
-0.0143363
0.000572572
-0.0144276
0.000205062
-0.0142598
-0.000178546
-0.0138342
-0.000565857
-0.0131608
-0.000942883
-0.0122571
-0.00129719
-0.0111459
-0.00162028
-0.00985215
-0.00190723
-0.00840248
-0.0021551
-0.00682395
-0.00236187
-0.00514381
-0.00252634
-0.00338898
-0.00264806
-0.00158588
-0.00272718
0.000239572
-0.00276394
0.00206165
-0.00275838
0.00385461
-0.00271053
0.00559242
-0.00262027
0.00724854
-0.00248734
0.00879591
-0.00231171
0.0102073
-0.00209402
0.0114557
-0.00183569
0.0125149
-0.00153893
0.0133602
-0.00120707
0.0139701
-0.000845814
0.0143288
-0.000464767
0.0144284
-7.71004e-05
0.0142702
0.000303337
0.0138631
0.000664922
0.0132229
0.000998895
0.0123706
0.00129843
0.0113307
0.00155965
0.010129
0.00178186
0.00879091
0.00196678
0.00734033
0.00211773
0.00579888
0.00223861
0.00418612
0.00233302
0.0025199
0.00240377
0.000816923
0.0024527
-0.000906738
0.00248079
-0.00263522
0.0024884
-0.00435261
0.00247551
-0.00604256
0.00244153
-0.00768771
0.00238497
-0.00926901
0.00230322
-0.0107651
0.00219247
-0.0121516
0.00204801
-0.0134018
0.00186496
-0.0144866
0.00163943
-0.0153768
0.00136955
-0.0160452
0.00105663
-0.0164686
0.000705752
-0.0166302
0.000324471
-0.0165204
-7.69008e-05
-0.0161396
-0.000483537
-0.0154982
-0.000879924
-0.0146133
-0.00125463
-0.0135065
-0.00160066
-0.0122018
-0.00191308
-0.0107252
-0.00218755
-0.00910404
-0.00242081
-0.00736554
-0.00261159
-0.00553602
-0.00276045
-0.00364045
-0.00286898
-0.00170249
-0.00293885
-0.00297118
0.00239748
-0.00508723
0.00449736
-0.00502404
0.00655712
-0.00490419
0.00855723
-0.00472574
0.0104772
-0.00448604
0.012295
-0.00418212
0.0139865
-0.0038116
0.0155245
-0.00337339
0.0168786
-0.00286797
0.018016
-0.00229715
0.0189024
-0.00166501
0.0195057
-0.000981343
0.0197997
-0.000265305
0.0197694
0.000456591
0.0194111
0.00115874
0.0187324
0.00182081
0.0177517
0.00242493
0.0164963
0.00295794
0.0149992
0.0034139
0.0132959
0.00379262
0.0114223
0.00409815
0.00941283
0.00433686
0.00729976
0.00451531
0.00511352
0.00463895
0.00288305
0.00471155
0.000636381
0.00473527
-0.00159893
0.00471097
-0.00379543
0.00463867
-0.00592546
0.0045177
-0.00796083
0.00434629
-0.00987234
0.00412139
-0.0116295
0.00383869
-0.0132008
0.00349328
-0.0145541
0.00308083
-0.0156584
0.00259954
-0.0164864
0.00205166
-0.0170163
0.00144453
-0.0172353
0.000791554
-0.0171407
0.000110391
-0.0167399
-0.000579304
-0.0160503
-0.00125548
-0.0150976
-0.00189558
-0.0139133
-0.00248147
-0.0125308
-0.00300277
-0.0109826
-0.00345543
-0.00929897
-0.00383873
-0.00750755
-0.00415329
-0.00563349
-0.0044004
-0.00369984
-0.0045817
-0.00172817
-0.00469885
0.000260978
-0.00475308
0.00224749
-0.0047449
0.0042112
-0.00467424
0.00613134
-0.0045404
0.00798601
-0.00434201
0.00975166
-0.00407737
0.0114025
-0.0037449
0.0129103
-0.00334345
0.014244
-0.00287265
0.0153708
-0.00233384
0.0162574
-0.00173243
0.0168735
-0.00108086
0.0171954
-0.000398935
0.0172082
0.00029052
0.0169071
0.000966009
0.0162975
0.00160848
0.0153949
0.00220105
0.0142226
0.00273189
0.0128094
0.00319513
0.0111865
0.00358966
0.00938607
0.00391815
0.00743945
0.00418522
0.00537674
0.00439573
0.00322683
0.00455369
0.00101773
0.0046618
-0.00122301
0.00472153
-0.00346793
0.00473332
-0.00568939
0.00469697
-0.0078592
0.00461133
-0.00994808
0.00447385
-0.0119252
0.0042803
-0.0137576
0.00402488
-0.0154104
0.00370089
-0.0168478
0.00330235
-0.0180346
0.00282618
-0.0189389
0.00227387
-0.0195355
0.0016532
-0.0198086
0.000978923
-0.0197537
0.000269547
-0.0193772
-0.000453375
-0.0186976
-0.00116323
-0.0177426
-0.00183484
-0.0165456
-0.00245161
-0.0151406
-0.00300567
-0.01356
-0.00349374
-0.0118332
-0.00391437
-0.00998652
-0.00426745
-0.00804365
-0.00455446
-0.0060261
-0.00477801
-0.00395405
-0.00494103
-0.00184688
-0.00504602
-0.00509456
0.00224492
-0.00707319
0.0042085
-0.00698762
0.00613038
-0.00682607
0.00799244
-0.0065878
0.00977809
-0.00627169
0.0114722
-0.00587621
0.01306
-0.00539944
0.0145257
-0.00483906
0.0158504
-0.0041927
0.017012
-0.00345876
0.0179853
-0.00263826
0.0187418
-0.00173784
0.0192493
-0.000772875
0.0194732
0.000232757
0.0193815
0.0012504
0.018954
0.00224835
0.0181871
0.00319178
0.017094
0.00405108
0.0157
0.00480785
0.0140395
0.00545312
0.0121517
0.00598593
0.0100777
0.00641088
0.00785857
0.00673447
0.00553465
0.00696286
0.00314549
0.00710072
0.000729881
0.00715088
-0.00167383
0.00711468
-0.00402757
0.00699241
-0.00629338
0.00678351
-0.00843325
0.00648616
-0.0104091
0.0060972
-0.0121829
0.00561255
-0.013718
0.00502836
-0.0149802
0.00434307
-0.0159412
0.00356045
-0.0165811
0.00269157
-0.016892
0.00175542
-0.0168802
0.000779831
-0.0165672
-0.000202649
-0.0159845
-0.00116195
-0.0151671
-0.00207289
-0.0141477
-0.00291505
-0.0129547
-0.00367438
-0.0116134
-0.0043441
-0.0101461
-0.00492278
-0.00857311
-0.00541169
-0.00691333
-0.00581307
-0.00518452
-0.00612921
-0.00340415
-0.00636208
-0.00158991
-0.00651309
0.000240125
-0.00658312
0.00206777
-0.00657255
0.00387485
-0.00648131
0.00564338
-0.00630893
0.00735575
-0.00605438
0.00899447
-0.00571609
0.0105416
-0.005292
0.0119779
-0.00477977
0.0132825
-0.0041773
0.0144325
-0.00348381
0.0154019
-0.00270186
0.0161611
-0.00184005
0.0166765
-0.000914297
0.0169134
5.36407e-05
0.0168421
0.00103728
0.0164451
0.00200551
0.0157199
0.00292625
0.0146779
0.0037739
0.0133413
0.0045317
0.0117404
0.00519052
0.00991028
0.0057483
0.00788806
0.00620744
0.00571178
0.00657202
0.00341951
0.00684595
0.00104925
0.00703207
-0.00136105
0.00713183
-0.00377326
0.00714553
-0.00614896
0.00707267
-0.00844919
0.00691156
-0.0106342
0.0066589
-0.0126635
0.00630956
-0.0144958
0.00585717
-0.0160903
0.00529542
-0.0174088
0.00462081
-0.0184188
0.00383625
-0.0190979
0.00295294
-0.0194369
0.00199218
-0.0194438
0.000985878
-0.0191428
-3.14584e-05
-0.0185672
-0.00102898
-0.0177515
-0.00197901
-0.0167267
-0.00285964
-0.0155203
-0.00365794
-0.0141569
-0.00436905
-0.0126578
-0.00499286
-0.0110409
-0.0055313
-0.00932158
-0.00598677
-0.00751455
-0.00636149
-0.00563528
-0.00665727
-0.00370079
-0.00687553
-0.00172955
-0.00701726
-0.00708308
0.0020881
-0.0089203
0.00391099
-0.00881051
0.00568864
-0.00860372
0.00740083
-0.00829999
0.00902843
-0.00789929
0.0105536
-0.00740137
0.0119599
-0.00680572
0.0132325
-0.0061117
0.014359
-0.00531915
0.0153296
-0.00442938
0.0161376
-0.00344627
0.0167767
-0.00237692
0.0172355
-0.00123174
0.0174931
-2.47713e-05
0.0175195
0.00122392
0.0172829
0.00248497
0.0167546
0.00372006
0.0159166
0.00488917
0.0147681
0.00595627
0.0133279
0.00689338
0.0116281
0.0076857
0.00970905
0.00832994
0.00761508
0.00882844
0.00539242
0.00918552
0.00308784
0.00940529
0.000748112
0.00949061
-0.00158024
0.00944304
-0.0038511
0.00926327
-0.0060189
0.00895131
-0.00803895
0.00850621
-0.00986802
0.00792627
-0.0114657
0.0072102
-0.0127965
0.00635917
-0.0138333
0.00537993
-0.0145623
0.0042894
-0.0149867
0.00311594
-0.0151257
0.00189447
-0.0150083
0.000662414
-0.0146664
-0.000544519
-0.0141303
-0.00169813
-0.0134234
-0.00277971
-0.0125613
-0.00377719
-0.0115536
-0.0046821
-0.0104091
-0.00548858
-0.00913881
-0.00619308
-0.00775642
-0.00679408
-0.00627809
-0.0072914
-0.00472174
-0.00768556
-0.00310655
-0.00797726
-0.00145261
-0.00816703
0.000219463
-0.00825519
0.00188879
-0.00824187
0.00353454
-0.00812706
0.00513619
-0.00791058
0.00667387
-0.00759206
0.00812869
-0.00717091
0.00948314
-0.00664645
0.0107216
-0.00601827
0.0118312
-0.00528684
0.0128015
-0.00445415
0.013624
-0.00352434
0.0142879
-0.00250394
0.0147758
-0.00140217
0.0150619
-0.000232518
0.0151152
0.000983974
0.014904
0.00221674
0.0144012
0.00342902
0.0135913
0.00458381
0.0124756
0.00564738
0.0110721
0.00659406
0.00941038
0.00741001
0.00752748
0.00809035
0.00546473
0.00863477
0.00326582
0.00904486
0.000975702
0.00932218
-0.0013599
0.00946743
-0.00369476
0.00948039
-0.00598227
0.00936019
-0.00817566
0.00910495
-0.0102282
0.00871147
-0.0120941
0.00817543
-0.0137297
0.00749277
-0.0150964
0.00666216
-0.016165
0.00568933
-0.0169214
0.00459269
-0.0173714
0.00340288
-0.0175364
0.00215726
-0.0174467
0.000896158
-0.0171342
-0.000343947
-0.0166269
-0.0015363
-0.0159431
-0.0026628
-0.0150923
-0.0037105
-0.0140804
-0.00466985
-0.0129148
-0.00553458
-0.0116061
-0.00630157
-0.0101674
-0.00696999
-0.00861397
-0.00754022
-0.0069626
-0.00801286
-0.0052315
-0.00838837
-0.00344012
-0.00866691
-0.00160891
-0.00884847
-0.00893297
0.00191377
-0.0106131
0.00358211
-0.0104788
0.0052047
-0.0102263
0.0067609
-0.00985619
0.00823104
-0.00936944
0.00959677
-0.0087671
0.0108415
-0.00805044
0.0119509
-0.00722115
0.0129137
-0.0062819
0.0137214
-0.00523707
0.0143685
-0.00409336
0.0148513
-0.0028598
0.0151671
-0.00154748
0.0153121
-0.000169796
0.01528
0.00125605
0.0150576
0.00270732
0.0146232
0.00415447
0.0139517
0.00556065
0.0130245
0.00688351
0.0118357
0.00808216
0.0103962
0.00912527
0.00873308
0.00999303
0.00688578
0.0106757
0.00490003
0.0111713
0.00282454
0.0114808
0.000709313
0.0116058
-0.00139534
0.0115477
-0.00343954
0.0113075
-0.00537461
0.0108864
-0.00715413
0.0102857
-0.00873555
0.00950769
-0.0100836
0.00855823
-0.0111752
0.00745077
-0.0120033
0.0062081
-0.0125766
0.00486267
-0.0129151
0.00345448
-0.0130445
0.00202383
-0.0129875
0.000605388
-0.012759
-0.000772988
-0.0123676
-0.00208952
-0.0118193
-0.00332801
-0.0111199
-0.00447656
-0.0102761
-0.00552594
-0.00929602
-0.00646864
-0.0081903
-0.00729881
-0.00697205
-0.00801233
-0.00565688
-0.00860657
-0.00426247
-0.00907998
-0.00280806
-0.00943167
-0.00131403
-0.00966106
0.000198568
-0.00976779
0.00170835
-0.00975166
0.003194
-0.00961271
0.00463459
-0.00935118
0.00601002
-0.00896749
0.00730139
-0.00846228
0.00849152
-0.00783658
0.00956544
-0.00709219
0.0105107
-0.00623208
0.0113174
-0.00526082
0.0119777
-0.0041847
0.0124854
-0.00301165
0.0128347
-0.00175149
0.0130193
-0.000417084
0.0130293
0.000973981
0.0128476
0.0023984
0.0124501
0.00382661
0.0118117
0.00522219
0.0109149
0.00654417
0.00975491
0.00775402
0.00834313
0.00882179
0.00670626
0.00972721
0.00488192
0.0104591
0.00291389
0.0110129
0.00084931
0.0113868
-0.00126277
0.0115795
-0.0033723
0.0115899
-0.00542897
0.0114169
-0.00738303
0.011059
-0.00918634
0.0105148
-0.0107944
0.00978348
-0.0121704
0.00886883
-0.0132913
0.00778299
-0.0141506
0.00654868
-0.0147581
0.00520015
-0.0151348
0.00377958
-0.0153058
0.00232828
-0.0152909
0.000881259
-0.015101
-0.000533827
-0.0147415
-0.00189581
-0.0142156
-0.00318869
-0.0135263
-0.00439979
-0.0126777
-0.00551852
-0.0116758
-0.00653643
-0.0105299
-0.00744744
-0.00925226
-0.00824767
-0.0078577
-0.00893478
-0.00636335
-0.00950721
-0.00478795
-0.00996377
-0.00315145
-0.0103034
-0.00147468
-0.0105252
-0.0106286
0.00171873
-0.0121333
0.00321525
-0.0119754
0.00466748
-0.0116785
0.00605553
-0.0112442
0.00736052
-0.0106744
0.008565
-0.00997158
0.00965339
-0.00913883
0.0106124
-0.00818014
0.0114312
-0.00710076
0.0121019
-0.00590772
0.0126186
-0.00461012
0.0129781
-0.00321923
0.0131788
-0.00174826
0.0132216
-0.000212554
0.0131079
0.00136978
0.012838
0.00297714
0.0124089
0.00458358
0.0118113
0.00615827
0.0110295
0.00766537
0.0100471
0.00906455
0.00885821
0.0103141
0.00747338
0.0113779
0.00591836
0.0122308
0.00423036
0.0128593
0.00245399
0.0132571
0.00063782
0.013422
-0.00116824
0.0133537
-0.00291471
0.0130539
-0.00455453
0.0125262
-0.00604561
0.0117768
-0.00735431
0.0108164
-0.00845903
0.00966295
-0.00935311
0.00834485
-0.0100449
0.00689989
-0.0105517
0.00536948
-0.01089
0.0037928
-0.0110704
0.00220421
-0.0110981
0.000633039
-0.010975
-0.000896081
-0.010702
-0.00236252
-0.0102808
-0.00374923
-0.00971502
-0.0050423
-0.0090108
-0.00623016
-0.00817638
-0.00730306
-0.0072222
-0.008253
-0.00616088
-0.00907364
-0.0050072
-0.00976024
-0.00377785
-0.0103093
-0.00249108
-0.0107184
-0.00116632
-0.0109858
0.000176276
-0.0111104
0.00151617
-0.0110916
0.00283289
-0.0109294
0.00410643
-0.0106247
0.00531763
-0.0101787
0.00644861
-0.00959326
0.00748316
-0.00887114
0.00840706
-0.00801609
0.00920825
-0.00703327
0.00987686
-0.00592943
0.0104052
-0.00471304
0.0107878
-0.00339429
0.0110216
-0.00198531
0.0111053
-0.000500775
0.011038
0.00104135
0.0108169
0.00261946
0.0104358
0.00420775
0.00988235
0.00577562
0.00913914
0.00728738
0.00819025
0.00870291
0.00703097
0.00998108
0.00567204
0.0110861
0.00413854
0.0119926
0.00246667
0.0126848
0.000700091
0.0131533
-0.00111328
0.0133929
-0.00292369
0.0134003
-0.00468141
0.0131746
-0.00633862
0.0127162
-0.00785229
0.0120285
-0.00918782
0.011119
-0.0103231
0.0100041
-0.0112519
0.00871185
-0.011984
0.00728072
-0.0125363
0.00575253
-0.0129233
0.00416655
-0.0131524
0.00255733
-0.0132255
0.000954377
-0.0131417
-0.000617567
-0.0128997
-0.00213789
-0.0124991
-0.00358928
-0.0119418
-0.00495702
-0.011232
-0.00622838
-0.0103758
-0.00739264
-0.00938197
-0.00844124
-0.00826199
-0.00936765
-0.00702978
-0.010167
-0.00570144
-0.0108356
-0.00429483
-0.0113704
-0.00282913
-0.0117691
-0.00132445
-0.0120299
-0.0121516
0.00151018
-0.013469
0.00282367
-0.0132889
0.00409571
-0.0129506
0.00530773
-0.0124563
0.00644223
-0.0118089
0.00748315
-0.0110125
0.00841624
-0.0100719
0.00922942
-0.00899332
0.009913
-0.00778434
0.0104597
-0.0064544
0.0108645
-0.00501492
0.0111246
-0.00347934
0.0112394
-0.00186306
0.0112104
-0.000183519
0.0110408
0.00153939
0.0107349
0.00328304
0.0102968
0.00502167
0.0097288
0.00672624
0.00903011
0.00836405
0.00819643
0.00989823
0.00722175
0.0112888
0.0061036
0.012496
0.00485024
0.0134841
0.00348443
0.0142251
0.00204109
0.0147005
0.000562421
0.0149007
-0.000906508
0.0148227
-0.00232132
0.0144687
-0.00364194
0.0138468
-0.00483682
0.0129717
-0.00588701
0.0118666
-0.00678743
0.0105634
-0.00754262
0.00910004
-0.00815979
0.00751705
-0.00864429
0.00585398
-0.00899829
0.0041468
-0.00922121
0.00242713
-0.00931102
0.000722847
-0.00926567
-0.000941423
-0.00908414
-0.00254405
-0.00876711
-0.00406626
-0.00831751
-0.0054919
-0.00774055
-0.00680711
-0.00704365
-0.00799996
-0.00623634
-0.00906031
-0.0053302
-0.00997979
-0.00433877
-0.0107517
-0.00327738
-0.0113707
-0.00216285
-0.011833
-0.00101312
-0.0121356
0.000153148
-0.0122766
0.00131691
-0.0122553
0.00245919
-0.0120717
0.00356147
-0.011727
0.00460606
-0.0112233
0.00557652
-0.0105637
0.00645797
-0.00975258
0.00723736
-0.00879548
0.00790363
-0.00769955
0.00844783
-0.00647362
0.00886309
-0.0051283
0.0091448
-0.003676
0.00929064
-0.00213115
0.00930043
-0.000510559
0.00917554
0.00116624
0.00891815
0.00287685
0.00853003
0.00459586
0.00801116
0.00629449
0.00735853
0.00794001
0.00656608
0.00949537
0.0056267
0.0109205
0.00453772
0.0121751
0.00330764
0.0132227
0.00195902
0.0140334
0.000526078
0.0145863
-0.000949648
0.0148686
-0.00242327
0.014874
-0.0038501
0.0146014
-0.0051894
0.0140555
-0.00640898
0.013248
-0.00748986
0.0121999
-0.00842717
0.0109414
-0.00922502
0.0095097
-0.00988929
0.00794499
-0.0104234
0.00628666
-0.0108274
0.00457049
-0.0110982
0.00282814
-0.0112315
0.00108776
-0.0112234
-0.000625721
-0.0110708
-0.00229045
-0.0107729
-0.00388722
-0.0103308
-0.00539913
-0.00974789
-0.00681128
-0.00902977
-0.00811077
-0.00818434
-0.00928667
-0.00722192
-0.0103301
-0.0061552
-0.0112337
-0.00499891
-0.0119918
-0.00376954
-0.0125997
-0.0024849
-0.0130537
-0.00116377
-0.0133511
-0.0134898
0.00129274
-0.0146123
0.00241594
-0.0144121
0.0035016
-0.0140362
0.00453298
-0.0134876
0.00549436
-0.0127703
0.00637141
-0.0118895
0.00715147
-0.010852
0.00782389
-0.00966574
0.00838014
-0.00834059
0.00881393
-0.00688818
0.00912111
-0.00532211
0.00929974
-0.00365797
0.00934998
-0.0019133
0.00927412
-0.000107658
0.00907626
0.00173725
0.00876188
0.00359741
0.00833733
0.00544622
0.00780917
0.0072544
0.00718346
0.00898976
0.00646476
0.0106169
0.00565573
0.0120978
0.00475874
0.013393
0.00377901
0.0144639
0.00272801
0.0152761
0.00162563
0.0158029
0.000499451
0.0160269
-0.000618682
0.0159408
-0.00169771
0.0155478
-0.00271211
0.0148612
-0.00364468
0.0139042
-0.0044864
0.0127083
-0.00523391
0.0113109
-0.00588615
0.00975228
-0.00644155
0.00807245
-0.00689679
0.00630922
-0.00724729
0.0044973
-0.00748819
0.00266804
-0.00761514
0.00084979
-0.00762472
-0.000931836
-0.00751497
-0.0026538
-0.00728575
-0.00429549
-0.00693903
-0.00583862
-0.00647903
-0.00726712
-0.00591206
-0.00856693
-0.00524648
-0.00972589
-0.00449256
-0.0107337
-0.00366236
-0.0115819
-0.00276955
-0.0122635
-0.00182913
-0.0127734
-0.000857173
-0.0131075
0.0001296
-0.0132634
0.00111413
-0.0132398
0.0020794
-0.013037
0.00300884
-0.0126564
0.00388662
-0.0121011
0.00469806
-0.0113752
0.0054299
-0.0104844
0.00607052
-0.0094361
0.00661017
-0.00823919
0.007041
-0.00690445
0.00735724
-0.00544454
0.00755527
-0.00387402
0.00763367
-0.00220955
0.00759309
-0.000469983
0.00743594
0.00132339
0.00716589
0.0031469
0.00678752
0.00497424
0.00630567
0.00677633
0.0057247
0.00852098
0.00504746
0.0101726
0.00427519
0.0116927
0.00340925
0.0130411
0.00245416
0.0141778
0.0014209
0.0150666
0.000328959
0.0156782
-0.000794323
0.0159919
-0.00191719
0.0159968
-0.00300847
0.0156927
-0.00404234
0.0150894
-0.0050012
0.0142069
-0.00587549
0.0130742
-0.00666107
0.011727
-0.00735578
0.0102044
-0.0079565
0.00854571
-0.00845822
0.00678838
-0.00885465
0.00496692
-0.00913923
0.00311272
-0.00930579
0.00125432
-0.00934914
-0.000582369
-0.0092656
-0.00237399
-0.00905342
-0.0040994
-0.00871297
-0.00573957
-0.0082468
-0.00727746
-0.00765959
-0.00869798
-0.00695822
-0.00998804
-0.0061518
-0.0111365
-0.0052515
-0.012134
-0.00427046
-0.0129729
-0.0032234
-0.0136468
-0.00212633
-0.0141508
-0.000996203
-0.0144812
-0.0146355
0.00107018
-0.0155587
0.00199899
-0.0153409
0.00289497
-0.0149322
0.00374352
-0.0143362
0.00453102
-0.0135578
0.00524511
-0.0126036
0.00587494
-0.0114818
0.00641147
-0.0102023
0.00684755
-0.00877667
0.00717804
-0.00721867
0.00739983
-0.0055439
0.00751182
-0.00376996
0.00751498
-0.00191646
0.00741224
-4.91722e-06
0.00720834
0.00194115
0.00690958
0.00389617
0.00652345
0.00583235
0.00605821
0.00771964
0.00552241
0.00952556
0.00492427
0.0112151
0.00427126
0.0127508
0.00357007
0.0140942
0.00282728
0.0152066
0.00205071
0.0160526
0.00125086
0.0166027
0.000441219
0.0168365
-0.000362946
0.016745
-0.00114678
0.0163316
-0.00189782
0.0156123
-0.00260681
0.0146132
-0.00326705
0.0133685
-0.00387287
0.0119167
-0.00441841
0.0102978
-0.00489719
0.00855123
-0.00530215
0.00671418
-0.00562619
0.00482133
-0.00586272
0.00290457
-0.00600612
0.000993189
-0.00605208
-0.000885875
-0.00599785
-0.00270803
-0.00584252
-0.00445082
-0.00558716
-0.00609398
-0.00523488
-0.0076194
-0.00479077
-0.00901104
-0.00426177
-0.0102549
-0.00365659
-0.0113389
-0.00298556
-0.0122529
-0.00226041
-0.0129887
-0.0014941
-0.0135397
-0.000700491
-0.0139011
0.000105937
-0.0140698
0.000910421
-0.0140443
0.00169824
-0.0138248
0.00245506
-0.0134132
0.00316721
-0.0128132
0.00382204
-0.01203
0.00440816
-0.0110705
0.00491566
-0.00994361
0.00533628
-0.00865982
0.00566357
-0.00723173
0.00589293
-0.0056739
0.0060218
-0.00400289
0.00604962
-0.00223737
0.00597782
-0.000398182
0.00580958
0.00149164
0.00554957
0.00340691
0.00520369
0.00532011
0.00477873
0.0072013
0.00428182
0.00901788
0.00371992
0.0107345
0.00309933
0.0123133
0.00242579
0.0137146
0.00170509
0.0148985
0.000944468
0.0158273
0.000154019
0.0164687
-0.000653035
0.0167989
-0.00146152
0.0168053
-0.00225643
0.0164876
-0.00302502
0.015858
-0.00375757
0.0149394
-0.00444674
0.0137633
-0.00508604
0.0123663
-0.00566859
0.010787
-0.00618675
0.00906387
-0.00663212
0.00723376
-0.0069962
0.005331
-0.00727089
0.0033874
-0.00744897
0.0014324
-0.00752451
-0.00050683
-0.00749319
-0.00240531
-0.00735258
-0.00424001
-0.00710227
-0.00598989
-0.00674387
-0.00763586
-0.00628103
-0.00916081
-0.00571942
-0.0105496
-0.0050667
-0.0117892
-0.00433238
-0.0128683
-0.00352774
-0.0137775
-0.00266549
-0.0145091
-0.00175954
-0.0150568
-0.00082467
-0.0154161
-0.0155839
0.000845378
-0.0163063
0.00157812
-0.0160736
0.00228328
-0.0156374
0.00294868
-0.0150016
0.00356298
-0.0141721
0.00411597
-0.0131566
0.00459879
-0.0119646
0.00500415
-0.0106076
0.00532644
-0.00909896
0.00556182
-0.00745405
0.00570826
-0.00569034
0.00576559
-0.00382729
0.00573545
-0.00188632
0.00562132
0.000109216
0.00542833
0.00213414
0.00516314
0.00416136
0.00483368
0.00616181
0.00444881
0.00810451
0.00401788
0.00995649
0.00355018
0.0116828
0.00305434
0.0132467
0.00253793
0.0146106
0.00200718
0.0157374
0.00146719
0.0165926
0.000922362
0.0171475
0.000376773
0.0173821
-0.000165593
0.0172873
-0.000700827
0.0168668
-0.00122498
0.0161364
-0.0017338
0.0151221
-0.00222233
0.0138571
-0.00268454
0.0123789
-0.0031133
0.0107266
-0.00350067
0.0089386
-0.00383839
0.00705191
-0.00411842
0.00510136
-0.00433344
0.00311958
-0.00447723
0.00113697
-0.00454492
-0.000818184
-0.00453319
-0.00271975
-0.00444042
-0.00454358
-0.00426678
-0.00626762
-0.00401422
-0.00787195
-0.0036865
-0.00933877
-0.003289
-0.0106524
-0.0028287
-0.0117992
-0.00231398
-0.0127676
-0.00175445
-0.0135482
-0.00116082
-0.0141333
-0.000544536
-0.0145174
8.2381e-05
-0.0146968
0.000707685
-0.0146696
0.00131916
-0.0144363
0.00190492
-0.013999
0.00245368
-0.013362
0.002955
-0.0125313
0.00339957
-0.0115151
0.00377936
-0.0103234
0.00408783
-0.00896828
0.00431998
-0.00746389
0.00447255
-0.00582647
0.00454404
-0.00407438
0.00453475
-0.00222808
0.00444676
-0.000310195
0.00428381
0.00165458
0.00405114
0.00363958
0.00375527
0.00561598
0.00340377
0.00755281
0.00300477
0.00941688
0.00256652
0.0111728
0.00209677
0.0127831
0.00160238
0.014209
0.0010891
0.0154118
0.000561649
0.0163547
2.41681e-05
0.0170062
-0.000519416
0.0173425
-0.00106518
0.0173511
-0.00160913
0.0170315
-0.00214712
0.016396
-0.00267462
0.0154669
-0.00318627
0.014275
-0.00367548
0.0128555
-0.0041344
0.0112459
-0.00455415
0.00948362
-0.0049254
0.00760501
-0.00523887
0.00564447
-0.00548591
0.00363444
-0.00565891
0.00160539
-0.00575156
-0.000414175
-0.00575914
-0.00239772
-0.00567865
-0.0043205
-0.00550891
-0.00615963
-0.00525059
-0.00789418
-0.00490619
-0.00950521
-0.00448003
-0.0109758
-0.00397815
-0.0122911
-0.00340828
-0.0134382
-0.00277964
-0.0144062
-0.00210276
-0.0151859
-0.00138922
-0.0157703
-0.00065139
-0.0161539
-0.0163331
0.000620553
-0.0168549
0.00115741
-0.0166105
0.00167234
-0.0161523
0.00215568
-0.0154849
0.00259854
-0.014615
0.00299301
-0.0135511
0.00333232
-0.012304
0.00361104
-0.0108863
0.00382519
-0.00931311
0.00397231
-0.00760117
0.00405149
-0.00576953
0.00406343
-0.00383923
0.00401042
-0.00183331
0.00389629
0.000223351
0.00372632
0.00230411
0.00350714
0.00438054
0.00324648
0.00642247
0.00295288
0.00839811
0.00263525
0.0102741
0.00230235
0.0120157
0.0019621
0.0135869
0.00162096
0.0149517
0.00128338
0.016075
0.000951521
0.0169245
0.000625384
0.0174737
0.000303326
0.0177042
-1.71582e-05
0.0176078
-0.000338463
0.0171882
-0.000661898
0.0164599
-0.000986995
0.0154472
-0.00131115
0.0141812
-0.00162968
0.0126974
-0.00193617
0.0110331
-0.00222312
0.00922554
-0.00248252
0.00731131
-0.00270653
0.00532538
-0.00288791
0.00330096
-0.00302037
0.00126944
-0.00309885
-0.000739707
-0.00311963
-0.00269897
-0.00308047
-0.00458274
-0.00298065
-0.00636744
-0.00282101
-0.0080316
-0.00260386
-0.00955591
-0.00233299
-0.0109233
-0.00201349
-0.0121187
-0.00165168
-0.0131294
-0.00125493
-0.0139449
-0.000831517
-0.0145567
-0.000390377
-0.0149586
5.90952e-05
-0.0151462
0.000507303
-0.0151178
0.00094468
-0.0148737
0.00136193
-0.0144163
0.00175027
-0.0137503
0.00210164
-0.0128827
0.00240893
-0.0118224
0.00266614
-0.0105806
0.0028685
-0.00917064
0.00301262
-0.00760801
0.00309656
-0.00591041
0.00311989
-0.00409771
0.00308374
-0.00219193
0.00299073
-0.000217187
0.00284494
0.00180037
0.00265177
0.00383275
0.00241776
0.00584998
0.00215037
0.0078202
0.00185754
0.00970971
0.00154719
0.0114831
0.00122661
0.0131036
0.000901803
0.0145338
0.000576949
0.0157366
0.000254077
0.0166776
-6.68544e-05
0.0173271
-0.000387515
0.0176632
-0.000710426
0.017674
-0.00103795
0.0173591
-0.00137138
0.0167294
-0.00171017
0.0158057
-0.00205155
0.0146164
-0.00239053
0.0131945
-0.0027202
0.0115755
-0.00303236
0.00979578
-0.00331816
0.00789081
-0.00356874
0.00589504
-0.00377574
0.00384144
-0.00393169
0.00176135
-0.0040303
-0.000315565
-0.00406664
-0.00236138
-0.00403728
-0.00434986
-0.00394035
-0.00625656
-0.00377557
-0.00805895
-0.00354427
-0.00973652
-0.0032493
-0.0112708
-0.00289503
-0.0126454
-0.00248725
-0.013846
-0.00203303
-0.0148604
-0.00154058
-0.0156784
-0.001019
-0.0162919
-0.000478089
-0.0166948
-0.0168831
0.000397497
-0.0172062
0.000740172
-0.0169531
0.00106677
-0.0164789
0.00137029
-0.0157885
0.00164437
-0.0148891
0.00188345
-0.0137902
0.00208295
-0.0125034
0.00223936
-0.0110428
0.00235037
-0.00942412
0.00241492
-0.00766572
0.00243323
-0.00578784
0.00240682
-0.00381282
0.00233848
-0.00176497
0.00223227
0.000329568
0.00209337
0.00244301
0.00192803
0.00454588
0.00174328
0.00660721
0.00154669
0.0085947
0.00134592
0.0104749
0.0011482
0.0122134
0.000959651
0.0137755
0.000784682
0.0151267
0.000625346
0.0162343
0.000481034
0.0170688
0.000348556
0.0176062
0.000222702
0.01783
9.72243e-05
0.0177333
-3.39385e-05
0.0173193
-0.000175471
0.0166014
-0.000329842
0.0156015
-0.000496936
0.0143483
-0.000674156
0.0128747
-0.000856873
0.0112158
-0.00103906
0.00940772
-0.00121395
0.0074862
-0.00137464
0.00548606
-0.00151454
0.00344085
-0.00162774
0.00138264
-0.00170926
-0.000658187
-0.00175518
-0.00265305
-0.00176275
-0.00457517
-0.00173044
-0.00639975
-0.00165796
-0.00810408
-0.00154622
-0.00966764
-0.00139733
-0.0110721
-0.00121446
-0.0123016
-0.00100178
-0.0133421
-0.000764343
-0.0141824
-0.000507919
-0.0148132
-0.000238838
-0.0152276
3.62035e-05
-0.0154213
0.000310339
-0.015392
0.000576728
-0.0151401
0.000828752
-0.0146683
0.00106021
-0.0139818
0.00126551
-0.013088
0.00143982
-0.0119967
0.00157921
-0.01072
0.00168079
-0.00927222
0.00174277
-0.00766999
0.00176455
-0.00593219
0.00174674
-0.0040799
0.0016912
-0.00213639
0.00160099
-0.000126972
0.00148029
0.00192107
0.00133436
0.00397869
0.0011693
0.00601504
0.000991813
0.00799768
0.000808831
0.00989269
0.000626986
0.011665
0.000452003
0.0132786
0.00028804
0.0146978
0.000137078
0.0158876
-1.44897e-06
0.0168161
-0.000130641
0.0174563
-0.000255636
0.0177882
-0.000382666
0.017801
-0.000517817
0.0174942
-0.000665848
0.0168774
-0.000829308
0.0159692
-0.0010081
0.0147952
-0.00119951
0.0133859
-0.00139864
0.0117747
-0.00159898
0.00999613
-0.00179316
0.00808499
-0.0019735
0.00607538
-0.00213252
0.00400047
-0.00226339
0.00189221
-0.00236011
-0.000218843
-0.00241778
-0.00230371
-0.00243269
-0.00433495
-0.00240236
-0.00628688
-0.00232563
-0.00813569
-0.00220259
-0.00985955
-0.00203466
-0.0114387
-0.00182445
-0.0128556
-0.00157576
-0.0140947
-0.00129344
-0.0151427
-0.000983271
-0.0159886
-0.000651801
-0.0166234
-0.000306153
-0.0170404
-0.0172355
0.0001777
-0.0173632
0.00032914
-0.0171046
0.000470465
-0.0166202
0.000597377
-0.0159154
0.00070608
-0.0149978
0.000793421
-0.0138775
0.000857005
-0.012567
0.000895287
-0.011081
0.00090764
-0.00943648
0.00089439
-0.00765247
0.000856839
-0.00575029
0.000797255
-0.00375324
0.000718848
-0.00168657
0.000625713
0.000422702
0.000522754
0.00254597
0.000415536
0.0046531
0.000310072
0.00671268
0.000212528
0.00869225
0.000128826
0.0105586
6.41401e-05
0.0122781
2.23267e-05
0.0138173
5.33037e-06
0.0151437
1.26907e-05
0.0162269
4.12917e-05
0.0170402
8.54928e-05
0.017562
0.000137707
0.0177778
0.000189369
0.0176816
0.000232118
0.0172766
0.000258939
0.0165746
0.000264991
0.0155955
0.000248002
0.0143653
0.000208228
0.0129144
0.000148076
0.0112759
7.1561e-05
0.00948424
-1.62866e-05
0.00757405
-0.000109958
0.00557973
-0.000203917
0.00353481
-0.000292934
0.00147166
-0.000372339
-0.000578783
-0.000438179
-0.00258721
-0.000487314
-0.00452604
-0.000517479
-0.00636959
-0.000527306
-0.00809425
-0.000516332
-0.00967862
-0.000484972
-0.0111035
-0.000434469
-0.0123521
-0.00036683
-0.0134098
-0.000284736
-0.0142645
-0.00019143
-0.0149065
-9.05922e-05
-0.0153285
1.38077e-05
-0.0155257
0.000117664
-0.0154958
0.000216894
-0.0152393
0.000307587
-0.014759
0.000386167
-0.0140603
0.000449526
-0.0131513
0.000495152
-0.0120423
0.000521234
-0.0107461
0.00052674
-0.00927773
0.000511487
-0.00765474
0.000476176
-0.00589688
0.000422412
-0.00402614
0.000352698
-0.00206667
0.000270388
-4.4662e-05
0.000179616
0.00201184
8.52145e-05
0.00407309
-7.48237e-06
0.00610774
-9.29065e-05
0.00808311
-0.000165626
0.00996541
-0.000220818
0.0117202
-0.000254832
0.0133126
-0.000265771
0.0147087
-0.000254016
0.0158758
-0.00022252
0.0167846
-0.000176743
0.0174105
-0.000124147
0.0177356
-7.32583e-05
0.0177501
-3.24939e-05
0.0174535
-9.00931e-06
0.0168539
-7.82148e-06
0.015968
-3.13475e-05
0.0148187
-7.9383e-05
0.0134339
-0.000149431
0.0118447
-0.000237235
0.0100839
-0.000337373
0.00818512
-0.000443816
0.00618182
-0.000550405
0.00410706
-0.000651219
0.00199302
-0.000740854
-0.000129208
-0.00081462
-0.00222994
-0.000868651
-0.00428092
-0.000899979
-0.00625556
-0.000906587
-0.00812908
-0.000887428
-0.00987871
-0.000842424
-0.0114837
-0.000772446
-0.0129256
-0.000679267
-0.0141878
-0.000565486
-0.0152565
-0.000434434
-0.0161196
-0.000290051
-0.0167677
-0.000136738
-0.0171938
-0.017393
-3.75291e-05
-0.0173297
-7.32663e-05
-0.0170688
-0.000113139
-0.0165803
-0.000158744
-0.0158698
-0.000211304
-0.0149452
-0.000271573
-0.0138172
-0.000339755
-0.0124988
-0.000415454
-0.0110053
-0.000497637
-0.00935429
-0.000584622
-0.00756548
-0.000674079
-0.00566083
-0.000763066
-0.00366425
-0.000848063
-0.00160157
-0.000925046
0.000499686
-0.000989575
0.0026105
-0.00103694
0.00470047
-0.00106238
0.00673812
-0.00106136
0.00869122
-0.00102992
0.0105271
-0.000965158
0.0122133
-0.000865649
0.0137178
-0.000731959
0.01501
-0.000566989
0.016062
-0.000376114
0.0168493
-0.00016699
0.0173528
5.10095e-05
0.0175598
0.000267669
0.017465
0.000472974
0.0170713
0.000658109
0.0163894
0.00081622
0.0154374
0.00094282
0.0142387
0.00103583
0.0128214
0.00109532
0.0112164
0.00112312
0.00945644
0.0011223
0.00757487
0.00109673
0.0056053
0.00105068
0.00358086
0.000988501
0.00153384
0.000914377
-0.000504659
0.000832166
-0.002505
0.000745292
-0.00443916
0.000656681
-0.00628098
0.000568711
-0.00800628
0.000483188
-0.00959309
0.000401344
-0.0110217
0.000323852
-0.0122746
0.000250861
-0.0133368
0.000182049
-0.0141957
0.000116694
-0.0148411
5.37603e-05
-0.0152655
-8.00227e-06
-0.0154639
-6.99462e-05
-0.0154339
-0.000133408
-0.0151758
-0.000199592
-0.0146928
-0.00026946
-0.0139905
-0.000343636
-0.0130772
-0.000422325
-0.0119636
-0.000505242
-0.0106632
-0.000591568
-0.0091914
-0.000679921
-0.00756639
-0.000768339
-0.00580846
-0.000854297
-0.00394018
-0.000934731
-0.00198624
-0.0010061
2.67036e-05
-0.00106446
0.0020702
-0.00110557
0.0041142
-0.00112508
0.00612725
-0.00111879
0.00807681
-0.00108299
0.00992961
-0.00101489
0.0116521
-0.000913068
0.0132108
-0.000777988
0.0145736
-0.000612339
0.0157102
-0.00042124
0.0165935
-0.000212112
0.0172014
5.83594e-06
0.0175176
0.000222437
0.0175335
0.000427603
0.0172483
0.000612336
0.0166692
0.00076954
0.0158108
0.000894484
0.0146938
0.000984904
0.0133435
0.00104079
0.0117888
0.001064
0.0100607
0.00105777
0.00819136
0.00102623
0.00621336
0.000974021
0.00415927
0.000905909
0.00206114
0.000826544
-4.98437e-05
0.000740249
-0.00214365
0.000650918
-0.00419159
0.000561923
-0.00616656
0.000476053
-0.00804321
0.00039547
-0.00979812
0.00032169
-0.0114099
0.00025558
-0.0128594
0.000197376
-0.0141296
0.000146724
-0.0152058
0.000102745
-0.0160756
6.41106e-05
-0.0167291
2.91452e-05
-0.0171588
-0.0173598
-0.000246982
-0.017111
-0.000464808
-0.016851
-0.00068085
-0.0163643
-0.000894035
-0.0156566
-0.00110305
-0.0147362
-0.00130627
-0.013614
-0.00150176
-0.0123034
-0.00168722
-0.0108199
-0.00186001
-0.00918151
-0.00201713
-0.00740837
-0.00215529
-0.00552267
-0.00227094
-0.0035486
-0.00236035
-0.00151216
-0.00241965
0.000558986
-0.00244497
0.00263582
-0.00243258
0.00468807
-0.00237906
0.0066846
-0.0022816
0.00859376
-0.0021383
0.0103838
-0.00194851
0.0120235
-0.00171324
0.0134825
-0.00143546
0.0147322
-0.00112038
0.0157469
-0.00077543
0.0165044
-0.000410043
0.0169875
-3.51191e-05
0.0171849
0.000337743
0.0170921
0.000697137
0.0167119
0.00103269
0.0160539
0.00133575
0.0151343
0.00159979
0.0139747
0.00182049
0.0126007
0.00199567
0.0110413
0.00212496
0.00932716
0.00220941
0.00749042
0.00225121
0.00556351
0.00225324
0.00357883
0.00221888
0.0015682
0.00215173
-0.000437509
0.00205545
-0.00240872
0.00193368
-0.00431739
0.00178992
-0.00613722
0.00162751
-0.00784387
0.00144952
-0.00941511
0.0012588
-0.0108309
0.00105787
-0.0120736
0.000849016
-0.0131279
0.000634217
-0.0139809
0.000415236
-0.0146221
0.000193641
-0.0150439
-2.91397e-05
-0.0152411
-0.000251745
-0.0152113
-0.000472803
-0.0149548
-0.000690855
-0.0144747
-0.000904287
-0.013777
-0.00111128
-0.0128702
-0.00130978
-0.0117651
-0.00149744
-0.0104755
-0.00167165
-0.0090172
-0.0018295
-0.00740854
-0.00196784
-0.00567012
-0.00208328
-0.00382474
-0.00217229
-0.00189724
-0.0022312
8.56145e-05
-0.00225637
0.00209538
-0.00224425
0.00410208
-0.00219157
0.00607457
-0.00209558
0.00798083
-0.00195438
0.00978841
-0.00176723
0.0114649
-0.00153496
0.0129785
-0.00126027
0.0142989
-0.000948059
0.015398
-0.000605424
0.0162509
-0.000241518
0.0168375
0.000132945
0.0171432
0.000506427
0.01716
0.000867432
0.0168873
0.00120538
0.0163313
0.00151132
0.0155049
0.00177839
0.0144267
0.002002
0.0131199
0.0021797
0.0116111
0.00231095
0.00992947
0.00239678
0.00810554
0.00243934
0.00617079
0.00244165
0.00415696
0.00240722
0.00209557
0.00233982
1.75499e-05
0.00224333
-0.00204715
0.00212155
-0.00406982
0.0019782
-0.00602321
0.00181676
-0.00788177
0.00164045
-0.00962181
0.00145217
-0.0112217
0.00125448
-0.0126618
0.00104959
-0.0139248
0.000839357
-0.0149956
0.000625311
-0.0158616
0.000408705
-0.0165125
0.000190561
-0.0169406
-0.017141
-0.000449489
-0.0167131
-0.000843312
-0.0164572
-0.00122955
-0.0159781
-0.00160454
-0.0152816
-0.00196447
-0.0143763
-0.00230543
-0.0132731
-0.00262339
-0.0119854
-0.00291421
-0.0105291
-0.00317369
-0.00892202
-0.00339761
-0.00718445
-0.00358177
-0.00533851
-0.00372207
-0.00340829
-0.00381463
-0.00141961
-0.00385581
0.000600166
-0.00384236
0.00262237
-0.00377156
0.00461727
-0.00364139
0.00655442
-0.00345074
0.00840312
-0.00319972
0.0101328
-0.00288987
0.0117137
-0.0025245
0.0131171
-0.00210888
0.0143166
-0.00165032
0.0152883
-0.0011582
0.0160122
-0.000643586
0.0164728
-0.000118823
0.0166601
0.000403184
0.0165701
0.000909708
0.0162053
0.00138892
0.0155747
0.00183049
0.0146927
0.00222597
0.0135792
0.00256899
0.0122577
0.00285521
0.010755
0.00308217
0.0091002
0.00324899
0.0073236
0.00335615
0.00545635
0.00340518
0.00352979
0.00339845
0.00157493
0.00333891
-0.000377971
0.00322999
-0.00229981
0.00307548
-0.00416288
0.00287939
-0.00594114
0.00264596
-0.00761043
0.00237948
-0.00914863
0.0020843
-0.0105358
0.00176479
-0.0117541
0.00142524
-0.0127884
0.0010699
-0.0136255
0.00070294
-0.0142552
0.000328454
-0.0146695
-4.95154e-05
-0.0148632
-0.000426961
-0.0148338
-0.000799872
-0.0145819
-0.00116419
-0.0141104
-0.00151581
-0.0134254
-0.00185053
-0.0125355
-0.00216409
-0.0114516
-0.00245217
-0.0101874
-0.00271043
-0.00875894
-0.00293451
-0.00718446
-0.00312011
-0.00548451
-0.00326308
-0.00368177
-0.00335942
-0.00180089
-0.00340545
0.000131646
-0.00339786
0.00208778
-0.00333383
0.00403805
-0.00321119
0.00595193
-0.00302866
0.0077983
-0.0027861
0.00954584
-0.00248475
0.0111636
-0.00212757
0.0126214
-0.0017194
0.0138908
-0.00126716
0.0149457
-0.000779808
0.0157635
-0.000268116
0.0163258
0.000255793
0.0166193
0.000779077
0.0166368
0.00128891
0.0163775
0.00177323
0.0158469
0.00222136
0.0150567
0.00262446
0.0140236
0.00297576
0.0127686
0.0032705
0.0113164
0.00350589
0.00969408
0.00368076
0.00793066
0.00379538
0.00605618
0.00385109
0.00410125
0.00385012
0.00209654
0.00379534
7.23256e-05
0.00369009
-0.0019419
0.00353807
-0.0039178
0.00334324
-0.00582837
0.00310972
-0.00764825
0.00284172
-0.00935381
0.00254346
-0.0109234
0.00221914
-0.0123374
0.00187288
-0.0135785
0.00150866
-0.0146314
0.00113039
-0.0154833
0.000741816
-0.0161239
0.000346605
-0.0165454
-0.0167427
-0.000643873
-0.0161434
-0.0012066
-0.0158945
-0.00175612
-0.0154285
-0.00228626
-0.0147515
-0.00279082
-0.0138717
-0.00326368
-0.0128002
-0.00369879
-0.0115503
-0.00409028
-0.0101376
-0.00443246
-0.00857985
-0.00471992
-0.00689698
-0.00494765
-0.00511078
-0.00511106
-0.00324488
-0.00520614
-0.00132453
-0.00522951
0.000623542
-0.00517858
0.00257144
-0.00505162
0.00449031
-0.00484796
0.00635076
-0.00456815
0.00812331
-0.00421418
0.00977885
-0.00378968
0.0112892
-0.0033001
0.0126276
-0.00275281
0.0137693
-0.00215714
0.0146927
-0.00152426
0.0153794
-0.000866832
0.0158154
-0.000198624
0.0159919
0.00046614
0.0159053
0.00111341
0.0155581
0.00172992
0.0149582
0.00230373
0.0141189
0.00282462
0.0130583
0.00328428
0.011798
0.00367637
0.0103629
0.00399649
0.00878009
0.00424194
0.00707815
0.0044116
0.00528669
0.00450568
0.00343571
0.00452555
0.00155506
0.00447355
-0.000325968
0.00435283
-0.00217909
0.00416729
-0.00397734
0.00392144
-0.00569528
0.00362031
-0.0073093
0.00326937
-0.00879769
0.00287442
-0.0101408
0.00244153
-0.0113212
0.00197696
-0.0123238
0.00148711
-0.0131357
0.000978466
-0.0137465
0.000457566
-0.0141486
-6.90345e-05
-0.0143366
-0.000594775
-0.0143081
-0.0011131
-0.0140635
-0.00161745
-0.0136061
-0.0021013
-0.0129416
-0.00255818
-0.0120786
-0.00298173
-0.011028
-0.00336573
-0.00980342
-0.00370418
-0.0084205
-0.00399134
-0.00689729
-0.00422187
-0.00525398
-0.00439086
-0.00351279
-0.00449394
-0.00169781
-0.00452742
0.00016512
-0.00448832
0.00204869
-0.00437457
0.00392429
-0.00418507
0.00576243
-0.00391995
0.00753318
-0.00358072
0.00920661
-0.00317049
0.0107533
-0.00269419
0.0121451
-0.00215864
0.0133552
-0.00157267
0.0143598
-0.000946974
0.0151378
-0.000293882
0.0156727
0.000373086
0.0159523
0.00103977
0.0159701
0.00169202
0.0157252
0.0023163
0.0152227
0.0029003
0.0144727
0.00343332
0.0134906
0.00390653
0.0122954
0.00431307
0.0109098
0.00464798
0.00935916
0.0049081
0.00767054
0.00509182
0.00587246
0.00519893
0.00399414
0.00523039
0.00206508
0.00518815
0.000114562
0.00507502
-0.00182877
0.00489454
-0.00373731
0.00465087
-0.0055847
0.00434871
-0.00734609
0.00399321
-0.00899831
0.00358984
-0.01052
0.00314434
-0.0118919
0.00266266
-0.0130968
0.00215086
-0.0141196
0.00161508
-0.0149475
0.00106152
-0.0155704
0.000496374
-0.0159803
-0.0161722
-0.00082894
-0.0154101
-0.00155243
-0.015171
-0.00225736
-0.0147236
-0.0029351
-0.0140737
-0.00357721
-0.0132296
-0.00417545
-0.012202
-0.00472188
-0.0110038
-0.00520895
-0.00965049
-0.00562959
-0.0081592
-0.00597731
-0.00654927
-0.00624629
-0.0048418
-0.00643151
-0.00305965
-0.00652888
-0.00122717
-0.00653529
0.000629949
-0.00644875
0.00248491
-0.00626851
0.00431007
-0.00599516
0.00607741
-0.00563082
0.00775896
-0.00517923
0.00932727
-0.00464594
0.0107559
-0.00403836
0.01202
-0.00336583
0.0130968
-0.00263955
0.0139664
-0.0018724
0.0146122
-0.00107861
0.0150216
-0.000273382
0.0151867
0.000527723
0.0151042
0.00130929
0.0147765
0.00205663
0.0142108
0.00275624
0.0134193
0.00339621
0.0124183
0.00396645
0.0112278
0.00445878
0.0098706
0.004867
0.00837187
0.00518674
0.0067584
0.00541541
0.00505803
0.00555197
0.00329915
0.00559688
0.00151015
0.00555187
-0.000280954
0.00541984
-0.00204706
0.00520477
-0.00376227
0.00491162
-0.00540214
0.00454619
-0.00694387
0.00411503
-0.00836652
0.0036253
-0.00965109
0.0030847
-0.0107806
0.00250134
-0.0117404
0.00188367
-0.012518
0.00124037
-0.0131032
0.000580294
-0.0134885
-8.75945e-05
-0.0136687
-0.000754303
-0.0136414
-0.00141084
-0.013407
-0.00204827
-0.0129686
-0.00265778
-0.0123321
-0.00323073
-0.0115056
-0.00375877
-0.0105
-0.00423387
-0.00932832
-0.00464848
-0.00800589
-0.00499558
-0.00655019
-0.00526881
-0.00498075
-0.00546258
-0.00331902
-0.00557219
-0.00158821
-0.00559392
0.000186847
-0.00552515
0.00197993
-0.00536449
0.00376363
-0.00511186
0.0055098
-0.00476868
0.00719
-0.004338
0.00877593
-0.00382466
0.01024
-0.00323537
0.0115558
-0.00257881
0.0126987
-0.00186557
0.0136465
-0.001108
0.0143803
-0.000319938
0.0148846
0.000483676
0.0151487
0.00128734
0.0151664
0.00207554
0.014937
0.00283328
0.0144649
0.00354665
0.0137594
0.00420319
0.012834
0.00479218
0.0117064
0.00530478
0.0103972
0.00573408
0.00892987
0.00607501
0.00732961
0.00632426
0.0056232
0.00648014
0.00383826
0.00654241
0.00200281
0.00651215
0.000144818
0.00639165
-0.00170826
0.00618425
-0.00352991
0.00589431
-0.00529477
0.00552707
-0.00697885
0.00508852
-0.00855976
0.00458533
-0.0100168
0.00402469
-0.0113313
0.00341426
-0.0124864
0.00276208
-0.0134674
0.00207644
-0.0142619
0.00136585
-0.0148598
0.000638944
-0.0152534
-0.0154376
-0.00100347
-0.0145224
-0.00187855
-0.0142959
-0.00272997
-0.0138722
-0.00354685
-0.0132568
-0.00431859
-0.0124579
-0.00503496
-0.0114856
-0.00568626
-0.0103525
-0.00626338
-0.00907338
-0.00675794
-0.00766465
-0.00716242
-0.00614478
-0.00747031
-0.00453392
-0.00767618
-0.00285378
-0.00777584
-0.00112751
-0.00776645
0.000620561
-0.00764661
0.00236506
-0.00741645
0.00407991
-0.00707774
0.00573871
-0.00663401
0.00731524
-0.00609063
0.00878389
-0.00545489
0.0101202
-0.00473601
0.0113011
-0.00394515
0.0123059
-0.00309524
0.0131165
-0.00220079
0.0137178
-0.0012776
0.0140984
-0.000342248
0.0142513
0.00058829
0.0141737
0.00149723
0.0138676
0.00236846
0.0133396
0.00318696
0.0126008
0.00393923
0.0116661
0.00461351
0.0105535
0.00519996
0.00928415
0.00569073
0.0078811
0.00607995
0.00636919
0.00636365
0.00477433
0.00653971
0.00312308
0.00660772
0.00144214
0.00656887
-0.000242102
0.00642583
-0.00190402
0.00618267
-0.00351911
0.00584476
-0.00506422
0.00541862
-0.00651773
0.00491179
-0.00785969
0.00433272
-0.00907202
0.00369063
-0.0101385
0.00299535
-0.0110452
0.00225726
-0.0117799
0.0014871
-0.0123331
0.000695911
-0.0126973
-0.000105086
-0.0128677
-0.000904599
-0.0128419
-0.00169135
-0.0126202
-0.00245415
-0.0122058
-0.00318204
-0.0116042
-0.00386435
-0.0108233
-0.00449084
-0.00987351
-0.00505183
-0.00876733
-0.0055383
-0.00751942
-0.00594202
-0.00614647
-0.0062557
-0.00466707
-0.00647311
-0.0031016
-0.00658923
-0.00147209
-0.00660032
0.000197944
-0.0065041
0.00188371
-0.00629978
0.00355931
-0.00598822
0.00519824
-0.00557201
0.00677379
-0.00505559
0.00825952
-0.00444537
0.00962977
-0.00374972
0.0108601
-0.00297898
0.0119279
-0.00214539
0.0128129
-0.00126287
0.0134978
-0.000346769
0.0139685
0.000586585
0.0142153
0.00152031
0.0142327
0.00243751
0.0140198
0.00332173
0.0135807
0.00415751
0.0129236
0.00493071
0.0120608
0.00562886
0.0110083
0.00624129
0.0097848
0.00675929
0.00841187
0.00717609
0.00691282
0.00748679
0.0053125
0.00768834
0.00363671
0.00777941
0.00191175
0.00776025
0.000163969
0.00763266
-0.00158067
0.00739983
-0.00329708
0.00706627
-0.00496121
0.00663771
-0.00655028
0.00612093
-0.00804298
0.00552369
-0.0094196
0.00485457
-0.0106622
0.00412283
-0.0117546
0.00333835
-0.0126829
0.00251145
-0.013435
0.00165281
-0.0140011
0.000773374
-0.0143739
-0.0145485
-0.0011662
-0.0134908
-0.00218262
-0.0132795
-0.00317061
-0.0128842
-0.00411719
-0.0123103
-0.00500975
-0.0115653
-0.00583625
-0.0106591
-0.0065853
-0.00960349
-0.00724638
-0.0084123
-0.00780991
-0.00710112
-0.00826743
-0.00568726
-0.00861175
-0.0041896
-0.00883708
-0.00262845
-0.00893916
-0.00102543
-0.00891537
0.000596773
-0.00876484
0.00221453
-0.0084885
0.00380357
-0.0080892
0.0053394
-0.00757173
0.00679777
-0.00694292
0.00815508
-0.00621165
0.00938888
-0.00538879
0.0104782
-0.00448714
0.0114043
-0.00352128
0.0121506
-0.00250727
0.0127038
-0.00146238
0.0130535
-0.000404633
0.0131936
0.000647637
0.0131214
0.00167626
0.0128389
0.00266371
0.0123522
0.00359353
0.011671
0.0044507
0.0108089
0.00522193
0.00978229
0.00589586
0.00861022
0.00646316
0.0073138
0.0069166
0.00591576
0.007251
0.00443992
0.00746326
0.00291082
0.00755221
0.0013532
0.00751855
-0.00020844
0.00736476
-0.00175023
0.00709501
-0.00324937
0.00671505
-0.00468426
0.00623206
-0.00603474
0.00565454
-0.00728217
0.00499209
-0.00840957
0.00425534
-0.00940179
0.00345573
-0.0102456
0.0026054
-0.0109296
0.00171701
-0.0114447
0.000803644
-0.0117839
-0.000121391
-0.0119426
-0.00104466
-0.0119186
-0.00195275
-0.0117122
-0.0028324
-0.0113262
-0.00367063
-0.010766
-0.0044549
-0.010039
-0.00517323
-0.00915517
-0.0058144
-0.00812616
-0.00636803
-0.00696579
-0.00682478
-0.00568971
-0.00717651
-0.00431534
-0.00741639
-0.00286172
-0.00753907
-0.00134941
-0.00754082
0.000199695
-0.00741961
0.0017625
-0.00717522
0.00331491
-0.0068093
0.00483233
-0.00632552
0.00629001
-0.00572958
0.00766358
-0.00502925
0.00892944
-0.00423441
0.0100653
-0.00335695
0.0110505
-0.00241061
0.0118666
-0.00141083
0.012498
-0.000374381
0.0129321
0.000681012
0.0131599
0.00173709
0.0131766
0.00277555
0.0129814
0.00377854
0.0125777
0.00472906
0.0119731
0.00561142
0.0111785
0.00641149
0.0102082
0.00711697
0.00907933
0.00771749
0.00781135
0.00820471
0.00642559
0.00857235
0.00494486
0.00881612
0.00339294
0.00893367
0.00179419
0.00892456
0.000173087
0.0087901
-0.00144622
0.00853335
-0.00304033
0.00815897
-0.00458683
0.00767314
-0.00606445
0.00708338
-0.00745322
0.00639845
-0.00873468
0.0056282
-0.00989193
0.0047834
-0.0109098
0.0038756
-0.0117751
0.00291701
-0.0124764
0.00192035
-0.0130045
0.000898703
-0.0133523
-0.0135152
-0.00131587
-0.0123269
-0.00246227
-0.0121331
-0.00357586
-0.0117706
-0.00464171
-0.0112444
-0.00564539
-0.0105616
-0.00657317
-0.00973131
-0.00741218
-0.00876449
-0.00815055
-0.00767393
-0.00877762
-0.00647404
-0.0092841
-0.00518078
-0.00966217
-0.00381153
-0.0099057
-0.00238493
-0.0100103
-0.00092078
-0.0099737
0.000560126
-0.00979533
0.00203617
-0.0094769
0.00348514
-0.00902217
0.00488467
-0.00843708
0.00621268
-0.00772978
0.00744778
-0.00691054
0.00856963
-0.00599172
0.00955943
-0.00498765
0.0104002
-0.00391439
0.0110774
-0.00278949
0.0115788
-0.00163161
0.0118957
-0.000460167
0.0120221
0.000705142
0.0119561
0.0018448
0.0116993
0.00293992
0.011257
0.00397266
0.0106383
0.0049266
0.00985495
0.00578705
0.00892183
0.00654127
0.007856
0.0071786
0.00667647
0.0076906
0.00540375
0.00807106
0.00405946
0.00831599
0.0026659
0.00842355
0.00124563
0.00839406
-0.000178952
0.00822984
-0.00158601
0.00793517
-0.00295469
0.00751615
-0.00426525
0.00698059
-0.00549918
0.00633783
-0.0066394
0.00559855
-0.0076703
0.00477466
-0.0085779
0.00387905
-0.00934995
0.00292549
-0.00997601
0.0019284
-0.0104476
0.000902688
-0.0107582
-0.000136389
-0.0109036
-0.00117344
-0.0108815
-0.0021931
-0.0106925
-0.0031802
-0.0103391
-0.00411992
-0.00982623
-0.00499801
-0.00916095
-0.00580091
-0.00835227
-0.00651597
-0.0074111
-0.00713161
-0.00635016
-0.00763746
-0.00518386
-0.00802459
-0.00392822
-0.00828561
-0.00260069
-0.0084149
-0.00122012
-0.00840866
0.000193459
-0.0082651
0.00161893
-0.00798446
0.00303427
-0.00756912
0.00441699
-0.00702366
0.00574454
-0.00635487
0.00699479
-0.00557179
0.00814637
-0.00468562
0.00917911
-0.00370964
0.0100745
-0.00265901
0.010816
-0.00155055
0.0113895
-0.000402407
0.0117839
0.000766323
0.0119912
0.00193604
0.0120069
0.00308707
0.0118303
0.00420018
0.0114646
0.00525694
0.0109163
0.00624017
0.0101952
0.00713425
0.0093141
0.00792535
0.00828822
0.00860165
0.00713505
0.00915341
0.00587383
0.00957309
0.00452519
0.00985529
0.00311073
0.00999682
0.00165267
0.00999655
0.000173353
0.00985544
-0.0013051
0.0095764
-0.00276129
0.00916426
-0.00417469
0.00862559
-0.00552578
0.0079686
-0.00679623
0.00720297
-0.00796905
0.00633969
-0.00902865
0.00539088
-0.00996104
0.00436967
-0.0107539
0.00328998
-0.0113967
0.0021664
-0.0118809
0.00101396
-0.0121999
-0.0123492
-0.00145121
-0.0110433
-0.00271513
-0.0108692
-0.00394229
-0.0105434
-0.00511599
-0.0100707
-0.00622015
-0.00945745
-0.00723954
-0.00871192
-0.00815993
-0.0078441
-0.0089683
-0.00686557
-0.00965299
-0.00578934
-0.0102039
-0.00462983
-0.0106128
-0.00340267
-0.0108731
-0.00212461
-0.0109805
-0.000813432
-0.0109326
0.00051224
-0.0107294
0.00183302
-0.0103733
0.00312898
-0.00986869
0.00438009
-0.00922263
0.00556662
-0.00844435
0.0066695
-0.00754539
0.00767068
-0.00653946
0.00855349
-0.00544221
0.00930299
-0.0042711
0.00990625
-0.00304501
0.0103528
-0.00178396
0.0106346
-0.000508674
0.0107468
0.000759862
0.0106876
0.00200083
0.0104583
0.00319406
0.0100638
0.00432041
0.00951191
0.00536219
0.00881317
0.00630342
0.0079806
0.00713012
0.0070293
0.0078305
0.00597609
0.00839505
0.00483921
0.00881662
0.00363789
0.00909049
0.00239203
0.00921429
0.00112183
0.00918799
-0.000152644
0.00901379
-0.00141181
0.00869609
-0.002637
0.00824136
-0.00381051
0.00765794
-0.00491577
0.00695595
-0.00593741
0.00614704
-0.00686139
0.00524425
-0.00767511
0.00426179
-0.00836749
0.00321487
-0.00892909
0.00211948
-0.00935221
0.000992216
-0.00963096
-0.000149953
-0.0097614
-0.00128987
-0.00974163
-0.00241039
-0.00957197
-0.00349464
-0.00925484
-0.00452616
-0.00879471
-0.00548914
-0.00819797
-0.00636863
-0.00747278
-0.00715069
-0.00662903
-0.00782265
-0.0056782
-0.00837324
-0.00463328
-0.00879279
-0.00350866
-0.00907344
-0.00232005
-0.00920925
-0.00108431
-0.00919639
0.000180596
-0.00903321
0.00145576
-0.00872037
0.00272143
-0.00826084
0.00395746
-0.00765999
0.00514369
-0.00692558
0.00626038
-0.00606772
0.00728851
-0.00509881
0.00821019
-0.00403335
0.00900902
-0.00288781
0.00967041
-0.00168028
0.010182
-0.000430199
0.0105339
0.000842043
0.010719
0.00211555
0.0107334
0.00336936
0.0105765
0.0045829
0.0102511
0.00573642
0.00976278
0.00681137
0.00912027
0.00779076
0.00833471
0.00865941
0.00741958
0.00940417
0.00639028
0.0100141
0.0052639
0.0104805
0.00405875
0.0107972
0.00279412
0.01096
0.00148986
0.0109673
0.000166008
0.0108198
-0.0011576
0.0105203
-0.00246179
0.0100737
-0.00372813
0.0094871
-0.00493913
0.00876918
-0.00607831
0.00793048
-0.00713035
0.00698302
-0.00808119
0.00594016
-0.00891817
0.00481639
-0.00963014
0.00362721
-0.0102075
0.00238886
-0.0106425
0.00111816
-0.0109292
-0.0110634
-0.00157095
-0.00965392
-0.00293885
-0.00950127
-0.00426648
-0.00921581
-0.00553559
-0.0088016
-0.00672867
-0.00826436
-0.00782915
-0.00761144
-0.00882161
-0.00685164
-0.00969201
-0.00599517
-0.0104278
-0.00505351
-0.0110184
-0.00403931
-0.0114547
-0.00296629
-0.0117302
-0.00184912
-0.0118403
-0.000703337
-0.0117829
0.000454783
-0.0115581
0.00160829
-0.0111689
0.00273974
-0.0106204
0.00383162
-0.00992053
0.00486671
-0.00907943
0.0058284
-0.00810977
0.00670102
-0.00702639
0.00747012
-0.0058462
0.00812279
-0.00458783
0.00864789
-0.00327143
0.00903635
-0.00191821
0.0092814
-0.000550134
0.00937876
0.000810616
0.00932683
0.00214202
0.00912691
0.00342272
0.00878312
0.0046324
0.00830223
0.00575219
0.00769337
0.00676502
0.00696778
0.0076558
0.00613851
0.00841174
0.00522016
0.00902241
0.00422853
0.00947991
0.00318039
0.00977887
0.00209307
0.00991648
0.000984217
0.00989244
-0.000128606
0.00970891
-0.00122828
0.0093704
-0.00229849
0.00888369
-0.0033238
0.00825765
-0.00428972
0.00750304
-0.0051828
0.00663237
-0.00599073
0.00565969
-0.00670242
0.00460034
-0.00730814
0.00347081
-0.00779956
0.00228848
-0.00816987
0.00107139
-0.00841387
-0.000161955
-0.00852805
-0.00139284
-0.00851075
-0.00260258
-0.00836223
-0.00377277
-0.00808464
-0.00488552
-0.00768196
-0.00592367
-0.00715982
-0.00687101
-0.00652544
-0.00771252
-0.00578752
-0.00843455
-0.00495617
-0.00902502
-0.0040428
-0.00947366
-0.00306003
-0.00977212
-0.00202158
-0.00991422
-0.000942212
-0.00989605
0.000162417
-0.00971607
0.00127578
-0.00937524
0.0023806
-0.00887704
0.00345926
-0.00822751
0.00449416
-0.00743521
0.00546809
-0.00651121
0.0063645
-0.00546891
0.00716789
-0.00432394
0.00786404
-0.00309387
0.00844034
-0.00179798
0.00888609
-0.000456889
0.00919276
0.000907832
0.00935424
0.00227408
0.00936713
0.00361968
0.00923091
0.00492285
0.00894789
0.00616261
0.00852302
0.00731919
0.00796369
0.00837436
0.00727954
0.00931176
0.00648218
0.0101171
0.00558495
0.0107783
0.00460264
0.0112859
0.00355119
0.0116326
0.00244739
0.0118139
0.00130859
0.0118276
0.000152299
0.0116741
-0.0010041
0.0113562
-0.00214385
0.0108789
-0.00325087
0.0102496
-0.00430984
0.00947765
-0.00530634
0.00857421
-0.00622691
0.00755223
-0.00705921
0.00642612
-0.00779206
0.00521161
-0.00841563
0.00392555
-0.00892147
0.00258566
-0.00930264
0.00121035
-0.00955385
-0.00967153
-0.00167386
-0.00817355
-0.00313111
-0.00804402
-0.00454508
-0.00780184
-0.00589619
-0.00745048
-0.00716569
-0.00699486
-0.00833588
-0.00644125
-0.00939033
-0.00579719
-0.0103141
-0.00507138
-0.011094
-0.00427359
-0.0117188
-0.00341459
-0.012179
-0.00250602
-0.0124679
-0.0015603
-0.0125806
-0.00059056
-0.0125153
0.000389428
-0.0122723
0.00136532
-0.0118549
0.00232233
-0.0112689
0.00324562
-0.0105228
0.00412061
-0.00962766
0.00493328
-0.00859707
0.00567042
-0.00744684
0.0063199
-0.00619492
0.00687086
-0.00486101
0.00731399
-0.00346634
0.00764168
-0.00203321
0.00784828
-0.000584658
0.0079302
0.000856047
0.00788613
0.00226581
0.00771714
0.00362222
0.00742671
0.00490391
0.00702053
0.00609102
0.00650626
0.00716547
0.00589333
0.00811128
0.0051927
0.00891479
0.00441665
0.00956481
0.00357851
0.0100528
0.0026924
0.0103729
0.00177299
0.0105219
0.000835209
0.0104993
-0.000106051
0.0103073
-0.00103629
0.00995057
-0.00194172
0.00943607
-0.00280931
0.00877315
-0.0036268
0.00797316
-0.00438281
0.00704933
-0.00506689
0.00601653
-0.00566963
0.0048911
-0.00618272
0.00369061
-0.00659906
0.00243359
-0.00691286
0.00113937
-0.00711964
-0.000172266
-0.00721642
-0.00148126
-0.00720175
-0.00276762
-0.00707587
-0.00401163
-0.00684063
-0.00519417
-0.00649942
-0.00629693
-0.00605706
-0.00730265
-0.00551972
-0.00819536
-0.00489481
-0.0089606
-0.00419094
-0.00958561
-0.00341779
-0.0100596
-0.00258608
-0.0103737
-0.00170741
-0.0105217
-0.000794262
-0.0104994
0.000140138
-0.0103054
0.00108182
-0.00994099
0.00201615
-0.00940993
0.00292819
-0.00871882
0.00380306
-0.00787693
0.00462619
-0.00689608
0.00538366
-0.00579057
0.00606239
-0.00457696
0.00665043
-0.00327381
0.00713719
-0.00190142
0.0075137
-0.000481447
0.00777279
0.000963467
0.00790933
0.00241015
0.00792045
0.00383533
0.00780573
0.00521616
0.00756707
0.00653056
0.00720862
0.00775768
0.00673657
0.00887825
0.00615897
0.00987486
0.00548557
0.0107323
0.00472756
0.0114375
0.00389739
0.0119802
0.00300849
0.0123525
0.00207506
0.0125494
0.00111176
0.0125682
0.000133454
0.0124092
-0.000845126
0.0120752
-0.0018098
0.0115713
-0.00274698
0.0109052
-0.00364372
0.0100866
-0.00448778
0.00912748
-0.00526775
0.0080414
-0.00597313
0.00684373
-0.00659439
0.00555124
-0.00712314
0.00418192
-0.00755216
0.00275478
-0.0078755
0.00128956
-0.00808863
-0.00818849
-0.00175873
-0.00661815
-0.00328966
-0.00651309
-0.00477483
-0.00631668
-0.00619356
-0.00603175
-0.00752608
-0.00566234
-0.00875376
-0.00521357
-0.00985936
-0.00469159
-0.0108272
-0.00410349
-0.0116436
-0.00345723
-0.0122967
-0.00276154
-0.0127768
-0.00202586
-0.0130769
-0.00126024
-0.0131921
-0.000475311
-0.0131205
0.000317829
-0.0128628
0.00110756
-0.0124223
0.0018819
-0.0118055
0.0026288
-0.0110214
0.00333647
-0.0100817
0.00399357
-0.00900069
0.00458945
-0.00779511
0.00511432
-0.00648372
0.00555946
-0.00508712
0.00591739
-0.00362743
0.006182
-0.0021279
0.00634874
-0.000612457
0.00641476
0.000894683
0.00637899
0.00236952
0.0062423
0.00378873
0.0060075
0.0051301
0.00567917
0.00637289
0.00526347
0.00749822
0.00476799
0.00848936
0.00420156
0.00933194
0.00357408
0.0100142
0.00289628
0.010527
0.00217958
0.0108641
0.00143585
0.0110222
0.000677183
0.0110005
-8.43459e-05
0.0108011
-0.000836981
0.010429
-0.0015696
0.00989141
-0.00227168
0.00919794
-0.00293333
0.00836044
-0.00354532
0.00739273
-0.00409918
0.00631038
-0.00458728
0.00513052
-0.00500285
0.00387157
-0.00534012
0.00255307
-0.00559435
0.00119533
-0.0057619
-0.000180761
-0.00584033
-0.00155407
-0.00582844
-0.00290351
-0.00572644
-0.00420831
-0.00553583
-0.00544833
-0.0052594
-0.00660433
-0.00490107
-0.00765818
-0.00446587
-0.00859315
-0.00395984
-0.00939411
-0.00338998
-0.0100478
-0.00276414
-0.0105428
-0.00209101
-0.0108702
-0.00137999
-0.0110234
-0.000641143
-0.0109981
0.000114854
-0.010793
0.000876716
-0.0104094
0.00163257
-0.0098515
0.00237031
-0.00912633
0.00307788
-0.00824366
0.00374352
-0.00721596
0.00435596
-0.00605823
0.00490466
-0.00478781
0.00538001
-0.00342409
0.00577347
-0.00198822
0.00607782
-0.000502733
0.0062873
0.00100882
0.00639778
0.00252235
0.00640693
0.00401366
0.00631441
0.00545898
0.00612175
0.00683531
0.00583229
0.00812091
0.00545097
0.00929561
0.00498427
0.0103412
0.00444002
0.0112415
0.00382724
0.0119829
0.00315594
0.0125544
0.00243697
0.0129477
0.00168182
0.0131571
0.000902356
0.0131799
0.000110644
0.0130161
-0.000681376
0.0126686
-0.00146224
0.0121426
-0.00222097
0.0114459
-0.0029471
0.0105889
-0.00363073
0.00958374
-0.0042626
0.00844479
-0.00483417
0.0071881
-0.0053377
0.0058313
-0.00576634
0.00439334
-0.0061142
0.00289425
-0.00637641
0.00135489
-0.00654927
-0.00663026
-0.00182442
-0.00500469
-0.00341236
-0.00492514
-0.00495262
-0.00477643
-0.00642365
-0.00456072
-0.00780491
-0.00428108
-0.00907706
-0.00394143
-0.0102222
-0.00354644
-0.0112242
-0.00310149
-0.0120688
-0.00261264
-0.0127438
-0.00208649
-0.0132395
-0.0015302
-0.0135484
-0.000951354
-0.0136657
-0.000357965
-0.0135895
0.000241592
-0.0133205
0.000838546
-0.0128624
0.0014238
-0.0122218
0.00198825
-0.0114083
0.00252296
-0.0104341
0.00301936
-0.00931411
0.00346943
-0.00806559
0.00386579
-0.00670801
0.00420188
-0.00526269
0.00447207
-0.00375246
0.00467176
-0.00220127
0.00479756
-0.000633815
0.0048473
0.00092498
0.00482019
0.00245039
0.00471689
0.00391837
0.00453952
0.00530601
0.00429153
0.00659193
0.00397755
0.00775662
0.0036033
0.00878275
0.00317544
0.00965541
0.00270141
0.0103624
0.00218932
0.0108942
0.00164779
0.0112442
0.00108578
0.011409
0.000512456
0.0113877
-6.30383e-05
0.0111825
-0.000631803
0.0107983
-0.00118546
0.0102427
-0.00171608
0.00952558
-0.00221619
0.0086591
-0.00267884
0.00765752
-0.00309761
0.00653695
-0.0034667
0.0053151
-0.003781
0.00401109
-0.00403612
0.00264518
-0.00422844
0.00123848
-0.0043552
-0.000187315
-0.00441453
-0.00161022
-0.00440554
-0.00300829
-0.00432837
-0.00435995
-0.00418416
-0.0056443
-0.00397505
-0.00684135
-0.00370402
-0.00793234
-0.00337488
-0.00889994
-0.00299224
-0.00972852
-0.00256139
-0.0104044
-0.0020883
-0.0109159
-0.00157952
-0.0112537
-0.00104215
-0.0114111
-0.000483796
-0.0113837
8.75094e-05
-0.0111702
0.000663254
-0.0107721
0.00123445
-0.0101937
0.00179191
-0.00944238
0.00232654
-0.00852829
0.00282942
-0.0074644
0.00329207
-0.00626627
0.00370654
-0.00495184
0.00406557
-0.00354112
0.00436276
-0.00205594
0.00459264
-0.000519532
0.0047509
0.00104384
0.0048344
0.00260935
0.00484142
0.0041521
0.00477166
0.00564755
0.0046263
0.00707201
0.00440783
0.008403
0.00411997
0.00961968
0.00376759
0.0107031
0.00335658
0.0116367
0.00289371
0.012406
0.00238655
0.0129997
0.00184328
0.013409
0.00127257
0.0136279
0.000683422
0.0136536
8.49623e-05
0.013486
-0.000513754
0.0131278
-0.00110408
0.0125846
-0.00167773
0.0118643
-0.00222683
0.0109775
-0.00274388
0.00993672
-0.00322187
0.00875687
-0.00365433
0.00745454
-0.00403537
0.006048
-0.0043598
0.00455693
-0.00462313
0.00300217
-0.00482165
0.00140543
-0.00495253
-0.00501387
-0.00186981
-0.00335112
-0.00349715
-0.0032978
-0.00507544
-0.00319813
-0.00658258
-0.00305358
-0.00799747
-0.0028662
-0.00930026
-0.00263863
-0.0104727
-0.00237402
-0.0114982
-0.002076
-0.0123622
-0.0017486
-0.0130524
-0.00139628
-0.0135588
-0.00102383
-0.0138738
-0.000636312
-0.0139927
-0.000239089
-0.0139134
0.000162256
-0.0136367
0.000561854
-0.0131665
0.000953603
-0.0125096
0.00133138
-0.0116759
0.00168922
-0.0106779
0.00202138
-0.00953095
0.00232249
-0.00825279
0.00258763
-0.00686334
0.00281243
-0.00538438
0.00299311
-0.00383925
0.00312664
-0.00225242
0.00321073
-0.000649062
0.00324394
0.00094537
0.00322576
0.00250564
0.00315662
0.00400723
0.00303794
0.00542674
0.00287201
0.00674234
0.00266195
0.00793407
0.00241157
0.00898421
0.0021253
0.0098775
0.00180812
0.0106014
0.00146546
0.0111461
0.00110307
0.0115049
0.00072696
0.0116741
0.000343266
0.0116529
-4.18752e-05
0.0114436
-0.000422494
0.0110512
-0.000793003
0.0104832
-0.00114811
0.00974984
-0.00148284
0.00886352
-0.00179252
0.00783877
-0.00207286
0.00669205
-0.00231997
0.00544147
-0.00253043
0.00410662
-0.00270127
0.00270825
-0.00283007
0.00126802
-0.00291497
-0.000191809
-0.00295471
-0.00164867
-0.00294868
-0.00308004
-0.00289699
-0.00446379
-0.00280041
-0.00577847
-0.00266037
-0.00700361
-0.00247888
-0.00812
-0.0022585
-0.00910992
-0.00200232
-0.00995741
-0.0017139
-0.0106485
-0.00139723
-0.0111713
-0.00105671
-0.0115163
-0.000697095
-0.0116767
-0.000323441
-0.0116481
5.88812e-05
-0.011429
0.000444192
-0.011021
0.000826458
-0.0104286
0.00119953
-0.00965937
0.00155728
-0.00872373
0.00189378
-0.007635
0.00220334
-0.0064091
0.00248064
-0.00506437
0.00272084
-0.00362129
0.00291967
-0.00210212
0.00307348
-0.000530601
0.00317937
0.00106852
0.00323528
0.00266992
0.00324002
0.00424817
0.00319342
0.00577823
0.00309624
0.0072359
0.00295015
0.00859824
0.00275764
0.00984388
0.00252194
0.0109535
0.00224699
0.0119099
0.0019373
0.0126985
0.00159794
0.0133074
0.00123436
0.0137276
0.000852373
0.013953
0.000458009
0.0139806
5.73991e-05
0.0138102
-0.000343382
0.0134447
-0.000738556
0.0128896
-0.00112261
0.012153
-0.00149025
0.0112456
-0.00183649
0.0101804
-0.00215662
0.00897234
-0.0024463
0.00763854
-0.00270157
0.00619768
-0.00291895
0.00466995
-0.0030954
0.00307674
-0.00322844
0.00144036
-0.00331616
-0.00335727
-0.00189387
-0.00167629
-0.00354207
-0.0016496
-0.00514048
-0.00159972
-0.00666668
-0.00152737
-0.00809928
-0.0014336
-0.00941819
-0.00131973
-0.0106049
-0.00118733
-0.0116427
-0.00103822
-0.0125168
-0.000874439
-0.0132149
-0.000698204
-0.0137268
-0.000511911
-0.014045
-0.000318102
-0.0141647
-0.000119446
-0.0140837
8.12713e-05
-0.0138029
0.000281116
-0.0133264
0.000477028
-0.0126609
0.000665944
-0.0118166
0.000844869
-0.0108061
0.00101094
-0.00964513
0.00116148
-0.00835151
0.00129402
-0.00694546
0.00140638
-0.00544903
0.00149668
-0.00388579
0.00156341
-0.00228049
0.00160542
-0.000658548
0.001622
0.000954315
0.0016129
0.00253261
0.00157832
0.00405156
0.00151899
0.00548754
0.00143604
0.00681847
0.00133102
0.00802418
0.00120585
0.00908674
0.00106274
0.0099907
0.000904171
0.0107233
0.000732852
0.0112747
0.000551663
0.0116381
0.000363609
0.0118096
0.000171759
0.0117885
-2.08092e-05
0.0115771
-0.000211107
0.0111805
-0.000396348
0.0106062
-0.000573898
0.00986467
-0.000741264
0.00896827
-0.000896118
0.00793172
-0.00103631
0.00677164
-0.0011599
0.00550637
-0.00126515
0.0041557
-0.0013506
0.00274067
-0.00141503
0.0012832
-0.0014575
-0.000194127
-0.00147738
-0.00166845
-0.00147437
-0.00311693
-0.00144851
-0.00451715
-0.0014002
-0.00584737
-0.00133015
-0.00708687
-0.00123937
-0.00821622
-0.00112915
-0.00921751
-0.00100103
-0.0100746
-0.000856801
-0.0107734
-0.000698456
-0.0113019
-0.000528197
-0.0116506
-0.000348395
-0.0118125
-0.000161581
-0.0117831
2.95701e-05
-0.0115612
0.000222225
-0.0111481
0.00041336
-0.0105484
0.000599892
-0.00976993
0.000778763
-0.00882314
0.000946997
-0.00772156
0.00110175
-0.0064813
0.00124038
-0.00512092
0.00136047
-0.00366111
0.00145986
-0.00212439
0.00153675
-0.000534715
0.0015897
0.0010829
0.00161766
0.00270288
0.00162005
0.00429952
0.00159677
0.00584755
0.00154822
0.00732249
0.00147521
0.00870114
0.00137899
0.00996191
0.00126118
0.0110852
0.00112373
0.0120536
0.000968906
0.0128523
0.000799226
0.0134692
0.000617424
0.0138952
0.000426403
0.014124
0.00022918
0.0141526
2.88281e-05
0.0139808
-0.000171605
0.0136115
-0.000369238
0.0130502
-0.000561318
0.0123051
-0.000745209
0.0113871
-0.000918406
0.010309
-0.00107856
0.00908619
-0.00122349
0.00773584
-0.00135122
0.00627689
-0.00146
0.00472979
-0.0015483
0.00311624
-0.00161488
0.00145887
-0.00165879
-0.00167936
-0.00189552
-0.00354512
-0.00514484
-0.00667221
-0.00810581
-0.00942554
-0.0106129
-0.0116511
-0.0125255
-0.0132237
-0.0137356
-0.0140537
-0.0141732
-0.0140919
-0.0138108
-0.0133338
-0.0126678
-0.011823
-0.010812
-0.00965055
-0.00835653
-0.00695015
-0.00545347
-0.00389007
-0.00228465
-0.000662644
0.000950254
0.00252858
0.00404756
0.0054836
0.00681462
0.00802048
0.00908322
0.00998739
0.0107202
0.0112719
0.0116355
0.0118073
0.0117865
0.0115754
0.011179
0.0106051
0.00986384
0.00896773
0.00793141
0.00677152
0.00550636
0.00415576
0.00274073
0.00128323
-0.000194148
-0.00166851
-0.00311702
-0.00451722
-0.00584737
-0.00708674
-0.00821588
-0.00921692
-0.0100737
-0.0107722
-0.0113004
-0.0116488
-0.0118103
-0.0117808
-0.0115585
-0.0111452
-0.0105453
-0.00976654
-0.00881954
-0.00771778
-0.0064774
-0.00511694
-0.00365707
-0.00212032
-0.000530621
0.00108704
0.00270709
0.00430386
0.00585207
0.00732728
0.00870628
0.00996746
0.0110912
0.0120601
0.0128593
0.0134767
0.0139031
0.0141323
0.0141612
0.0139895
0.0136203
0.013059
0.0123138
0.0113954
0.0103168
0.00909333
0.00774211
0.00628211
0.00473381
0.00311892
0.00146013
)
;

boundaryField
{
    top
    {
        type            calculated;
        value           nonuniform List<scalar> 
102
(
0
0
0
0
0
0
0
5.42101e-20
0
0
0
0
0
0
0
0
0
0
0
0
0
0
0
0
0
0
0
0
0
0
0
0
0
0
0
0
0
0
0
0
0
0
0
0
-5.42101e-20
0
0
0
0
0
0
0
0
0
0
0
0
-5.42101e-20
-5.42101e-20
0
0
0
0
0
0
0
0
0
0
0
0
0
0
0
0
0
0
0
0
0
0
0
0
0
0
0
0
0
0
0
0
0
0
0
0
0
0
0
0
0
0
0
)
;
    }
    bottom
    {
        type            calculated;
        value           uniform 0;
    }
    frontAndBack
    {
        type            empty;
        value           nonuniform 0();
    }
    left_cyc
    {
        type            cyclic;
        value           nonuniform List<scalar> 
30
(
-0.000132139
-0.000255015
-0.000276497
-0.000258963
-0.000240991
-0.000220955
-0.000198506
-0.000174486
-0.000149429
-0.000123773
-9.78479e-05
-7.19115e-05
-4.61704e-05
-2.07956e-05
4.06167e-06
2.82619e-05
5.16712e-05
7.41537e-05
9.55689e-05
0.000115774
0.000134622
0.000151966
0.000167657
0.000181545
0.000193485
0.000203337
0.000210963
0.000216236
0.000219033
0.000219231
)
;
    }
    right_cyc
    {
        type            cyclic;
        value           nonuniform List<scalar> 
30
(
0.000132139
0.000255015
0.000276497
0.000258963
0.000240991
0.000220955
0.000198506
0.000174486
0.000149429
0.000123773
9.78479e-05
7.19115e-05
4.61704e-05
2.07956e-05
-4.06167e-06
-2.82619e-05
-5.16712e-05
-7.41537e-05
-9.55689e-05
-0.000115774
-0.000134622
-0.000151966
-0.000167657
-0.000181545
-0.000193485
-0.000203337
-0.000210963
-0.000216236
-0.000219033
-0.000219231
)
;
    }
}


// ************************************************************************* //
