/*--------------------------------*- C++ -*----------------------------------*\
| =========                 |                                                 |
| \\      /  F ield         | OpenFOAM: The Open Source CFD Toolbox           |
|  \\    /   O peration     | Version:  2.3.0                                 |
|   \\  /    A nd           | Web:      www.OpenFOAM.org                      |
|    \\/     M anipulation  |                                                 |
\*---------------------------------------------------------------------------*/
FoamFile
{
    version     2.0;
    format      ascii;
    class       volScalarField;
    location    "16000";
    object      p_rgh;
}
// * * * * * * * * * * * * * * * * * * * * * * * * * * * * * * * * * * * * * //

dimensions      [0 2 -2 0 0 0 0];

internalField   nonuniform List<scalar> 
3060
(
-38.8563
-42.0831
-48.1142
-56.888
-68.3358
-82.3971
-99.027
-118.184
-139.801
-163.744
-189.79
-217.604
-246.715
-276.486
-306.061
-334.395
-360.425
-383.251
-402.143
-416.732
-427.264
-434.282
-438.59
-441.015
-442.199
-442.515
-442.075
-440.735
-438.084
-433.45
-425.996
-414.935
-399.762
-380.291
-356.966
-330.54
-301.946
-272.271
-242.548
-213.608
-186.066
-160.374
-136.852
-115.712
-97.0735
-80.9995
-67.5306
-56.7143
-48.6127
-43.2924
-40.8094
-41.1946
-44.4425
-50.5147
-59.3507
-70.8838
-85.0553
-101.821
-121.139
-142.933
-167.062
-193.286
-221.254
-250.472
-280.273
-309.764
-337.878
-363.555
-385.914
-404.251
-418.285
-428.315
-434.93
-438.953
-441.197
-442.268
-442.501
-441.973
-440.504
-437.647
-432.696
-424.809
-413.229
-397.49
-377.482
-353.718
-326.973
-298.196
-268.469
-238.801
-209.983
-182.604
-157.094
-133.758
-112.792
-94.3089
-78.3652
-65.001
-54.265
-46.2213
-40.9383
-38.4729
-66.7949
-69.4489
-74.4428
-81.7883
-91.5087
-103.632
-118.173
-135.105
-154.332
-175.678
-198.879
-223.553
-249.168
-275.022
-300.417
-325.057
-348.784
-370.716
-389.388
-403.899
-414.586
-422.068
-427.056
-430.168
-431.846
-432.329
-431.68
-429.817
-426.473
-421.181
-413.305
-402.134
-387.063
-367.87
-345.609
-321.722
-296.975
-271.49
-245.645
-220.161
-195.726
-172.85
-151.898
-133.122
-116.687
-102.674
-91.0994
-81.9444
-75.1792
-70.7808
-68.7397
-69.0559
-71.7289
-76.7602
-84.1636
-93.9644
-106.192
-120.859
-137.933
-157.312
-178.809
-202.144
-226.918
-252.573
-278.387
-303.682
-328.222
-351.787
-373.374
-391.515
-405.484
-415.706
-422.822
-427.534
-430.444
-431.963
-432.306
-431.515
-429.484
-425.921
-420.33
-412.06
-400.402
-384.771
-365.086
-342.537
-318.518
-293.671
-268.096
-242.232
-216.807
-192.483
-169.749
-148.949
-130.325
-114.03
-100.138
-88.662
-79.5824
-72.8706
-68.5059
-66.4804
-81.4254
-84.2912
-89.6451
-97.431
-107.563
-119.909
-134.286
-150.46
-168.178
-187.203
-207.331
-228.401
-250.301
-272.977
-296.35
-319.753
-341.738
-361.106
-377.936
-392.502
-404.021
-412.021
-417.344
-420.779
-422.717
-423.297
-422.531
-420.398
-416.735
-411.104
-402.677
-390.689
-375.801
-358.667
-338.941
-316.696
-293.262
-270.005
-247.482
-225.752
-204.875
-184.972
-166.216
-148.821
-133.033
-119.108
-107.27
-97.6965
-90.5085
-85.7855
-83.5793
-83.922
-86.8072
-92.1971
-100.034
-110.229
-122.646
-137.095
-153.339
-171.123
-190.205
-210.384
-231.499
-253.443
-276.167
-299.561
-322.844
-344.504
-363.49
-380.014
-394.238
-405.261
-412.845
-417.882
-421.106
-422.864
-423.269
-422.329
-420.011
-416.123
-410.172
-401.291
-388.837
-373.634
-356.176
-336.062
-313.537
-290.034
-266.817
-244.341
-222.656
-201.825
-181.976
-163.28
-145.952
-130.236
-116.383
-104.616
-95.1038
-87.9645
-83.2745
-81.0844
-61.7756
-64.7879
-70.3925
-78.5002
-88.9864
-101.684
-116.378
-132.818
-150.738
-169.887
-190.063
-211.121
-232.969
-255.531
-278.569
-301.284
-322.614
-342.253
-360.314
-375.637
-387.923
-397.618
-404.148
-408.321
-410.736
-411.484
-410.512
-407.876
-403.441
-396.528
-386.458
-373.835
-358.106
-339.817
-319.994
-298.457
-275.661
-252.691
-230.259
-208.569
-187.692
-167.728
-148.836
-131.23
-115.169
-100.921
-88.7342
-78.8148
-71.3227
-66.3752
-64.0552
-64.4164
-67.4476
-73.0869
-81.2431
-91.7882
-104.55
-119.31
-135.812
-153.787
-172.985
-193.206
-214.308
-236.202
-258.805
-281.83
-304.396
-325.47
-344.885
-362.635
-377.492
-389.422
-398.687
-404.829
-408.743
-410.934
-411.448
-410.246
-407.383
-402.664
-395.32
-384.864
-371.849
-355.668
-337.121
-317.056
-295.274
-272.36
-249.411
-227.026
-205.383
-184.551
-164.633
-145.792
-128.244
-112.246
-98.065
-85.9428
-76.0812
-68.6356
-63.7202
-61.4159
-31.209
-34.2397
-39.8664
-47.9896
-58.4805
-71.1798
-85.8999
-102.433
-120.56
-140.07
-160.762
-182.447
-204.926
-227.96
-251.191
-274.089
-296.165
-317.456
-337.783
-355.446
-369.549
-380.344
-388.149
-393.481
-396.656
-397.664
-396.369
-392.928
-387.302
-379.163
-367.963
-353.438
-335.349
-314.836
-293.457
-271.262
-248.291
-225.072
-202.125
-179.785
-158.285
-137.824
-118.595
-100.802
-84.6632
-70.3971
-58.2105
-48.2868
-40.7798
-35.8125
-33.4782
-33.8422
-36.8902
-42.5489
-50.7174
-61.2644
-74.0279
-88.8174
-105.422
-123.621
-143.2
-163.959
-185.704
-208.232
-231.291
-254.501
-277.306
-299.263
-320.456
-340.528
-357.68
-371.29
-381.612
-389.043
-394.051
-396.931
-397.615
-396.005
-392.27
-386.305
-377.767
-366.088
-351.053
-332.493
-311.799
-290.321
-268.005
-244.96
-221.735
-198.82
-176.533
-155.096
-134.702
-115.544
-97.8232
-81.7563
-67.5594
-55.4363
-45.5673
-38.1036
-33.1659
-30.8463
0.862315
-2.28187
-8.10392
-16.4852
-27.2776
-40.3066
-55.376
-72.2763
-90.7953
-110.729
-131.884
-154.082
-177.136
-200.829
-224.867
-248.877
-272.326
-294.762
-315.713
-334.698
-350.853
-362.863
-371.213
-376.849
-380.569
-381.854
-380.226
-376.266
-370.36
-361.627
-349.105
-332.496
-313.232
-292.043
-269.441
-245.882
-221.84
-197.842
-174.247
-151.337
-129.328
-108.405
-88.7541
-70.5721
-54.068
-39.4563
-26.9462
-16.7313
-8.98168
-3.83951
-1.41693
-1.79536
-4.95653
-10.8102
-19.2362
-30.0845
-43.1781
-58.3185
-75.2939
-93.8903
-113.902
-135.135
-157.406
-180.524
-204.264
-228.316
-252.28
-275.621
-297.894
-318.604
-337.286
-352.887
-364.291
-372.18
-377.505
-380.924
-381.791
-379.77
-375.535
-369.271
-360.043
-346.896
-329.805
-310.263
-288.855
-266.108
-242.461
-218.401
-194.413
-170.866
-148.023
-126.088
-105.242
-85.6699
-67.5653
-51.1362
-36.595
-24.1487
-13.9881
-6.28138
-1.16862
1.23944
33.7893
30.492
24.4021
15.6604
4.43797
-9.06973
-24.6514
-42.0895
-61.1706
-81.6936
-103.474
-126.342
-150.128
-174.646
-199.659
-224.914
-249.952
-274.278
-297.247
-317.987
-335.385
-348.111
-356.122
-361.062
-364.121
-365.292
-363.839
-360.602
-355.39
-346.887
-333.528
-315.613
-294.519
-271.31
-246.844
-221.736
-196.479
-171.53
-147.118
-123.478
-100.796
-79.246
-59.0029
-40.2576
-23.2162
-8.09615
4.88395
15.5141
23.6028
28.9848
31.5266
31.129
27.8143
21.6919
12.9042
1.62401
-11.9514
-27.6086
-45.1284
-64.2957
-84.9082
-106.78
-129.738
-153.609
-178.2
-203.263
-228.521
-253.503
-277.7
-300.428
-320.793
-337.606
-349.6
-357.035
-361.626
-364.441
-365.23
-363.443
-359.951
-354.344
-345.194
-331.122
-312.683
-291.255
-267.839
-243.269
-218.124
-192.888
-167.988
-143.65
-120.095
-97.5039
-76.0446
-55.8906
-37.231
-20.2706
-5.22518
7.68847
18.2624
26.307
31.6588
34.1857
65.4356
61.9248
55.4574
46.2043
34.3708
20.1863
3.89228
-14.2705
-34.0742
-55.3132
-77.8091
-101.408
-125.972
-151.36
-177.406
-203.919
-230.469
-256.536
-281.436
-304.246
-323.75
-338.118
-346.088
-349.588
-351.179
-351.695
-351.075
-349.357
-345.497
-336.781
-321.642
-301.615
-278.457
-253.336
-227.149
-200.554
-174.064
-148.1
-122.823
-98.4007
-74.9787
-52.7014
-31.7304
-12.2529
5.51795
21.3485
34.995
46.2161
54.7859
60.5058
63.2136
62.7895
59.2604
52.7587
43.457
31.5622
17.3057
0.930636
-17.3207
-37.2194
-58.5591
-81.1601
-104.867
-129.538
-155.027
-181.16
-207.717
-234.252
-260.223
-284.911
-307.359
-326.274
-339.746
-346.878
-349.951
-351.337
-351.663
-350.861
-348.907
-344.51
-334.883
-318.925
-298.38
-274.905
-249.608
-223.35
-196.758
-170.323
-144.45
-119.274
-94.9594
-71.6444
-49.4711
-28.5997
-9.21613
8.46719
24.2179
37.7938
48.9553
57.4785
63.1665
65.8584
95.0872
91.2885
84.3086
74.3587
61.6918
46.5876
29.3352
10.2152
-10.5157
-32.6371
-55.9707
-80.3803
-105.763
-132.034
-159.104
-186.817
-214.778
-242.465
-269.17
-293.94
-315.542
-332.284
-342.199
-345.749
-346.359
-346.4
-346.386
-345.623
-341.469
-330.64
-313.159
-291.055
-265.951
-239.042
-211.253
-183.268
-155.594
-128.616
-102.452
-77.1975
-52.9447
-29.8063
-7.93053
12.4926
31.2313
48.0203
62.5735
74.6008
83.826
90.004
92.9353
92.4758
88.6573
81.6405
71.6381
58.9052
43.7234
26.3835
7.16757
-13.6671
-35.8996
-59.3515
-83.8857
-109.397
-135.797
-162.988
-190.783
-218.768
-246.393
-272.915
-297.342
-318.387
-334.269
-343.133
-346.01
-346.404
-346.391
-346.303
-345.23
-340.258
-328.383
-310.132
-287.536
-262.136
-235.08
-207.255
-179.309
-151.727
-124.875
-98.8402
-73.7132
-49.5832
-26.5614
-4.79512
15.5257
34.1697
50.8726
65.3498
77.3129
86.4877
92.6312
95.5453
122.643
118.466
110.809
99.936
86.1635
69.8408
51.3248
30.9554
9.03466
-14.1887
-38.5286
-63.8623
-90.1232
-117.284
-145.332
-174.134
-203.342
-232.461
-260.792
-287.383
-311.009
-330.14
-343.01
-349.011
-350.574
-350.758
-350.552
-348.665
-341.896
-328.158
-308.352
-284.251
-257.347
-228.832
-199.628
-170.409
-141.651
-113.69
-86.6206
-60.4612
-35.2504
-11.0694
11.9429
33.5834
53.5879
71.6416
87.3962
100.493
110.585
117.368
120.592
120.087
115.888
108.191
97.2603
83.4158
67.0089
48.3983
27.9252
5.89227
-17.4519
-41.9218
-67.3951
-93.8041
-121.118
-149.318
-178.236
-207.503
-236.595
-264.776
-291.054
-314.16
-332.513
-344.37
-349.5
-350.673
-350.743
-350.384
-347.98
-340.248
-325.541
-305.032
-280.471
-253.301
-224.672
-195.466
-166.321
-137.688
-109.882
-82.9658
-56.9524
-31.8786
-7.82528
15.0682
36.5982
56.5005
74.461
90.133
103.159
113.197
119.941
123.147
148.447
143.788
135.266
123.207
108.012
90.1213
69.9804
48.0101
24.5771
-0.0265343
-25.5954
-52.0132
-79.2447
-107.317
-136.291
-166.05
-196.308
-226.616
-256.308
-284.463
-309.898
-331.201
-346.872
-356.06
-359.911
-360.786
-359.685
-355.33
-345.359
-328.906
-306.984
-281.106
-252.66
-222.802
-192.419
-162.152
-132.428
-103.523
-75.5102
-48.3385
-21.9951
3.46536
27.9044
51.0939
72.7206
92.4002
109.701
124.172
135.377
142.932
146.529
145.965
141.282
132.715
120.593
105.319
87.3357
67.0923
45.0105
21.4574
-3.27549
-28.9842
-55.5536
-82.949
-111.195
-140.344
-170.247
-200.594
-230.907
-260.482
-288.36
-313.319
-333.919
-348.678
-356.957
-360.206
-360.742
-359.258
-354.203
-343.288
-325.969
-303.406
-277.108
-248.432
-218.492
-188.139
-157.976
-128.404
-99.6758
-71.8351
-44.8241
-18.6292
6.69433
31.0064
54.0776
75.5942
95.1727
112.383
126.776
137.921
145.433
149.009
173.067
167.815
158.221
144.693
127.73
107.886
85.7194
61.7534
36.4386
10.1274
-16.942
-44.6488
-72.9812
-102.013
-131.862
-162.441
-193.536
-224.757
-255.487
-284.85
-311.717
-334.773
-352.674
-364.514
-370.606
-372.266
-370.157
-363.437
-350.834
-332.215
-308.585
-281.303
-251.669
-220.782
-189.486
-158.371
-127.803
-97.9831
-68.9648
-40.635
-12.9388
14.0865
40.2913
65.4076
89.0553
110.76
129.984
146.162
158.747
167.255
171.311
170.676
165.396
155.753
142.154
125.103
105.158
82.8805
58.7949
33.3526
6.90507
-20.3114
-48.1786
-76.6862
-105.907
-135.946
-166.688
-197.896
-229.149
-259.792
-288.911
-315.344
-337.757
-354.827
-365.775
-371.114
-372.188
-369.461
-361.937
-348.437
-329.03
-304.814
-277.151
-247.318
-216.378
-185.137
-154.15
-123.752
-94.1246
-65.291
-37.1321
-9.59254
17.2887
43.3594
68.3499
91.8793
113.475
132.599
148.691
161.207
169.669
173.701
197.128
191.169
180.297
165.008
145.924
123.732
99.1246
72.7488
45.1584
16.7825
-12.0928
-41.3284
-70.9249
-100.994
-131.675
-162.944
-194.664
-226.512
-257.925
-288.08
-315.91
-340.177
-359.627
-373.304
-381.009
-383.263
-380.389
-371.976
-357.55
-337.423
-312.614
-284.388
-253.971
-222.4
-190.466
-158.7
-127.399
-96.6832
-66.5696
-36.9033
-7.59965
21.309
49.647
77.0908
103.176
127.319
148.854
167.078
181.312
190.959
195.56
194.84
188.85
177.922
162.555
143.374
121.071
96.3428
69.8391
42.1141
13.5961
-15.4308
-44.8314
-74.6089
-104.876
-135.752
-167.195
-199.044
-230.943
-262.292
-292.231
-319.662
-343.334
-362.01
-374.813
-381.674
-383.159
-379.501
-370.225
-354.938
-334.079
-308.728
-280.154
-249.563
-217.961
-186.1
-154.477
-123.357
-92.8383
-62.9164
-33.4265
-4.28397
24.4757
52.6737
79.9844
105.943
129.967
151.392
169.52
183.678
193.272
197.847
221.214
214.44
202.091
184.767
163.226
138.309
110.862
81.6743
51.4185
20.6159
-10.3845
-41.4076
-72.4509
-103.648
-135.143
-166.993
-199.143
-231.345
-263.083
-293.594
-321.885
-346.789
-367.117
-381.874
-390.549
-393.168
-389.818
-380.386
-364.888
-343.907
-318.48
-289.804
-259.027
-227.117
-194.805
-162.569
-130.63
-99.0249
-67.7002
-36.4969
-5.313
25.8094
56.6506
86.8164
115.743
142.719
166.933
187.526
203.667
214.628
219.857
219.039
212.232
199.82
182.408
160.759
135.72
108.143
78.8185
48.4213
17.472
-13.6817
-44.8697
-76.0929
-107.485
-139.174
-171.203
-203.489
-235.753
-267.439
-297.755
-325.675
-350.023
-369.62
-383.518
-391.304
-393.048
-388.819
-378.498
-362.167
-340.499
-314.564
-285.566
-254.633
-222.703
-190.475
-158.387
-126.629
-95.2131
-64.0849
-33.0584
-2.0361
28.9347
59.6308
89.6564
118.447
145.293
169.387
189.874
205.929
216.83
222.03
245.821
238.137
224.135
204.535
180.245
152.276
121.642
89.2855
56.0124
22.4454
-10.9915
-44.0608
-76.7405
-109.163
-141.481
-173.833
-206.248
-238.575
-270.301
-300.739
-328.99
-353.978
-374.58
-389.801
-398.964
-401.777
-398.168
-388.223
-372.269
-351.032
-325.532
-296.894
-266.176
-234.245
-201.773
-169.218
-136.707
-104.193
-71.537
-38.5914
-5.25709
28.3987
62.0853
95.3274
127.45
157.605
184.818
208.061
226.334
238.765
244.696
243.769
236.047
221.975
202.276
177.868
149.765
118.99
86.4877
53.066
19.3476
-14.2409
-47.4705
-80.3224
-112.929
-145.432
-177.957
-210.507
-242.904
-274.576
-304.829
-332.732
-357.196
-377.106
-391.499
-399.762
-401.65
-397.119
-386.287
-369.536
-347.649
-321.672
-292.731
-261.865
-229.91
-197.529
-165.121
-132.784
-100.453
-67.979
-35.202
-2.0245
31.4787
65.0154
98.11
130.088
160.101
187.182
210.307
228.485
240.848
246.745
271.347
262.672
246.878
224.815
197.556
166.289
132.206
96.41
59.8429
23.2333
-12.9241
-48.2756
-82.7754
-116.53
-149.703
-182.507
-215.035
-247.182
-278.572
-308.597
-336.434
-361.095
-381.535
-396.779
-406.071
-408.949
-405.244
-395.161
-379.194
-358.131
-332.961
-304.728
-274.401
-242.773
-210.422
-177.685
-144.637
-111.168
-77.0607
-42.1791
-6.45207
30.0255
66.8349
103.429
139.019
172.61
203.062
229.167
249.749
263.776
270.471
269.426
260.708
244.836
222.663
195.274
163.862
129.626
93.6741
56.9511
20.1815
-16.1199
-51.6233
-86.2825
-120.202
-153.544
-186.505
-219.154
-251.359
-282.702
-312.552
-340.061
-364.23
-384.016
-398.468
-406.875
-408.82
-404.19
-393.243
-376.516
-354.84
-329.222
-300.704
-270.237
-238.59
-206.315
-173.71
-140.822
-107.519
-73.574
-38.8472
-3.26583
33.0576
69.7114
106.151
141.585
175.023
205.33
231.305
251.781
265.733
272.39
298.1
288.369
270.687
246.049
215.7
181.009
143.34
103.955
63.9376
24.1397
-14.834
-52.6117
-89.0671
-124.25
-158.342
-191.609
-224.2
-256.077
-286.961
-316.338
-343.482
-367.508
-387.455
-402.399
-411.565
-414.416
-410.73
-400.776
-385.12
-364.557
-340.021
-312.464
-282.753
-251.583
-219.436
-186.554
-152.948
-118.451
-82.7912
-45.8357
-7.57315
31.8165
71.8966
111.997
151.199
188.361
222.178
251.265
274.266
289.977
297.491
296.317
286.539
268.77
244.011
213.519
178.669
140.836
101.287
61.1085
21.1552
-17.9651
-55.8869
-92.4862
-127.811
-162.048
-195.451
-228.145
-260.065
-290.899
-320.107
-346.943
-370.506
-389.838
-404.033
-412.349
-414.29
-409.705
-398.923
-382.55
-361.412
-336.455
-308.627
-278.78
-247.586
-215.499
-182.729
-149.261
-114.909
-79.3882
-42.5731
-4.45228
34.7888
74.7136
114.653
153.689
190.686
224.345
253.289
276.172
291.801
299.272
326.343
315.535
295.958
268.76
235.359
197.293
156.084
113.139
69.6671
26.6334
-15.2604
-55.5713
-94.0943
-130.806
-165.91
-199.707
-232.393
-263.986
-294.293
-322.898
-349.182
-372.369
-391.603
-406.031
-414.905
-417.67
-414.077
-404.426
-389.297
-369.452
-345.744
-319.023
-290.042
-259.391
-227.453
-194.389
-160.15
-124.528
-87.2153
-48.0771
-7.178
35.2201
78.6069
122.209
164.989
205.673
242.808
274.844
300.252
317.662
326.013
324.706
313.847
294.175
266.846
233.29
195.053
153.668
110.548
66.909
23.7186
-18.3203
-58.7667
-97.4166
-134.245
-169.469
-203.377
-236.142
-267.759
-298.008
-326.447
-352.437
-375.192
-393.853
-407.579
-415.651
-417.548
-413.102
-402.672
-386.873
-366.491
-342.388
-315.408
-286.291
-255.604
-223.706
-190.729
-156.604
-121.102
-83.9037
-44.89
-4.12525
38.127
81.3558
124.789
167.393
207.899
244.862
276.744
302.024
319.343
327.647
356.302
344.47
323.104
293.508
257.258
216.04
171.513
125.203
78.4274
32.2503
-12.5349
-55.399
-96.0483
-134.373
-170.596
-205.034
-237.907
-269.283
-299.041
-326.858
-352.226
-374.487
-392.895
-406.688
-415.176
-417.82
-414.363
-405.112
-390.627
-371.607
-348.81
-322.972
-294.729
-264.561
-232.76
-199.415
-164.434
-127.582
-88.539
-47.1694
-3.62675
41.7369
88.323
135.263
181.417
225.4
265.632
300.423
328.091
347.107
356.258
354.822
342.934
321.466
291.73
255.313
213.911
169.196
122.701
75.7502
29.4126
-15.5168
-58.5083
-99.2683
-137.685
-174.002
-208.523
-241.45
-272.829
-302.517
-330.168
-355.256
-377.113
-394.988
-408.132
-415.874
-417.706
-413.451
-403.477
-388.371
-368.852
-345.684
-319.597
-291.214
-260.996
-229.211
-195.928
-161.033
-124.275
-85.3231
-44.0631
-0.647914
44.5703
90.9934
137.756
183.722
227.514
267.562
302.186
329.717
348.634
357.735
388.147
375.413
352.489
320.82
282.115
238.178
190.77
141.506
91.7842
42.747
-4.73071
-50.0323
-92.7702
-132.738
-170.169
-205.37
-238.566
-269.854
-299.173
-326.286
-350.788
-372.139
-389.708
-402.836
-410.907
-413.416
-410.109
-401.29
-387.476
-369.287
-347.379
-322.368
-294.774
-264.974
-233.177
-199.418
-163.577
-125.416
-84.6281
-41.0829
4.96758
53.0772
102.56
152.465
201.574
248.415
291.317
328.484
358.109
378.526
388.384
386.833
374.041
351.009
319.192
280.309
236.177
188.568
139.108
89.202
39.9983
-7.62443
-53.048
-95.8835
-135.921
-173.423
-208.681
-241.905
-273.175
-302.41
-329.353
-353.587
-374.559
-391.637
-404.168
-411.551
-413.31
-409.267
-399.782
-385.397
-366.747
-344.489
-319.235
-291.495
-261.628
-229.825
-196.101
-160.321
-122.23
-81.5117
-38.064
7.86315
55.8249
105.138
154.855
203.763
250.402
293.108
330.098
359.577
379.89
389.694
421.99
408.555
384.44
351.204
310.654
264.67
215.074
163.527
111.474
60.1067
10.3632
-37.0639
-81.6961
-123.226
-161.884
-197.934
-231.584
-262.94
-291.98
-318.539
-342.306
-362.85
-379.651
-392.154
-399.823
-402.201
-399.038
-390.629
-377.44
-360.007
-338.879
-314.56
-287.461
-257.868
-225.924
-191.628
-154.854
-115.385
-72.9564
-27.457
20.7619
71.1646
122.991
175.23
226.611
275.619
320.531
359.485
390.593
412.086
422.496
420.855
407.359
383.132
349.741
309.005
262.816
213.008
161.254
109.007
57.4656
7.57339
-39.9738
-84.6951
-126.28
-164.989
-201.074
-234.728
-266.045
-294.987
-321.373
-344.881
-365.069
-381.416
-393.372
-400.414
-402.103
-398.266
-389.249
-375.536
-357.675
-336.217
-311.66
-284.408
-254.732
-222.76
-188.475
-151.737
-112.32
-69.9457
-24.5366
23.5589
73.8085
125.456
177.495
228.665
277.459
322.164
360.934
391.89
413.274
423.628
457.902
444.048
419.251
385.147
343.594
296.5
245.694
192.838
139.378
86.5199
35.2332
-13.7349
-59.8303
-102.654
-142.404
-179.276
-213.433
-244.969
-273.882
-300.053
-323.249
-343.132
-359.285
-371.247
-378.564
-380.824
-377.786
-369.733
-357.078
-340.277
-319.778
-295.985
-269.217
-239.688
-207.495
-172.622
-134.963
-94.3487
-50.5841
-3.59659
46.1725
98.1155
151.422
205.052
257.726
307.926
353.928
393.858
425.795
447.911
458.654
456.957
443.042
418.13
383.867
342.123
294.817
243.791
190.718
137.054
84.0137
32.5726
-16.5172
-62.6991
-105.572
-145.361
-182.252
-216.396
-247.875
-276.677
-302.671
-325.616
-345.164
-360.897
-372.359
-379.104
-380.735
-377.08
-368.472
-355.338
-338.139
-317.327
-293.301
-266.373
-236.746
-204.506
-169.625
-131.986
-91.4097
-47.6925
-0.794664
48.8465
100.628
153.745
207.166
259.618
309.595
355.384
395.124
426.905
448.91
459.595
495.908
482.002
457.177
423.1
381.626
334.635
283.907
231.05
177.462
124.318
72.5798
23.0128
-23.7825
-67.338
-107.788
-145.234
-179.771
-211.457
-240.285
-266.162
-288.908
-308.257
-323.875
-335.388
-342.408
-344.566
-341.63
-333.873
-321.66
-305.373
-285.378
-261.995
-235.474
-205.979
-173.585
-138.288
-100.023
-58.6919
-14.1973
33.473
83.8127
136.174
189.732
243.461
296.117
346.233
392.137
432.001
463.928
486.084
496.876
495.168
481.201
456.261
422.024
380.358
333.152
282.2
229.119
175.32
121.986
70.0866
20.3946
-26.487
-70.1016
-110.591
-148.047
-182.559
-214.177
-242.885
-268.583
-291.085
-310.118
-325.349
-336.403
-342.901
-344.484
-340.986
-332.722
-320.068
-303.412
-283.119
-259.508
-232.823
-203.22
-170.766
-135.448
-97.1928
-55.8963
-11.4513
36.1229
86.3259
138.515
191.874
245.385
297.813
347.701
393.389
433.062
464.832
486.877
497.613
535.999
522.486
498.424
465.456
425.377
379.974
330.922
279.719
227.663
175.848
125.178
76.3933
30.0932
-13.2275
-53.6014
-91.0185
-125.49
-157.017
-185.567
-211.05
-233.314
-252.14
-267.258
-278.356
-285.105
-287.171
-284.328
-276.84
-265.035
-249.235
-229.741
-206.813
-180.656
-151.41
-119.153
-83.9109
-45.6803
-4.45355
39.7516
86.8645
136.357
187.587
239.763
291.925
342.912
391.364
435.72
474.254
505.157
526.646
537.142
535.478
521.905
497.731
464.609
424.341
378.726
329.45
278.023
225.752
173.741
122.905
73.9927
27.616
-15.8008
-56.2257
-93.654
-128.096
-159.55
-187.978
-213.285
-235.314
-253.845
-268.604
-279.282
-285.555
-287.096
-283.74
-275.79
-263.581
-247.437
-227.662
-204.515
-178.194
-148.836
-116.513
-81.2458
-43.0251
-1.8377
42.3055
89.3101
138.655
189.703
241.674
293.612
344.371
392.597
436.74
475.087
505.837
527.219
537.661
578.13
565.522
543.133
512.521
475.353
433.267
387.774
340.209
291.718
243.265
195.644
149.514
105.417
63.8083
24.7958
-11.4953
-44.9872
-75.6172
-103.311
-127.962
-149.426
-167.509
-181.98
-192.575
-199.006
-200.968
-198.24
-191.079
-179.784
-164.632
-145.879
-123.748
-98.4209
-70.0353
-38.69
-4.45718
32.597
72.3847
114.766
159.572
206.314
254.411
303.164
351.725
399.075
444.009
485.13
520.878
549.588
569.598
579.399
577.842
565.179
542.686
511.928
474.582
432.295
386.586
338.803
290.1
241.448
193.655
147.386
103.197
61.4735
22.3985
-13.9107
-47.3776
-77.9382
-105.515
-130.001
-151.245
-169.055
-183.199
-193.413
-199.414
-200.899
-197.706
-190.128
-178.465
-162.999
-143.987
-121.65
-96.1675
-67.6753
-36.2681
-2.01483
35.0217
74.7571
117.056
161.738
208.321
256.231
304.777
353.12
400.248
444.965
485.885
521.457
550.025
569.934
579.684
622.22
611.084
591.365
564.473
531.886
495.031
455.2
413.522
370.946
328.256
286.093
244.977
205.336
167.485
131.718
98.2554
67.2501
38.8245
13.0951
-9.80901
-29.7352
-46.5027
-59.9029
-69.7031
-75.6487
-77.4586
-74.9199
-68.2811
-57.8136
-43.7644
-26.3591
-5.79882
17.7423
44.1171
73.199
104.87
138.999
175.415
213.868
254.09
295.7
338.247
381.174
423.799
465.287
504.633
540.658
572.019
597.258
614.895
623.561
622.182
610.996
591.185
564.163
531.416
494.379
454.352
412.471
369.694
326.812
284.472
243.202
203.433
165.469
129.632
96.1404
65.1484
36.7789
11.1499
-11.608
-31.3406
-47.8667
-60.9782
-70.4437
-76.0103
-77.3977
-74.4483
-67.4418
-56.6511
-42.3249
-24.6898
-3.9471
19.73
46.1959
75.3261
107.004
141.101
177.447
215.793
255.875
297.322
339.685
382.415
424.835
466.119
505.269
541.113
572.316
597.429
614.977
623.598
668.163
659.088
643.082
621.335
595.07
565.449
533.504
500.11
465.987
431.709
397.72
364.359
331.872
300.402
270.378
242.084
215.721
191.446
169.402
149.732
132.592
118.153
106.604
98.1505
93.0169
91.455
93.6615
99.4064
108.447
120.565
135.562
153.253
173.471
196.063
220.886
247.794
276.617
307.133
339.017
371.92
405.647
439.926
474.391
508.56
541.818
573.399
602.379
627.68
648.114
662.446
669.517
668.389
659.273
643.19
621.335
594.939
565.165
533.053
499.486
465.187
430.734
396.577
363.056
330.42
298.835
268.732
240.395
214.027
189.786
167.815
148.258
131.272
117.029
105.715
97.5367
92.7158
91.5055
94.0528
100.101
109.406
121.75
136.932
154.767
175.09
197.747
222.596
249.491
278.265
308.693
340.447
373.205
406.773
440.884
475.175
509.167
542.252
573.668
602.497
627.668
647.997
662.257
669.29
715.844
709.417
698.153
682.953
664.726
644.312
622.439
599.704
576.572
553.386
530.379
507.682
485.326
463.251
441.941
421.69
402.693
385.1
369.041
354.646
342.051
331.402
322.855
316.577
312.751
311.585
313.243
317.532
324.253
333.227
344.291
357.293
372.089
388.545
406.53
425.908
446.519
468.145
490.448
513.048
535.985
559.203
582.544
605.746
628.434
650.103
670.119
687.716
702.028
712.135
717.152
716.348
709.891
698.571
683.293
664.968
644.442
622.446
599.579
576.31
552.985
529.836
506.993
484.486
462.296
440.902
420.595
401.572
383.982
367.957
353.628
341.131
330.611
322.225
316.138
312.534
311.62
313.523
318.026
324.929
334.057
345.243
358.334
373.189
389.672
407.654
426.999
447.546
469.074
491.236
513.699
536.499
559.58
582.785
605.854
628.412
649.959
669.865
687.368
701.603
711.657
716.647
765.089
761.857
756.293
748.939
740.325
730.918
721.103
711.169
701.315
691.651
682.206
672.919
663.623
654.041
644.614
635.554
626.976
618.96
611.573
604.884
598.969
593.91
589.802
586.747
584.861
584.279
585.115
587.237
590.513
594.832
600.093
606.207
613.092
620.672
628.88
637.644
646.876
656.442
666.085
675.478
684.902
694.499
704.308
714.28
724.282
734.09
743.389
751.768
758.738
763.759
766.295
765.885
762.637
757.042
749.644
740.975
731.505
721.62
711.61
701.674
691.923
682.382
672.986
663.561
653.881
644.375
635.252
626.627
618.579
611.178
604.492
598.597
593.579
589.529
586.551
584.76
584.295
585.242
587.454
590.802
595.174
600.471
606.602
613.485
621.047
629.219
637.931
647.094
656.567
666.08
675.366
684.695
694.205
703.932
713.825
723.753
733.493
742.73
751.057
757.985
762.977
765.498
815.924
816.359
817.315
818.906
821.215
824.282
828.106
832.64
837.802
843.478
849.52
855.742
861.877
867.531
872.908
878.009
882.787
887.181
891.136
894.604
897.549
899.945
901.779
903.049
903.77
903.975
903.7
902.904
901.556
899.645
897.175
894.16
890.629
886.621
882.185
877.377
872.255
866.859
861.153
855.02
848.865
842.932
837.402
832.414
828.076
824.463
821.608
819.504
818.098
817.298
816.984
817.027
817.46
818.412
819.998
822.301
825.361
829.174
833.696
838.842
844.495
850.507
856.684
862.747
868.343
873.662
878.702
883.416
887.742
891.626
895.021
897.891
900.212
901.971
903.169
903.822
903.965
903.625
902.758
901.337
899.352
896.807
893.718
890.114
886.036
881.532
876.661
871.477
866.018
860.231
854.048
847.858
841.901
836.352
831.35
827.002
823.379
820.518
818.409
816.999
816.196
815.881
)
;

boundaryField
{
    top
    {
        type            fixedFluxPressure;
        gradient        nonuniform List<scalar> 
102
(
1566.84
1687.92
1902.53
2195.81
2552.34
2957.39
3397.82
3862.45
4342.2
4830.16
5321.8
5815.64
6315.55
6834.03
7346.91
7843.1
8315.41
8758.01
9165.57
9532.99
9855.33
10127.8
10345.7
10504.8
10600.9
10629.9
10589
10481.5
10311.5
10083.2
9800.82
9469.08
9092.79
8676.94
8226.72
7747.57
7245.68
6729
6210.99
5710.6
5215.08
4721.98
4233.58
3755.07
3293.96
2859.94
2464.81
2122.25
1847.34
1655.57
1561.42
1576.4
1697.95
1913.44
2207.96
2566
2972.79
3415.1
3881.71
4363.48
4853.51
5347.33
5843.72
6347.24
6867.73
7381.74
7878.36
8350.38
8791.95
9197.7
9562.54
9881.51
10149.8
10362.9
10516.5
10606.6
10628.9
10581.5
10468.1
10292.8
10059.8
9773.51
9438.59
9059.9
8642.44
8191.37
7712.14
7210.95
6695.97
6181.59
5683.62
5190.14
4699
4212.56
3736.01
3276.84
2844.68
2451.26
2110.21
1836.5
1645.58
1551.87
)
;
        value           nonuniform List<scalar> 
102
(
842.038
844.491
849.024
855.503
863.754
873.572
884.736
897.014
910.172
923.981
938.217
952.669
967.136
981.432
995.356
1008.73
1021.38
1033.15
1043.9
1053.49
1061.8
1068.74
1074.21
1078.13
1080.45
1081.14
1080.18
1077.6
1073.41
1067.7
1060.52
1051.98
1042.18
1031.24
1019.3
1006.5
993.016
979.009
964.67
950.197
935.783
921.632
907.962
894.999
882.976
872.128
862.688
854.874
848.887
844.891
843.007
843.3
845.759
850.303
856.797
865.067
874.907
886.093
898.391
911.566
925.387
939.629
954.079
968.534
982.805
996.691
1010.01
1022.59
1034.27
1044.92
1054.4
1062.58
1069.38
1074.69
1078.45
1080.6
1081.11
1079.98
1077.23
1072.88
1067.02
1059.7
1051.03
1041.11
1030.08
1018.06
1005.2
991.66
977.618
963.257
948.775
934.36
920.217
906.561
893.617
881.616
870.791
861.372
853.579
847.607
843.623
841.745
)
;
    }
    bottom
    {
        type            fixedFluxPressure;
        gradient        nonuniform List<scalar> 
102
(
0
0
0
0
0
0
0
0
0
0
0
0
0
0
0
0
0
0
0
0
0
0
0
0
0
0
0
0
0
0
0
0
0
0
0
0
0
0
0
0
0
0
0
0
0
0
0
0
0
0
0
0
0
0
0
0
0
0
0
0
0
0
0
0
0
0
0
0
0
0
0
0
0
0
0
0
0
0
0
0
0
0
0
0
0
0
0
0
0
0
0
0
0
0
0
0
0
0
0
0
0
-1.6539e-14
)
;
        value           nonuniform List<scalar> 
102
(
-38.8563
-42.0831
-48.1142
-56.888
-68.3358
-82.3971
-99.027
-118.184
-139.801
-163.744
-189.79
-217.604
-246.715
-276.486
-306.061
-334.395
-360.425
-383.251
-402.143
-416.732
-427.264
-434.282
-438.59
-441.015
-442.199
-442.515
-442.075
-440.735
-438.084
-433.45
-425.996
-414.935
-399.762
-380.291
-356.966
-330.54
-301.946
-272.271
-242.548
-213.608
-186.066
-160.374
-136.852
-115.712
-97.0735
-80.9995
-67.5306
-56.7143
-48.6127
-43.2924
-40.8094
-41.1946
-44.4425
-50.5147
-59.3507
-70.8838
-85.0553
-101.821
-121.139
-142.933
-167.062
-193.286
-221.254
-250.472
-280.273
-309.764
-337.878
-363.555
-385.914
-404.251
-418.285
-428.315
-434.93
-438.953
-441.197
-442.268
-442.501
-441.973
-440.504
-437.647
-432.696
-424.809
-413.229
-397.49
-377.482
-353.718
-326.973
-298.196
-268.469
-238.801
-209.983
-182.604
-157.094
-133.758
-112.792
-94.3089
-78.3652
-65.001
-54.265
-46.2213
-40.9383
-38.4729
)
;
    }
    frontAndBack
    {
        type            empty;
    }
    left_cyc
    {
        type            cyclic;
    }
    right_cyc
    {
        type            cyclic;
    }
}


// ************************************************************************* //
