/*--------------------------------*- C++ -*----------------------------------*\
| =========                 |                                                 |
| \\      /  F ield         | OpenFOAM: The Open Source CFD Toolbox           |
|  \\    /   O peration     | Version:  2.3.0                                 |
|   \\  /    A nd           | Web:      www.OpenFOAM.org                      |
|    \\/     M anipulation  |                                                 |
\*---------------------------------------------------------------------------*/
FoamFile
{
    version     2.0;
    format      ascii;
    class       surfaceScalarField;
    location    "6000";
    object      phi;
}
// * * * * * * * * * * * * * * * * * * * * * * * * * * * * * * * * * * * * * //

dimensions      [0 3 -1 0 0 0 0];

internalField   nonuniform List<scalar> 
356
(
0.311289
-0.00108462
0.320888
-0.00959917
0.339978
-0.0190894
0.366712
-0.0267339
0.394111
-0.027399
0.408085
-0.0139747
0.388509
0.0195764
0.312654
0.0758552
0.165415
0.147239
-0.0389154
0.20433
-0.226232
0.187317
-0.345881
0.119649
0.0521403
0.555379
-0.0127648
0.574216
-0.0284368
0.599493
-0.0443658
0.62718
-0.0544213
0.647975
-0.0481938
0.645456
-0.0114562
0.595174
0.0698593
0.468201
0.202828
0.243644
0.371796
-0.0577481
0.505722
-0.336807
0.466376
-0.523606
0.306449
0.146984
0.58754
-0.0291184
0.606591
-0.0474872
0.626579
-0.0643539
0.643302
-0.0711447
0.648917
-0.053809
0.630619
0.00684158
0.569074
0.131404
0.440573
0.331329
0.226394
0.585975
-0.0547018
0.786818
-0.316482
0.728156
-0.497149
0.487115
0.247368
0.524011
-0.0423404
0.536178
-0.0596545
0.545191
-0.073367
0.547502
-0.0734551
0.537529
-0.0438356
0.506935
0.0374353
0.444023
0.194316
0.334582
0.44077
0.167799
0.752758
-0.0417337
0.996351
-0.238961
0.925383
-0.383044
0.631198
0.337162
0.411569
-0.0478829
0.413538
-0.0616236
0.410103
-0.0699323
0.398836
-0.0621875
0.376549
-0.0215489
0.33925
0.0747344
0.282417
0.251149
0.201572
0.521614
0.0956458
0.858684
-0.0250799
1.11708
-0.141567
1.04187
-0.237407
0.727038
0.407766
0.264313
-0.0446883
0.256379
-0.0536897
0.242578
-0.0561314
0.221803
-0.041412
0.193118
0.00713624
0.156388
0.111464
0.112768
0.294769
0.0660519
0.56833
0.0239536
0.900783
-0.00800411
1.14903
-0.0427756
1.07664
-0.0865408
0.770804
0.453093
0.0944703
-0.0342626
0.0793854
-0.0386048
0.0593128
-0.0360588
0.0343459
-0.0164452
0.00550944
0.0359727
-0.0243044
0.141278
-0.0492838
0.319749
-0.0589992
0.578046
-0.0398857
0.881669
0.00767676
1.10147
0.0474269
1.03689
0.0553486
0.762882
0.469247
-0.0804936
-0.0195312
-0.0992721
-0.0198263
-0.121789
-0.0135419
-0.146851
0.00861673
-0.171549
0.0606707
-0.19029
0.160019
-0.193132
0.32259
-0.165258
0.550171
-0.0916404
0.808052
0.0209382
0.988894
0.122846
0.934984
0.178781
0.706947
0.454306
-0.242115
-0.00344531
-0.261837
-0.000104036
-0.284273
0.00889397
-0.307015
0.0313588
-0.325203
0.078859
-0.330495
0.165311
-0.30995
0.302045
-0.24718
0.487401
-0.129353
0.690225
0.0312532
0.828287
0.179986
0.786251
0.276634
0.610299
0.409201
-0.373141
0.0117845
-0.391757
0.0185118
-0.4122
0.0293372
-0.430914
0.050072
-0.441321
0.0892669
-0.432914
0.156904
-0.391233
0.260365
-0.300571
0.39674
-0.15205
0.541704
0.0382501
0.637987
0.216633
0.607868
0.342874
0.484058
0.338974
-0.455346
0.0245333
-0.470841
0.034007
-0.487198
0.0456943
-0.50027
0.0631441
-0.502623
0.0916198
-0.482913
0.137193
-0.426703
0.204155
-0.320165
0.290202
-0.158247
0.379785
0.0413525
0.438388
0.229775
0.419446
0.370146
0.343686
0.25353
-0.46924
0.0331727
-0.478945
0.0437115
-0.488175
0.0549251
-0.49334
0.0683091
-0.487808
0.0860875
-0.461428
0.110813
-0.401554
0.14428
-0.296786
0.185434
-0.144373
0.227373
0.0393551
0.25466
0.213306
0.245496
0.34678
0.210212
-0.408128
0.0349409
-0.407838
0.0434221
-0.40496
0.0520465
-0.397716
0.0610655
-0.382335
0.0707064
-0.352627
0.0811057
-0.300536
0.0921887
-0.218537
0.103435
-0.1047
0.113535
0.0302968
0.119663
0.158219
0.117574
0.109435
-0.344163
0.0208913
-0.325768
0.0250274
-0.302983
0.0292613
-0.275574
0.0336565
-0.243088
0.0382203
-0.204845
0.042863
-0.160007
0.0473506
-0.10785
0.0512778
-0.0484417
0.0541272
0.0157586
0.0554626
0.0782409
0.0550914
0.0530742
-0.331222
-0.311557
-0.287365
-0.258421
-0.224485
-0.185399
-0.141239
-0.0925219
-0.0403743
0.0134392
0.0667767
)
;

boundaryField
{
    top
    {
        type            calculated;
        value           nonuniform List<scalar> 
12
(
0.00559526
0.00536233
0.0050686
0.00471261
0.00428518
0.00377697
0.00319006
0.00256074
0.00197963
0.00164912
0.00175396
0.00222069
)
;
    }
    bottom
    {
        type            calculated;
        value           uniform 0;
    }
    frontAndBack
    {
        type            empty;
        value           nonuniform 0();
    }
    left_cyc
    {
        type            cyclic;
        value           nonuniform 0();
    }
    right_cyc
    {
        type            cyclic;
        value           nonuniform 0();
    }
    procBoundary0to1
    {
        type            processor;
        value           nonuniform List<scalar> 
16
(
-0.398022
-0.61845
-0.597533
-0.472838
-0.308011
-0.131868
0.0391944
0.193723
0.321739
0.4131
0.455591
0.432483
0.167827
0.258996
0.134601
0.11763
)
;
    }
    procBoundary0to3throughleft_cyc
    {
        type            processorCyclic;
        value           nonuniform List<scalar> 
15
(
-0.310204
-0.543699
-0.571186
-0.510789
-0.406026
-0.267507
-0.104896
0.0657622
0.226029
0.357911
0.442597
0.460601
0.406359
0.358213
0.346518
)
;
    }
}


// ************************************************************************* //
