/*--------------------------------*- C++ -*----------------------------------*\
| =========                 |                                                 |
| \\      /  F ield         | OpenFOAM: The Open Source CFD Toolbox           |
|  \\    /   O peration     | Version:  2.3.0                                 |
|   \\  /    A nd           | Web:      www.OpenFOAM.org                      |
|    \\/     M anipulation  |                                                 |
\*---------------------------------------------------------------------------*/
FoamFile
{
    version     2.0;
    format      ascii;
    class       volScalarField;
    location    "23000";
    object      p;
}
// * * * * * * * * * * * * * * * * * * * * * * * * * * * * * * * * * * * * * //

dimensions      [0 2 -2 0 0 0 0];

internalField   nonuniform List<scalar> 
3060
(
-928.794
-932.415
-939.487
-949.624
-962.271
-976.804
-992.781
-1010.4
-1030.82
-1055.64
-1085.72
-1120.34
-1157.85
-1196.54
-1234.65
-1270.51
-1302.78
-1330.63
-1353.19
-1369.55
-1380.05
-1385.68
-1387.87
-1388.13
-1387.75
-1387.5
-1387.65
-1387.99
-1387.75
-1385.72
-1380.36
-1370.24
-1354.34
-1332.22
-1304.71
-1272.74
-1237.1
-1199.11
-1160.45
-1122.87
-1088.07
-1057.72
-1032.61
-1011.96
-994.237
-978.233
-963.696
-951.039
-940.878
-933.769
-930.101
-930.075
-933.692
-940.754
-950.873
-963.496
-978.004
-993.977
-1011.65
-1032.22
-1057.24
-1087.51
-1122.27
-1159.85
-1198.54
-1236.58
-1272.29
-1304.34
-1331.93
-1354.16
-1370.17
-1380.36
-1385.77
-1387.82
-1388.05
-1387.69
-1387.49
-1387.7
-1388.06
-1387.78
-1385.62
-1380.04
-1369.61
-1353.36
-1330.9
-1303.13
-1270.94
-1235.15
-1197.09
-1158.43
-1120.91
-1086.25
-1056.1
-1031.19
-1010.69
-993.028
-977.02
-962.46
-949.779
-939.604
-932.488
-928.818
-989.236
-989.052
-988.703
-988.239
-987.852
-988.057
-989.95
-995.35
-1006.36
-1024.13
-1047.92
-1075.65
-1105.23
-1134.98
-1163.36
-1189.41
-1214.11
-1238.28
-1259.79
-1275.77
-1286.18
-1292.19
-1295.16
-1296.33
-1296.64
-1296.67
-1296.6
-1296.28
-1295.16
-1292.33
-1286.58
-1276.53
-1261.02
-1239.86
-1215.76
-1191.08
-1165.19
-1137.01
-1107.38
-1077.83
-1050.02
-1026.03
-1007.92
-996.545
-990.872
-988.824
-988.55
-988.912
-989.366
-989.706
-989.876
-989.866
-989.676
-989.317
-988.845
-988.463
-988.707
-990.704
-996.294
-1007.56
-1025.57
-1049.52
-1077.32
-1106.89
-1136.57
-1164.82
-1190.75
-1215.43
-1239.54
-1260.79
-1276.42
-1286.54
-1292.35
-1295.19
-1296.31
-1296.62
-1296.66
-1296.61
-1296.29
-1295.12
-1292.17
-1286.21
-1275.88
-1260.01
-1238.58
-1214.43
-1189.73
-1163.72
-1135.41
-1105.7
-1076.15
-1048.41
-1024.57
-1006.71
-995.594
-990.117
-988.175
-987.941
-988.308
-988.754
-989.083
-989.247
-951.474
-952.008
-953.158
-955.068
-957.999
-962.35
-968.664
-977.552
-989.488
-1004.46
-1021.81
-1040.52
-1059.86
-1079.57
-1099.94
-1121.63
-1144.5
-1165.7
-1182.38
-1195.01
-1204.15
-1209
-1210.76
-1211.03
-1210.83
-1210.68
-1210.77
-1210.94
-1210.7
-1209.09
-1204.53
-1195.7
-1183.34
-1167.05
-1146.18
-1123.35
-1101.6
-1081.22
-1061.55
-1042.27
-1023.58
-1006.19
-991.098
-978.997
-969.942
-963.488
-959.027
-956.013
-954.038
-952.837
-952.26
-952.241
-952.782
-953.945
-955.88
-958.852
-963.265
-969.665
-978.661
-990.706
-1005.76
-1023.14
-1041.84
-1061.14
-1080.83
-1101.21
-1122.96
-1145.81
-1166.76
-1183.15
-1195.58
-1204.48
-1209.1
-1210.74
-1210.97
-1210.79
-1210.68
-1210.8
-1210.98
-1210.71
-1208.98
-1204.19
-1195.13
-1182.56
-1165.97
-1144.87
-1122.01
-1100.31
-1079.95
-1060.26
-1040.94
-1022.24
-1004.88
-989.871
-977.881
-968.936
-962.57
-958.173
-955.2
-953.25
-952.064
-951.492
-894.785
-895.691
-897.574
-900.552
-904.823
-910.673
-918.445
-928.439
-940.715
-954.899
-970.256
-986.032
-1001.81
-1017.49
-1033.26
-1049.45
-1066.31
-1082.89
-1098.3
-1111.49
-1120
-1124.76
-1126.02
-1125.4
-1124.57
-1124.21
-1124.49
-1125.27
-1125.93
-1124.91
-1120.43
-1112.32
-1099.49
-1084.23
-1067.79
-1050.94
-1034.73
-1019
-1003.36
-987.642
-971.91
-956.554
-942.309
-929.917
-919.786
-911.883
-905.921
-901.558
-898.506
-896.562
-895.605
-895.584
-896.498
-898.399
-901.406
-905.721
-911.632
-919.48
-929.558
-941.904
-956.122
-971.474
-987.217
-1002.95
-1018.6
-1034.35
-1050.56
-1067.42
-1083.91
-1099.21
-1112.13
-1120.34
-1124.89
-1125.96
-1125.31
-1124.51
-1124.2
-1124.54
-1125.36
-1125.98
-1124.78
-1120.08
-1111.68
-1098.58
-1083.21
-1066.67
-1049.82
-1033.63
-1017.88
-1002.21
-986.449
-970.684
-955.322
-941.112
-928.791
-918.744
-910.919
-905.02
-900.702
-897.68
-895.754
-894.806
-848.023
-848.946
-850.85
-853.815
-857.967
-863.474
-870.524
-879.267
-889.732
-901.736
-914.89
-928.721
-942.831
-956.924
-970.765
-984.12
-996.815
-1008.91
-1020.79
-1031.32
-1038.42
-1041.88
-1041.75
-1039.97
-1038.42
-1037.82
-1038.31
-1039.79
-1041.6
-1041.98
-1038.89
-1032.13
-1021.88
-1010.04
-997.997
-985.367
-972.075
-958.29
-944.24
-930.161
-916.338
-903.162
-891.1
-880.548
-871.706
-864.559
-858.963
-854.734
-851.703
-849.742
-848.77
-848.75
-849.68
-851.6
-854.589
-858.775
-864.328
-871.43
-880.23
-890.747
-902.785
-915.949
-929.771
-943.859
-957.921
-971.723
-985.033
-997.681
-1009.74
-1021.6
-1031.92
-1038.77
-1041.95
-1041.63
-1039.83
-1038.33
-1037.81
-1038.39
-1039.92
-1041.7
-1041.91
-1038.54
-1031.53
-1021.07
-1009.2
-997.123
-984.446
-971.109
-957.285
-943.204
-929.102
-915.271
-902.106
-890.078
-879.577
-870.793
-863.701
-858.151
-853.957
-850.951
-849.007
-848.043
-805.091
-806.062
-808.046
-811.092
-815.27
-820.666
-827.362
-835.398
-844.726
-855.168
-866.437
-878.197
-890.154
-902.07
-913.747
-924.978
-935.484
-944.848
-952.676
-958.786
-962.866
-963.236
-960.239
-955.647
-952.492
-951.528
-952.333
-955.283
-959.899
-963.161
-963.173
-959.376
-953.407
-945.721
-936.479
-926.061
-914.892
-903.264
-891.386
-879.454
-867.7
-856.415
-845.93
-836.54
-828.429
-821.656
-816.186
-811.94
-808.834
-806.796
-805.778
-805.758
-806.736
-808.734
-811.801
-816.007
-821.438
-828.173
-836.249
-845.611
-856.075
-867.35
-879.102
-891.039
-902.928
-914.571
-925.758
-936.201
-945.477
-953.201
-959.207
-963.079
-963.165
-959.971
-955.36
-952.362
-951.522
-952.451
-955.558
-960.162
-963.231
-962.959
-958.949
-952.876
-945.085
-935.755
-925.275
-914.062
-902.399
-890.494
-878.542
-866.78
-855.501
-845.038
-835.683
-827.612
-820.88
-815.445
-811.228
-808.144
-806.12
-805.11
-765.595
-766.562
-768.524
-771.499
-775.513
-780.594
-786.754
-793.974
-802.175
-811.202
-820.832
-830.811
-840.897
-850.871
-860.53
-869.667
-878.038
-885.337
-891.18
-895.026
-896.033
-892.634
-884.881
-875.911
-869.426
-867.385
-869.094
-875.242
-884.182
-892.252
-896.088
-895.4
-891.75
-886.052
-878.863
-870.574
-861.502
-851.891
-841.952
-831.888
-821.915
-812.273
-803.215
-794.967
-787.691
-781.47
-776.329
-772.257
-769.229
-767.219
-766.21
-766.191
-767.164
-769.136
-772.128
-776.164
-781.27
-787.459
-794.707
-802.931
-811.972
-821.604
-831.575
-841.643
-851.591
-861.216
-870.307
-878.619
-885.839
-891.577
-895.279
-896.051
-892.326
-884.335
-875.391
-869.162
-867.378
-869.343
-875.752
-884.723
-892.56
-896.07
-895.143
-891.348
-885.544
-878.276
-869.928
-860.81
-851.164
-841.199
-831.117
-821.136
-811.497
-802.453
-794.229
-786.98
-780.789
-775.675
-771.625
-768.615
-766.617
-765.613
-728.383
-729.327
-731.229
-734.085
-737.886
-742.613
-748.235
-754.691
-761.88
-769.659
-777.84
-786.221
-794.598
-802.777
-810.571
-817.777
-824.17
-829.473
-833.351
-835.337
-834.719
-829.734
-818.536
-804.459
-793.779
-789.864
-793.183
-803.403
-817.476
-829.169
-834.665
-835.562
-833.759
-830.018
-824.821
-818.511
-811.368
-803.623
-795.479
-787.124
-778.752
-770.563
-762.763
-755.54
-749.043
-743.374
-738.598
-734.75
-731.848
-729.904
-728.921
-728.904
-729.853
-731.764
-734.632
-738.449
-743.195
-748.836
-755.31
-762.514
-770.299
-778.48
-786.851
-795.21
-803.362
-811.12
-818.281
-824.615
-829.842
-833.62
-835.473
-834.649
-829.287
-817.719
-803.645
-793.315
-789.856
-793.63
-804.207
-818.293
-829.619
-834.733
-835.423
-833.485
-829.644
-824.37
-818.001
-810.812
-803.032
-794.861
-786.488
-778.106
-769.916
-762.124
-754.915
-748.436
-742.788
-738.031
-734.2
-731.312
-729.377
-728.399
-692.588
-693.494
-695.311
-698.015
-701.569
-705.925
-711.018
-716.76
-723.037
-729.709
-736.613
-743.573
-750.416
-756.971
-763.069
-768.53
-773.152
-776.694
-778.855
-779.22
-777.198
-771.605
-760.182
-743.883
-729.926
-724.415
-729.114
-742.567
-759.034
-771.044
-777.044
-779.305
-779.111
-777.079
-773.639
-769.096
-763.698
-757.648
-751.129
-744.31
-737.361
-730.456
-723.771
-717.471
-711.699
-706.571
-702.176
-698.583
-695.842
-693.989
-693.049
-693.034
-693.944
-695.767
-698.479
-702.044
-706.413
-711.519
-717.271
-723.556
-730.23
-737.129
-744.077
-750.9
-757.428
-763.491
-768.906
-773.471
-776.94
-779.007
-779.248
-777.05
-771.159
-759.302
-742.876
-729.3
-724.406
-729.724
-743.567
-759.918
-771.493
-777.19
-779.275
-778.954
-776.829
-773.315
-768.715
-763.271
-757.185
-750.639
-743.8
-736.839
-729.93
-723.247
-716.954
-711.193
-706.078
-701.697
-698.116
-695.385
-693.539
-692.602
-657.61
-658.469
-660.18
-662.708
-665.996
-669.974
-674.552
-679.627
-685.075
-690.758
-696.526
-702.224
-707.701
-712.806
-717.391
-721.3
-724.363
-726.382
-727.11
-726.21
-723.208
-717.336
-707.169
-692.433
-678.45
-672.463
-677.589
-691.183
-706.184
-716.803
-722.977
-726.183
-727.234
-726.623
-724.697
-721.708
-717.86
-713.323
-708.254
-702.804
-697.12
-691.357
-685.669
-680.207
-675.111
-670.507
-666.5
-663.181
-660.623
-658.881
-657.994
-657.981
-658.841
-660.557
-663.091
-666.387
-670.372
-674.958
-680.038
-685.488
-691.168
-696.927
-702.611
-708.067
-713.144
-717.693
-721.558
-724.568
-726.52
-727.162
-726.153
-723.002
-716.91
-706.412
-691.481
-677.79
-672.454
-678.236
-692.133
-706.945
-717.231
-723.182
-726.238
-727.178
-726.482
-724.488
-721.445
-717.552
-712.98
-707.883
-702.411
-696.713
-690.942
-685.251
-679.791
-674.701
-670.104
-666.106
-662.795
-660.244
-658.507
-657.623
-623.054
-623.855
-625.445
-627.776
-630.78
-634.371
-638.446
-642.889
-647.571
-652.356
-657.105
-661.677
-665.937
-669.755
-673.004
-675.555
-677.275
-678.009
-677.575
-675.734
-672.16
-666.394
-657.751
-646.119
-634.727
-629.561
-634.004
-645.14
-656.972
-665.903
-671.885
-675.62
-677.587
-678.121
-677.47
-675.819
-673.325
-670.123
-666.341
-662.109
-657.555
-652.815
-648.031
-643.343
-638.887
-634.795
-631.183
-628.155
-625.8
-624.186
-623.362
-623.351
-624.153
-625.745
-628.08
-631.088
-634.683
-638.761
-643.205
-647.884
-652.663
-657.401
-661.957
-666.195
-669.985
-673.199
-675.708
-677.378
-678.052
-677.545
-675.613
-671.922
-666
-657.149
-645.372
-634.174
-629.554
-634.547
-645.885
-657.577
-666.297
-672.121
-675.739
-677.614
-678.075
-677.363
-675.662
-673.126
-669.889
-666.079
-661.824
-657.253
-652.503
-647.712
-643.022
-638.568
-634.478
-630.871
-627.848
-625.498
-623.887
-623.065
-588.691
-589.425
-590.875
-592.987
-595.685
-598.875
-602.444
-606.272
-610.23
-614.183
-618.001
-621.557
-624.729
-627.406
-629.481
-630.854
-631.427
-631.095
-629.739
-627.217
-623.352
-617.93
-610.739
-601.992
-593.709
-589.912
-593.187
-601.292
-610.137
-617.49
-623.054
-627.037
-629.656
-631.095
-631.498
-630.986
-629.665
-627.635
-624.995
-621.851
-618.317
-614.512
-610.564
-606.607
-602.773
-599.193
-595.989
-593.274
-591.144
-589.677
-588.924
-588.915
-589.65
-591.101
-593.214
-595.915
-599.105
-602.675
-606.5
-610.452
-614.397
-618.202
-621.739
-624.888
-627.537
-629.579
-630.913
-631.442
-631.058
-629.642
-627.05
-623.099
-617.576
-610.269
-601.455
-593.309
-589.907
-593.58
-601.828
-610.607
-617.844
-623.304
-627.202
-629.751
-631.129
-631.48
-630.923
-629.563
-627.499
-624.831
-621.664
-618.112
-614.293
-610.337
-606.374
-602.538
-598.958
-595.756
-593.044
-590.916
-589.451
-588.7
-554.417
-555.073
-556.361
-558.227
-560.591
-563.354
-566.403
-569.616
-572.867
-576.028
-578.978
-581.599
-583.786
-585.442
-586.482
-586.834
-586.433
-585.22
-583.136
-580.126
-576.135
-571.134
-565.179
-558.647
-552.861
-550.275
-552.51
-558.156
-564.711
-570.741
-575.824
-579.893
-582.974
-585.122
-586.394
-586.847
-586.543
-585.544
-583.923
-581.766
-579.167
-576.234
-573.083
-569.837
-566.624
-563.57
-560.8
-558.426
-556.548
-555.246
-554.577
-554.571
-555.226
-556.515
-558.381
-560.745
-563.507
-566.553
-569.762
-573.005
-576.156
-579.091
-581.693
-583.857
-585.486
-586.495
-586.812
-586.372
-585.116
-582.985
-579.924
-575.877
-570.818
-564.811
-558.267
-552.591
-550.272
-552.776
-558.534
-565.078
-571.056
-576.08
-580.093
-583.122
-585.223
-586.452
-586.866
-586.526
-585.496
-583.848
-581.667
-579.05
-576.102
-572.94
-569.687
-566.469
-563.413
-560.642
-558.269
-556.392
-555.091
-554.424
-520.217
-520.781
-521.885
-523.472
-525.464
-527.764
-530.262
-532.841
-535.383
-537.767
-539.883
-541.626
-542.903
-543.633
-543.752
-543.211
-541.977
-540.03
-537.366
-533.998
-529.965
-525.359
-520.375
-515.42
-511.369
-509.638
-511.136
-515.069
-520.001
-525.004
-529.645
-533.722
-537.136
-539.847
-541.839
-543.117
-543.699
-543.619
-542.922
-541.674
-539.955
-537.858
-535.487
-532.955
-530.38
-527.883
-525.581
-523.584
-521.99
-520.879
-520.306
-520.302
-520.866
-521.969
-523.556
-525.546
-527.844
-530.338
-532.911
-535.443
-537.816
-539.917
-541.641
-542.895
-543.6
-543.689
-543.118
-541.851
-539.871
-537.172
-533.77
-529.706
-525.076
-520.08
-515.147
-511.188
-509.636
-511.314
-515.34
-520.294
-525.286
-529.903
-533.948
-537.328
-540.004
-541.963
-543.207
-543.758
-543.649
-542.926
-541.656
-539.918
-537.805
-535.422
-532.881
-530.3
-527.799
-525.495
-523.498
-521.904
-520.793
-520.221
-486.142
-486.601
-487.492
-488.762
-490.337
-492.126
-494.029
-495.938
-497.746
-499.346
-500.639
-501.533
-501.948
-501.821
-501.102
-499.767
-497.809
-495.242
-492.103
-488.459
-484.415
-480.134
-475.866
-471.985
-469.063
-467.878
-468.903
-471.723
-475.554
-479.803
-484.086
-488.146
-491.815
-494.984
-497.585
-499.578
-500.948
-501.7
-501.859
-501.471
-500.602
-499.33
-497.745
-495.95
-494.049
-492.151
-490.365
-488.79
-487.519
-486.625
-486.163
-486.161
-486.619
-487.509
-488.778
-490.351
-492.137
-494.035
-495.937
-497.735
-499.323
-500.601
-501.476
-501.87
-501.719
-500.975
-499.613
-497.629
-495.036
-491.874
-488.211
-484.156
-479.874
-475.621
-471.78
-468.938
-467.877
-469.026
-471.926
-475.797
-480.062
-484.344
-488.392
-492.042
-495.188
-497.763
-499.729
-501.072
-501.799
-501.934
-501.525
-500.637
-499.349
-497.753
-495.947
-494.04
-492.137
-490.348
-488.772
-487.499
-486.606
-486.144
-452.295
-452.632
-453.279
-454.188
-455.292
-456.514
-457.764
-458.951
-459.984
-460.771
-461.228
-461.277
-460.855
-459.911
-458.413
-456.355
-453.752
-450.645
-447.103
-443.232
-439.176
-435.134
-431.367
-428.19
-425.971
-425.116
-425.853
-427.981
-431.093
-434.817
-438.836
-442.886
-446.765
-450.322
-453.451
-456.08
-458.167
-459.693
-460.666
-461.115
-461.089
-460.653
-459.884
-458.866
-457.69
-456.449
-455.235
-454.135
-453.23
-452.585
-452.25
-452.251
-452.587
-453.232
-454.14
-455.242
-456.459
-457.704
-458.884
-459.907
-460.682
-461.124
-461.157
-460.715
-459.749
-458.23
-456.149
-453.526
-450.401
-446.847
-442.968
-438.916
-434.89
-431.155
-428.028
-425.879
-425.115
-425.943
-428.141
-431.303
-435.059
-439.095
-443.148
-447.02
-450.564
-453.675
-456.284
-458.348
-459.852
-460.804
-461.233
-461.189
-460.739
-459.957
-458.93
-457.747
-456.501
-455.283
-454.181
-453.275
-452.63
-452.295
-418.818
-419.014
-419.382
-419.881
-420.456
-421.043
-421.574
-421.976
-422.177
-422.105
-421.694
-420.883
-419.623
-417.877
-415.633
-412.896
-409.7
-406.106
-402.205
-398.127
-394.038
-390.151
-386.712
-383.974
-382.172
-381.507
-382.077
-383.793
-386.458
-389.84
-393.687
-397.752
-401.822
-405.726
-409.331
-412.545
-415.303
-417.572
-419.342
-420.626
-421.46
-421.892
-421.982
-421.798
-421.41
-420.892
-420.315
-419.75
-419.26
-418.9
-418.709
-418.712
-418.908
-419.275
-419.771
-420.343
-420.927
-421.452
-421.847
-422.039
-421.956
-421.531
-420.705
-419.427
-417.664
-415.401
-412.646
-409.436
-405.831
-401.926
-397.851
-393.778
-389.918
-386.52
-383.836
-382.099
-381.507
-382.149
-383.929
-386.648
-390.072
-393.947
-398.027
-402.101
-405.999
-409.594
-412.793
-415.534
-417.784
-419.535
-420.802
-421.62
-422.039
-422.118
-421.924
-421.53
-421.006
-420.426
-419.858
-419.367
-419.005
-418.815
-385.887
-385.925
-385.976
-386.012
-385.993
-385.877
-385.614
-385.158
-384.459
-383.469
-382.141
-380.434
-378.315
-375.762
-372.777
-369.379
-365.615
-361.56
-357.32
-353.035
-348.883
-345.072
-341.823
-339.34
-337.771
-337.209
-337.686
-339.172
-341.578
-344.759
-348.518
-352.634
-356.898
-361.13
-365.187
-368.96
-372.373
-375.377
-377.95
-380.09
-381.819
-383.167
-384.176
-384.893
-385.365
-385.643
-385.774
-385.807
-385.784
-385.744
-385.718
-385.723
-385.76
-385.811
-385.844
-385.823
-385.702
-385.435
-384.972
-384.265
-383.265
-381.925
-380.204
-378.07
-375.503
-372.503
-369.093
-365.32
-361.26
-357.023
-352.75
-348.621
-344.845
-341.644
-339.216
-337.708
-337.208
-337.749
-339.295
-341.757
-344.985
-348.78
-352.919
-357.194
-361.429
-365.482
-369.246
-372.646
-375.635
-378.193
-380.319
-382.034
-383.37
-384.369
-385.077
-385.543
-385.816
-385.944
-385.973
-385.949
-385.908
-385.882
-353.716
-353.574
-353.272
-352.792
-352.116
-351.221
-350.088
-348.695
-347.02
-345.04
-342.732
-340.076
-337.056
-333.668
-329.926
-325.862
-321.531
-317.017
-312.434
-307.929
-303.676
-299.872
-296.71
-294.353
-292.9
-292.386
-292.818
-294.19
-296.466
-299.553
-303.297
-307.504
-311.978
-316.542
-321.049
-325.381
-329.454
-333.21
-336.614
-339.651
-342.326
-344.653
-346.653
-348.346
-349.758
-350.909
-351.821
-352.515
-353.012
-353.331
-353.489
-353.497
-353.355
-353.051
-352.569
-351.89
-350.992
-349.854
-348.455
-346.773
-344.784
-342.466
-339.799
-336.768
-333.369
-329.616
-325.544
-321.209
-316.697
-312.123
-307.636
-303.413
-299.649
-296.537
-294.237
-292.841
-292.386
-292.877
-294.306
-296.639
-299.776
-303.56
-307.797
-312.289
-316.863
-321.371
-325.7
-329.765
-333.509
-336.902
-339.928
-342.592
-344.909
-346.899
-348.586
-349.991
-351.138
-352.046
-352.738
-353.233
-353.551
-353.708
-322.545
-322.206
-321.514
-320.469
-319.071
-317.327
-315.246
-312.834
-310.101
-307.052
-303.689
-300.017
-296.041
-291.771
-287.236
-282.477
-277.558
-272.569
-267.625
-262.873
-258.478
-254.62
-251.468
-249.151
-247.737
-247.24
-247.655
-248.985
-251.219
-254.293
-258.084
-262.425
-267.138
-272.055
-277.029
-281.942
-286.703
-291.245
-295.526
-299.517
-303.206
-306.586
-309.654
-312.406
-314.838
-316.94
-318.705
-320.123
-321.19
-321.903
-322.263
-322.274
-321.934
-321.241
-320.194
-318.794
-317.047
-314.961
-312.544
-309.805
-306.749
-303.379
-299.698
-295.713
-291.436
-286.894
-282.132
-277.214
-272.232
-267.303
-262.574
-258.213
-254.399
-251.298
-249.037
-247.681
-247.24
-247.712
-249.099
-251.39
-254.516
-258.35
-262.724
-267.461
-272.393
-277.374
-282.288
-287.045
-291.582
-295.855
-299.838
-303.518
-306.89
-309.951
-312.697
-315.124
-317.222
-318.983
-320.399
-321.464
-322.176
-322.535
-292.643
-292.09
-290.977
-289.321
-287.147
-284.488
-281.384
-277.876
-274.004
-269.804
-265.308
-260.545
-255.542
-250.33
-244.949
-239.452
-233.907
-228.408
-223.071
-218.035
-213.456
-209.493
-206.29
-203.953
-202.533
-202.034
-202.449
-203.784
-206.035
-209.157
-213.047
-217.567
-222.556
-227.858
-233.335
-238.866
-244.359
-249.742
-254.961
-259.974
-264.751
-269.263
-273.482
-277.374
-280.903
-284.03
-286.713
-288.911
-290.593
-291.731
-292.309
-292.322
-291.768
-290.655
-288.997
-286.821
-284.159
-281.052
-277.539
-273.662
-269.457
-264.955
-260.186
-255.179
-249.963
-244.58
-239.083
-233.544
-228.057
-222.74
-217.732
-213.189
-209.272
-206.122
-203.842
-202.478
-202.035
-202.506
-203.897
-206.205
-209.379
-213.316
-217.872
-222.889
-228.211
-233.7
-239.237
-244.732
-250.112
-255.327
-260.335
-265.106
-269.613
-273.826
-277.713
-281.238
-284.361
-287.04
-289.237
-290.916
-292.053
-292.63
-264.297
-263.518
-261.961
-259.66
-256.665
-253.038
-248.852
-244.18
-239.096
-233.669
-227.961
-222.031
-215.929
-209.705
-203.416
-197.122
-190.9
-184.845
-179.071
-173.708
-168.899
-164.783
-161.483
-159.083
-157.626
-157.113
-157.539
-158.909
-161.22
-164.437
-168.477
-173.221
-178.53
-184.264
-190.289
-196.49
-202.773
-209.059
-215.284
-221.393
-227.335
-233.057
-238.502
-243.607
-248.302
-252.513
-256.166
-259.19
-261.52
-263.106
-263.915
-263.93
-263.151
-261.593
-259.29
-256.293
-252.664
-248.474
-243.799
-238.711
-233.28
-227.569
-221.636
-215.531
-209.308
-203.02
-196.732
-190.521
-184.483
-178.732
-173.401
-168.631
-164.563
-161.315
-158.972
-157.571
-157.114
-157.596
-159.022
-161.39
-164.66
-168.747
-173.531
-178.872
-184.629
-190.671
-196.884
-203.172
-209.46
-215.685
-221.793
-227.731
-233.45
-238.891
-243.991
-248.683
-252.891
-256.541
-259.561
-261.889
-263.475
-264.282
-237.815
-236.803
-234.788
-231.822
-227.98
-223.353
-218.044
-212.161
-205.812
-199.098
-192.115
-184.948
-177.677
-170.374
-163.109
-155.956
-148.997
-142.33
-136.064
-130.323
-125.233
-120.915
-117.472
-114.975
-113.457
-112.922
-113.367
-114.795
-117.202
-120.559
-124.797
-129.817
-135.5
-141.718
-148.349
-155.281
-162.417
-169.673
-176.973
-184.248
-191.423
-198.42
-205.151
-211.522
-217.429
-222.765
-227.421
-231.295
-234.294
-236.343
-237.389
-237.406
-236.394
-234.378
-231.41
-227.566
-222.936
-217.625
-211.739
-205.387
-198.67
-191.685
-184.518
-177.248
-169.948
-162.69
-155.546
-148.603
-141.956
-135.718
-130.011
-124.963
-120.694
-117.305
-114.863
-113.402
-112.924
-113.425
-114.909
-117.373
-120.783
-125.07
-130.133
-135.85
-142.096
-148.748
-155.695
-162.841
-170.103
-177.407
-184.683
-191.858
-198.853
-205.581
-211.949
-217.853
-223.186
-227.839
-231.71
-234.707
-236.754
-237.799
-213.504
-212.259
-209.786
-206.156
-201.466
-195.835
-189.396
-182.288
-174.652
-166.622
-158.325
-149.878
-141.386
-132.947
-124.647
-116.573
-108.816
-101.476
-94.6586
-88.4785
-83.049
-78.475
-74.8426
-72.2109
-70.6098
-70.0457
-70.5168
-72.0247
-74.5642
-78.1078
-82.5991
-87.9545
-94.0706
-100.835
-108.133
-115.858
-123.908
-132.194
-140.626
-149.118
-157.572
-165.881
-173.929
-181.587
-188.721
-195.189
-200.853
-205.578
-209.245
-211.755
-213.038
-213.057
-211.811
-209.338
-205.706
-201.014
-195.38
-188.938
-181.828
-174.189
-166.158
-157.861
-149.415
-140.927
-132.495
-124.205
-116.145
-108.407
-101.091
-94.3044
-88.1618
-82.7764
-78.2522
-74.6738
-72.0986
-70.5548
-70.0479
-70.5762
-72.1414
-74.7375
-78.3352
-82.8765
-88.2762
-94.4302
-101.225
-108.548
-116.292
-124.357
-132.653
-141.092
-149.588
-158.043
-166.352
-174.398
-182.054
-189.185
-195.65
-201.311
-206.032
-209.696
-212.204
-213.486
-191.716
-190.247
-187.334
-183.063
-177.553
-170.949
-163.409
-155.103
-146.199
-136.864
-127.253
-117.514
-107.779
-98.1697
-88.792
-79.7464
-71.1337
-63.0568
-55.622
-48.9358
-43.1007
-38.2086
-34.3338
-31.5277
-29.819
-29.2169
-29.7222
-31.3343
-34.0453
-37.8286
-42.635
-48.3922
-55.0099
-62.3865
-70.4156
-78.9909
-88.0087
-97.3678
-106.966
-116.699
-126.444
-136.066
-145.419
-154.345
-162.68
-170.251
-176.891
-182.439
-186.749
-189.703
-191.214
-191.235
-189.765
-186.851
-182.579
-177.066
-170.459
-162.917
-154.608
-145.703
-136.367
-126.757
-117.021
-107.292
-97.6921
-88.3273
-79.2989
-70.7083
-62.6594
-55.2585
-48.6124
-42.8233
-37.9822
-34.1622
-31.4135
-29.7631
-29.2197
-29.7835
-31.4541
-34.2225
-38.0608
-42.9185
-48.722
-55.3802
-62.791
-70.8484
-79.4463
-88.4817
-97.8539
-107.462
-117.201
-126.949
-136.572
-145.925
-154.849
-163.18
-170.748
-177.384
-182.928
-187.236
-190.187
-191.696
-172.657
-170.984
-167.671
-162.818
-156.562
-149.067
-140.516
-131.103
-121.02
-110.461
-99.6078
-88.6325
-77.6945
-66.9392
-56.4903
-46.4644
-36.9734
-28.1263
-20.0299
-12.7872
-6.49335
-1.232
2.92966
5.94351
7.7804
8.42741
7.88146
6.14488
3.22932
-0.837825
-6.01036
-12.2229
-19.3933
-27.4271
-36.2221
-45.6714
-55.6657
-66.0926
-76.8351
-87.7686
-98.7476
-109.612
-120.19
-130.296
-139.739
-148.324
-155.857
-162.154
-167.05
-170.407
-172.124
-172.146
-170.473
-167.159
-162.304
-156.045
-148.547
-139.993
-130.577
-120.493
-109.934
-99.0825
-88.1119
-77.1817
-66.4375
-56.0038
-45.9979
-36.5318
-27.7154
-19.6556
-12.4552
-6.20914
-1.00025
3.10532
6.0606
7.83757
8.42416
7.81775
6.02116
3.04687
-1.0766
-6.30189
-12.5625
-19.7757
-27.8465
-36.6726
-46.1474
-56.1619
-66.6044
-77.3583
-88.2999
-99.2836
-110.15
-120.727
-130.832
-140.272
-148.852
-156.381
-162.674
-167.566
-170.92
-172.635
-156.379
-154.539
-150.896
-145.561
-138.687
-130.452
-121.058
-110.714
-99.6357
-88.0323
-76.1076
-64.0545
-52.0526
-40.2673
-28.8409
-17.9057
-7.5856
2.00263
10.7488
18.5504
25.3149
30.9622
35.4275
38.6626
40.636
41.3307
40.7412
38.8719
35.7383
31.3705
25.8148
19.1345
11.4084
2.72791
-6.80493
-17.0802
-27.9809
-39.3831
-51.1539
-63.1502
-75.2065
-87.1426
-98.7648
-109.869
-120.244
-129.674
-137.949
-144.866
-150.246
-153.935
-155.823
-155.846
-154.005
-150.361
-145.025
-138.147
-129.909
-120.511
-110.165
-99.0843
-87.4809
-75.5585
-63.5107
-51.5177
-39.7448
-28.3352
-17.4219
-7.1289
2.42654
11.1342
18.8916
25.6067
31.2001
35.6079
38.783
40.6947
41.3269
40.6749
38.7438
35.5499
31.1243
25.5144
18.7844
11.0136
2.29417
-7.27194
-17.5748
-28.4978
-39.9172
-51.7008
-63.7061
-75.7679
-87.7062
-99.3282
-110.43
-120.801
-130.227
-138.497
-145.41
-150.785
-154.471
-156.357
-148.208
-146.16
-142.107
-136.173
-128.523
-119.356
-108.892
-97.3628
-85.0037
-72.0481
-58.7219
-45.2408
-31.8076
-18.6108
-5.81768
6.41718
17.9511
28.6524
38.4
47.0841
54.6071
60.8853
65.8503
69.4495
71.6462
72.4189
71.7596
69.6748
66.1844
61.3237
55.1434
47.7105
39.1075
29.4308
18.7898
7.30492
-4.89205
-17.6583
-30.8388
-44.2655
-57.7499
-71.0883
-84.0642
-96.4507
-108.014
-118.517
-127.727
-135.423
-141.407
-145.509
-147.608
-147.633
-145.585
-141.531
-135.594
-127.94
-118.77
-108.302
-96.7693
-84.4083
-71.4526
-58.129
-44.6538
-31.2304
-18.0476
-5.27323
6.93742
18.4414
29.1068
38.8125
47.449
54.9192
61.1398
66.0434
69.5783
71.7089
72.4144
71.6879
69.5367
65.9819
61.0595
54.8213
47.3351
38.6839
28.9649
18.2874
6.77208
-5.44959
-18.2351
-31.4298
-44.8666
-58.3568
-71.6976
-84.6732
-97.0572
-108.616
-119.114
-128.319
-136.01
-141.989
-146.088
-148.184
-109.407
-107.794
-104.604
-99.9358
-93.9215
-86.7178
-78.4972
-69.4409
-59.7329
-49.5546
-39.0818
-28.4824
-17.9145
-7.52557
2.5493
12.1858
21.27
29.6975
37.3733
44.2114
50.1361
55.0822
58.9957
61.8345
63.5683
64.1783
63.6568
62.0101
59.2558
55.4231
50.5529
44.6979
37.9223
30.3014
21.9204
12.874
3.26656
-6.78781
-17.1645
-27.7281
-38.3307
-48.8134
-59.008
-68.7379
-77.8208
-86.0721
-93.3099
-99.3607
-104.067
-107.296
-108.949
-108.969
-107.355
-104.164
-99.4939
-93.4767
-86.2697
-78.0458
-68.9867
-59.2768
-49.098
-38.6268
-28.0313
-17.4704
-7.09184
2.9688
12.5869
21.6481
30.0481
37.6917
44.4932
50.3773
55.279
59.1452
61.9343
63.6169
64.1747
63.601
61.9029
59.0988
55.2185
50.3037
44.4076
37.5951
29.9417
21.5326
12.4629
2.83664
-7.2323
-17.6196
-28.1904
-38.797
-49.2811
-59.4749
-69.2023
-78.2817
-86.5287
-93.7621
-99.8087
-104.511
-107.737
-109.388
-238.565
-234.596
-226.738
-215.217
-200.345
-182.496
-162.086
-139.555
-115.352
-89.9232
-63.7037
-37.1084
-10.5301
15.6609
41.1057
65.4735
88.4621
109.797
129.233
146.549
161.553
174.08
183.994
191.187
195.58
197.123
195.797
191.619
184.634
174.918
162.577
147.745
130.583
111.283
90.0639
67.1702
42.8761
17.4838
-8.67518
-35.2413
-61.8424
-88.0844
-113.55
-137.805
-160.399
-180.883
-198.813
-213.772
-225.385
-233.338
-237.402
-237.45
-233.481
-225.62
-214.094
-199.216
-181.361
-160.944
-138.408
-114.202
-88.7742
-62.5605
-35.9769
-9.41759
16.7456
42.1529
66.4727
89.4024
110.668
130.022
147.247
162.149
174.567
184.363
191.433
195.699
197.113
195.658
191.353
184.244
174.411
161.959
147.024
129.77
110.389
89.0982
66.1446
41.8017
16.3712
-9.81612
-36.4014
-63.0142
-89.2614
-114.727
-138.978
-161.565
-182.04
-199.96
-214.91
-226.514
-234.461
-238.519
)
;

boundaryField
{
    top
    {
        type            calculated;
        value           nonuniform List<scalar> 
102
(
-9.81
-9.81
-9.81
-9.81
-9.81
-9.81
-9.81
-9.81
-9.81
-9.81
-9.81
-9.81
-9.81
-9.81
-9.81
-9.81
-9.81
-9.81
-9.81
-9.81
-9.81
-9.81
-9.81
-9.81
-9.81
-9.81
-9.81
-9.81
-9.81
-9.81
-9.81
-9.81
-9.81
-9.81
-9.81
-9.81
-9.81
-9.81
-9.81
-9.81
-9.81
-9.81
-9.81
-9.81
-9.81
-9.81
-9.81
-9.81
-9.81
-9.81
-9.81
-9.81
-9.81
-9.81
-9.81
-9.81
-9.81
-9.81
-9.81
-9.81
-9.81
-9.81
-9.81
-9.81
-9.81
-9.81
-9.81
-9.81
-9.81
-9.81
-9.81
-9.81
-9.81
-9.81
-9.81
-9.81
-9.81
-9.81
-9.81
-9.81
-9.81
-9.81
-9.81
-9.81
-9.81
-9.81
-9.81
-9.81
-9.81
-9.81
-9.81
-9.81
-9.81
-9.81
-9.81
-9.81
-9.81
-9.81
-9.81
-9.81
-9.81
-9.81
)
;
    }
    bottom
    {
        type            calculated;
        value           nonuniform List<scalar> 
102
(
-966.976
-970.625
-977.749
-987.962
-1000.71
-1015.35
-1031.46
-1049.21
-1069.77
-1094.72
-1124.93
-1159.68
-1197.32
-1236.14
-1274.38
-1310.38
-1342.79
-1370.78
-1393.48
-1409.98
-1420.61
-1426.36
-1428.64
-1428.99
-1428.66
-1428.42
-1428.56
-1428.85
-1428.53
-1426.4
-1420.93
-1410.68
-1394.65
-1372.38
-1344.73
-1312.62
-1276.84
-1238.72
-1199.92
-1162.21
-1127.29
-1096.81
-1071.56
-1050.78
-1032.92
-1016.79
-1002.14
-989.387
-979.149
-971.987
-968.291
-968.265
-971.909
-979.024
-989.22
-1001.94
-1016.56
-1032.66
-1050.47
-1071.17
-1096.33
-1126.73
-1161.61
-1199.32
-1238.15
-1276.32
-1312.17
-1344.36
-1372.09
-1394.46
-1410.6
-1420.93
-1426.45
-1428.6
-1428.91
-1428.6
-1428.42
-1428.61
-1428.92
-1428.56
-1426.3
-1420.6
-1410.05
-1393.65
-1371.05
-1343.15
-1310.82
-1274.89
-1236.69
-1197.9
-1160.25
-1125.46
-1095.18
-1070.14
-1049.5
-1031.71
-1015.57
-1000.9
-988.12
-977.867
-970.698
-967.001
)
;
    }
    frontAndBack
    {
        type            empty;
    }
    left_cyc
    {
        type            cyclic;
    }
    right_cyc
    {
        type            cyclic;
    }
}


// ************************************************************************* //
