/*--------------------------------*- C++ -*----------------------------------*\
| =========                 |                                                 |
| \\      /  F ield         | OpenFOAM: The Open Source CFD Toolbox           |
|  \\    /   O peration     | Version:  2.3.0                                 |
|   \\  /    A nd           | Web:      www.OpenFOAM.org                      |
|    \\/     M anipulation  |                                                 |
\*---------------------------------------------------------------------------*/
FoamFile
{
    version     2.0;
    format      ascii;
    class       volScalarField;
    location    "23000";
    object      p_rgh;
}
// * * * * * * * * * * * * * * * * * * * * * * * * * * * * * * * * * * * * * //

dimensions      [0 2 -2 0 0 0 0];

internalField   nonuniform List<scalar> 
3060
(
-966.976
-970.625
-977.749
-987.962
-1000.71
-1015.35
-1031.46
-1049.21
-1069.77
-1094.72
-1124.93
-1159.68
-1197.32
-1236.14
-1274.38
-1310.38
-1342.79
-1370.78
-1393.48
-1409.98
-1420.61
-1426.36
-1428.64
-1428.99
-1428.66
-1428.42
-1428.56
-1428.85
-1428.53
-1426.4
-1420.93
-1410.68
-1394.65
-1372.38
-1344.73
-1312.62
-1276.84
-1238.72
-1199.92
-1162.21
-1127.29
-1096.81
-1071.56
-1050.78
-1032.92
-1016.79
-1002.14
-989.387
-979.149
-971.987
-968.291
-968.265
-971.909
-979.024
-989.22
-1001.94
-1016.56
-1032.66
-1050.47
-1071.17
-1096.33
-1126.73
-1161.61
-1199.32
-1238.15
-1276.32
-1312.17
-1344.36
-1372.09
-1394.46
-1410.6
-1420.93
-1426.45
-1428.6
-1428.91
-1428.6
-1428.42
-1428.61
-1428.92
-1428.56
-1426.3
-1420.6
-1410.05
-1393.65
-1371.05
-1343.15
-1310.82
-1274.89
-1236.69
-1197.9
-1160.25
-1125.46
-1095.18
-1070.14
-1049.5
-1031.71
-1015.57
-1000.9
-988.12
-977.867
-970.698
-967.001
-1085.38
-1085.4
-1085.44
-1085.54
-1085.87
-1086.91
-1089.75
-1096.15
-1108.21
-1127.06
-1151.97
-1180.85
-1211.59
-1242.54
-1272.11
-1299.39
-1325.33
-1350.77
-1373.54
-1390.74
-1402.3
-1409.36
-1413.23
-1415.1
-1415.88
-1416.08
-1415.87
-1415.1
-1413.3
-1409.59
-1402.79
-1391.61
-1374.88
-1352.46
-1327.1
-1301.17
-1274.05
-1244.66
-1213.83
-1183.11
-1154.15
-1129.03
-1109.85
-1097.43
-1090.75
-1087.76
-1086.65
-1086.29
-1086.18
-1086.12
-1086.08
-1086.07
-1086.08
-1086.12
-1086.21
-1086.54
-1087.63
-1090.56
-1097.16
-1109.47
-1128.56
-1153.63
-1182.57
-1213.32
-1244.19
-1273.64
-1300.8
-1326.73
-1352.11
-1374.62
-1391.46
-1402.73
-1409.58
-1413.31
-1415.12
-1415.88
-1416.07
-1415.86
-1415.07
-1413.2
-1409.36
-1402.36
-1390.88
-1373.79
-1351.1
-1325.68
-1299.74
-1272.51
-1242.99
-1212.09
-1181.37
-1152.48
-1127.52
-1108.58
-1096.42
-1089.93
-1087.05
-1085.97
-1085.62
-1085.5
-1085.43
-1085.39
-1084.96
-1085.96
-1088.01
-1091.22
-1095.8
-1102.11
-1110.62
-1121.9
-1136.37
-1154
-1174.12
-1195.73
-1218.1
-1241
-1264.65
-1289.69
-1315.99
-1340.64
-1360.75
-1376.7
-1388.97
-1396.67
-1400.88
-1403.09
-1404.17
-1404.51
-1404.19
-1403.14
-1401.01
-1396.98
-1389.61
-1377.68
-1362
-1342.29
-1317.96
-1291.7
-1266.58
-1242.92
-1220.04
-1197.71
-1176.11
-1155.94
-1138.19
-1123.55
-1112.1
-1103.45
-1097.03
-1092.35
-1089.07
-1086.96
-1085.9
-1085.88
-1086.88
-1088.95
-1092.18
-1096.81
-1103.18
-1111.77
-1123.16
-1137.74
-1155.45
-1175.6
-1197.21
-1219.56
-1242.45
-1266.11
-1291.22
-1317.5
-1341.92
-1361.74
-1377.47
-1389.49
-1396.94
-1401
-1403.14
-1404.19
-1404.51
-1404.17
-1403.08
-1400.88
-1396.71
-1389.08
-1376.89
-1361.01
-1341
-1316.43
-1290.15
-1265.1
-1241.46
-1218.57
-1196.22
-1174.62
-1154.48
-1136.81
-1122.28
-1110.95
-1102.38
-1096.02
-1091.38
-1088.13
-1086.03
-1084.98
-1050.64
-1052.29
-1055.64
-1060.73
-1067.69
-1076.75
-1088.16
-1102.15
-1118.73
-1137.49
-1157.68
-1178.57
-1199.75
-1221.15
-1242.91
-1265.31
-1288.57
-1311.66
-1333.56
-1353.08
-1367.54
-1377.72
-1383.67
-1386.77
-1388.42
-1389
-1388.49
-1386.92
-1383.95
-1378.32
-1368.47
-1354.45
-1335.32
-1313.58
-1290.61
-1267.35
-1244.9
-1223.14
-1201.77
-1180.62
-1159.75
-1139.54
-1120.7
-1104
-1089.85
-1078.3
-1069.12
-1062.05
-1056.87
-1053.45
-1051.72
-1051.69
-1053.35
-1056.72
-1061.84
-1068.85
-1077.96
-1089.45
-1103.53
-1120.18
-1138.98
-1159.18
-1180.05
-1201.21
-1222.6
-1244.36
-1266.81
-1290.08
-1313.08
-1334.88
-1354.11
-1368.25
-1378.18
-1383.89
-1386.88
-1388.47
-1388.99
-1388.43
-1386.8
-1383.72
-1377.85
-1367.76
-1353.41
-1334
-1312.14
-1289.1
-1265.84
-1243.43
-1221.68
-1200.29
-1179.13
-1158.24
-1138.03
-1119.24
-1102.61
-1088.55
-1077.08
-1067.96
-1060.94
-1055.79
-1052.38
-1050.67
-1016.82
-1018.78
-1022.71
-1028.59
-1036.48
-1046.45
-1058.6
-1073
-1089.61
-1108.22
-1128.43
-1149.77
-1171.87
-1194.45
-1217.31
-1240.11
-1262.63
-1284.8
-1306.81
-1327.28
-1343.82
-1355.89
-1363.2
-1367.36
-1369.77
-1370.68
-1369.9
-1367.61
-1363.65
-1356.7
-1345.09
-1328.95
-1308.79
-1286.83
-1264.69
-1242.21
-1219.43
-1196.59
-1174
-1151.88
-1130.51
-1110.25
-1091.56
-1074.83
-1060.31
-1048.04
-1037.95
-1029.96
-1023.98
-1019.97
-1017.93
-1017.9
-1019.87
-1023.81
-1029.72
-1037.65
-1047.67
-1059.88
-1074.34
-1091.02
-1109.67
-1129.91
-1151.27
-1173.38
-1195.97
-1218.82
-1241.61
-1264.12
-1286.27
-1308.26
-1328.5
-1344.76
-1356.49
-1363.53
-1367.54
-1369.86
-1370.68
-1369.8
-1367.42
-1363.32
-1356.1
-1344.15
-1327.72
-1307.34
-1285.35
-1263.2
-1240.69
-1217.9
-1195.06
-1172.47
-1150.37
-1129.02
-1108.79
-1090.14
-1073.48
-1059.02
-1046.81
-1036.78
-1028.83
-1022.87
-1018.89
-1016.86
-982.017
-984.31
-988.869
-995.644
-1004.6
-1015.71
-1028.95
-1044.28
-1061.57
-1080.62
-1101.12
-1122.76
-1145.29
-1168.51
-1192.25
-1216.27
-1240.17
-1263.37
-1285.21
-1305.18
-1322.52
-1335.07
-1342.63
-1346.44
-1348.9
-1350.09
-1349.09
-1346.7
-1343.15
-1336.02
-1323.97
-1306.99
-1287.2
-1265.49
-1242.39
-1218.53
-1194.52
-1170.76
-1147.51
-1124.95
-1103.26
-1082.69
-1063.55
-1046.15
-1030.71
-1017.35
-1006.13
-997.063
-990.186
-985.532
-983.152
-983.112
-985.414
-989.99
-996.791
-1005.78
-1016.94
-1030.23
-1045.62
-1062.96
-1082.06
-1102.6
-1124.27
-1146.83
-1170.07
-1193.83
-1217.86
-1241.74
-1264.88
-1286.63
-1306.48
-1323.57
-1335.75
-1343
-1346.62
-1349.03
-1350.08
-1348.95
-1346.51
-1342.78
-1335.34
-1322.92
-1305.68
-1285.77
-1263.97
-1240.81
-1216.93
-1192.92
-1169.18
-1145.96
-1123.43
-1101.77
-1081.24
-1062.15
-1044.81
-1029.42
-1016.11
-1004.94
-995.91
-989.061
-984.426
-982.055
-949.05
-951.644
-956.777
-964.34
-974.223
-986.314
-1000.5
-1016.64
-1034.59
-1054.16
-1075.11
-1097.22
-1120.32
-1144.25
-1168.9
-1194.05
-1219.3
-1244.15
-1267.88
-1289.51
-1307.66
-1320.09
-1326.12
-1328.11
-1328.92
-1329.67
-1329.04
-1328.26
-1326.54
-1321.06
-1309.22
-1291.48
-1270.08
-1246.49
-1221.71
-1196.47
-1171.31
-1146.62
-1122.63
-1099.48
-1077.29
-1056.26
-1036.6
-1018.54
-1002.28
-987.986
-975.779
-965.782
-958.11
-952.875
-950.184
-950.139
-952.741
-957.89
-965.478
-975.395
-987.527
-1001.76
-1017.95
-1035.96
-1055.57
-1076.57
-1098.73
-1121.87
-1145.85
-1170.54
-1195.71
-1220.97
-1245.78
-1269.43
-1290.91
-1308.77
-1320.77
-1326.4
-1328.2
-1328.99
-1329.66
-1328.96
-1328.17
-1326.26
-1320.38
-1308.11
-1290.08
-1268.52
-1244.84
-1220.03
-1194.79
-1169.66
-1145.01
-1121.06
-1097.95
-1075.81
-1054.83
-1035.22
-1017.22
-1001.01
-986.762
-974.598
-964.637
-956.992
-951.775
-949.094
-918.662
-921.586
-927.346
-935.772
-946.672
-959.843
-975.079
-992.178
-1010.94
-1031.16
-1052.67
-1075.3
-1098.96
-1123.55
-1149.04
-1175.23
-1201.74
-1228.06
-1253.47
-1276.99
-1297.21
-1311.55
-1317.22
-1316.54
-1314.75
-1314.2
-1314.71
-1316.5
-1317.54
-1312.64
-1299
-1279.17
-1255.88
-1230.59
-1204.32
-1177.8
-1151.58
-1126.03
-1101.36
-1077.63
-1054.91
-1033.3
-1012.98
-994.106
-976.891
-961.535
-948.243
-937.223
-928.681
-922.809
-919.778
-919.727
-922.659
-928.434
-936.884
-947.816
-961.027
-976.309
-993.458
-1012.27
-1032.55
-1054.12
-1076.81
-1100.52
-1125.18
-1150.72
-1176.96
-1203.49
-1229.8
-1255.15
-1278.51
-1298.47
-1312.3
-1317.41
-1316.48
-1314.7
-1314.2
-1314.75
-1316.56
-1317.35
-1311.89
-1297.74
-1277.64
-1254.2
-1228.84
-1202.55
-1176.06
-1149.88
-1124.39
-1099.78
-1076.11
-1053.44
-1031.9
-1011.63
-992.812
-975.648
-960.339
-947.088
-936.102
-927.586
-921.732
-918.71
-890.805
-894.119
-900.623
-910.074
-922.189
-936.663
-953.19
-971.483
-991.285
-1012.38
-1034.61
-1057.86
-1082.09
-1107.31
-1133.54
-1160.64
-1188.28
-1215.94
-1242.92
-1268.18
-1290.33
-1307.21
-1315.42
-1314.7
-1311.02
-1309.36
-1310.84
-1314.57
-1315.9
-1308.6
-1292.35
-1270.56
-1245.51
-1218.65
-1191.01
-1163.36
-1136.19
-1109.88
-1084.57
-1060.24
-1036.89
-1014.56
-993.35
-973.432
-955.019
-938.368
-923.768
-911.526
-901.949
-895.324
-891.892
-891.836
-895.157
-901.675
-911.15
-923.296
-937.807
-954.379
-972.721
-992.579
-1013.74
-1036.03
-1059.35
-1083.65
-1108.95
-1135.26
-1162.42
-1190.1
-1217.77
-1244.7
-1269.82
-1291.73
-1308.17
-1315.72
-1314.56
-1310.86
-1309.36
-1310.99
-1314.71
-1315.6
-1307.64
-1290.95
-1268.91
-1243.73
-1216.81
-1189.18
-1161.56
-1134.46
-1108.23
-1083
-1058.74
-1035.46
-1013.19
-992.04
-972.177
-953.815
-937.21
-922.65
-910.44
-900.889
-894.281
-890.859
-864.973
-868.764
-876.178
-886.89
-900.51
-916.612
-934.772
-954.602
-975.772
-998.028
-1021.21
-1045.24
-1070.13
-1095.97
-1122.88
-1150.75
-1179.33
-1208.14
-1236.5
-1263.38
-1287.4
-1306.66
-1318.45
-1321.07
-1318.47
-1316.73
-1318.32
-1321.15
-1319.29
-1308.33
-1289.62
-1265.95
-1239.27
-1211
-1182.2
-1153.58
-1125.63
-1098.61
-1072.67
-1047.66
-1023.53
-1000.23
-977.861
-956.572
-936.617
-918.328
-902.094
-888.339
-877.491
-869.945
-866.025
-865.963
-869.76
-877.188
-887.922
-901.572
-917.711
-935.915
-955.794
-977.02
-999.339
-1022.59
-1046.69
-1071.67
-1097.6
-1124.61
-1152.57
-1181.2
-1210.04
-1238.36
-1265.13
-1288.93
-1307.81
-1319.01
-1321.08
-1318.33
-1316.72
-1318.46
-1321.14
-1318.74
-1307.19
-1288.09
-1264.19
-1237.39
-1209.09
-1180.31
-1151.76
-1123.88
-1096.97
-1071.11
-1046.19
-1022.13
-998.906
-976.595
-955.362
-935.458
-917.213
-901.017
-887.294
-876.472
-868.943
-865.033
-840.453
-844.822
-853.344
-865.601
-881.075
-899.199
-919.411
-941.197
-964.132
-987.904
-1012.33
-1037.36
-1063.05
-1089.56
-1117.11
-1145.65
-1174.98
-1204.71
-1234.2
-1262.47
-1288.2
-1309.68
-1324.77
-1331.84
-1332.64
-1331.99
-1332.68
-1332.3
-1325.98
-1311.59
-1290.62
-1265.21
-1237.12
-1207.7
-1177.96
-1148.57
-1119.94
-1092.28
-1065.64
-1039.83
-1014.68
-990.138
-966.246
-943.188
-921.273
-900.927
-882.663
-867.046
-854.644
-845.977
-841.467
-841.398
-845.773
-854.309
-866.587
-882.09
-900.251
-920.505
-942.341
-965.332
-989.168
-1013.67
-1038.78
-1064.56
-1091.18
-1118.84
-1147.48
-1176.88
-1206.66
-1236.14
-1264.32
-1289.85
-1310.99
-1325.59
-1332.13
-1332.64
-1331.99
-1332.68
-1332.02
-1325.17
-1310.29
-1288.98
-1263.36
-1235.17
-1205.74
-1176.04
-1146.73
-1118.2
-1090.64
-1064.11
-1038.39
-1013.33
-988.854
-965.026
-942.023
-920.159
-899.857
-881.631
-866.045
-853.668
-845.019
-840.519
-816.513
-821.568
-831.412
-845.519
-863.225
-883.802
-906.522
-930.724
-955.867
-981.558
-1007.58
-1033.88
-1060.56
-1087.86
-1116.03
-1145.12
-1175.02
-1205.44
-1235.77
-1265.12
-1292.24
-1315.56
-1333.35
-1344.19
-1348.61
-1349.48
-1348.89
-1345
-1334.85
-1317.69
-1294.81
-1267.99
-1238.81
-1208.53
-1178.09
-1148.12
-1118.92
-1090.63
-1063.2
-1036.39
-1009.96
-983.822
-958.008
-932.739
-908.404
-885.544
-864.821
-846.961
-832.698
-822.697
-817.488
-817.413
-822.473
-832.331
-846.459
-864.194
-884.807
-907.569
-931.821
-957.019
-982.776
-1008.87
-1035.26
-1062.04
-1089.45
-1117.74
-1146.94
-1176.94
-1207.41
-1237.75
-1267.03
-1293.97
-1317
-1334.37
-1344.73
-1348.78
-1349.48
-1348.72
-1344.47
-1333.84
-1316.25
-1293.08
-1266.08
-1236.82
-1206.54
-1176.17
-1146.28
-1117.19
-1089.01
-1061.7
-1034.99
-1008.65
-982.581
-956.832
-931.619
-907.333
-884.517
-863.831
-846.004
-831.766
-821.783
-816.585
-792.503
-798.353
-809.732
-825.993
-846.31
-869.769
-895.458
-922.548
-950.355
-978.391
-1006.38
-1034.26
-1062.16
-1090.37
-1119.19
-1148.75
-1179.07
-1209.92
-1240.78
-1270.83
-1298.9
-1323.56
-1343.28
-1356.79
-1363.94
-1366.09
-1364.4
-1357.85
-1344.99
-1325.83
-1301.59
-1273.79
-1243.89
-1213.07
-1182.2
-1151.8
-1122.12
-1093.17
-1064.83
-1036.8
-1008.79
-980.683
-952.524
-924.588
-897.363
-871.528
-847.914
-827.434
-811.005
-799.456
-793.439
-793.357
-799.212
-810.605
-826.887
-847.233
-870.729
-896.46
-923.599
-951.463
-979.563
-1007.63
-1035.6
-1063.6
-1091.93
-1120.87
-1150.56
-1180.98
-1211.9
-1242.78
-1272.77
-1300.68
-1325.09
-1344.43
-1357.51
-1364.25
-1366.09
-1364.1
-1357.15
-1343.84
-1324.31
-1299.8
-1271.85
-1241.89
-1211.09
-1180.28
-1149.98
-1120.42
-1091.6
-1063.37
-1035.44
-1007.52
-979.484
-951.389
-923.509
-896.333
-870.542
-846.966
-826.519
-810.117
-798.587
-792.581
-767.893
-774.638
-787.751
-806.449
-829.727
-856.47
-885.561
-915.984
-946.898
-977.696
-1008.03
-1037.81
-1067.18
-1096.46
-1125.97
-1155.98
-1186.57
-1217.62
-1248.68
-1279.01
-1307.55
-1332.98
-1353.84
-1368.98
-1377.85
-1380.85
-1378.44
-1370.19
-1355.67
-1335.34
-1310.31
-1282.02
-1251.82
-1220.8
-1189.72
-1159.05
-1128.92
-1099.28
-1069.87
-1040.38
-1010.47
-980.015
-949.094
-918.052
-887.491
-858.248
-831.342
-807.89
-789.012
-775.717
-768.79
-768.702
-775.452
-788.578
-807.299
-830.608
-857.387
-886.522
-916.994
-947.963
-978.826
-1009.24
-1039.11
-1068.58
-1097.97
-1127.61
-1157.74
-1188.45
-1219.57
-1250.66
-1280.94
-1309.35
-1334.54
-1355.06
-1369.79
-1378.25
-1380.85
-1378.05
-1369.38
-1354.45
-1333.78
-1308.51
-1280.08
-1249.84
-1218.84
-1187.84
-1157.27
-1127.27
-1097.75
-1068.45
-1039.06
-1009.24
-978.856
-947.997
-917.01
-886.498
-857.299
-830.433
-807.016
-788.166
-774.891
-767.978
-742.274
-750.004
-765.022
-786.4
-812.936
-843.301
-876.165
-910.311
-944.725
-978.672
-1011.72
-1043.72
-1074.81
-1105.32
-1135.61
-1166.06
-1196.85
-1227.88
-1258.81
-1289.01
-1317.48
-1343.05
-1364.39
-1380.36
-1390.19
-1393.66
-1390.84
-1381.65
-1366.27
-1345.42
-1320.24
-1292
-1261.94
-1231.04
-1199.99
-1169.13
-1138.56
-1108.15
-1077.52
-1046.3
-1014.18
-981.016
-946.947
-912.405
-878.12
-845.097
-814.56
-787.84
-766.271
-751.057
-743.132
-743.036
-750.771
-765.804
-787.206
-813.774
-844.178
-877.087
-911.283
-945.753
-979.764
-1012.88
-1044.97
-1076.16
-1106.79
-1137.2
-1167.77
-1198.67
-1229.77
-1260.74
-1290.89
-1319.25
-1344.6
-1365.63
-1381.22
-1390.62
-1393.67
-1390.41
-1380.8
-1365.03
-1343.87
-1318.47
-1290.11
-1260.01
-1229.14
-1198.16
-1167.4
-1136.96
-1106.66
-1076.14
-1045.02
-1012.98
-979.89
-945.883
-911.396
-877.16
-844.183
-813.689
-787.006
-765.467
-750.275
-742.365
-715.338
-724.129
-741.19
-765.43
-795.441
-829.672
-866.583
-904.751
-942.978
-980.398
-1016.47
-1051
-1084.07
-1116
-1147.16
-1178.01
-1208.84
-1239.66
-1270.21
-1299.94
-1327.97
-1353.23
-1374.51
-1390.71
-1400.92
-1404.61
-1401.59
-1392.02
-1376.39
-1355.57
-1330.67
-1302.88
-1273.28
-1242.77
-1211.93
-1181.04
-1150.08
-1118.81
-1086.78
-1053.59
-1018.95
-982.761
-945.222
-906.867
-868.563
-831.483
-797.071
-766.868
-742.426
-725.156
-716.157
-716.053
-724.849
-741.927
-766.192
-796.238
-830.51
-867.47
-905.689
-943.973
-981.455
-1017.6
-1052.21
-1085.38
-1117.41
-1148.68
-1179.65
-1210.58
-1241.47
-1272.06
-1301.75
-1329.68
-1354.74
-1375.74
-1391.58
-1401.37
-1404.61
-1401.15
-1391.16
-1375.17
-1354.07
-1328.97
-1301.06
-1271.43
-1240.94
-1210.17
-1179.38
-1148.54
-1117.38
-1085.44
-1052.35
-1017.79
-981.665
-944.187
-905.887
-867.634
-830.602
-796.236
-766.072
-741.664
-724.42
-715.436
-686.858
-696.776
-715.975
-743.182
-776.776
-814.983
-856.044
-898.35
-940.554
-981.647
-1020.99
-1058.28
-1093.56
-1127.07
-1159.24
-1190.59
-1221.48
-1252.01
-1282.03
-1311.05
-1338.35
-1362.95
-1383.77
-1399.74
-1409.93
-1413.65
-1410.6
-1401.03
-1385.6
-1365.23
-1340.97
-1313.9
-1285
-1255.04
-1224.5
-1193.56
-1162.12
-1129.86
-1096.24
-1060.87
-1023.47
-984.022
-942.811
-900.477
-858.025
-816.797
-778.405
-744.612
-717.194
-697.776
-687.636
-687.524
-697.448
-716.665
-743.899
-777.531
-815.784
-856.895
-899.255
-941.518
-982.674
-1022.08
-1059.45
-1094.81
-1128.42
-1160.7
-1192.15
-1223.13
-1253.73
-1283.78
-1312.78
-1339.97
-1364.39
-1384.95
-1400.58
-1410.37
-1413.66
-1410.16
-1400.2
-1384.43
-1363.79
-1339.34
-1312.17
-1283.24
-1253.31
-1222.83
-1191.98
-1160.65
-1128.48
-1094.95
-1059.66
-1022.33
-982.952
-941.801
-899.523
-857.125
-815.949
-777.606
-743.857
-716.476
-697.086
-686.964
-656.621
-667.674
-688.999
-719.135
-756.256
-798.382
-843.562
-890.017
-936.253
-981.131
-1023.89
-1064.14
-1101.83
-1137.13
-1170.49
-1202.48
-1233.52
-1263.78
-1293.2
-1321.41
-1347.78
-1371.49
-1391.56
-1407.01
-1416.91
-1420.55
-1417.56
-1408.25
-1393.32
-1373.67
-1350.28
-1324.13
-1296.06
-1266.7
-1236.44
-1205.36
-1173.31
-1139.87
-1104.49
-1066.72
-1026.37
-983.506
-938.512
-892.143
-845.538
-800.188
-757.873
-720.546
-690.192
-668.638
-657.353
-657.235
-668.294
-689.639
-719.806
-756.968
-799.143
-844.377
-890.891
-937.188
-982.128
-1024.95
-1065.28
-1103.04
-1138.42
-1171.88
-1203.96
-1235.07
-1265.4
-1294.84
-1323.02
-1349.3
-1372.84
-1392.67
-1407.8
-1417.33
-1420.55
-1417.14
-1407.46
-1392.21
-1372.32
-1348.76
-1322.52
-1294.41
-1265.07
-1234.86
-1203.87
-1171.9
-1138.55
-1103.24
-1065.54
-1025.26
-982.46
-937.526
-891.215
-844.667
-799.373
-757.111
-719.833
-689.52
-667.997
-656.732
-624.46
-636.59
-659.916
-692.794
-733.214
-779.021
-828.103
-878.54
-928.708
-977.346
-1023.58
-1066.91
-1107.17
-1144.44
-1179.2
-1212.03
-1243.37
-1273.48
-1302.36
-1329.74
-1355.13
-1377.83
-1397
-1411.74
-1421.21
-1424.7
-1421.82
-1412.92
-1398.66
-1379.89
-1357.5
-1332.32
-1305.07
-1276.27
-1246.18
-1214.81
-1181.94
-1147.13
-1109.79
-1069.46
-1026.04
-979.71
-930.956
-880.653
-830.062
-780.805
-734.804
-694.173
-661.07
-637.51
-625.141
-625.018
-637.155
-660.502
-693.415
-733.88
-779.742
-828.883
-879.382
-929.614
-978.317
-1024.62
-1068.01
-1108.34
-1145.68
-1180.51
-1213.42
-1244.83
-1274.99
-1303.88
-1331.23
-1356.53
-1379.08
-1398.02
-1412.48
-1421.6
-1424.7
-1421.44
-1412.18
-1397.63
-1378.64
-1356.09
-1330.83
-1303.54
-1274.75
-1244.7
-1213.4
-1180.6
-1145.86
-1108.59
-1068.31
-1024.96
-978.686
-929.992
-879.751
-829.222
-780.026
-734.084
-693.506
-660.448
-636.922
-624.575
-590.263
-603.342
-628.415
-663.677
-706.967
-755.997
-808.537
-862.563
-916.351
-968.538
-1018.14
-1064.55
-1107.47
-1146.87
-1183.22
-1217.11
-1248.99
-1279.14
-1307.63
-1334.31
-1358.78
-1380.49
-1398.72
-1412.7
-1421.67
-1424.97
-1422.24
-1413.79
-1400.27
-1382.41
-1361
-1336.73
-1310.2
-1281.79
-1251.67
-1219.79
-1185.87
-1149.48
-1110.04
-1067.06
-1020.58
-970.875
-918.571
-864.645
-810.461
-757.742
-708.514
-665.008
-629.518
-604.207
-590.885
-590.76
-603.847
-628.943
-664.243
-707.584
-756.673
-809.278
-863.372
-917.228
-969.483
-1019.15
-1065.62
-1108.6
-1148.05
-1184.47
-1218.42
-1250.35
-1280.53
-1309.03
-1335.67
-1360.06
-1381.63
-1399.65
-1413.37
-1422.02
-1424.97
-1421.88
-1413.12
-1399.33
-1381.27
-1359.71
-1335.36
-1308.79
-1280.38
-1250.29
-1218.46
-1184.6
-1148.26
-1108.87
-1065.94
-1019.51
-969.872
-917.631
-863.771
-809.654
-757.002
-707.839
-664.392
-628.951
-603.677
-590.379
-553.964
-567.789
-594.215
-631.309
-676.809
-728.344
-783.625
-840.57
-897.397
-952.671
-1005.32
-1054.61
-1100.13
-1141.72
-1179.83
-1215
-1247.67
-1278.11
-1306.47
-1332.65
-1356.38
-1377.22
-1394.6
-1407.85
-1416.33
-1419.45
-1416.86
-1408.86
-1396.03
-1379
-1358.44
-1334.91
-1308.88
-1280.61
-1250.21
-1217.57
-1182.39
-1144.25
-1102.64
-1057.07
-1007.7
-954.959
-899.568
-842.6
-785.492
-730.029
-678.292
-632.576
-595.252
-568.588
-554.521
-554.396
-568.229
-594.68
-631.816
-677.37
-728.971
-784.322
-841.342
-898.242
-953.587
-1006.3
-1055.65
-1101.22
-1142.85
-1181.02
-1216.24
-1248.94
-1279.41
-1307.75
-1333.89
-1357.54
-1378.25
-1395.44
-1408.46
-1416.65
-1419.45
-1416.54
-1408.25
-1395.18
-1377.97
-1357.27
-1333.65
-1307.58
-1279.3
-1248.92
-1216.31
-1181.17
-1143.08
-1101.5
-1055.97
-1006.66
-953.982
-898.656
-841.759
-784.725
-729.335
-677.669
-632.016
-594.745
-568.122
-554.08
-515.543
-529.829
-557.061
-595.228
-642.021
-695.055
-752.042
-810.906
-869.855
-927.423
-982.473
-1034.19
-1082.03
-1125.69
-1165.6
-1202.19
-1235.84
-1266.85
-1295.33
-1321.29
-1344.53
-1364.72
-1381.4
-1394.05
-1402.11
-1405.07
-1402.6
-1394.98
-1382.72
-1366.36
-1346.43
-1323.4
-1297.59
-1269.2
-1238.26
-1204.63
-1168.05
-1128.13
-1084.45
-1036.57
-984.782
-929.635
-871.947
-812.854
-753.825
-696.653
-643.417
-596.408
-558.015
-530.549
-516.026
-515.903
-530.198
-557.457
-595.668
-642.52
-695.624
-752.688
-811.632
-870.66
-928.303
-983.421
-1035.19
-1083.08
-1126.78
-1166.73
-1203.35
-1237.03
-1268.05
-1296.52
-1322.43
-1345.59
-1365.65
-1382.17
-1394.6
-1402.4
-1405.07
-1402.31
-1394.43
-1381.95
-1365.42
-1345.37
-1322.24
-1296.39
-1267.98
-1237.04
-1203.43
-1166.88
-1127
-1083.35
-1035.5
-983.773
-928.689
-871.072
-812.056
-753.107
-696.014
-642.854
-595.913
-557.576
-530.153
-515.657
-475.025
-489.402
-516.737
-554.998
-601.899
-655.113
-712.422
-771.822
-831.574
-890.232
-946.642
-999.928
-1049.46
-1094.79
-1136.28
-1174.23
-1208.94
-1240.65
-1269.49
-1295.46
-1318.46
-1338.23
-1354.43
-1366.62
-1374.35
-1377.18
-1374.8
-1367.47
-1355.63
-1339.74
-1320.21
-1297.41
-1271.59
-1242.86
-1211.22
-1176.54
-1138.61
-1097.12
-1051.77
-1002.2
-948.841
-892.333
-833.551
-773.653
-714.086
-656.593
-603.18
-556.069
-517.588
-490.028
-475.423
-475.305
-489.691
-517.055
-555.363
-602.327
-655.614
-713.005
-772.491
-832.327
-891.065
-947.547
-1000.89
-1050.47
-1095.84
-1137.36
-1175.34
-1210.06
-1241.77
-1270.58
-1296.51
-1319.42
-1339.07
-1355.11
-1367.11
-1374.61
-1377.18
-1374.53
-1366.97
-1354.93
-1338.88
-1319.24
-1296.35
-1270.47
-1241.71
-1210.07
-1175.4
-1137.49
-1096.03
-1050.7
-1001.18
-947.873
-891.431
-832.726
-772.91
-713.429
-656.02
-602.688
-555.648
-517.226
-489.71
-475.133
-432.468
-446.485
-473.07
-510.235
-555.792
-607.546
-663.427
-721.568
-780.351
-838.411
-894.635
-948.138
-998.235
-1044.41
-1086.86
-1125.76
-1161.28
-1193.59
-1222.78
-1248.87
-1271.75
-1291.26
-1307.11
-1318.97
-1326.46
-1329.19
-1326.86
-1319.74
-1308.21
-1292.64
-1273.36
-1250.66
-1224.73
-1195.65
-1163.41
-1127.93
-1089.05
-1046.59
-1000.39
-950.253
-896.679
-840.355
-782.169
-723.239
-664.932
-608.872
-556.926
-511.168
-473.796
-447
-432.772
-432.662
-446.688
-473.302
-510.515
-556.137
-607.967
-663.932
-722.163
-781.035
-839.18
-895.478
-949.043
-999.189
-1045.4
-1087.89
-1126.81
-1162.34
-1194.64
-1223.8
-1249.83
-1272.63
-1292.03
-1307.73
-1319.42
-1326.69
-1329.18
-1326.62
-1319.29
-1307.58
-1291.85
-1272.47
-1249.68
-1223.69
-1194.57
-1162.32
-1126.84
-1087.98
-1045.55
-999.389
-949.29
-895.772
-839.519
-781.413
-722.571
-664.354
-608.381
-556.518
-510.833
-473.521
-446.769
-432.569
-388.026
-401.157
-426.001
-460.689
-503.205
-551.561
-603.903
-658.574
-714.139
-769.38
-823.29
-875.042
-923.969
-969.531
-1011.75
-1050.63
-1086.22
-1118.57
-1147.72
-1173.65
-1196.28
-1215.45
-1230.94
-1242.46
-1249.72
-1252.35
-1250.08
-1243.16
-1231.92
-1216.69
-1197.73
-1175.28
-1149.49
-1120.45
-1088.17
-1052.63
-1013.76
-971.521
-925.902
-876.942
-825.118
-771.108
-715.742
-660.033
-605.202
-552.69
-504.155
-461.455
-426.579
-401.545
-388.224
-388.125
-401.265
-426.139
-460.873
-503.452
-551.884
-604.312
-659.074
-714.729
-770.058
-824.044
-875.858
-924.824
-970.452
-1012.72
-1051.62
-1087.21
-1119.55
-1148.66
-1174.53
-1197.08
-1216.14
-1231.5
-1242.86
-1249.93
-1252.34
-1249.86
-1242.75
-1231.35
-1215.98
-1196.91
-1174.38
-1148.53
-1119.44
-1087.15
-1051.61
-1012.76
-970.554
-924.999
-876.07
-824.302
-770.365
-715.083
-659.464
-604.725
-552.3
-503.848
-461.219
-426.402
-401.41
-388.116
-341.764
-353.43
-375.444
-406.131
-443.724
-486.51
-532.915
-581.55
-631.221
-680.919
-729.808
-777.195
-822.507
-865.306
-905.367
-942.531
-976.718
-1007.89
-1036
-1060.99
-1082.74
-1101.12
-1115.93
-1126.91
-1133.81
-1136.3
-1134.12
-1127.52
-1116.79
-1102.22
-1084.03
-1062.43
-1037.57
-1009.55
-978.445
-944.291
-907.132
-867.045
-824.186
-778.822
-731.355
-682.363
-632.542
-582.736
-533.955
-487.396
-444.452
-406.698
-375.849
-353.672
-341.843
-341.759
-353.435
-375.476
-406.207
-443.86
-486.718
-533.204
-581.927
-631.687
-681.473
-730.442
-777.898
-823.262
-866.13
-906.235
-943.423
-977.617
-1008.77
-1036.85
-1061.79
-1083.47
-1101.75
-1116.43
-1127.27
-1133.99
-1136.29
-1133.93
-1127.15
-1116.28
-1101.58
-1083.29
-1061.61
-1036.69
-1008.64
-977.514
-943.362
-906.223
-866.176
-823.377
-778.064
-730.663
-681.749
-632.014
-582.297
-533.604
-487.13
-444.263
-406.576
-375.781
-353.643
-341.84
-293.665
-303.262
-321.31
-346.407
-377.105
-412.025
-449.926
-489.733
-530.538
-571.59
-612.28
-652.118
-690.714
-727.808
-762.951
-795.859
-826.352
-854.304
-879.608
-902.15
-921.8
-938.399
-951.761
-961.67
-967.886
-970.132
-968.152
-962.177
-952.483
-939.31
-922.871
-903.351
-880.911
-855.68
-827.774
-797.301
-764.386
-729.21
-692.057
-653.387
-613.46
-572.669
-531.506
-490.581
-450.65
-412.62
-377.57
-346.743
-321.517
-303.34
-293.617
-293.551
-303.156
-321.228
-346.364
-377.113
-412.097
-450.071
-489.957
-530.844
-571.979
-612.75
-652.665
-691.331
-728.488
-763.676
-796.611
-827.114
-855.059
-880.336
-902.834
-922.419
-938.933
-952.189
-961.973
-968.044
-970.125
-967.98
-961.86
-952.039
-938.759
-922.233
-902.646
-880.158
-854.899
-826.982
-796.516
-763.625
-728.49
-691.395
-652.793
-612.941
-572.229
-531.148
-490.306
-450.454
-412.499
-377.518
-346.749
-321.57
-303.427
-293.724
-249.073
-255.913
-268.699
-286.378
-307.893
-332.261
-358.623
-386.256
-414.577
-443.13
-471.577
-499.689
-527.338
-554.505
-580.616
-605.332
-628.437
-649.773
-669.208
-686.611
-701.845
-714.758
-725.181
-732.931
-737.804
-739.567
-737.997
-733.296
-725.698
-715.406
-702.602
-687.454
-670.114
-650.72
-629.403
-606.297
-581.558
-555.404
-528.175
-500.443
-472.245
-443.71
-415.068
-386.655
-358.93
-332.478
-308.02
-286.417
-268.652
-255.781
-248.859
-248.816
-255.662
-268.467
-286.176
-307.731
-332.149
-358.568
-386.265
-414.654
-443.279
-471.799
-499.986
-527.711
-554.939
-581.097
-605.846
-628.968
-650.308
-669.732
-687.108
-702.299
-715.151
-725.498
-733.157
-737.923
-739.562
-737.868
-733.059
-725.368
-714.999
-702.134
-686.941
-669.572
-650.164
-628.848
-605.758
-581.05
-554.94
-527.769
-500.113
-471.989
-443.526
-414.953
-386.609
-358.949
-332.555
-308.15
-286.592
-268.863
-256.018
-249.111
-169.361
-173.473
-181.118
-191.635
-204.369
-218.728
-234.204
-250.385
-266.954
-283.685
-300.445
-317.201
-334.043
-351.186
-367.999
-384.146
-399.421
-413.673
-426.769
-438.583
-448.985
-457.844
-465.021
-470.37
-473.741
-474.96
-473.866
-470.608
-465.355
-458.262
-449.47
-439.119
-427.34
-414.263
-400.015
-384.729
-368.556
-351.704
-334.507
-317.589
-300.766
-283.944
-267.153
-250.526
-234.289
-218.759
-204.348
-191.563
-180.998
-173.306
-169.148
-169.124
-173.24
-180.898
-191.433
-204.194
-218.585
-234.098
-250.32
-266.934
-283.714
-300.527
-317.341
-334.251
-351.444
-368.295
-384.47
-399.763
-414.022
-427.114
-438.912
-449.288
-458.108
-465.234
-470.523
-473.821
-474.956
-473.778
-470.447
-465.133
-457.988
-449.157
-438.777
-426.982
-413.9
-399.658
-384.388
-368.242
-351.427
-334.278
-317.427
-300.663
-283.893
-267.15
-250.569
-234.374
-218.882
-204.505
-191.748
-181.206
-173.53
-169.382
-253.319
-251.384
-247.367
-241.22
-232.97
-222.719
-210.64
-196.963
-181.964
-165.954
-149.277
-132.329
-115.611
-99.831
-84.7478
-70.4414
-57.0586
-44.749
-33.6468
-23.8652
-15.4942
-8.60029
-3.22667
0.606439
2.90281
3.69486
3.03363
0.871065
-2.82772
-8.0685
-14.833
-23.0796
-32.7438
-43.737
-55.9476
-69.2423
-83.4723
-98.4908
-114.215
-130.873
-147.796
-164.467
-180.488
-195.511
-209.222
-221.344
-231.646
-239.954
-246.162
-250.243
-252.243
-252.275
-250.341
-246.326
-240.182
-231.936
-221.691
-209.619
-195.952
-180.967
-164.975
-148.324
-131.411
-114.75
-99.0185
-83.9849
-69.7324
-56.4084
-44.1622
-33.1279
-23.4177
-15.121
-8.30334
-3.00703
0.748806
2.96916
3.68817
2.95392
0.715272
-3.06094
-8.37924
-15.2203
-23.5416
-33.2775
-44.3389
-56.6134
-69.9672
-84.2515
-99.3198
-115.092
-131.808
-148.766
-165.462
-181.5
-196.536
-210.256
-222.384
-232.689
-240.999
-247.208
-251.288
-253.288
)
;

boundaryField
{
    top
    {
        type            fixedValue;
        value           uniform 0;
    }
    bottom
    {
        type            fixedFluxPressure;
        gradient        nonuniform List<scalar> 
102
(
0
0
0
0
0
0
0
0
0
0
0
0
0
0
0
0
0
0
0
0
0
0
0
0
0
0
0
0
0
0
0
0
0
0
0
0
0
0
0
0
0
0
0
0
0
0
0
0
0
0
0
0
0
0
0
0
0
0
0
0
0
0
0
0
0
0
0
0
0
0
0
0
0
0
0
0
0
0
0
0
0
0
0
0
0
0
0
0
0
0
0
0
0
0
0
0
0
0
0
0
0
-2.07383e-14
)
;
        value           nonuniform List<scalar> 
102
(
-966.976
-970.625
-977.749
-987.962
-1000.71
-1015.35
-1031.46
-1049.21
-1069.77
-1094.72
-1124.93
-1159.68
-1197.32
-1236.14
-1274.38
-1310.38
-1342.79
-1370.78
-1393.48
-1409.98
-1420.61
-1426.36
-1428.64
-1428.99
-1428.66
-1428.42
-1428.56
-1428.85
-1428.53
-1426.4
-1420.93
-1410.68
-1394.65
-1372.38
-1344.73
-1312.62
-1276.84
-1238.72
-1199.92
-1162.21
-1127.29
-1096.81
-1071.56
-1050.78
-1032.92
-1016.79
-1002.14
-989.387
-979.149
-971.987
-968.291
-968.265
-971.909
-979.024
-989.22
-1001.94
-1016.56
-1032.66
-1050.47
-1071.17
-1096.33
-1126.73
-1161.61
-1199.32
-1238.15
-1276.32
-1312.17
-1344.36
-1372.09
-1394.46
-1410.6
-1420.93
-1426.45
-1428.6
-1428.91
-1428.6
-1428.42
-1428.61
-1428.92
-1428.56
-1426.3
-1420.6
-1410.05
-1393.65
-1371.05
-1343.15
-1310.82
-1274.89
-1236.69
-1197.9
-1160.25
-1125.46
-1095.18
-1070.14
-1049.5
-1031.71
-1015.57
-1000.9
-988.12
-977.867
-970.698
-967.001
)
;
    }
    frontAndBack
    {
        type            empty;
    }
    left_cyc
    {
        type            cyclic;
    }
    right_cyc
    {
        type            cyclic;
    }
}


// ************************************************************************* //
