/*--------------------------------*- C++ -*----------------------------------*\
| =========                 |                                                 |
| \\      /  F ield         | OpenFOAM: The Open Source CFD Toolbox           |
|  \\    /   O peration     | Version:  2.3.0                                 |
|   \\  /    A nd           | Web:      www.OpenFOAM.org                      |
|    \\/     M anipulation  |                                                 |
\*---------------------------------------------------------------------------*/
FoamFile
{
    version     2.0;
    format      ascii;
    class       surfaceScalarField;
    location    "21000";
    object      phi;
}
// * * * * * * * * * * * * * * * * * * * * * * * * * * * * * * * * * * * * * //

dimensions      [0 3 -1 0 0 0 0];

internalField   nonuniform List<scalar> 
5988
(
0.00362086
-0.00318034
0.00674632
-0.00312546
0.0097709
-0.00302457
0.0126518
-0.00288094
0.0153506
-0.00269879
0.0178337
-0.00248311
0.020073
-0.00223923
0.022045
-0.00197206
0.0237296
-0.00168456
0.0251053
-0.0013757
0.0261441
-0.00103878
0.0268055
-0.000661429
0.0270334
-0.000227914
0.0267587
0.000274728
0.0259129
0.000845812
0.0244553
0.00145757
0.0224008
0.00205448
0.0198312
0.00256962
0.0169038
0.00292744
0.0138222
0.00308156
0.0107804
0.00304183
0.00793121
0.00284916
0.0053467
0.00258451
0.00300997
0.00233672
0.000838946
0.00217103
-0.00128232
0.00212127
-0.00347851
0.00219619
-0.00586089
0.00238238
-0.00850063
0.00263974
-0.0113973
0.00289667
-0.0144602
0.00306288
-0.0175235
0.00306331
-0.0203888
0.00286534
-0.0228567
0.00246791
-0.024785
0.00192822
-0.0261064
0.00132145
-0.0268191
0.000712706
-0.0269722
0.000153061
-0.0266364
-0.000335821
-0.0258789
-0.000757465
-0.0247527
-0.00112619
-0.0232954
-0.00145731
-0.0215334
-0.00176199
-0.0194878
-0.00204555
-0.0171799
-0.00230793
-0.0146344
-0.00254554
-0.0118811
-0.00275331
-0.00895513
-0.00292594
-0.00589647
-0.00305866
-0.00274901
-0.00314746
0.00044035
-0.00318936
0.00362296
-0.00318261
0.0067505
-0.00312754
0.00977678
-0.00302628
0.0126589
-0.00288213
0.0153582
-0.00269929
0.017841
-0.00248276
0.0200788
-0.00223784
0.0220482
-0.00196938
0.0237284
-0.00168018
0.0250973
-0.00136899
0.0261262
-0.00102883
0.0267733
-0.000647103
0.0269814
-0.000208077
0.0266806
0.000300737
0.0258033
0.000877289
0.0243116
0.00149172
0.0222247
0.00208692
0.0196296
0.00259506
0.0166887
0.00294096
0.0136065
0.00308218
0.0105757
0.00303082
0.00774474
0.00283094
0.00517954
0.00256519
0.00285787
0.00232167
0.000694376
0.00216349
-0.00142815
0.00212252
-0.00363419
0.00220604
-0.00603324
0.00239905
-0.00869261
0.00265937
-0.0116061
0.00291346
-0.0146771
0.00307099
-0.0177364
0.0030593
-0.0205846
0.00284821
-0.0230245
0.00243996
-0.0249193
0.0018948
-0.0262069
0.00128755
-0.0268894
0.000682485
-0.0270181
0.000128691
-0.0266639
-0.000354114
-0.0258934
-0.000770544
-0.0247582
-0.00113523
-0.0232948
-0.00146339
-0.0215288
-0.00176594
-0.0194809
-0.00204793
-0.0171718
-0.00230909
-0.0146261
-0.00254571
-0.0118734
-0.00275267
-0.00894877
-0.00292466
-0.0058919
-0.00305687
-0.00274656
-0.00314534
-0.00318708
0.00547263
-0.00798845
0.0102423
-0.00789516
0.0149413
-0.00772357
0.01954
-0.0074796
0.0240111
-0.00716987
0.0283274
-0.00679949
0.0324578
-0.00636956
0.036361
-0.00587524
0.0399814
-0.00530498
0.0432463
-0.00464058
0.0460649
-0.00385741
0.0483279
-0.00292448
0.0499055
-0.00180553
0.0506446
-0.000464323
0.0503752
0.00111517
0.0489404
0.00289242
0.0462386
0.00475629
0.0422723
0.0065359
0.037214
0.00798578
0.031405
0.00889053
0.0252372
0.00920966
0.0190702
0.00901615
0.0131394
0.00851523
0.00751172
0.00796445
0.00211213
0.00757061
-0.00321561
0.00744901
-0.00865009
0.00763067
-0.0143359
0.00806817
-0.0203229
0.00862675
-0.0265095
0.00908328
-0.0326284
0.00918176
-0.0383042
0.00873915
-0.0431483
0.0077094
-0.0468456
0.00616521
-0.049264
0.00434669
-0.0504283
0.00248576
-0.0504554
0.000739789
-0.0495091
-0.000793277
-0.0477575
-0.00208738
-0.0453493
-0.0031657
-0.0424101
-0.00406538
-0.0390456
-0.00482181
-0.035343
-0.00546463
-0.0313714
-0.00601712
-0.0271833
-0.00649607
-0.0228172
-0.00691156
-0.0183036
-0.00726698
-0.0136693
-0.00756016
-0.00894253
-0.00778548
-0.00415362
-0.00793637
0.000664513
-0.00800749
0.00547797
-0.00799606
0.010253
-0.00790255
0.0149572
-0.00773051
0.0195609
-0.00748583
0.0240366
-0.00717503
0.0283569
-0.00680303
0.0324897
-0.00637064
0.036393
-0.00587269
0.0400101
-0.00529722
0.0432667
-0.00462561
0.0460707
-0.00383285
0.0483112
-0.00288757
0.0498564
-0.00175332
0.0505515
-0.000394317
0.0502257
0.00120305
0.048724
0.00299342
0.0459498
0.00486115
0.0419145
0.00663031
0.0368037
0.0080518
0.030966
0.00891982
0.0247944
0.0092025
0.0186427
0.00898256
0.0127359
0.00847201
0.0071296
0.007928
0.00174138
0.00755171
-0.00358829
0.0074522
-0.00903747
0.00765522
-0.0147463
0.00810791
-0.0207561
0.00866914
-0.0269536
0.00911098
-0.033062
0.00917941
-0.0387025
0.00869973
-0.0434882
0.00763394
-0.0471143
0.00606606
-0.0494611
0.00424158
-0.0505609
0.00238739
-0.0505348
0.000656345
-0.0495476
-0.000858462
-0.0477664
-0.0021353
-0.0453379
-0.00319911
-0.0423859
-0.00408723
-0.0390145
-0.00483476
-0.0353095
-0.00547096
-0.0313387
-0.00601869
-0.0271535
-0.00649436
-0.0227915
-0.00690765
-0.0182826
-0.00726161
-0.0136535
-0.0075538
-0.00893187
-0.00777846
-0.00414827
-0.00792894
-0.00799987
0.00613212
-0.0133758
0.0114692
-0.0132322
0.016712
-0.0129664
0.0218167
-0.0125843
0.026739
-0.0120922
0.0314332
-0.0114937
0.0358513
-0.0107877
0.0399427
-0.00996662
0.0436543
-0.00901659
0.0469323
-0.00791851
0.0497243
-0.00664948
0.0519838
-0.00518396
0.0536735
-0.00349517
0.054765
-0.00155591
0.0552143
0.000665937
0.0548912
0.00321551
0.0535307
0.00611673
0.0508116
0.00925506
0.0465076
0.0122898
0.0406468
0.0147513
0.0336141
0.0162423
0.0259791
0.0166511
0.0182027
0.0162917
0.0105237
0.0156435
0.00297786
0.0151164
-0.00451946
0.0149463
-0.0120863
0.0151975
-0.0197899
0.0157718
-0.0275579
0.0163948
-0.0351036
0.016629
-0.0419288
0.0160069
-0.0474731
0.0142835
-0.051425
0.0116613
-0.0538222
0.00856239
-0.0549245
0.00544902
-0.0550536
0.00261488
-0.054448
0.000134128
-0.0532124
-0.00202889
-0.0513833
-0.00391642
-0.0489904
-0.00555866
-0.0460733
-0.00698247
-0.0426806
-0.00821443
-0.0388657
-0.00927957
-0.0346827
-0.0102001
-0.0301846
-0.0109941
-0.0254219
-0.0116743
-0.0204424
-0.0122465
-0.0152916
-0.0127109
-0.0100141
-0.013063
-0.0046539
-0.0132965
0.00074459
-0.013406
0.00613695
-0.0133884
0.0114787
-0.0132443
0.0167257
-0.0129775
0.0218338
-0.0125939
0.0267582
-0.0120994
0.0314528
-0.0114976
0.0358691
-0.010787
0.039956
-0.00995953
0.0436598
-0.00900107
0.0469264
-0.0078922
0.0497034
-0.00660984
0.0519442
-0.00512836
0.053612
-0.00342106
0.0546785
-0.00146084
0.0550967
0.000784837
0.0547286
0.00336151
0.0533015
0.00628826
0.0504949
0.00943695
0.0460942
0.0124525
0.0401495
0.0148644
0.033068
0.0162841
0.0254189
0.0166316
0.01765
0.0162409
0.00998455
0.0155935
0.00244725
0.015089
-0.00505157
0.014951
-0.0126291
0.0152327
-0.020346
0.0158248
-0.0281172
0.0164403
-0.0356401
0.0166339
-0.0424056
0.015945
-0.0478599
0.0141539
-0.0517157
0.0114897
-0.0540302
0.00838063
-0.0550721
0.00528343
-0.055161
0.00247627
-0.0545265
2.18558e-05
-0.0532667
-0.00211821
-0.0514166
-0.00398547
-0.0490058
-0.00560989
-0.0460745
-0.00701847
-0.0426715
-0.0082378
-0.0388496
-0.00929282
-0.0346628
-0.0102055
-0.0301635
-0.0109937
-0.0254017
-0.0116695
-0.0204245
-0.0122387
-0.0152773
-0.012701
-0.0100041
-0.0130517
-0.00464874
-0.0132843
-0.0133934
0.00641313
-0.0190098
0.0119825
-0.0188016
0.0174308
-0.0184147
0.022702
-0.0178555
0.0277404
-0.0171306
0.0324911
-0.0162443
0.0369001
-0.0151968
0.040916
-0.0139825
0.0444904
-0.012591
0.0475793
-0.0110074
0.050144
-0.00921419
0.0521523
-0.0071923
0.0535782
-0.00492108
0.0543986
-0.00237628
0.0545879
0.000476679
0.0541175
0.0036859
0.0529561
0.00727808
0.0510145
0.0111967
0.0480073
0.015297
0.043482
0.0192766
0.0372232
0.0225012
0.0295366
0.0243377
0.0210672
0.0247611
0.0123148
0.0243959
0.00350565
0.0239255
-0.00530496
0.0237569
-0.0141075
0.0240001
-0.0228226
0.0244868
-0.0311721
0.0247443
-0.0386029
0.0240597
-0.044497
0.021901
-0.0486631
0.0184496
-0.0514006
0.0143988
-0.0531528
0.0103145
-0.0541533
0.00644949
-0.0544693
0.00293095
-0.0541303
-0.000204881
-0.0531646
-0.00299457
-0.051597
-0.00548403
-0.0494509
-0.00770476
-0.0467538
-0.00967961
-0.0435395
-0.0114287
-0.0398484
-0.0129707
-0.0357259
-0.0143227
-0.0312215
-0.0154985
-0.0263879
-0.0165078
-0.0212797
-0.0173547
-0.0159526
-0.0180381
-0.0104627
-0.0185529
-0.00486666
-0.0188926
0.00077873
-0.0190514
0.00641622
-0.0190259
0.0119887
-0.0188168
0.0174393
-0.0184281
0.0227117
-0.0178662
0.0277496
-0.0171374
0.0324978
-0.0162458
0.036902
-0.0151912
0.0409104
-0.0139679
0.0444743
-0.012565
0.0475496
-0.0109675
0.0500977
-0.00915801
0.0520867
-0.00711728
0.0534904
-0.00482479
0.0542857
-0.00225618
0.0544468
0.000623794
0.053945
0.00386333
0.0527479
0.00748529
0.050758
0.0114268
0.0476737
0.0155369
0.0430436
0.0194945
0.036682
0.0226457
0.0289301
0.0243834
0.0204359
0.0247351
0.01168
0.0243494
0.00287236
0.0238966
-0.00593865
0.023762
-0.0147424
0.0240365
-0.02345
0.0245324
-0.0317652
0.0247555
-0.039118
0.0239867
-0.0449048
0.0217317
-0.0489715
0.0182207
-0.0516411
0.0141593
-0.0533499
0.0100894
-0.0543161
0.00624969
-0.0546016
0.00276173
-0.0542352
-0.000344516
-0.0532453
-0.00310816
-0.0516562
-0.00557457
-0.0494913
-0.00777473
-0.0467784
-0.00973144
-0.0435513
-0.0114648
-0.0398504
-0.0129937
-0.035721
-0.014335
-0.0312124
-0.0155023
-0.0263768
-0.016505
-0.0212686
-0.017347
-0.0159429
-0.0180267
-0.0104556
-0.018539
-0.00486271
-0.0188772
-0.0190352
0.00646789
-0.0246917
0.0120746
-0.0244083
0.0175407
-0.0238808
0.022802
-0.0231169
0.0277964
-0.0221249
0.032464
-0.0209119
0.0367486
-0.0194814
0.0405989
-0.0178328
0.0439687
-0.0159607
0.0468175
-0.0138562
0.0491108
-0.0115075
0.050819
-0.00890056
0.0519174
-0.00601944
0.0523857
-0.00284455
0.0522129
0.000649456
0.051408
0.0044908
0.0499976
0.00868851
0.0479878
0.0132065
0.0453173
0.0179675
0.0417802
0.0228137
0.036904
0.0273773
0.0302722
0.0309696
0.0221171
0.0329161
0.0131119
0.0334012
0.00375874
0.0332787
-0.00567218
0.0331879
-0.0149777
0.0333056
-0.0238522
0.0333613
-0.0317363
0.0326284
-0.0379895
0.030313
-0.0425302
0.0264417
-0.0458488
0.0217682
-0.0483615
0.0169115
-0.0502329
0.0121859
-0.0515063
0.00772292
-0.052167
0.00359161
-0.0521901
-0.000181812
-0.0515717
-0.00361294
-0.0503257
-0.00673006
-0.0484735
-0.00955695
-0.0460411
-0.0121119
-0.0430594
-0.0144104
-0.0395646
-0.0164655
-0.0355987
-0.0182886
-0.0312095
-0.0198877
-0.0264502
-0.0212671
-0.0213783
-0.0224266
-0.0160548
-0.0233616
-0.0105428
-0.0240648
-0.00490746
-0.024528
0.000785309
-0.0247441
0.00646888
-0.0247095
0.0120768
-0.0244247
0.0175432
-0.0238945
0.0228036
-0.0231266
0.0277952
-0.022129
0.032458
-0.0209086
0.0367356
-0.0194687
0.0405761
-0.0178084
0.0439333
-0.0159222
0.0467668
-0.0138011
0.049042
-0.0114331
0.0507293
-0.00880462
0.0518041
-0.00589956
0.0522463
-0.0026984
0.0520458
0.000824259
0.0512131
0.00469607
0.0497748
0.00892355
0.0477343
0.0134674
0.0450239
0.0182473
0.041423
0.0230954
0.0364433
0.0276254
0.0296995
0.0311273
0.0214714
0.0329632
0.0124347
0.0333862
0.00307168
0.0332596
-0.00635783
0.0331915
-0.0156491
0.0333278
-0.0244827
0.033366
-0.0322801
0.0325529
-0.0384185
0.0301252
-0.0428658
0.026179
-0.0461292
0.0214841
-0.0486054
0.0166355
-0.0504473
0.0119313
-0.051693
0.00749541
-0.0523257
0.00339442
-0.0523213
-0.000348869
-0.0516775
-0.00375202
-0.0504085
-0.00684356
-0.048536
-0.00964717
-0.0460862
-0.0121812
-0.0430899
-0.0144612
-0.0395832
-0.0165004
-0.0356081
-0.01831
-0.0312124
-0.0198981
-0.0264488
-0.0212686
-0.0213746
-0.0224211
-0.0160504
-0.0233509
-0.0105391
-0.0240504
-0.00490505
-0.0245112
-0.0247262
0.00634522
-0.0302657
0.0118367
-0.0298997
0.0171743
-0.0292184
0.022289
-0.0282315
0.0271144
-0.0269504
0.0315888
-0.0253863
0.0356552
-0.0235479
0.0392631
-0.0214406
0.0423683
-0.019066
0.0449337
-0.0164216
0.046928
-0.0135018
0.048326
-0.0102985
0.0491075
-0.00680094
0.049259
-0.00299614
0.0487781
0.00113037
0.0476795
0.00558947
0.0459942
0.0103738
0.0437567
0.015444
0.0409929
0.0207313
0.0376762
0.0261304
0.0336012
0.0314523
0.028289
0.0362818
0.0213061
0.039899
0.0128991
0.0418082
0.0037353
0.0424425
-0.0056203
0.0425435
-0.0146767
0.0423619
-0.022836
0.0415206
-0.0294617
0.0392541
-0.0344611
0.0353123
-0.038341
0.0303216
-0.0415256
0.0249528
-0.0441713
0.0195571
-0.0462853
0.0143
-0.0478387
0.00927628
-0.0487965
0.00454944
-0.0491303
0.000151987
-0.0488295
-0.00391375
-0.0478996
-0.00765996
-0.0463558
-0.0111007
-0.0442196
-0.0142481
-0.0415178
-0.0171122
-0.0382832
-0.0197002
-0.0345549
-0.0220169
-0.0303789
-0.0240637
-0.0258079
-0.0258381
-0.0209005
-0.0273341
-0.0157202
-0.0285419
-0.0103344
-0.0294506
-0.00481354
-0.0300489
0.000770299
-0.030328
0.00634405
-0.0302832
0.0118348
-0.0299154
0.0171708
-0.0292306
0.0222825
-0.0282383
0.0271033
-0.0269499
0.031571
-0.0253763
0.0356285
-0.0235262
0.0392249
-0.0214048
0.0423162
-0.0190135
0.044865
-0.0163498
0.0468402
-0.0134084
0.0482166
-0.010181
0.0489741
-0.00665712
0.0490998
-0.00282411
0.0485919
0.00133217
0.0474663
0.00582167
0.0457549
0.010635
0.0434918
0.0157305
0.0407018
0.0210373
0.037351
0.0264462
0.0332168
0.0317595
0.0278046
0.0365395
0.0207131
0.0400546
0.0122367
0.0418626
0.0030457
0.0424506
-0.00630571
0.0425429
-0.0153245
0.0423466
-0.0234011
0.0414426
-0.0299149
0.0390667
-0.0348252
0.0350354
-0.0386548
0.0300087
-0.0418087
0.024638
-0.0444287
0.0192554
-0.046517
0.0140196
-0.0480439
0.00902234
-0.0489746
0.00432514
-0.0492816
-4.19443e-05
-0.0489552
-0.00407833
-0.0480019
-0.00779689
-0.0464371
-0.011212
-0.0442824
-0.014336
-0.0415647
-0.0171789
-0.0383166
-0.0197484
-0.0345775
-0.0220491
-0.0303932
-0.0240824
-0.025816
-0.0258458
-0.0209043
-0.0273328
-0.0157213
-0.0285338
-0.0103342
-0.0294375
-0.00481276
-0.0300326
-0.0303103
0.00607726
-0.0356041
0.0113289
-0.0351514
0.0164193
-0.0343087
0.0212765
-0.0330887
0.0258329
-0.0315069
0.0300263
-0.0295797
0.0338007
-0.0273222
0.0371071
-0.0247471
0.0399043
-0.0218631
0.042158
-0.0186753
0.0438412
-0.015185
0.0449331
-0.0113904
0.0454193
-0.00728712
0.0452932
-0.00287001
0.0445588
0.00186474
0.0432344
0.00691391
0.0413509
0.0122573
0.0389454
0.0178496
0.0360556
0.023621
0.0327106
0.0294754
0.0288854
0.0352775
0.0243676
0.0407996
0.0186951
0.0455714
0.0115791
0.0489242
0.00339803
0.0506236
-0.00509529
0.0510368
-0.0131114
0.050378
-0.0199344
0.0483437
-0.0253214
0.0446411
-0.0296586
0.0396495
-0.033369
0.0340321
-0.0366123
0.0281961
-0.0393951
0.0223399
-0.0416843
0.0165892
-0.043442
0.011034
-0.0446319
0.00573933
-0.0452252
0.000745248
-0.0452069
-0.00393207
-0.0445756
-0.00829126
-0.0433399
-0.0123364
-0.0415158
-0.0160722
-0.0391257
-0.0195023
-0.0361986
-0.0226273
-0.0327706
-0.0254449
-0.0288852
-0.0279491
-0.0245934
-0.0301299
-0.0199534
-0.0319741
-0.0150292
-0.0334661
-0.00989023
-0.0345896
-0.0046094
-0.0353297
0.000737624
-0.035675
0.00607404
-0.0356197
0.0113232
-0.0351646
0.0164101
-0.0343175
0.0212627
-0.0330908
0.0258128
-0.0315
0.0299981
-0.0295615
0.0337621
-0.0272903
0.037056
-0.0246988
0.0398383
-0.0217958
0.0420749
-0.0185865
0.0437387
-0.0150721
0.044809
-0.0112512
0.0452717
-0.00711984
0.0451207
-0.00267305
0.0443606
0.0020922
0.0430107
0.0071716
0.0411026
0.0125431
0.0386734
0.0181597
0.0357609
0.0239497
0.0323927
0.0298145
0.0285363
0.0356158
0.0239613
0.0411146
0.0181962
0.0458198
0.0109906
0.0490682
0.00276432
0.0506769
-0.00572171
0.051029
-0.0136783
0.0503032
-0.0204055
0.0481698
-0.0257079
0.0443691
-0.029997
0.0393245
-0.0336799
0.0336916
-0.0369004
0.0278585
-0.0396603
0.0220153
-0.0419255
0.0162848
-0.0436583
0.0107551
-0.0448225
0.00548935
-0.0453901
0.00052568
-0.0453471
-0.00412133
-0.0446927
-0.00845126
-0.0434359
-0.0124688
-0.0415929
-0.016179
-0.0391862
-0.0195857
-0.0362447
-0.0226898
-0.0328047
-0.0254892
-0.0289095
-0.0279776
-0.02461
-0.0301453
-0.0199641
-0.0319788
-0.0150356
-0.0334623
-0.00989338
-0.0345797
-0.00461019
-0.0353158
-0.0356593
0.00569172
-0.0406038
0.010603
-0.0400627
0.0153503
-0.039056
0.0198614
-0.0375998
0.024069
-0.0357144
0.0279119
-0.0334226
0.0313364
-0.0307467
0.0342962
-0.0277069
0.0367535
-0.0243204
0.038678
-0.0205998
0.0400471
-0.0165542
0.0408454
-0.0121886
0.0410644
-0.00750611
0.0407037
-0.00250928
0.0397725
0.00279596
0.0382913
0.0083951
0.036291
0.0142576
0.0338089
0.0203317
0.030886
0.0265439
0.0275628
0.0327986
0.0238664
0.038974
0.0197629
0.044903
0.0150445
0.0502898
0.00937655
0.0545921
0.00277759
0.0572225
-0.00414907
0.0579634
-0.0105872
0.0568161
-0.0160374
0.0537939
-0.0205967
0.0492005
-0.0246014
0.0436542
-0.0282149
0.0376456
-0.0314504
0.0314317
-0.0342763
0.0251658
-0.0366512
0.0189641
-0.0385347
0.0129175
-0.0398905
0.00709509
-0.0406896
0.00154435
-0.040914
-0.00370766
-0.0405568
-0.00864848
-0.0396203
-0.0132729
-0.0381147
-0.0175778
-0.0360574
-0.0215596
-0.0334729
-0.0252118
-0.0303934
-0.0285244
-0.0268592
-0.0314832
-0.0229188
-0.0340703
-0.0186283
-0.0362646
-0.0140509
-0.0380435
-0.00925559
-0.0393848
-0.00431616
-0.0402691
0.000690673
-0.0406818
0.0056867
-0.0406157
0.0105939
-0.0400719
0.0153363
-0.0390599
0.0198413
-0.0375958
0.0240413
-0.0357001
0.027875
-0.0333952
0.0312883
-0.0307035
0.0342349
-0.0276454
0.036677
-0.0242378
0.0385843
-0.0204938
0.0399343
-0.0164222
0.0407118
-0.0120287
0.0409085
-0.00731653
0.0405244
-0.002289
0.0395695
0.00304717
0.0380648
0.00867625
0.0360419
0.0145661
0.0335384
0.0206632
0.0305954
0.0268926
0.0272532
0.0331568
0.0235371
0.039332
0.0194053
0.0452463
0.0146349
0.0505901
0.00889721
0.0548059
0.00225205
0.057322
-0.00466652
0.0579475
-0.0110475
0.0566841
-0.0164296
0.0535519
-0.0209445
0.0488841
-0.0249246
0.0433045
-0.028519
0.037286
-0.0317353
0.0310748
-0.0345407
0.0248207
-0.0368938
0.0186379
-0.0387544
0.0126156
-0.0400865
0.00682143
-0.0408618
0.00130099
-0.041063
-0.00392011
-0.0406837
-0.00883052
-0.0397267
-0.0134257
-0.0382025
-0.0177033
-0.0361284
-0.0216598
-0.0335291
-0.0252891
-0.0304369
-0.0285814
-0.026892
-0.0315225
-0.0229426
-0.0340946
-0.0186449
-0.0362765
-0.0140617
-0.0380456
-0.00926174
-0.0393796
-0.00431837
-0.0402592
-0.0406697
0.00521112
-0.0451812
0.00970093
-0.0445525
0.0140284
-0.0433835
0.0181227
-0.041694
0.0219184
-0.0395102
0.0253571
-0.0368613
0.0283881
-0.0337776
0.0309688
-0.0302877
0.0330656
-0.0264172
0.0346529
-0.0221871
0.0357132
-0.0176144
0.0362364
-0.0127119
0.0362202
-0.00748991
0.03567
-0.00195903
0.0345997
0.00386621
0.0330329
0.00996194
0.0310013
0.0162891
0.0285434
0.0227896
0.0257021
0.0293851
0.0225245
0.0359762
0.019058
0.0424405
0.0153385
0.0486225
0.0113426
0.0542858
0.00693466
0.059
0.00204347
0.0621137
-0.00304214
0.063049
-0.00784252
0.0616165
-0.0121495
0.0581009
-0.0160775
0.0531284
-0.0197414
0.0473182
-0.0231462
0.0410504
-0.0262511
0.0345365
-0.0290084
0.0279231
-0.0313716
0.0213274
-0.0332986
0.0148445
-0.0347522
0.00854873
-0.0357023
0.00249438
-0.0361273
-0.00328265
-0.0360152
-0.00876057
-0.0353625
-0.0139256
-0.0341734
-0.0187669
-0.0324597
-0.0232732
-0.0302412
-0.0274304
-0.0275454
-0.0312202
-0.0244086
-0.03462
-0.0208756
-0.0376033
-0.0169994
-0.0401407
-0.0128409
-0.042202
-0.0084673
-0.0437585
-0.00395096
-0.0447854
0.000632192
-0.045265
0.00520463
-0.0451881
0.00968908
-0.0445563
0.0140104
-0.0433812
0.0180975
-0.0416829
0.0218848
-0.0394873
0.0253136
-0.0368239
0.0283329
-0.0337228
0.0309003
-0.0302129
0.0329821
-0.0263196
0.0345527
-0.0220644
0.0355947
-0.0174643
0.0360984
-0.0125324
0.0360617
-0.00727981
0.0354903
-0.00171763
0.0343989
0.00413863
0.0328113
0.0102638
0.03076
0.0166174
0.0282837
0.0231396
0.0254258
0.0297505
0.0222334
0.0363492
0.0187539
0.0428115
0.0150213
0.0489789
0.0110053
0.0546062
0.00656508
0.0592461
0.00164742
0.0622397
-0.00343321
0.0630282
-0.00820236
0.0614533
-0.0124798
0.0578293
-0.0163905
0.0527948
-0.0200418
0.0469559
-0.0234333
0.0406774
-0.0265228
0.0341644
-0.0292629
0.0275608
-0.0316073
0.0209823
-0.0335141
0.0145225
-0.0349468
0.00825408
-0.0358755
0.00222969
-0.0362794
-0.0035162
-0.036147
-0.00896298
-0.0354749
-0.0140977
-0.0342679
-0.0189103
-0.032538
-0.0233898
-0.0303047
-0.0275224
-0.0275959
-0.0312902
-0.0244479
-0.0346706
-0.0209052
-0.0376373
-0.0170209
-0.0401608
-0.0128555
-0.042211
-0.00847594
-0.0437592
-0.00395436
-0.0447807
-0.0452578
0.00465392
-0.0492691
0.00865707
-0.0485557
0.0125034
-0.0472298
0.0161251
-0.0453157
0.0194601
-0.0428453
0.0224538
-0.039855
0.0250596
-0.0363834
0.0272396
-0.0324677
0.0289649
-0.0281424
0.0302149
-0.0234372
0.0309778
-0.0183772
0.0312491
-0.0129832
0.0310323
-0.00727314
0.0303385
-0.00126524
0.0291867
0.00501806
0.0276038
0.0115448
0.0256245
0.0182684
0.0232896
0.0251246
0.020646
0.0320288
0.017747
0.0388752
0.0146536
0.045534
0.0114338
0.0518423
0.00814873
0.0575708
0.00481169
0.0623371
0.00139291
0.0655325
-0.00206665
0.0665086
-0.00546715
0.065017
-0.00878945
0.0614232
-0.0120617
0.0564006
-0.0152574
0.0505139
-0.018311
0.0441041
-0.0211556
0.0373811
-0.023732
0.0304994
-0.0259882
0.0235835
-0.0278784
0.0167347
-0.0293631
0.0100334
-0.0304093
0.00354053
-0.0309915
-0.00270044
-0.0310926
-0.00865951
-0.0307032
-0.014315
-0.0298218
-0.0196483
-0.0284545
-0.0246405
-0.0266155
-0.0292693
-0.0243275
-0.0335082
-0.0216219
-0.0373257
-0.018539
-0.0406862
-0.0151278
-0.0435519
-0.0114453
-0.0458845
-0.0075555
-0.0476483
-0.00352785
-0.0488131
0.000564432
-0.0493573
0.00464634
-0.04927
0.00864317
-0.0485531
0.0124825
-0.0472206
0.0160963
-0.0452967
0.0194224
-0.0428134
0.0224058
-0.0398073
0.0249999
-0.036317
0.0271669
-0.0323798
0.0288777
-0.0280304
0.0301121
-0.0232987
0.0308581
-0.0182103
0.0311117
-0.0127861
0.0308768
-0.00704483
0.0301646
-0.00100546
0.0289947
0.00530856
0.0273945
0.011864
0.0253991
0.0186127
0.0230498
0.0254889
0.020394
0.0324063
0.0174855
0.0392577
0.0143857
0.0459113
0.0111632
0.0522014
0.00787729
0.057892
0.00453689
0.0625865
0.00111321
0.0656634
-0.0023453
0.0664867
-0.00574053
0.0648485
-0.00906049
0.0611493
-0.0123317
0.056066
-0.0155237
0.0501479
-0.0185701
0.0437238
-0.0214043
0.0369986
-0.0239678
0.0301243
-0.026209
0.0232236
-0.0280828
0.0163962
-0.0295498
0.00972115
-0.0305777
0.00325754
-0.0311414
-0.00295246
-0.0312243
-0.00888012
-0.0308174
-0.0145047
-0.0299193
-0.0198083
-0.0285366
-0.0247725
-0.0266835
-0.0293755
-0.0243827
-0.033591
-0.0216657
-0.0373876
-0.0185727
-0.0407302
-0.0151528
-0.0435807
-0.0114626
-0.0459011
-0.00756604
-0.0476558
-0.00353217
-0.0488146
-0.049356
0.00403501
-0.0528132
0.00749923
-0.0520199
0.0108157
-0.0505463
0.0139211
-0.0484211
0.016758
-0.0456822
0.0192767
-0.0423737
0.0214356
-0.0385423
0.0232021
-0.0342342
0.0245525
-0.0294927
0.0254718
-0.0243565
0.0259535
-0.018859
0.0259992
-0.0130289
0.0256178
-0.00689177
0.0248259
-0.000473369
0.0236475
0.00619651
0.0221136
0.0130786
0.0202623
0.0201197
0.0181381
0.0272488
0.0157921
0.0343748
0.0132835
0.0413838
0.0106818
0.0481357
0.00806901
0.054455
0.00553504
0.0601048
0.00314562
0.0647265
0.000891499
0.0677866
-0.00131605
0.0687162
-0.00359228
0.0672932
-0.00601264
0.0638435
-0.00856778
0.0589558
-0.0111826
0.0531287
-0.0137672
0.0466887
-0.0162422
0.0398561
-0.0185404
0.0327977
-0.0206044
0.0256476
-0.0223846
0.0185149
-0.0238377
0.0114865
-0.0249271
0.00462999
-0.0256233
-0.00200434
-0.0259037
-0.00837904
-0.0257537
-0.014465
-0.0251659
-0.0202361
-0.0241408
-0.0256656
-0.022687
-0.0307232
-0.0208216
-0.0353735
-0.0185709
-0.0395764
-0.0159699
-0.0432873
-0.0130625
-0.0464593
-0.00990092
-0.0490461
-0.00654446
-0.0510047
-0.00305811
-0.0522994
0.000489203
-0.0529046
0.00402674
-0.0528076
0.00748403
-0.0520104
0.010793
-0.0505296
0.0138902
-0.0483938
0.016718
-0.0456412
0.0192264
-0.0423158
0.0213741
-0.0384646
0.0231282
-0.0341339
0.0244651
-0.0293673
0.0253702
-0.0242038
0.025837
-0.0186771
0.0258672
-0.0128164
0.0254704
-0.00664798
0.0246633
-0.000198388
0.0234703
0.00650152
0.0219231
0.0134111
0.0200602
0.0204757
0.0179263
0.0276228
0.0155732
0.0347594
0.0130608
0.0417701
0.0104594
0.0485127
0.00785207
0.0548087
0.00532843
0.0604157
0.00295079
0.0649641
0.00070382
0.0679104
-0.00150494
0.0686955
-0.00379012
0.0671337
-0.00622241
0.0635816
-0.00878667
0.0586303
-0.0114054
0.0527666
-0.0139891
0.0463075
-0.0164593
0.0394688
-0.0187496
0.0324146
-0.0208034
0.0252773
-0.0225712
0.0181641
-0.0240106
0.0111605
-0.0250852
0.00433219
-0.0257659
-0.00227175
-0.0260308
-0.00861522
-0.0258655
-0.01467
-0.0252628
-0.020411
-0.0242235
-0.0258118
-0.0227565
-0.0308426
-0.0208789
-0.0354685
-0.0186171
-0.0396495
-0.0160061
-0.0433412
-0.0130897
-0.0464971
-0.00992009
-0.0490708
-0.00655629
-0.0510196
-0.00306309
-0.0523078
-0.0529099
0.0033663
-0.05577
0.00624967
-0.0549033
0.00899766
-0.0532943
0.0115527
-0.0509761
0.0138634
-0.0479929
0.0158857
-0.044396
0.017584
-0.0402406
0.0189313
-0.0355815
0.0199096
-0.030471
0.0205095
-0.0249564
0.0207301
-0.0190795
0.0205781
-0.0128769
0.0200681
-0.00638175
0.0192216
0.000373145
0.0180671
0.00735101
0.0166398
0.0145059
0.014981
0.0217784
0.0131385
0.0290914
0.0111663
0.0363469
0.00912662
0.0434234
0.00709119
0.0501712
0.00514224
0.056404
0.00336703
0.06188
0.00182864
0.0662649
0.000506075
0.0691092
-0.000739888
0.0699621
-0.00209891
0.0686523
-0.00368743
0.065432
-0.00550372
0.0607721
-0.00747538
0.0551003
-0.00951477
0.0487281
-0.0115417
0.041883
-0.0134866
0.0347425
-0.015289
0.02745
-0.0168961
0.020122
-0.0182617
0.0128521
-0.0193455
0.00571379
-0.0201137
-0.00123607
-0.0205394
-0.00795333
-0.0206026
-0.0144018
-0.0202905
-0.0205482
-0.0195982
-0.0263579
-0.0185287
-0.0317927
-0.0170936
-0.0368086
-0.0153132
-0.0413567
-0.013217
-0.0453835
-0.010843
-0.0488333
-0.00823739
-0.0516517
-0.00545361
-0.0537885
-0.00255081
-0.0552022
0.000407954
-0.0558634
0.00335773
-0.0557573
0.0062339
-0.0548866
0.00897425
-0.05327
0.0115211
-0.0509407
0.0138228
-0.0479429
0.0158354
-0.0443284
0.0175231
-0.0401523
0.0188591
-0.0354699
0.0198254
-0.0303336
0.0204128
-0.0247912
0.0206206
-0.0188849
0.0204559
-0.0126517
0.0199335
-0.00612555
0.0190753
0.000659827
0.0179102
0.0076666
0.0164738
0.0148475
0.014808
0.0221416
0.0129608
0.02947
0.0109869
0.0367332
0.0089492
0.0438078
0.00692008
0.0505418
0.00498256
0.0567463
0.00322365
0.0621746
0.00170292
0.0664849
0.000391616
0.0692217
-0.000856323
0.0699434
-0.00222925
0.0685066
-0.00383567
0.065188
-0.00566706
0.0604617
-0.00764866
0.0547482
-0.00969307
0.0483519
-0.0117208
0.0414966
-0.0136631
0.0343569
-0.0154602
0.0270743
-0.0170596
0.0197635
-0.0184156
0.0125165
-0.0194884
0.00540499
-0.0202446
-0.00151549
-0.0206577
-0.00820213
-0.020708
-0.0146197
-0.0203831
-0.0207359
-0.0196783
-0.0265166
-0.0185969
-0.031924
-0.0171506
-0.0369148
-0.0153598
-0.0414402
-0.013254
-0.045447
-0.0108711
-0.0488799
-0.00825741
-0.0516845
-0.0054661
-0.0538109
-0.00255615
-0.0552178
-0.0558756
0.00265736
-0.058104
0.00492623
-0.0571721
0.00707515
-0.0554432
0.00905367
-0.0529547
0.0108173
-0.0497565
0.0123289
-0.0459076
0.013559
-0.0414708
0.014487
-0.0365096
0.0151007
-0.0310847
0.0153961
-0.0252518
0.0153775
-0.0190609
0.0150567
-0.0125561
0.0144529
-0.00577794
0.013592
0.00123407
0.0125063
0.00843667
0.0112342
0.015778
0.00981954
0.0231931
0.00831154
0.0305994
0.00676513
0.0378933
0.00524137
0.0449472
0.00380778
0.0516048
0.00253679
0.057675
0.0014976
0.0629192
0.000729253
0.0670332
0.000190406
0.069648
-0.000269246
0.0704218
-0.000846379
0.0692294
-0.00167028
0.0662559
-0.0027612
0.061863
-0.00407013
0.0564092
-0.00552576
0.0501837
-0.00705628
0.0434135
-0.00859545
0.0362817
-0.0100835
0.0289381
-0.0114666
0.0215051
-0.0126967
0.0140822
-0.013731
0.00674811
-0.0145325
-0.000434662
-0.0150699
-0.00741586
-0.015319
-0.0141527
-0.0152623
-0.0206049
-0.0148896
-0.0267306
-0.0141988
-0.0324835
-0.0131957
-0.0378117
-0.0118949
-0.0426575
-0.0103195
-0.046959
-0.00850082
-0.050652
-0.00647838
-0.0536741
-0.00429851
-0.0559684
-0.00201317
-0.0574876
0.000321844
-0.0581984
0.00264888
-0.0580844
0.0049106
-0.0571483
0.00705205
-0.0554114
0.00902267
-0.0529113
0.0107779
-0.0496981
0.0122804
-0.0458309
0.0135011
-0.041373
0.0144192
-0.036388
0.0150225
-0.030937
0.0153075
-0.0250762
0.0152786
-0.018856
0.014948
-0.012321
0.0143351
-0.00551263
0.0134662
0.00152876
0.012374
0.00875878
0.0110972
0.0161242
0.0096802
0.0235586
0.00817251
0.0309777
0.00662955
0.0382762
0.00511286
0.0453245
0.00369042
0.0519642
0.0024349
0.0580018
0.00141468
0.0631948
0.000665202
0.0672343
0.000137923
0.0697489
-0.000323746
0.0704051
-0.000915272
0.0690981
-0.00175865
0.0660314
-0.00286778
0.0615708
-0.00419099
0.0560714
-0.00565659
0.0498175
-0.00719311
0.0430331
-0.00873479
0.0358986
-0.0102223
0.0285618
-0.0116024
0.0211436
-0.0128273
0.0137413
-0.0138545
0.00643229
-0.0146475
-0.000722503
-0.0151756
-0.00767408
-0.0154146
-0.0143807
-0.0153475
-0.020803
-0.0149643
-0.0268997
-0.0142632
-0.0326251
-0.0132502
-0.0379278
-0.01194
-0.0427505
-0.0103556
-0.0470314
-0.0085286
-0.0507069
-0.00649833
-0.0537148
-0.00431106
-0.0559982
-0.00201861
-0.0575102
-0.0582176
0.001916
-0.0597868
0.00354347
-0.0587996
0.00506931
-0.0569691
0.00645137
-0.0543367
0.00765313
-0.0509583
0.00864484
-0.0468993
0.00940426
-0.0422302
0.00991702
-0.0370223
0.0101767
-0.0313444
0.0101847
-0.0252598
0.00994996
-0.0188262
0.00948872
-0.0120949
0.00882392
-0.00511314
0.00798486
0.00207313
0.00700663
0.0094149
0.00592943
0.0168552
0.00479801
0.0243245
0.0036613
0.0317361
0.00257212
0.0389825
0.00158672
0.0459326
0.000763543
0.0524279
0.000159609
0.0582789
-0.000179287
0.0632581
-0.000241576
0.0670955
-8.61282e-05
0.0694926
0.000141807
0.0701938
0.000261582
0.0691096
0.000144251
0.0663733
-0.000251494
0.0622587
-0.000904134
0.0570619
-0.00176412
0.0510437
-0.00277357
0.044423
-0.00387427
0.0373824
-0.00501058
0.0300744
-0.00613039
0.022625
-0.0071856
0.0151374
-0.00813232
0.00769483
-0.00893136
0.000364374
-0.00954879
-0.00679843
-0.00995668
-0.0137448
-0.0101336
-0.020428
-0.0100649
-0.0267992
-0.00974364
-0.0328048
-0.0091702
-0.0383851
-0.00835309
-0.0434746
-0.00730877
-0.0480033
-0.00606156
-0.0518992
-0.00464317
-0.0550925
-0.00309183
-0.0575197
-0.0014511
-0.0591283
0.000231817
-0.0598813
0.00190796
-0.0597605
0.00352865
-0.058769
0.00504749
-0.0569303
0.00642227
-0.054286
0.00761642
-0.0508923
0.00860022
-0.0468147
0.00935148
-0.0421242
0.00985592
-0.0368924
0.0101073
-0.0311884
0.0101072
-0.0250761
0.00986491
-0.0186136
0.00939686
-0.011853
0.00872636
-0.00484212
0.00788304
0.00237208
0.00690236
0.00973946
0.00582485
0.0172018
0.0046956
0.0246879
0.00356383
0.0321095
0.00248268
0.0393574
0.00150864
0.0462985
0.000700271
0.0527726
0.000114296
0.0585877
-0.000204819
0.0635139
-0.000249004
0.0672785
-8.30009e-05
0.0695829
0.000143116
0.0701789
0.00024961
0.0689917
0.000113196
0.0661678
-0.000302062
0.0619861
-0.000971857
0.0567412
-0.0018457
0.0506914
-0.00286556
0.044053
-0.00397339
0.0370064
-0.00511382
0.0297023
-0.00623505
0.0222648
-0.00728929
0.0147956
-0.00823299
0.00737599
-0.00902729
7.17965e-05
-0.00963862
-0.00706275
-0.0100394
-0.01398
-0.0102085
-0.0206339
-0.0101316
-0.0269766
-0.00980191
-0.0329548
-0.00922011
-0.0385096
-0.00839482
-0.0435758
-0.00734261
-0.0480836
-0.00608783
-0.0519617
-0.00466219
-0.0551404
-0.00310389
-0.0575565
-0.00145639
-0.0591577
-0.0599072
0.00114883
-0.0607958
0.00211374
-0.0597645
0.00299801
-0.0578533
0.00376887
-0.0551076
0.00439868
-0.0515881
0.00486589
-0.0473665
0.00515567
-0.0425199
0.00526018
-0.0371268
0.00517872
-0.0312629
0.00491759
-0.0249987
0.00448991
-0.0183985
0.00391536
-0.0115203
0.00321973
-0.00441751
0.00243448
0.00285838
0.00159605
0.0102533
0.000744999
0.0177063
-7.47507e-05
0.0251443
-0.000816666
0.032478
-0.00143252
0.0395984
-0.00187374
0.0463738
-0.00209385
0.052648
-0.0020533
0.0582383
-0.00172944
0.0629342
-0.0011347
0.0665008
-0.000340178
0.068698
0.000518604
0.0693351
0.00128093
0.0683473
0.0018231
0.0658311
0.00208789
0.0619939
0.00207219
0.0570776
0.00180342
0.0513125
0.0013232
0.0449032
0.000678795
0.0380268
-8.11092e-05
0.0308343
-0.000908498
0.0234523
-0.00175727
0.0159862
-0.0025841
0.00852165
-0.00334919
0.00112947
-0.00401708
-0.00613054
-0.0045575
-0.0132044
-0.004946
-0.0200395
-0.0051644
-0.0265808
-0.00520117
-0.032768
-0.00505173
-0.0385346
-0.00471858
-0.0438078
-0.00421137
-0.0485105
-0.00354675
-0.0525638
-0.002748
-0.0558913
-0.00184429
-0.0584234
-0.000869606
-0.060103
0.000138674
-0.0608896
0.00114155
-0.0607634
0.0021003
-0.0597277
0.00297831
-0.0578083
0.00374277
-0.0550505
0.00436607
-0.0515156
0.00482669
-0.0472753
0.00510988
-0.0424074
0.00520796
-0.0369905
0.00512038
-0.0311008
0.00485367
-0.0248094
0.00442122
-0.0181812
0.003843
-0.0112748
0.00314511
-0.00414423
0.00235933
0.00315785
0.0015224
0.0105764
0.000675156
0.018049
-0.000138233
0.0255013
-0.000871047
0.0328423
-0.00147494
0.0399612
-0.00190135
0.0467249
-0.00210401
0.0529753
-0.00204411
0.0585278
-0.0017006
0.0631704
-0.00108912
0.066667
-0.000285291
0.0687791
0.000571907
0.0693217
0.00132239
0.0682412
0.00184659
0.0656436
0.00209157
0.0617411
0.00205693
0.0567758
0.0017714
0.0509769
0.00127715
0.0445472
0.000621584
0.037662
-0.000146634
0.0304705
-0.000979637
0.0230978
-0.00183153
0.0156474
-0.00265924
0.00820369
-0.00342325
0.000835812
-0.00408842
-0.00639758
-0.00462478
-0.0134436
-0.0050082
-0.0202505
-0.00522079
-0.026764
-0.00525127
-0.0329244
-0.00509528
-0.0386656
-0.00475547
-0.0439156
-0.00424163
-0.0485975
-0.00357048
-0.0526328
-0.00276534
-0.0559455
-0.00185536
-0.0584665
-0.000874525
-0.0601385
-0.0609215
0.000361856
-0.0611136
0.000648153
-0.0600508
0.00087726
-0.0580825
0.00102678
-0.0552571
0.00107874
-0.0516401
0.00102035
-0.0473081
0.000844479
-0.0423441
0.000549916
-0.0368323
0.00014145
-0.0308544
-0.00037017
-0.0244871
-0.000968358
-0.0178003
-0.0016309
-0.0108578
-0.00233028
-0.00371813
-0.00303418
0.00356228
-0.00370629
0.0109254
-0.00430727
0.0183073
-0.00479573
0.0256327
-0.00512938
0.0328117
-0.00526654
0.0397355
-0.0051681
0.0462754
-0.00480076
0.0522807
-0.0041423
0.0575799
-0.00319053
0.0619825
-0.0019768
0.065287
-0.00057999
0.0673012
0.00087397
0.0678811
0.00224163
0.0669796
0.00340547
0.0646673
0.0042973
0.0611021
0.0048941
0.0564808
0.00520325
0.0510033
0.0052499
0.0448566
0.00506896
0.0382078
0.00470032
0.0312029
0.00418597
0.0239667
0.00356817
0.016604
0.00288802
0.00920181
0.00218433
0.00183315
0.00149267
-0.00543888
0.00084438
-0.0125561
0.000265834
-0.019461
-0.000222009
-0.026093
-0.000603909
-0.0323861
-0.000870535
-0.038268
-0.00101857
-0.0436598
-0.00105074
-0.0484783
-0.000975638
-0.0526389
-0.000807491
-0.0560594
-0.000565538
-0.0586654
-0.000273198
-0.0603953
4.31371e-05
-0.0612059
0.00035561
-0.0610759
0.000636603
-0.0600087
0.000860406
-0.0580321
0.00100464
-0.0551948
0.00105139
-0.0515623
0.000987929
-0.0472119
0.00080725
-0.0422267
0.000508293
-0.0366915
9.60358e-05
-0.0306886
-0.000418547
-0.0242948
-0.00101861
-0.0175811
-0.00168167
-0.0106117
-0.00237992
-0.00344599
-0.00308075
0.00385869
-0.00374762
0.0112432
-0.00434097
0.0186424
-0.00481928
0.0259796
-0.00514021
0.0331632
-0.00526213
0.0400832
-0.00514618
0.0466089
-0.00475956
0.0525887
-0.00408104
0.0578493
-0.00311018
0.0621996
-0.00188109
0.065438
-0.000476084
0.0673741
0.000976494
0.0678692
0.00233363
0.066884
0.00348072
0.0644965
0.00435295
0.0608689
0.00492977
0.056199
0.00522005
0.0506866
0.00524978
0.0445175
0.00505428
0.0378575
0.00467363
0.0308511
0.00414985
0.0236216
0.00352511
0.0162722
0.00284036
0.00888845
0.00213418
0.00154198
0.00144191
-0.0057053
0.000794577
-0.0127963
0.00021828
-0.0196742
-0.000266301
-0.0262794
-0.000644175
-0.0325465
-0.000906229
-0.0384036
-0.00104933
-0.0437725
-0.00107633
-0.0485704
-0.00099596
-0.0527132
-0.000822491
-0.056119
-0.000575211
-0.0587137
-0.000277556
-0.0604362
-0.0612432
-0.000439077
-0.0607279
-0.000842419
-0.0596475
-0.00127732
-0.0576476
-0.00175494
-0.0547795
-0.00228292
-0.0511121
-0.00286486
-0.0467262
-0.00349996
-0.041709
-0.00418285
-0.0361494
-0.00490353
-0.0301337
-0.00564732
-0.0237433
-0.00639489
-0.0170528
-0.00712244
-0.0101303
-0.00780186
-0.00303871
-0.00840128
0.0041617
-0.00888594
0.0114101
-0.00921921
0.0186405
-0.00936377
0.0257773
-0.0092831
0.032731
-0.00894335
0.0393958
-0.00831582
0.0456478
-0.00738047
0.0513453
-0.00613105
0.0563305
-0.00458261
0.060434
-0.00278078
0.0634852
-0.000809277
0.0653297
0.00121391
0.0658579
0.00315861
0.0650349
0.00491279
0.0629131
0.00640094
0.0596139
0.00758464
0.0552971
0.00845405
0.0501339
0.00901885
0.0442918
0.00930128
0.0379253
0.0093314
0.0311728
0.00914383
0.0241543
0.00877544
0.0169724
0.00826356
0.00971369
0.00764455
0.00245216
0.00695268
-0.00474701
0.00621907
-0.0118225
0.00547094
-0.0187129
0.00473114
-0.0253532
0.00401793
-0.0316729
0.00334494
-0.037595
0.00272107
-0.0430359
0.00215059
-0.0479078
0.00163316
-0.0521215
0.00116417
-0.0555904
0.000735005
-0.0582362
0.000333719
-0.0599941
-5.40879e-05
-0.0608181
-0.000444073
-0.0606859
-0.000851683
-0.0596011
-0.00129075
-0.057593
-0.00177236
-0.0547131
-0.0023041
-0.0510306
-0.00288942
-0.0466266
-0.00352741
-0.0415887
-0.00421253
-0.0360064
-0.00493458
-0.0299665
-0.00567865
-0.0235508
-0.0064252
-0.0168346
-0.00715015
-0.00988676
-0.00782514
-0.00277099
-0.00841808
0.00445162
-0.008894
0.0117192
-0.00921617
0.0189645
-0.00934723
0.0261106
-0.00925075
0.0330667
-0.00889309
0.0397255
-0.00824599
0.0459618
-0.00729011
0.0516328
-0.00602037
0.0565796
-0.00445351
0.0606327
-0.00263753
0.063622
-0.000658721
0.0653953
0.00136325
0.0658472
0.00329849
0.0649488
0.00503706
0.0627579
0.00650604
0.0593999
0.00766919
0.0550358
0.00851824
0.0498376
0.00906386
0.0439719
0.00932892
0.0375924
0.00934384
0.0308362
0.00914343
0.023822
0.00876461
0.016651
0.00824464
0.00940842
0.00761974
0.00216688
0.00692399
-0.00500955
0.00618826
-0.0120605
0.00543953
-0.0189255
0.00470036
-0.0255402
0.00398881
-0.0318349
0.00331828
-0.037733
0.00269748
-0.0431517
0.00213052
-0.0480035
0.00161694
-0.0521996
0.00115202
-0.0556541
0.000727064
-0.0582888
0.000330071
-0.0600392
-0.0608597
-0.00124777
-0.059632
-0.0023465
-0.0585487
-0.00344929
-0.0565448
-0.0045554
-0.0536734
-0.0056616
-0.0500059
-0.00676198
-0.0456258
-0.00784772
-0.0406233
-0.00890697
-0.0350901
-0.00992484
-0.0291159
-0.0108832
-0.0227849
-0.0117608
-0.0161751
-0.0125331
-0.00935798
-0.0131725
-0.00239936
-0.0136486
0.00463789
-0.0139297
0.0116912
-0.0139831
0.0186939
-0.0137769
0.025571
-0.0132813
0.0322354
-0.0124712
0.0385857
-0.0113286
0.0445053
-0.00984624
0.0498629
-0.00803205
0.0545163
-0.00591522
0.0583172
-0.00355211
0.0611221
-0.00102945
0.0628071
0.0015409
0.0632876
0.00403845
0.0625374
0.00635559
0.060596
0.00841191
0.0575576
0.0101572
0.0535518
0.0115672
0.0487239
0.0126377
0.0432213
0.0133784
0.0371846
0.0138093
0.0307419
0.0139566
0.024007
0.0138506
0.0170783
0.0135237
0.0100406
0.0130085
0.00296743
0.0123365
-0.00407507
0.0115377
-0.0110236
0.0106389
-0.0178141
0.00966405
-0.0243783
0.00863382
-0.0306427
0.0075656
-0.0365267
0.00647363
-0.0419439
0.00536908
-0.0468033
0.00426011
-0.0510125
0.00315201
-0.0544823
0.00204738
-0.0571316
0.000946476
-0.0588932
-0.000152254
-0.0597194
-0.00125135
-0.0595868
-0.00235318
-0.0584993
-0.00345886
-0.0564873
-0.00456755
-0.0536044
-0.00567592
-0.0499222
-0.0067779
-0.0455246
-0.0078645
-0.0405021
-0.00892375
-0.0349472
-0.00994052
-0.0289497
-0.0108965
-0.0225948
-0.0117702
-0.0159609
-0.0125369
-0.00912012
-0.0131686
-0.00213923
-0.0136351
0.0049181
-0.0139043
0.0119883
-0.0139435
0.0190037
-0.0137208
0.0258879
-0.0132068
0.0325527
-0.0123766
0.0388954
-0.0112129
0.0447981
-0.00970921
0.050129
-0.00787467
0.054745
-0.00574012
0.0584982
-0.00336387
0.0612457
-0.000834584
0.062866
0.00173466
0.063278
0.0042236
0.0624598
0.0065261
0.0604554
0.00856377
0.0573622
0.0102883
0.0533113
0.0116769
0.0484489
0.0127264
0.0429223
0.0134475
0.0368714
0.0138604
0.0304233
0.0139919
0.0236906
0.0138724
0.0167705
0.0135342
0.00974664
0.0130098
0.00269124
0.0123308
-0.00433059
0.0115268
-0.0112566
0.0106246
-0.0180232
0.00964777
-0.0245634
0.00861678
-0.0308039
0.00754882
-0.0366651
0.00645796
-0.0420608
0.00535518
-0.0469007
0.0042485
-0.051093
0.00314308
-0.0545487
0.00204142
-0.0571871
0.000943649
-0.0589414
-0.0597642
-0.00205724
-0.0578252
-0.00385122
-0.0567548
-0.00562031
-0.0547757
-0.00735136
-0.0519423
-0.00902997
-0.0483273
-0.0106405
-0.0440152
-0.0121661
-0.0390976
-0.0135887
-0.0336675
-0.0148887
-0.0278158
-0.0160453
-0.0216284
-0.0170356
-0.0151848
-0.0178352
-0.00855831
-0.0184181
-0.0018165
-0.0187566
0.00497641
-0.0188228
0.0117574
-0.0185891
0.0184602
-0.0180299
0.0250118
-0.0171232
0.0313287
-0.0158529
0.0373154
-0.0142116
0.042864
-0.012204
0.0478553
-0.00985044
0.0521627
-0.00719174
0.0556585
-0.0042923
0.0582227
-0.00124075
0.0597555
0.00185557
0.0601912
0.00488319
0.0595098
0.00773787
0.0577413
0.0103358
0.0549597
0.0126178
0.0512698
0.0145477
0.046794
0.0161087
0.0416603
0.017299
0.0359943
0.0181281
0.0299129
0.0186135
0.0235216
0.0187781
0.0169136
0.0186482
0.0101705
0.0182516
0.00336408
0.0176162
-0.00343967
0.0167694
-0.0101768
0.015737
-0.0167817
0.0145433
-0.0231846
0.0132106
-0.02931
0.0117596
-0.0350758
0.0102097
-0.040394
0.00857871
-0.0451723
0.00688342
-0.0493172
0.00513925
-0.0527381
0.00336039
-0.0553527
0.00155982
-0.0570926
-0.000250517
-0.057909
-0.00205931
-0.057778
-0.00385512
-0.0567035
-0.00562575
-0.0547167
-0.00735788
-0.0518723
-0.00903699
-0.0482431
-0.0106473
-0.0439143
-0.0121717
-0.0389777
-0.013592
-0.0335269
-0.0148885
-0.0276532
-0.01604
-0.0214433
-0.0170236
-0.0149773
-0.0178147
-0.008329
-0.018387
-0.00156693
-0.0187128
0.00524395
-0.0187642
0.0120397
-0.0185135
0.018753
-0.0179354
0.0253098
-0.017008
0.0316254
-0.015716
0.0376033
-0.0140524
0.0431346
-0.0120229
0.0480996
-0.00964922
0.0523713
-0.00697345
0.0558224
-0.00406168
0.058334
-0.00100405
0.0598084
0.00209126
0.0601826
0.00511093
0.0594402
0.00795179
0.0576146
0.0105316
0.0547824
0.0127928
0.0510501
0.0147006
0.0465411
0.0162394
0.0413836
0.0174081
0.0357026
0.018217
0.0296144
0.0186839
0.0232236
0.0188322
0.0166223
0.018688
0.0098908
0.0182792
0.00310001
0.0176338
-0.00368519
0.016779
-0.0104017
0.0157404
-0.0169847
0.0145421
-0.0233651
0.0132062
-0.029468
0.0117532
-0.0352121
0.0102024
-0.04051
0.00857137
-0.0452697
0.00687675
-0.0493983
0.00513381
-0.0528057
0.00335657
-0.0554099
0.00155789
-0.0571428
-0.0579558
-0.00285946
-0.0553139
-0.00534175
-0.0542725
-0.00776927
-0.0523481
-0.0101162
-0.0495954
-0.0123567
-0.0460867
-0.0144656
-0.0419064
-0.016418
-0.0371453
-0.0181896
-0.0318959
-0.0197568
-0.0262486
-0.0210961
-0.0202891
-0.022184
-0.0140969
-0.0229968
-0.00774548
-0.0235106
-0.00130268
-0.0237015
0.00516726
-0.0235461
0.011602
-0.0230228
0.017937
-0.022113
0.024102
-0.0208029
0.0300186
-0.0190856
0.0355982
-0.0169641
0.0407425
-0.0144539
0.0453451
-0.0115865
0.0492953
-0.00841186
0.0524839
-0.00500069
0.0548115
-0.00144287
0.0561977
0.00215762
0.0565908
0.00569233
0.0559751
0.00905955
0.054374
0.0121732
0.051846
0.0149669
0.048476
0.0173948
0.0443661
0.0194289
0.0396262
0.0210566
0.0343666
0.0222773
0.0286921
0.0230995
0.0226994
0.0235381
0.016475
0.0236127
0.010096
0.0233452
0.00363155
0.0227592
-0.00285373
0.0218789
-0.00929649
0.0207282
-0.015631
0.0193308
-0.0217872
0.0177103
-0.0276895
0.0158906
-0.033256
0.0138954
-0.0383989
0.0117496
-0.0430265
0.00947808
-0.0470457
0.00710661
-0.0503667
0.00466113
-0.0529072
0.00216767
-0.0545991
-0.000347902
-0.0553935
-0.00285995
-0.055266
-0.00534276
-0.0542207
-0.00777043
-0.052289
-0.0101169
-0.0495258
-0.0123563
-0.0460037
-0.014463
-0.0418075
-0.0164122
-0.0370285
-0.0181793
-0.0317597
-0.0197405
-0.026092
-0.0210722
-0.0201116
-0.0221507
-0.0138988
-0.0229522
-0.0075275
-0.0234527
-0.00106647
-0.0236281
0.00541936
-0.0234552
0.0118668
-0.0229125
0.0182103
-0.0219816
0.0243789
-0.0206491
0.0302929
-0.0189087
0.0358629
-0.0167641
0.04099
-0.0142318
0.0455672
-0.0113443
0.0494839
-0.00815326
0.0526313
-0.00473045
0.0549112
-0.00116696
0.0562449
0.00243259
0.0565831
0.00595987
0.0559129
0.00931396
0.0542605
0.01241
0.0516863
0.015183
0.0482771
0.0175883
0.0441358
0.0195992
0.0393727
0.0212039
0.0340979
0.0224025
0.0284158
0.023204
0.0224222
0.0236236
0.0162026
0.0236812
0.00983323
0.0233989
0.00338236
0.0228001
-0.00308644
0.021909
-0.00951056
0.0207493
-0.015825
0.0193447
-0.0219605
0.0177187
-0.027842
0.0158948
-0.0333882
0.0138967
-0.0385119
0.011749
-0.043122
0.0094765
-0.0471259
0.00710475
-0.050434
0.00465952
-0.0529647
0.00216666
-0.0546499
-0.055441
-0.00364509
-0.0521127
-0.00680088
-0.0511167
-0.00987169
-0.0492773
-0.0128189
-0.0466482
-0.0156056
-0.0433
-0.0181968
-0.0393152
-0.0205599
-0.0347822
-0.0226648
-0.0297909
-0.024484
-0.0244295
-0.0259918
-0.0187813
-0.0271643
-0.0129244
-0.0279793
-0.00693053
-0.0284154
-0.000866503
-0.0284531
0.00520489
-0.0280743
0.0112231
-0.0272638
0.0171265
-0.0260104
0.0228486
-0.0243087
0.0283169
-0.022161
0.0334505
-0.0195802
0.0381617
-0.0165918
0.0423567
-0.0132367
0.0459402
-0.00957278
0.0488199
-0.00567532
0.050914
-0.00163516
0.0521575
0.00244614
0.0525095
0.00646373
0.0519575
0.0103178
0.05052
0.0139204
0.0482434
0.0171999
0.0451966
0.020102
0.041464
0.0225892
0.037139
0.0246388
0.032317
0.0262403
0.0270906
0.0273933
0.0215465
0.0281045
0.0157638
0.0283861
0.00981435
0.028254
0.00376363
0.0277267
-0.00232639
0.0268242
-0.00839408
0.0255683
-0.0143751
0.0239817
-0.0202006
0.0220889
-0.0257967
0.0199161
-0.0310832
0.0174918
-0.0359746
0.014847
-0.0403816
0.012015
-0.0442138
0.00903166
-0.0473833
0.0059346
-0.0498102
0.00276298
-0.0514275
-0.000443276
-0.0521872
-0.003644
-0.0520652
-0.00679902
-0.0510656
-0.00986858
-0.0492195
-0.0128139
-0.0465805
-0.0155977
-0.0432199
-0.018185
-0.0392203
-0.0205428
-0.0346707
-0.0226411
-0.0296614
-0.024452
-0.0242812
-0.0259497
-0.0186139
-0.0271103
-0.0127382
-0.0279113
-0.00672649
-0.0283315
-0.000646238
-0.0283512
0.00543904
-0.0279525
0.0114681
-0.0271205
0.0173783
-0.0258441
0.0231026
-0.0241185
0.0285673
-0.0219467
0.0336911
-0.0193422
0.0383855
-0.0163316
0.0425566
-0.0129568
0.0461091
-0.00927687
0.0489514
-0.00536832
0.0510026
-0.00132283
0.0521994
0.00275759
0.0525027
0.00676817
0.0519023
0.0106097
0.050419
0.0141952
0.0481008
0.0174541
0.0450182
0.0203334
0.0412565
0.0227966
0.0369095
0.024822
0.0320726
0.0263998
0.026838
0.0275301
0.0212919
0.0282202
0.0155126
0.0284824
0.00957101
0.0283328
0.00353188
0.0277901
-0.00254366
0.0268742
-0.00859472
0.0256068
-0.0145576
0.0240106
-0.0203643
0.0221099
-0.0259413
0.0199308
-0.0312091
0.0175016
-0.0360827
0.0148531
-0.0404735
0.0120185
-0.0442913
0.00903338
-0.0474488
0.00593521
-0.0498665
0.0027629
-0.0514776
-0.0522343
-0.00440341
-0.0482455
-0.00820887
-0.0473112
-0.0118994
-0.0455868
-0.0154241
-0.0431236
-0.0187347
-0.0399894
-0.0217872
-0.0362628
-0.0245414
-0.0320279
-0.0269619
-0.0273705
-0.0290172
-0.0223741
-0.03068
-0.0171185
-0.0319264
-0.011678
-0.0327356
-0.00612134
-0.0330896
-0.000512495
-0.0329732
0.00508847
-0.0323741
0.0106241
-0.0312839
0.0160362
-0.0296989
0.0212636
-0.027622
0.02624
-0.0250646
0.0308932
-0.0220487
0.0351458
-0.0186091
0.038917
-0.0147946
0.0421257
-0.0106696
0.0446949
-0.00631313
0.0465575
-0.00181673
0.0476611
0.00271974
0.047973
0.00719393
0.0474833
0.0115073
0.0462066
0.0155706
0.0441801
0.0193077
0.0414594
0.0226576
0.0381141
0.0255744
0.0342223
0.0280261
0.0298653
0.029993
0.0251236
0.0314659
0.0200737
0.0324431
0.0147866
0.0329294
0.00932797
0.0329344
0.00375866
0.0324709
-0.0018629
0.031555
-0.00747811
0.0302053
-0.0130254
0.0284435
-0.0184389
0.0262945
-0.0236478
0.023787
-0.0285756
0.0209534
-0.0331411
0.0178309
-0.0372591
0.0144608
-0.0408436
0.0108886
-0.0438111
0.00716357
-0.0460851
0.00333764
-0.0476016
-0.000535337
-0.0483142
-0.00440078
-0.0481998
-0.00820421
-0.0472622
-0.0118922
-0.0455315
-0.0154134
-0.0430593
-0.0187197
-0.0399137
-0.0217665
-0.0361735
-0.0245136
-0.0319235
-0.0269253
-0.0272497
-0.0289702
-0.0222363
-0.0306206
-0.0169635
-0.0318526
-0.0115061
-0.0326455
-0.00593363
-0.0329812
-0.000310558
-0.0328445
0.00530239
-0.0322235
0.0108471
-0.0311098
0.0162646
-0.0295002
0.021493
-0.0273982
0.0264652
-0.0248158
0.0311087
-0.0217758
0.0353455
-0.0183138
0.0390947
-0.01448
0.0422752
-0.0103395
0.0448109
-0.00597237
0.0466355
-0.00147089
0.0476979
0.00306475
0.047967
0.00753225
0.0474348
0.0118335
0.0461177
0.0158801
0.0440542
0.019597
0.0413014
0.0229239
0.0379295
0.0258162
0.0340173
0.0282427
0.0296461
0.0301846
0.0248961
0.031633
0.0198434
0.0325871
0.0145585
0.0330519
0.0091062
0.0330371
0.00354668
0.0325558
-0.00206234
0.031624
-0.0076629
0.0302604
-0.013194
0.0284867
-0.0185906
0.0263276
-0.0237822
0.0238117
-0.0286931
0.0209714
-0.0332424
0.0178435
-0.0373456
0.0144692
-0.040917
0.0108938
-0.0438735
0.00716632
-0.046139
0.00333845
-0.0476497
-0.0483596
-0.00512237
-0.0437469
-0.00954346
-0.0428901
-0.0138208
-0.0413094
-0.0178913
-0.039053
-0.0216965
-0.0361842
-0.0251834
-0.0327759
-0.0283049
-0.0289064
-0.0310203
-0.0246551
-0.0332949
-0.0200996
-0.0350996
-0.0153138
-0.0364108
-0.0103668
-0.0372095
-0.00532269
-0.0374809
-0.000241116
-0.0372144
0.00482199
-0.0364036
0.00981328
-0.0350467
0.0146793
-0.0331475
0.0193644
-0.0307171
0.0238096
-0.0277754
0.0279515
-0.0243529
0.0317234
-0.0204925
0.0350566
-0.0162501
0.0378833
-0.0116951
0.04014
-0.00690983
0.0417722
-0.00198636
0.0427377
0.00297647
0.0430102
0.00787792
0.0425818
0.0126202
0.0414643
0.0171129
0.0396874
0.0212765
0.0372959
0.0250441
0.0343465
0.0283625
0.0309039
0.0311917
0.0270362
0.0335033
0.022812
0.0352794
0.0182975
0.0365106
0.0135554
0.0371943
0.00864431
0.0373333
0.00361964
0.0369351
-0.00146474
0.0360114
-0.00655436
0.0345779
-0.0115919
0.0326549
-0.0165159
0.0302676
-0.0212605
0.0274467
-0.0257547
0.0242285
-0.0299229
0.0206558
-0.0336864
0.0167775
-0.0369653
0.0126484
-0.039682
0.00832858
-0.0417654
0.00388252
-0.0431555
-0.000622619
-0.0438091
-0.00511829
-0.0437041
-0.00953616
-0.0428443
-0.0138097
-0.041258
-0.0178754
-0.0389935
-0.0216748
-0.0361144
-0.0251543
-0.032694
-0.0282669
-0.0288109
-0.0309717
-0.024545
-0.0332337
-0.0199743
-0.035024
-0.0151732
-0.0363186
-0.0102114
-0.0370987
-0.00515353
-0.0373497
-5.9658e-05
-0.0370609
0.00501365
-0.0362263
0.0100124
-0.0348442
0.0148826
-0.0329191
0.0195679
-0.0304626
0.0240087
-0.0274952
0.0281413
-0.0240483
0.0318986
-0.0201656
0.035212
-0.015904
0.0380137
-0.011334
0.0402409
-0.0065384
0.0418399
-0.00161005
0.0427696
0.00335197
0.043005
0.00824699
0.0425398
0.0129776
0.0413871
0.017454
0.0395778
0.0215974
0.0371579
0.025342
0.0341849
0.0286355
0.0307238
0.0314387
0.0268429
0.0337241
0.0226107
0.0354745
0.0180931
0.0366808
0.0133522
0.0373409
0.00844605
0.0374581
0.00342953
0.0370399
-0.00164414
0.0360981
-0.00672107
0.0346485
-0.0117445
0.0327114
-0.0166535
0.0303121
-0.0213828
0.0274809
-0.0258619
0.0242542
-0.0300157
0.0206745
-0.0337659
0.0167905
-0.037033
0.0126568
-0.0397398
0.00833335
-0.0418155
0.00388416
-0.0432005
-0.0438516
-0.00578874
-0.0386632
-0.0107802
-0.0378987
-0.0156008
-0.0364888
-0.0201763
-0.0344775
-0.0244384
-0.031922
-0.0283261
-0.0288883
-0.0317857
-0.0254467
-0.0347719
-0.0216689
-0.037247
-0.0176246
-0.0391804
-0.0133803
-0.0405489
-0.00899836
-0.0413349
-0.00453662
-0.0415272
-4.88689e-05
-0.0411195
0.00441434
-0.040111
0.00880479
-0.0385063
0.0130746
-0.0363165
0.0171745
-0.0335602
0.0210532
-0.0302652
0.0246565
-0.0264697
0.027928
-0.0222237
0.0308105
-0.0175889
0.0332485
-0.0126394
0.0351904
-0.00745951
0.0365924
-0.00214241
0.0374206
0.00321364
0.0376541
0.00850878
0.0372867
0.0136455
0.0363276
0.0185323
0.0348006
0.0230867
0.0327415
0.0272371
0.0301961
0.0309242
0.0272168
0.0341005
0.0238598
0.03673
0.0201824
0.038787
0.0162406
0.0402543
0.0120881
0.0411224
0.00777625
0.0413878
0.0033542
0.0410528
-0.00112967
0.0401246
-0.00562618
0.0386162
-0.0100835
0.0365466
-0.0144463
0.0339411
-0.018655
0.0308321
-0.0226457
0.0272596
-0.0263504
0.0232714
-0.0296982
0.0189233
-0.0326172
0.0142789
-0.0350375
0.0094083
-0.0368948
0.00438758
-0.0381348
-0.000703515
-0.038718
-0.00578332
-0.0386243
-0.0107705
-0.0378572
-0.0155861
-0.0364424
-0.0201556
-0.034424
-0.0244105
-0.0318595
-0.0282893
-0.0288151
-0.0317385
-0.0253617
-0.0347123
-0.0215712
-0.037173
-0.0175137
-0.03909
-0.0132562
-0.0404399
-0.00886151
-0.0412055
-0.00438794
-0.0413754
0.000110208
-0.0409437
0.00458193
-0.0399097
0.00897845
-0.0382785
0.0132513
-0.0360616
0.0173509
-0.0332782
0.0212253
-0.029957
0.02482
-0.0261369
0.0280785
-0.0218686
0.0309437
-0.0172149
0.03336
-0.0122505
0.0352765
-0.00706066
0.03665
-0.00173882
0.0374477
0.00361645
0.0376497
0.00890534
0.0372509
0.0140306
0.0362618
0.0189014
0.0347071
0.0234358
0.0326235
0.0275632
0.0300575
0.031225
0.0270619
0.0343748
0.0236932
0.0369772
0.0200083
0.0390071
0.0160632
0.0404481
0.0119112
0.0412909
0.0076032
0.0415326
0.00318781
0.0411756
-0.00128708
0.0402273
-0.00577282
0.0387009
-0.0102181
0.0366153
-0.0145679
0.0339959
-0.0187634
0.0308749
-0.0227409
0.0272922
-0.0264331
0.0232956
-0.0297692
0.0189405
-0.0326779
0.0142903
-0.0350896
0.00941491
-0.0369402
0.00438999
-0.0381756
-0.0387566
-0.00638849
-0.0330528
-0.0118932
-0.032394
-0.0172023
-0.0311797
-0.0222316
-0.0294482
-0.0269041
-0.0272496
-0.0311512
-0.0246411
-0.034914
-0.021684
-0.0381427
-0.0184402
-0.0407968
-0.0149704
-0.0428449
-0.0113322
-0.0442637
-0.00757958
-0.0450375
-0.00376283
-0.0451577
7.13531e-05
-0.0446224
0.00387904
-0.0434357
0.00761812
-0.0416082
0.0112471
-0.0391575
0.0147238
-0.0361091
0.0180049
-0.0324981
0.0210454
-0.0283692
0.0237991
-0.0237783
0.0262197
-0.0187924
0.0282626
-0.0134888
0.0298869
-0.0079543
0.0310579
-0.00228271
0.031749
0.00342767
0.0319437
0.00907725
0.0316371
0.0145684
0.0308365
0.0198085
0.0295605
0.0247126
0.0278374
0.0292053
0.0257034
0.0332219
0.0232002
0.0367089
0.0203729
0.0396234
0.0172679
0.0419325
0.0139315
0.0436122
0.0104084
0.0446465
0.00674191
0.0450264
0.00297439
0.0447489
-0.000852202
0.0438177
-0.00469498
0.0422431
-0.0085089
0.0400427
-0.0122459
0.037242
-0.0158543
0.033875
-0.0192787
0.0299848
-0.0224601
0.0256236
-0.0253371
0.0208537
-0.0278472
0.015746
-0.0299298
0.01038
-0.0315289
0.00484218
-0.032597
-0.000776318
-0.0330995
-0.00638188
-0.0330188
-0.0118813
-0.0323578
-0.0171844
-0.0311393
-0.0222066
-0.0294018
-0.0268706
-0.0271955
-0.0311077
-0.024578
-0.0348586
-0.0216109
-0.0380733
-0.0183564
-0.0407115
-0.0148755
-0.0427415
-0.0112262
-0.0441401
-0.00746294
-0.0448916
-0.00363636
-0.0449878
0.000206404
-0.0444269
0.00402101
-0.0432134
0.00776489
-0.0413581
0.0113961
-0.0388793
0.0148721
-0.0358033
0.0181493
-0.0321655
0.0211823
-0.0280118
0.0239248
-0.0233987
0.0263306
-0.018394
0.0283552
-0.0130758
0.0299583
-0.00753143
0.0311057
-0.0018552
0.0317715
0.00385443
0.0319401
0.00949789
0.0316074
0.0149778
0.0307819
0.0202021
0.0294828
0.0250864
0.0277393
0.029556
0.0255879
0.0335471
0.0230708
0.037007
0.0202333
0.0398935
0.0171218
0.0421745
0.0137822
0.0438266
0.0102591
0.0448343
0.00659554
0.0451887
0.00283333
0.0448876
-0.000985931
0.0439346
-0.00481981
0.0423402
-0.00862366
0.0401221
-0.0123499
0.0373059
-0.0159472
0.0339254
-0.0193605
0.0300236
-0.0225313
0.0256528
-0.0253984
0.0208746
-0.0278998
0.01576
-0.029975
0.0103883
-0.0315684
0.00484527
-0.0326326
-0.0331333
-0.00690725
-0.0269868
-0.0128557
-0.0264456
-0.0185871
-0.0254483
-0.0240085
-0.0240269
-0.0290353
-0.0222228
-0.0335929
-0.0200835
-0.0376172
-0.0176597
-0.041055
-0.0150024
-0.0438637
-0.0121617
-0.0460108
-0.00918508
-0.0474732
-0.00611719
-0.0482366
-0.00299943
-0.0482949
0.000129641
-0.0476496
0.00323374
-0.0463093
0.0062778
-0.0442896
0.00922742
-0.041614
0.0120482
-0.0383141
0.014705
-0.0344307
0.017162
-0.0300144
0.0193828
-0.0251261
0.0213314
-0.0198367
0.0229731
-0.0142266
0.0242767
-0.00838425
0.0252155
-0.0024045
0.0257692
0.00361405
0.0259252
0.00957166
0.0256795
0.0153703
0.0250379
0.0209162
0.0240146
0.0261224
0.0226312
0.0309102
0.0209155
0.0352109
0.0188995
0.0389655
0.0166183
0.0421254
0.014108
0.0446518
0.0114051
0.0465146
0.00854549
0.0476923
0.00556425
0.0481706
0.00249608
0.0479426
-0.000624203
0.0470086
-0.00376095
0.0453766
-0.00687696
0.0430633
-0.00993259
0.0400942
-0.0128852
0.0365046
-0.0156891
0.0323401
-0.0182956
0.0276571
-0.020654
0.0225227
-0.0227128
0.0170147
-0.0244218
0.0112205
-0.0257347
0.00523543
-0.0266119
-0.000839284
-0.0270248
-0.0068996
-0.0269584
-0.0128419
-0.0264154
-0.0185665
-0.0254147
-0.0239798
-0.0239884
-0.0289971
-0.0221782
-0.0335435
-0.0200317
-0.0375547
-0.0175997
-0.0409773
-0.0149338
-0.0437687
-0.0120841
-0.0458963
-0.00909861
-0.047337
-0.00602219
-0.0480768
-0.00289659
-0.0481097
0.000239281
-0.0474375
0.0033488
-0.0460691
0.00639652
-0.0440207
0.00934773
-0.0413163
0.0121677
-0.037988
0.0148211
-0.0340776
0.0172718
-0.0296363
0.0194835
-0.0247257
0.0214201
-0.0194176
0.0230471
-0.013793
0.0243337
-0.00794099
0.0252536
-0.00195667
0.0257872
0.00406115
0.0259223
0.0100127
0.0256559
0.0158003
0.0249943
0.0213305
0.0239526
0.0265169
0.0225528
0.0312816
0.0208231
0.0355565
0.0187959
0.0392836
0.0165062
0.042415
0.0139904
0.0449124
0.0112847
0.0467466
0.00842492
0.0478963
0.00544578
0.048348
0.00238171
0.0480948
-0.000732819
0.0471375
-0.0038625
0.0454844
-0.00697048
0.0431519
-0.0100174
0.0401659
-0.0129611
0.0365616
-0.0157561
0.0323843
-0.018354
0.0276904
-0.0207045
0.0225468
-0.0227562
0.0170311
-0.0244592
0.0112301
-0.0257674
0.0052391
-0.0266416
-0.0270529
-0.00733096
-0.0205487
-0.0136418
-0.0201347
-0.019718
-0.0193721
-0.0254593
-0.0182856
-0.0307751
-0.0169069
-0.0355858
-0.0152728
-0.0398234
-0.0134221
-0.0434319
-0.0113939
-0.046367
-0.00922661
-0.0485953
-0.00695679
-0.0500939
-0.00461859
-0.0508495
-0.00224375
-0.0508581
0.000138204
-0.0501238
0.00249943
-0.0486587
0.0048127
-0.0464828
0.00705147
-0.043624
0.00918942
-0.0401191
0.0112001
-0.0360137
0.0130566
-0.031363
0.0147321
-0.0262318
0.0162001
-0.0206941
0.0174355
-0.0148327
0.0184153
-0.00873763
0.0191205
-0.00250454
0.0195361
0.00376746
0.0196532
0.00997825
0.0194687
0.0160292
0.0189869
0.0218257
0.0182181
0.0272789
0.017178
0.0323077
0.0158866
0.0368399
0.0143673
0.0408126
0.0126456
0.0441725
0.0107481
0.0468758
0.00870185
0.0488875
0.00653372
0.0501815
0.00427031
0.0507394
0.00193818
0.0505509
-0.000435741
0.0496138
-0.00282386
0.0479345
-0.00519765
0.0455287
-0.00752676
0.042422
-0.00977853
0.0386508
-0.0119179
0.0342626
-0.0139075
0.029317
-0.0157084
0.0238853
-0.0172812
0.0180507
-0.0185872
0.0119069
-0.0195908
0.00555662
-0.0202617
-0.000890702
-0.0205774
-0.00732244
-0.0205267
-0.0136265
-0.0201114
-0.019695
-0.0193462
-0.0254275
-0.018256
-0.030733
-0.0168727
-0.0355315
-0.0152331
-0.0397551
-0.0133762
-0.0433474
-0.0113415
-0.046264
-0.00916748
-0.0484716
-0.00689097
-0.0499474
-0.00454638
-0.0506783
-0.00216568
-0.0506604
0.00022133
-0.0498981
0.00258654
-0.048404
0.00490245
-0.0461986
0.00714227
-0.0433104
0.00927947
-0.0397767
0.0112874
-0.035644
0.0131391
-0.0309681
0.0148076
-0.0258147
0.0162666
-0.0202584
0.0174908
-0.0143826
0.018458
-0.00827789
0.019149
-0.00204026
0.0195495
0.00423101
0.019651
0.0104358
0.0194511
0.0164758
0.0189544
0.0222566
0.0181718
0.0276901
0.0171193
0.0326958
0.0158174
0.0372021
0.0142896
0.041147
0.0125614
0.0444778
0.0106596
0.0471514
0.0086111
0.0491337
0.00644267
0.0503987
0.00418071
0.0509289
0.00185156
0.0507142
-0.000518114
0.0497527
-0.00290098
0.0480509
-0.00526877
0.0456249
-0.00759139
0.0425002
-0.00983643
0.0387131
-0.011969
0.0343113
-0.0139522
0.0293539
-0.0157471
0.0239122
-0.0173145
0.018069
-0.018616
0.0119177
-0.0196162
0.00556079
-0.0202846
-0.0205993
-0.00764653
-0.0138334
-0.0142272
-0.013554
-0.02056
-0.0130393
-0.0265394
-0.0123061
-0.0320703
-0.0113761
-0.0370693
-0.0102738
-0.0414657
-0.00902566
-0.0452014
-0.00765818
-0.0482307
-0.00619728
-0.0505199
-0.00466767
-0.052046
-0.00309247
-0.0527966
-0.00149314
-0.0527688
0.000110405
-0.0519687
0.00169933
-0.050411
0.00325497
-0.0481187
0.00475922
-0.0451236
0.00619429
-0.0414659
0.00754242
-0.0371951
0.00878582
-0.0323697
0.00990674
-0.0270574
0.0108878
-0.0213345
0.0117126
-0.0152856
0.0123664
-0.00900175
0.0128366
-0.00257931
0.0131137
0.00388216
0.0131917
0.0102822
0.0130687
0.0165216
0.0127475
0.022505
0.0122347
0.0281423
0.0115406
0.0333508
0.0106782
0.0380556
0.00966256
0.0421908
0.00851042
0.0456996
0.00723926
0.0485345
0.0058669
0.050657
0.00441124
0.0520372
0.00289014
0.0526538
0.00132158
0.0524941
-0.000276031
0.0515541
-0.00188383
0.049839
-0.00348256
0.0473639
-0.00505173
0.0441546
-0.00656924
0.0402481
-0.00801138
0.0356936
-0.00935289
0.0305526
-0.0105675
0.0248998
-0.0116284
0.0188221
-0.0125095
0.012418
-0.0131867
0.00579583
-0.0136395
-0.000928983
-0.0138526
-0.00763731
-0.0138184
-0.0142106
-0.0135381
-0.0205352
-0.0130217
-0.0265052
-0.012286
-0.032025
-0.0113528
-0.0370113
-0.0102469
-0.0413928
-0.00899464
-0.0451115
-0.00762279
-0.0481215
-0.00615741
-0.0503892
-0.00462335
-0.0518916
-0.0030439
-0.0526167
-0.00144068
-0.0525615
0.000166209
-0.0517327
0.00175774
-0.0501454
0.00331508
-0.0478231
0.00481996
-0.044798
0.00625445
-0.0411113
0.00760068
-0.036813
0.0088408
-0.0319624
0.009957
-0.0266278
0.010932
-0.0208864
0.0117494
-0.0148231
0.0123947
-0.00852973
0.0128555
-0.00210279
0.0131226
0.00435796
0.0131903
0.010752
0.013057
0.0169805
0.0127259
0.0229483
0.0122039
0.0285661
0.0115016
0.0337514
0.0106321
0.0384302
0.00961076
0.0425373
0.00845428
0.0460167
0.00718017
0.0488215
0.00580625
0.0509139
0.00435031
0.0522645
0.0028301
0.0528526
0.00126347
0.0526658
-0.000331338
0.0517005
-0.00193566
0.0499622
-0.00353041
0.047466
-0.00509526
0.0442379
-0.0066083
0.0403148
-0.00804595
0.0357458
-0.00938314
0.0305924
-0.0105937
0.0249289
-0.011651
0.018842
-0.0125291
0.0124298
-0.013204
0.00580041
-0.0136552
-0.0138676
-0.00784243
-0.00694611
-0.0145907
-0.00680573
-0.0210829
-0.00654716
-0.0272103
-0.00617878
-0.0328749
-0.00571145
-0.0379911
-0.0051576
-0.0424863
-0.0045304
-0.0463013
-0.00384323
-0.0493894
-0.00310912
-0.0517166
-0.00234052
-0.05326
-0.00154907
-0.0540075
-0.000745595
-0.053957
5.98894e-05
-0.0531156
0.000857894
-0.0514995
0.0016389
-0.049134
0.00239372
-0.0460531
0.00311337
-0.0422996
0.00378894
-0.0379254
0.00441158
-0.0329911
0.00497246
-0.0275663
0.00546304
-0.0217289
0.00587523
-0.0155643
0.00620177
-0.00916422
0.00643654
-0.00262537
0.00657486
0.00395255
0.00661377
0.0104689
0.00655238
0.0168243
0.00639201
0.0229231
0.00613597
0.0286745
0.00578922
0.0339945
0.00535816
0.0388069
0.00485023
0.0430437
0.00427362
0.046646
0.00363697
0.0495637
0.00294915
0.0517559
0.00221907
0.0531903
0.00145571
0.0538437
0.000668153
0.053702
-0.000134241
0.05276
-0.000941875
0.0510225
-0.00174506
0.0485042
-0.00253347
0.045231
-0.00329599
0.0412403
-0.00402065
0.0365821
-0.00469476
0.0313197
-0.00530506
0.0255295
-0.00583813
0.0193008
-0.00628084
0.0127352
-0.00662109
0.00594427
-0.00684856
-0.000952721
-0.00695564
-0.00783267
-0.00693844
-0.0145731
-0.00679761
-0.0210566
-0.00653816
-0.0271741
-0.00616855
-0.0328272
-0.00569966
-0.0379301
-0.00514398
-0.04241
-0.00451474
-0.0462074
-0.00382539
-0.0492758
-0.00308905
-0.0515809
-0.00231823
-0.0531001
-0.00152467
-0.0538215
-0.000719265
-0.0537432
8.78762e-05
-0.0528726
0.000887164
-0.0512265
0.001669
-0.0488307
0.0024241
-0.0457196
0.00314343
-0.041937
0.00381803
-0.0375352
0.004439
-0.0325757
0.00499752
-0.0271288
0.00548504
-0.0212729
0.00589355
-0.015094
0.00621587
-0.00868446
0.00644596
-0.00214114
0.00657928
0.00443606
0.00661306
0.0109465
0.00654655
0.0172911
0.00638126
0.0233744
0.00612064
0.0291062
0.0057698
0.0344031
0.00533521
0.0391895
0.0048244
0.0433982
0.0042456
0.0469709
0.00360746
0.0498583
0.00291883
0.0520201
0.00218858
0.0534245
0.00142564
0.054049
0.000639029
0.0538796
-0.000161982
0.0529118
-0.000967893
0.0511505
-0.0017691
0.0486106
-0.00255537
0.045318
-0.00331566
0.0413101
-0.00403809
0.036637
-0.00471004
0.0313616
-0.00531833
0.0255602
-0.00584961
0.0193219
-0.00629082
0.0127478
-0.0066299
0.00594917
-0.00685657
-0.00696327
-0.00790936
-0.0147151
-0.0212623
-0.027441
-0.0331525
-0.0383101
-0.0428405
-0.0466837
-0.0497928
-0.0521334
-0.0536824
-0.054428
-0.0543681
-0.0535102
-0.0518713
-0.0494776
-0.0463642
-0.0425753
-0.0381637
-0.0331913
-0.0277282
-0.021853
-0.0156512
-0.00921468
-0.00263982
0.00397395
0.0105263
0.0169183
0.0230543
0.0288435
0.0342017
0.0390519
0.0433255
0.0469625
0.0499117
0.0521307
0.0535864
0.0542546
0.0541203
0.0531785
0.0514334
0.0488999
0.045604
0.0415833
0.0368885
0.0315835
0.0257454
0.0194645
0.0128434
0.00599486
-0.00096078
-0.00789922
-0.0146968
-0.021235
-0.0274035
-0.0331032
-0.0382472
-0.0427619
-0.0465873
-0.0496764
-0.0519946
-0.0535193
-0.0542385
-0.0541507
-0.0532635
-0.0515945
-0.0491704
-0.046027
-0.0422089
-0.0377699
-0.0327724
-0.0272874
-0.0213938
-0.0151779
-0.00873199
-0.00215271
0.00446035
0.0110069
0.0173882
0.0235088
0.0292786
0.0346138
0.0394382
0.0436838
0.0472913
0.0502101
0.0523987
0.0538243
0.0544634
0.0543014
0.0533335
0.0515644
0.049009
0.0456934
0.0416553
0.0369452
0.0316269
0.0257773
0.0194865
0.0128566
0.00600002
)
;

boundaryField
{
    top
    {
        type            calculated;
        value           nonuniform List<scalar> 
102
(
0
0
0
0
0
0
0
0
0
0
0
0
0
0
0
0
-2.1684e-19
0
0
0
0
0
0
0
0
0
0
0
0
0
0
0
0
0
0
0
0
0
0
0
0
0
-1.0842e-19
0
0
0
0
-5.42101e-20
0
0
0
0
0
0
0
0
0
0
0
0
0
0
0
0
0
0
0
-2.1684e-19
0
0
0
0
0
0
0
0
0
0
0
0
0
0
0
2.1684e-19
2.1684e-19
0
0
0
0
0
0
0
0
-1.0842e-19
0
0
0
0
0
0
0
0
)
;
    }
    bottom
    {
        type            calculated;
        value           uniform 0;
    }
    frontAndBack
    {
        type            empty;
        value           nonuniform 0();
    }
    left_cyc
    {
        type            cyclic;
        value           nonuniform List<scalar> 
30
(
-0.00044052
-0.000664522
-0.000744744
-0.000779137
-0.000785993
-0.00077125
-0.000738814
-0.000692057
-0.000633718
-0.000566044
-0.00049084
-0.000409557
-0.000323356
-0.000233186
-0.000139852
-4.40827e-05
5.34091e-05
0.000151868
0.000250444
0.000348152
0.000443852
0.000536233
0.000623821
0.000705002
0.000778063
0.000841253
0.00089286
0.000931288
0.000955132
0.000963253
)
;
    }
    right_cyc
    {
        type            cyclic;
        value           nonuniform List<scalar> 
30
(
0.00044052
0.000664522
0.000744744
0.000779137
0.000785993
0.00077125
0.000738814
0.000692057
0.000633718
0.000566044
0.00049084
0.000409557
0.000323356
0.000233186
0.000139852
4.40827e-05
-5.34091e-05
-0.000151868
-0.000250444
-0.000348152
-0.000443852
-0.000536233
-0.000623821
-0.000705002
-0.000778063
-0.000841253
-0.00089286
-0.000931288
-0.000955132
-0.000963253
)
;
    }
}


// ************************************************************************* //
