/*--------------------------------*- C++ -*----------------------------------*\
| =========                 |                                                 |
| \\      /  F ield         | OpenFOAM: The Open Source CFD Toolbox           |
|  \\    /   O peration     | Version:  2.3.0                                 |
|   \\  /    A nd           | Web:      www.OpenFOAM.org                      |
|    \\/     M anipulation  |                                                 |
\*---------------------------------------------------------------------------*/
FoamFile
{
    version     2.0;
    format      ascii;
    class       volVectorField;
    location    "21000";
    object      U;
}
// * * * * * * * * * * * * * * * * * * * * * * * * * * * * * * * * * * * * * //

dimensions      [0 1 -1 0 0 0 0];

internalField   nonuniform List<vector> 
765
(
(46.1624 0 0.556473)
(46.2937 0 -0.0276036)
(47.7012 0 -0.804426)
(50.5621 0 -1.66608)
(54.6434 0 -2.32309)
(58.9382 0 -2.27702)
(61.3807 0 -0.923382)
(58.8855 0 2.06254)
(47.9188 0 6.5256)
(25.7757 0 11.3191)
(-5.66586 0 13.301)
(-34.9493 0 9.77852)
(-53.0308 0 4.85511)
(-60.6895 0 0.831284)
(-61.0624 0 -1.56293)
(-57.6574 0 -2.4235)
(-53.2253 0 -2.15784)
(-49.4831 0 -1.37737)
(-47.1189 0 -0.517429)
(-46.1839 0 0.200332)
(-46.4235 0 0.719335)
(-47.5013 0 1.07358)
(-49.1389 0 1.35534)
(-51.1903 0 1.65007)
(-53.614 0 2.03811)
(-56.4587 0 2.61067)
(-59.8647 0 3.48013)
(-64.0566 0 4.73449)
(-69.192 0 6.25988)
(-75.0806 0 7.29249)
(-79.7588 0 5.60953)
(-78.1011 0 -0.671179)
(-67.7983 0 -9.53608)
(-50.8268 0 -18.4274)
(-29.0798 0 -24.6131)
(-6.90267 0 -25.7139)
(15.3294 0 -25.5394)
(37.475 0 -22.9397)
(58.0652 0 -15.0957)
(72.658 0 -6.07461)
(79.8079 0 2.357)
(78.2247 0 6.761)
(72.6874 0 7.01854)
(67.0484 0 5.63213)
(62.312 0 4.18278)
(58.4675 0 3.09079)
(55.3069 0 2.35572)
(52.6366 0 1.86965)
(50.3544 0 1.52968)
(48.4442 0 1.25264)
(46.9817 0 0.957956)
(81.2377 0 0.0840811)
(82.9367 0 -1.63641)
(85.7356 0 -3.68818)
(89.5568 0 -5.60869)
(93.8377 0 -6.47798)
(97.2281 0 -4.87432)
(97.3177 0 0.834091)
(90.417 0 11.9024)
(72.0545 0 28.0421)
(38.4765 0 45.2213)
(-8.46912 0 52.1194)
(-52.184 0 39.748)
(-80.1657 0 22.0329)
(-94.0707 0 7.41788)
(-98.0322 0 -1.73634)
(-96.399 0 -5.86893)
(-92.4625 0 -6.41244)
(-88.2188 0 -5.02548)
(-84.7077 0 -2.97018)
(-82.2886 0 -0.992842)
(-80.9297 0 0.57195)
(-80.4082 0 1.65531)
(-80.4209 0 2.36836)
(-80.6436 0 2.8545)
(-80.7681 0 3.23143)
(-80.4766 0 3.58426)
(-79.4119 0 3.96227)
(-77.1481 0 4.28983)
(-73.1404 0 4.13783)
(-66.9379 0 2.21499)
(-57.7648 0 -4.19766)
(-45.5468 0 -15.1093)
(-32.2615 0 -22.245)
(-21.0386 0 -24.2955)
(-11.9705 0 -25.9964)
(-2.96535 0 -26.8646)
(6.22723 0 -26.6717)
(15.217 0 -25.4342)
(24.7615 0 -23.7347)
(37.2004 0 -20.705)
(50.524 0 -10.5045)
(61.672 0 -1.01682)
(69.6534 0 3.2693)
(74.9556 0 4.26917)
(78.2218 0 4.16075)
(79.96 0 3.80298)
(80.6719 0 3.44552)
(80.7522 0 3.09804)
(80.5394 0 2.69737)
(80.3408 0 2.15052)
(80.4669 0 1.32762)
(85.552 0 -1.94567)
(87.9716 0 -4.43845)
(90.829 0 -7.19574)
(93.8812 0 -9.40321)
(96.5262 0 -9.56568)
(97.6166 0 -5.4299)
(95.2398 0 5.72148)
(86.566 0 26.2512)
(67.9593 0 56.0181)
(36.0648 0 87.8987)
(-7.91695 0 100.504)
(-48.9148 0 77.7467)
(-75.883 0 44.8996)
(-90.6265 0 17.966)
(-96.6953 0 0.821629)
(-97.5775 0 -7.58869)
(-95.7723 0 -9.91651)
(-92.8811 0 -8.80925)
(-89.8416 0 -6.26914)
(-87.112 0 -3.53466)
(-84.845 0 -1.22786)
(-83.0119 0 0.420852)
(-81.4506 0 1.39603)
(-79.8883 0 1.77765)
(-77.9664 0 1.638)
(-75.2456 0 1.00943)
(-71.2088 0 -0.103158)
(-65.3095 0 -1.73147)
(-57.1863 0 -4.03707)
(-47.1962 0 -7.56219)
(-35.9848 0 -13.5768)
(-28.5004 0 -22.4539)
(-22.5191 0 -29.4868)
(-16.1545 0 -33.224)
(-9.27229 0 -35.1094)
(-2.27454 0 -35.891)
(4.77634 0 -35.728)
(11.7559 0 -34.5884)
(18.4793 0 -32.1703)
(24.6596 0 -27.3823)
(30.5976 0 -18.879)
(40.3154 0 -10.9711)
(51.2931 0 -6.06465)
(60.6406 0 -3.08068)
(67.8799 0 -1.0468)
(72.9798 0 0.390267)
(76.4257 0 1.32516)
(78.7629 0 1.77465)
(80.4789 0 1.7293)
(81.9807 0 1.14541)
(83.5945 0 -0.059306)
(76.6056 0 -4.19839)
(78.5856 0 -6.84537)
(80.4372 0 -9.5588)
(81.8572 0 -11.2946)
(82.3288 0 -10.2174)
(81.0238 0 -3.58057)
(76.6964 0 11.9986)
(67.6472 0 39.5749)
(51.7242 0 79.2889)
(26.9322 0 121.917)
(-5.81805 0 138.596)
(-36.6066 0 108.363)
(-58.1647 0 64.4457)
(-71.4728 0 28.4973)
(-78.6594 0 5.28006)
(-81.7804 0 -6.7888)
(-82.3595 0 -11.1128)
(-81.4837 0 -10.9351)
(-79.8641 0 -8.68939)
(-77.9354 0 -5.91046)
(-75.9434 0 -3.42403)
(-73.9926 0 -1.60472)
(-72.0728 0 -0.59535)
(-70.0507 0 -0.439392)
(-67.6648 0 -1.17883)
(-64.5314 0 -2.8746)
(-60.1635 0 -5.56338)
(-54.0521 0 -9.15821)
(-45.9208 0 -13.3717)
(-36.4009 0 -17.7925)
(-26.1947 0 -22.4525)
(-20.3654 0 -28.3581)
(-16.1886 0 -34.4003)
(-11.8343 0 -38.3485)
(-6.94116 0 -40.8237)
(-1.72448 0 -41.9627)
(3.58965 0 -41.7079)
(8.70136 0 -40.0748)
(13.3862 0 -37.1125)
(17.5748 0 -32.4625)
(21.8967 0 -26.1312)
(30.0496 0 -20.6983)
(40.1878 0 -16.157)
(49.2994 0 -11.7208)
(56.6434 0 -7.66879)
(62.0127 0 -4.38515)
(65.8282 0 -2.06946)
(68.6058 0 -0.741725)
(70.797 0 -0.343147)
(72.7394 0 -0.815092)
(74.6469 0 -2.1208)
(60.9624 0 -5.80721)
(61.8131 0 -8.18851)
(62.1482 0 -10.3902)
(61.6979 0 -11.2393)
(60.1037 0 -8.72731)
(56.8886 0 0.131236)
(51.4477 0 18.9962)
(43.1365 0 51.1478)
(31.2681 0 96.7178)
(15.5201 0 145.161)
(-3.19097 0 163.852)
(-21.231 0 129.864)
(-35.7137 0 79.7802)
(-46.3354 0 38.3533)
(-53.6128 0 11.0252)
(-58.2418 0 -3.93454)
(-60.8507 0 -10.1876)
(-62.0077 0 -11.2388)
(-62.1506 0 -9.73745)
(-61.6075 0 -7.37418)
(-60.623 0 -5.09629)
(-59.3654 0 -3.38608)
(-57.9235 0 -2.49374)
(-56.2891 0 -2.58767)
(-54.3344 0 -3.84155)
(-51.7963 0 -6.4446)
(-48.2894 0 -10.5145)
(-43.3727 0 -15.8829)
(-36.7284 0 -21.8279)
(-28.8482 0 -26.9456)
(-20.2091 0 -29.8967)
(-14.2825 0 -32.9989)
(-11.0331 0 -38.2487)
(-7.99676 0 -42.3468)
(-4.68892 0 -45.108)
(-1.1752 0 -46.4017)
(2.41384 0 -46.1064)
(5.8574 0 -44.2555)
(9.04006 0 -40.9805)
(12.11 0 -36.359)
(15.71 0 -31.8304)
(23.4904 0 -29.1835)
(31.8518 0 -25.271)
(39.4145 0 -19.5644)
(45.3868 0 -13.6746)
(49.7119 0 -8.7389)
(52.7936 0 -5.2264)
(55.0642 0 -3.15571)
(56.8677 0 -2.35976)
(58.4159 0 -2.64943)
(59.7904 0 -3.85857)
(40.2506 0 -6.25397)
(39.7985 0 -8.07307)
(38.6428 0 -9.49992)
(36.6151 0 -9.32808)
(33.551 0 -5.51588)
(29.3108 0 4.94315)
(23.8519 0 25.6666)
(17.357 0 59.7918)
(10.3696 0 107.104)
(4.11391 0 156.423)
(-0.59167 0 175.135)
(-5.80261 0 141.047)
(-12.603 0 89.7088)
(-19.604 0 46.3785)
(-25.838 0 17.0759)
(-30.9265 0 0.321236)
(-34.7716 0 -7.44487)
(-37.4689 0 -9.70568)
(-39.1796 0 -9.1411)
(-40.0743 0 -7.47694)
(-40.3224 0 -5.69801)
(-40.0817 0 -4.33495)
(-39.4848 0 -3.70379)
(-38.6139 0 -4.0667)
(-37.4668 0 -5.71851)
(-35.9251 0 -8.98229)
(-33.7431 0 -14.0814)
(-30.5835 0 -20.8411)
(-26.1209 0 -28.277)
(-20.5379 0 -34.3918)
(-14.1494 0 -36.8609)
(-8.70792 0 -37.456)
(-6.50591 0 -40.9923)
(-4.6462 0 -44.8022)
(-2.73734 0 -47.71)
(-0.696152 0 -49.1405)
(1.39693 0 -48.8081)
(3.39622 0 -46.7861)
(5.22752 0 -43.4847)
(7.27932 0 -39.4948)
(10.3135 0 -37.2506)
(16.6858 0 -36.6196)
(22.6373 0 -32.4586)
(27.8708 0 -25.4722)
(31.8084 0 -18.0742)
(34.5613 0 -11.8703)
(36.4733 0 -7.4754)
(37.8515 0 -4.85842)
(38.8947 0 -3.72959)
(39.6753 0 -3.76816)
(40.1616 0 -4.69733)
(15.8956 0 -5.47524)
(14.3551 0 -6.6182)
(12.112 0 -7.25204)
(9.1154 0 -6.20073)
(5.37542 0 -1.47855)
(1.04042 0 9.78065)
(-3.47174 0 30.932)
(-7.32914 0 64.6767)
(-8.96125 0 110.161)
(-6.07217 0 156.204)
(1.67165 0 173.386)
(8.07387 0 142.122)
(8.99974 0 93.7115)
(6.26402 0 51.6075)
(1.97416 0 22.3143)
(-2.59056 0 4.94517)
(-6.77354 0 -3.70086)
(-10.275 0 -6.88082)
(-13.0162 0 -7.17415)
(-15.0147 0 -6.26638)
(-16.3378 0 -5.11846)
(-17.0867 0 -4.24995)
(-17.3873 0 -3.98619)
(-17.3663 0 -4.63137)
(-17.1111 0 -6.56109)
(-16.6269 0 -10.2108)
(-15.8137 0 -15.9184)
(-14.4803 0 -23.5656)
(-12.4038 0 -32.0582)
(-9.62348 0 -39.0624)
(-6.17894 0 -41.6942)
(-3.15068 0 -40.484)
(-2.30867 0 -42.5705)
(-1.67328 0 -46.0532)
(-1.03544 0 -49.0147)
(-0.276277 0 -50.5342)
(0.521872 0 -50.1763)
(1.24131 0 -48.0484)
(1.81814 0 -44.8374)
(2.61024 0 -41.7001)
(4.24963 0 -41.0701)
(7.64761 0 -41.4189)
(10.6348 0 -36.7596)
(13.1356 0 -28.8199)
(14.8995 0 -20.4313)
(16.0247 0 -13.4573)
(16.7172 0 -8.55284)
(17.1304 0 -5.60479)
(17.3229 0 -4.20803)
(17.2556 0 -3.94095)
(16.8229 0 -4.46091)
(-9.7196 0 -3.79545)
(-11.9131 0 -4.30142)
(-14.7235 0 -4.27166)
(-18.1091 0 -2.59713)
(-21.9062 0 2.56469)
(-25.6945 0 13.7967)
(-28.6463 0 34.0391)
(-29.3152 0 65.3098)
(-25.4265 0 106.042)
(-14.369 0 145.863)
(3.4271 0 160.553)
(19.4572 0 133.979)
(27.6574 0 91.626)
(29.5765 0 53.4154)
(27.8307 0 25.9344)
(24.4239 0 9.07776)
(20.5438 0 0.240512)
(16.8447 0 -3.47055)
(13.6363 0 -4.4135)
(11.028 0 -4.16635)
(9.03314 0 -3.63404)
(7.60323 0 -3.29082)
(6.63527 0 -3.42818)
(5.98731 0 -4.34667)
(5.51929 0 -6.46113)
(5.13473 0 -10.2799)
(4.78846 0 -16.2208)
(4.47277 0 -24.216)
(4.17828 0 -33.1387)
(3.77733 0 -40.5356)
(3.6453 0 -43.3131)
(2.7262 0 -41.1586)
(1.86569 0 -42.6069)
(1.13011 0 -46.0477)
(0.550878 0 -49.1104)
(0.113305 0 -50.7089)
(-0.284748 0 -50.3279)
(-0.776593 0 -48.0917)
(-1.43246 0 -44.8263)
(-2.15822 0 -42.0423)
(-3.33288 0 -42.1613)
(-3.82618 0 -42.8759)
(-4.18966 0 -37.9963)
(-4.53888 0 -29.7038)
(-4.81005 0 -20.946)
(-5.1005 0 -13.6856)
(-5.42128 0 -8.58327)
(-5.79733 0 -5.46795)
(-6.29113 0 -3.85856)
(-7.01569 0 -3.27247)
(-8.11508 0 -3.3436)
(-33.8194 0 -1.68421)
(-36.2207 0 -1.6154)
(-39.1818 0 -1.04955)
(-42.5778 0 0.993275)
(-46.0677 0 6.1211)
(-48.9466 0 16.5227)
(-49.9812 0 34.551)
(-47.2381 0 61.4912)
(-38.1697 0 95.3759)
(-20.4838 0 127.386)
(4.61528 0 139.129)
(27.8704 0 118.108)
(42.3182 0 83.6781)
(48.8407 0 51.4517)
(49.9609 0 27.4658)
(48.0769 0 12.2381)
(44.8593 0 3.89278)
(41.3297 0 0.0365886)
(38.0466 0 -1.35381)
(35.2591 0 -1.66679)
(33.0439 0 -1.70205)
(31.3775 0 -1.86229)
(30.1572 0 -2.37923)
(29.212 0 -3.52034)
(28.3498 0 -5.70906)
(27.3948 0 -9.47902)
(26.1601 0 -15.2541)
(24.4204 0 -22.9482)
(21.8805 0 -31.4165)
(18.2295 0 -38.3177)
(14.2436 0 -40.8077)
(8.67366 0 -38.8357)
(6.12279 0 -40.7761)
(3.9964 0 -44.7272)
(2.18469 0 -48.0196)
(0.510487 0 -49.6987)
(-1.13012 0 -49.2984)
(-2.86626 0 -46.937)
(-4.75932 0 -43.3437)
(-7.0441 0 -39.7686)
(-11.4616 0 -39.6663)
(-16.3227 0 -40.4875)
(-20.1398 0 -36.0098)
(-23.2884 0 -28.2282)
(-25.4117 0 -19.8654)
(-26.8752 0 -12.8457)
(-27.9343 0 -7.85538)
(-28.7996 0 -4.73696)
(-29.6435 0 -2.99622)
(-30.6428 0 -2.12681)
(-31.9852 0 -1.76686)
(-53.6838 0 0.442748)
(-55.9583 0 1.06701)
(-58.7603 0 2.08964)
(-61.8761 0 4.28877)
(-64.799 0 8.93092)
(-66.5725 0 17.7127)
(-65.6324 0 32.3434)
(-59.7848 0 53.5379)
(-46.5524 0 79.3836)
(-24.2797 0 103.09)
(5.23375 0 111.793)
(33.0525 0 96.4405)
(52.1148 0 70.6959)
(62.5352 0 45.808)
(66.3904 0 26.7059)
(66.1596 0 14.1752)
(63.8317 0 6.98703)
(60.746 0 3.34361)
(57.685 0 1.66288)
(55.0375 0 0.841777)
(52.9464 0 0.248432)
(51.4089 0 -0.41015)
(50.306 0 -1.27335)
(49.4082 0 -2.54739)
(48.442 0 -4.64459)
(47.143 0 -8.0843)
(45.1914 0 -13.2235)
(42.1933 0 -19.8965)
(37.6562 0 -26.9526)
(31.2073 0 -32.3916)
(23.6841 0 -34.1587)
(14.1926 0 -33.6806)
(10.5144 0 -37.4284)
(7.18745 0 -42.1464)
(4.03607 0 -45.668)
(0.952342 0 -47.3865)
(-2.13815 0 -46.975)
(-5.27278 0 -44.5214)
(-8.4489 0 -40.4186)
(-12.042 0 -35.0324)
(-17.7734 0 -33.6344)
(-27.0478 0 -34.0805)
(-34.1028 0 -30.72)
(-39.8285 0 -24.4283)
(-43.6739 0 -17.3154)
(-46.1938 0 -11.1479)
(-47.8254 0 -6.65466)
(-48.9444 0 -3.76208)
(-49.836 0 -2.02495)
(-50.7589 0 -0.940676)
(-51.9767 0 -0.170469)
(-66.4965 0 2.31823)
(-68.3986 0 3.48216)
(-70.7344 0 4.89418)
(-73.2458 0 7.06999)
(-75.3438 0 10.871)
(-75.9447 0 17.4381)
(-73.3543 0 27.8783)
(-65.3638 0 42.5624)
(-49.7599 0 60.0383)
(-25.5133 0 75.7377)
(5.27576 0 81.5555)
(34.6366 0 71.4847)
(55.9866 0 54.3217)
(68.8229 0 37.3255)
(74.7073 0 23.9442)
(75.9728 0 14.868)
(74.6899 0 9.35485)
(72.3436 0 6.21641)
(69.833 0 4.3788)
(67.6165 0 3.09258)
(65.8733 0 1.9484)
(64.6235 0 0.800025)
(63.7528 0 -0.356684)
(62.9841 0 -1.62414)
(61.9718 0 -3.4049)
(60.3749 0 -6.19881)
(57.7669 0 -10.2904)
(53.6657 0 -15.5024)
(47.5387 0 -20.7509)
(39.1824 0 -24.3606)
(28.9599 0 -24.9931)
(19.9574 0 -25.991)
(15.4394 0 -32.9739)
(10.9906 0 -38.3044)
(6.27075 0 -41.8396)
(1.48199 0 -43.5006)
(-3.3671 0 -43.0963)
(-8.14028 0 -40.6863)
(-12.8068 0 -36.3747)
(-17.2029 0 -30.1384)
(-21.9522 0 -25.3418)
(-33.0529 0 -24.9839)
(-42.5547 0 -23.234)
(-50.1929 0 -18.9171)
(-55.4972 0 -13.5177)
(-58.99 0 -8.67193)
(-61.1565 0 -5.06856)
(-62.4892 0 -2.68842)
(-63.3682 0 -1.15341)
(-64.1262 0 0.0345042)
(-65.0939 0 1.18024)
(-69.3637 0 3.61106)
(-70.6442 0 5.14037)
(-72.1032 0 6.72181)
(-73.5352 0 8.61862)
(-74.4341 0 11.2866)
(-73.8364 0 15.3304)
(-70.229 0 21.3368)
(-61.6739 0 29.5026)
(-46.3306 0 39.0493)
(-23.5578 0 47.559)
(4.67346 0 50.7873)
(31.7956 0 45.3285)
(52.2085 0 36.0061)
(65.1711 0 26.6577)
(71.8489 0 19.1351)
(74.2378 0 13.8114)
(74.1796 0 10.2907)
(73.0082 0 7.94105)
(71.5196 0 6.19193)
(70.1013 0 4.64737)
(68.8907 0 3.10755)
(67.9088 0 1.56469)
(67.0825 0 0.190821)
(66.2065 0 -0.925944)
(64.9935 0 -2.17029)
(63.0649 0 -4.05362)
(59.9093 0 -6.74643)
(55.0392 0 -10.0032)
(48.2173 0 -12.5286)
(40.3853 0 -12.9749)
(31.4079 0 -14.676)
(26.2317 0 -20.5551)
(21.3273 0 -27.8373)
(15.3473 0 -32.9732)
(8.85264 0 -36.2023)
(2.09456 0 -37.6997)
(-4.75444 0 -37.3323)
(-11.4191 0 -35.1488)
(-17.7851 0 -31.1982)
(-23.2112 0 -25.2495)
(-27.9571 0 -18.0608)
(-35.0471 0 -13.2065)
(-43.449 0 -12.9478)
(-51.078 0 -11.8303)
(-57.1245 0 -8.81921)
(-61.3261 0 -5.71349)
(-63.959 0 -3.31084)
(-65.5777 0 -1.68754)
(-66.6299 0 -0.555706)
(-67.4559 0 0.618034)
(-68.3121 0 2.0634)
(-61.4549 0 5.47)
(-61.6994 0 7.2146)
(-61.6478 0 9.01036)
(-61.2383 0 10.9031)
(-60.2256 0 12.9739)
(-58.0665 0 15.3254)
(-53.8448 0 18.05)
(-46.3334 0 21.1589)
(-34.3226 0 24.4475)
(-17.3631 0 27.2912)
(3.29012 0 28.4196)
(23.2388 0 26.5802)
(38.6848 0 23.4533)
(49.1557 0 20.153)
(55.4459 0 17.147)
(58.8586 0 14.5456)
(60.5495 0 12.2945)
(61.3141 0 10.2902)
(61.5864 0 8.4342)
(61.5373 0 6.65502)
(61.1931 0 4.92108)
(60.5624 0 3.26861)
(59.6814 0 1.8623)
(58.7042 0 0.812085)
(57.7179 0 -0.0918791)
(56.417 0 -1.039)
(54.3902 0 -2.091)
(51.244 0 -3.38346)
(46.525 0 -5.15153)
(41.5785 0 -7.46755)
(37.5307 0 -10.7936)
(33.2225 0 -16.0383)
(27.2124 0 -21.7945)
(19.672 0 -26.0447)
(11.3989 0 -28.7826)
(2.69729 0 -30.0562)
(-6.11805 0 -29.7441)
(-14.6849 0 -27.8909)
(-22.7269 0 -24.5933)
(-29.7552 0 -19.7264)
(-35.1298 0 -13.7857)
(-39.2105 0 -9.35217)
(-43.231 0 -6.56835)
(-48.5474 0 -4.4785)
(-52.6249 0 -2.90682)
(-55.3433 0 -1.726)
(-57.0592 0 -0.718178)
(-58.2056 0 0.204805)
(-59.155 0 1.12645)
(-60.1194 0 2.27979)
(-60.9183 0 3.7844)
(-54.3653 0 3.11459)
(-52.2685 0 3.92486)
(-49.5276 0 4.71845)
(-46.1366 0 5.51658)
(-42.0609 0 6.32463)
(-37.2329 0 7.12562)
(-31.5499 0 7.87589)
(-24.885 0 8.50645)
(-17.1214 0 8.94051)
(-8.25485 0 9.14051)
(1.4564 0 9.1631)
(11.0191 0 9.0999)
(19.5606 0 8.83242)
(26.9743 0 8.33081)
(33.3133 0 7.65262)
(38.7117 0 6.87803)
(43.2916 0 6.06987)
(47.1447 0 5.26322)
(50.3275 0 4.46718)
(52.8643 0 3.67012)
(54.7531 0 2.84847)
(55.9758 0 2.00259)
(56.5122 0 1.23106)
(56.4818 0 0.609995)
(56.0396 0 0.0389778)
(55.193 0 -0.55083)
(53.8862 0 -1.16307)
(52.078 0 -1.82844)
(49.6756 0 -2.70269)
(46.6949 0 -4.11486)
(43.1006 0 -6.54185)
(38.3234 0 -9.93398)
(31.5191 0 -13.5744)
(22.9819 0 -16.4145)
(13.3898 0 -18.2992)
(3.17691 0 -19.179)
(-7.1886 0 -18.9624)
(-17.2117 0 -17.6812)
(-26.452 0 -15.4257)
(-34.4089 0 -12.2284)
(-40.4106 0 -8.52307)
(-44.5969 0 -5.50135)
(-47.9156 0 -3.5183)
(-50.7232 0 -2.35848)
(-52.8983 0 -1.59525)
(-54.533 0 -0.959828)
(-55.6767 0 -0.355618)
(-56.3821 0 0.226274)
(-56.6945 0 0.801742)
(-56.5609 0 1.46379)
(-55.8052 0 2.27338)
(-52.6228 0 2.93171)
(-50.3428 0 3.11695)
(-47.4143 0 3.28748)
(-43.8136 0 3.44764)
(-39.5062 0 3.59941)
(-34.4543 0 3.74134)
(-28.6299 0 3.86831)
(-22.0377 0 3.97214)
(-14.7452 0 4.04449)
(-6.91385 0 4.08217)
(1.2071 0 4.09322)
(9.27615 0 4.0756)
(16.9665 0 4.02927)
(24.057 0 3.94689)
(30.4146 0 3.83472)
(35.9958 0 3.70184)
(40.8096 0 3.55595)
(44.8896 0 3.40107)
(48.2741 0 3.23753)
(50.9945 0 3.06235)
(53.0704 0 2.87098)
(54.5147 0 2.6626)
(55.3714 0 2.44453)
(55.7466 0 2.21028)
(55.7163 0 1.93187)
(55.3006 0 1.60496)
(54.5213 0 1.21524)
(53.4145 0 0.695967)
(51.9413 0 -0.12018)
(49.9084 0 -1.44569)
(46.8309 0 -3.45954)
(41.9769 0 -6.06733)
(34.8193 0 -8.73825)
(25.6212 0 -10.8936)
(15.0161 0 -12.3791)
(3.57429 0 -13.082)
(-8.07039 0 -12.9097)
(-19.257 0 -11.8915)
(-29.383 0 -10.1362)
(-37.8645 0 -7.75328)
(-44.1136 0 -5.01568)
(-48.1884 0 -2.62933)
(-50.8136 0 -0.898174)
(-52.6187 0 0.215597)
(-53.9565 0 0.893345)
(-54.9632 0 1.35272)
(-55.6293 0 1.71597)
(-55.9221 0 2.02647)
(-55.8242 0 2.28877)
(-55.3043 0 2.51384)
(-54.2676 0 2.729)
)
;

boundaryField
{
    top
    {
        type            directionMixed;
        refValue        uniform (0 0 0);
        refGradient     uniform (0 0 0);
        valueFraction   uniform (0 0 0 0 0 1);
        value           nonuniform List<vector> 
51
(
(-52.6228 0 0)
(-50.3428 0 0)
(-47.4143 0 0)
(-43.8136 0 0)
(-39.5062 0 0)
(-34.4543 0 0)
(-28.6299 0 0)
(-22.0377 0 0)
(-14.7452 0 0)
(-6.91385 0 0)
(1.2071 0 0)
(9.27615 0 0)
(16.9665 0 0)
(24.057 0 0)
(30.4146 0 0)
(35.9958 0 0)
(40.8096 0 0)
(44.8896 0 0)
(48.2741 0 0)
(50.9945 0 0)
(53.0704 0 0)
(54.5147 0 0)
(55.3714 0 0)
(55.7466 0 0)
(55.7163 0 0)
(55.3006 0 0)
(54.5213 0 0)
(53.4145 0 0)
(51.9413 0 0)
(49.9084 0 0)
(46.8309 0 0)
(41.9769 0 0)
(34.8193 0 0)
(25.6212 0 0)
(15.0161 0 0)
(3.57429 0 0)
(-8.07039 0 0)
(-19.257 0 0)
(-29.383 0 0)
(-37.8645 0 0)
(-44.1136 0 0)
(-48.1884 0 0)
(-50.8136 0 0)
(-52.6187 0 0)
(-53.9565 0 0)
(-54.9632 0 0)
(-55.6293 0 0)
(-55.9221 0 0)
(-55.8242 0 0)
(-55.3043 0 0)
(-54.2676 0 0)
)
;
    }
    bottom
    {
        type            fixedValue;
        value           uniform (0 0 0);
    }
    frontAndBack
    {
        type            empty;
    }
    left_cyc
    {
        type            cyclic;
    }
    right_cyc
    {
        type            cyclic;
    }
}


// ************************************************************************* //
