/*--------------------------------*- C++ -*----------------------------------*\
| =========                 |                                                 |
| \\      /  F ield         | OpenFOAM: The Open Source CFD Toolbox           |
|  \\    /   O peration     | Version:  2.3.0                                 |
|   \\  /    A nd           | Web:      www.OpenFOAM.org                      |
|    \\/     M anipulation  |                                                 |
\*---------------------------------------------------------------------------*/
FoamFile
{
    version     2.0;
    format      ascii;
    class       volVectorField;
    location    "11000";
    object      U;
}
// * * * * * * * * * * * * * * * * * * * * * * * * * * * * * * * * * * * * * //

dimensions      [0 1 -1 0 0 0 0];

internalField   nonuniform List<vector> 
191
(
(-59.8069 0 3.46398)
(-63.9855 0 4.71235)
(-69.1068 0 6.23654)
(-74.9915 0 7.2887)
(-79.718 0 5.66841)
(-78.1991 0 -0.541243)
(-68.0162 0 -9.39691)
(-51.1439 0 -18.2972)
(-29.427 0 -24.563)
(-7.25555 0 -25.705)
(14.9747 0 -25.5494)
(37.1236 0 -23.0374)
(57.7902 0 -15.2424)
(-79.4348 0 3.95696)
(-77.194 0 4.28777)
(-73.2185 0 4.14997)
(-67.057 0 2.27043)
(-57.9341 0 -4.05737)
(-45.7564 0 -14.9292)
(-32.465 0 -22.1949)
(-21.1933 0 -24.2672)
(-12.1165 0 -25.9726)
(-3.11302 0 -26.858)
(6.08444 0 -26.6838)
(15.0742 0 -25.4639)
(24.5876 0 -23.7648)
(-71.2808 0 -0.0813926)
(-65.4143 0 -1.69989)
(-57.3263 0 -3.99115)
(-47.364 0 -7.48997)
(-36.1537 0 -13.459)
(-28.5941 0 -22.311)
(-22.6188 0 -29.4058)
(-16.2638 0 -33.1815)
(-9.38649 0 -35.0874)
(-2.38958 0 -35.8855)
(4.66241 0 -35.739)
(11.6424 0 -34.6182)
(18.3733 0 -32.2279)
(-60.2386 0 -5.51376)
(-54.1571 0 -9.09438)
(-46.056 0 -13.2989)
(-36.5533 0 -17.7165)
(-26.3389 0 -22.3652)
(-20.4366 0 -28.256)
(-16.2573 0 -34.3228)
(-11.9113 0 -38.2971)
(-7.0256 0 -40.7932)
(-1.81258 0 -41.955)
(3.50263 0 -41.7238)
(8.61868 0 -40.1136)
(13.3121 0 -37.1752)
(-48.3488 0 -10.4407)
(-43.4559 0 -15.7904)
(-36.8373 0 -21.7315)
(-28.9686 0 -26.8705)
(-20.3376 0 -29.8493)
(-14.3397 0 -32.9287)
(-11.0856 0 -38.1716)
(-8.05061 0 -42.2898)
(-4.74723 0 -45.0737)
(-1.23597 0 -46.393)
(2.35416 0 -46.1244)
(5.80065 0 -44.2985)
(-33.7797 0 -13.9903)
(-30.6356 0 -20.7272)
(-26.1914 0 -28.1612)
(-20.617 0 -34.3097)
(-14.2416 0 -36.838)
(-8.75533 0 -37.4175)
(-6.54296 0 -40.9232)
(-4.67853 0 -44.7448)
(-2.77246 0 -47.6731)
(-0.732628 0 -49.1312)
(1.36155 0 -48.8284)
(3.36284 0 -46.8319)
(-15.8283 0 -15.8181)
(-14.5023 0 -23.4393)
(-12.4355 0 -31.9297)
(-9.66053 0 -38.9724)
(-6.2278 0 -41.6776)
(-3.18042 0 -40.4616)
(-2.3258 0 -42.5144)
(-1.68501 0 -45.998)
(-1.04947 0 -48.9763)
(-0.291347 0 -50.5247)
(0.507746 0 -50.1984)
(1.22935 0 -48.096)
(4.79155 0 -16.1178)
(4.47686 0 -24.0857)
(4.18477 0 -33.006)
(3.78778 0 -40.4416)
(3.6542 0 -43.2964)
(2.74931 0 -41.1486)
(1.8759 0 -42.5583)
(1.13896 0 -45.9927)
(0.557359 0 -49.0705)
(0.118209 0 -50.6993)
(-0.279181 0 -50.3516)
(-0.76856 0 -48.1417)
(27.4057 0 -9.41119)
(26.1767 0 -15.1553)
(24.4467 0 -22.8252)
(21.9226 0 -31.2943)
(18.2879 0 -38.2344)
(14.3168 0 -40.7975)
(8.75898 0 -38.82)
(6.16324 0 -40.7064)
(4.02687 0 -44.6652)
(2.21299 0 -47.9776)
(0.536444 0 -49.6886)
(-1.10434 0 -49.3231)
(-2.83862 0 -46.9895)
(47.1599 0 -8.02278)
(45.2198 0 -13.1362)
(42.2389 0 -19.791)
(37.7271 0 -26.8536)
(31.3003 0 -32.3292)
(23.8057 0 -34.1515)
(14.282 0 -33.6495)
(10.5761 0 -37.329)
(7.24122 0 -42.074)
(4.08879 0 -45.6238)
(1.00325 0 -47.3756)
(-2.08845 0 -46.9995)
(-5.22197 0 -44.5759)
(60.3992 0 -6.14847)
(57.8089 0 -10.2201)
(53.7317 0 -15.4189)
(47.6373 0 -20.6777)
(39.3088 0 -24.319)
(29.1204 0 -24.9799)
(20.0259 0 -25.9282)
(15.5121 0 -32.8688)
(11.0688 0 -38.2285)
(6.35048 0 -41.7951)
(1.56236 0 -43.4889)
(-3.28837 0 -43.119)
(-8.06271 0 -40.74)
(63.0986 0 -4.01924)
(59.9657 0 -6.70002)
(55.1231 0 -9.95245)
(48.3309 0 -12.5037)
(40.5079 0 -12.9765)
(31.5348 0 -14.6018)
(26.309 0 -20.4491)
(21.4105 0 -27.7411)
(15.4507 0 -32.9047)
(8.9615 0 -36.1617)
(2.20718 0 -37.6886)
(-4.64278 0 -37.3523)
(-11.3116 0 -35.1977)
(56.4433 0 -1.02472)
(54.4311 0 -2.07448)
(51.3042 0 -3.36133)
(46.6128 0 -5.1203)
(41.6435 0 -7.42575)
(37.5999 0 -10.7275)
(33.3086 0 -15.9428)
(27.3231 0 -21.7141)
(19.801 0 -25.9885)
(11.5377 0 -28.7487)
(2.84147 0 -30.047)
(-5.97456 0 -29.7615)
(-14.5475 0 -27.9328)
(55.2126 0 -0.542137)
(53.9133 0 -1.15392)
(52.113 0 -1.8176)
(49.7211 0 -2.68619)
(46.7483 0 -4.0866)
(43.1671 0 -6.49632)
(38.4175 0 -9.87552)
(31.6451 0 -13.522)
(23.1299 0 -16.3763)
(13.5517 0 -18.276)
(3.34585 0 -19.1728)
(-7.02082 0 -18.9745)
(-17.0532 0 -17.7104)
(55.3136 0 1.60888)
(54.5396 0 1.22043)
(53.4376 0 0.704088)
(51.9713 0 -0.105528)
(49.9502 0 -1.42171)
(46.894 0 -3.4246)
(42.0739 0 -6.02497)
(34.9529 0 -8.70036)
(25.7825 0 -10.865)
(15.1961 0 -12.3616)
(3.76353 0 -13.0777)
(-7.88286 0 -12.9197)
(-19.082 0 -11.9143)
)
;

boundaryField
{
    top
    {
        type            directionMixed;
        refValue        uniform (0 0 0);
        refGradient     uniform (0 0 0);
        valueFraction   uniform (0 0 0 0 0 1);
        value           nonuniform List<vector> 
13
(
(55.3136 0 0)
(54.5396 0 0)
(53.4376 0 0)
(51.9713 0 0)
(49.9502 0 0)
(46.894 0 0)
(42.0739 0 0)
(34.9529 0 0)
(25.7825 0 0)
(15.1961 0 0)
(3.76353 0 0)
(-7.88286 0 0)
(-19.082 0 0)
)
;
    }
    bottom
    {
        type            fixedValue;
        value           uniform (0 0 0);
    }
    frontAndBack
    {
        type            empty;
    }
    left_cyc
    {
        type            cyclic;
    }
    right_cyc
    {
        type            cyclic;
    }
    procBoundary2to1
    {
        type            processor;
        value           nonuniform List<vector> 
16
(
(-56.4109 0 2.59989)
(-80.4844 0 3.57883)
(-75.2932 0 1.02287)
(-64.584 0 -2.84107)
(-51.8384 0 -6.3942)
(-35.951 0 -8.92019)
(-16.6367 0 -10.1427)
(5.13733 0 -10.2101)
(5.13733 0 -10.2101)
(28.3581 0 -5.66788)
(48.4527 0 -4.60588)
(61.9856 0 -3.37226)
(65.0134 0 -2.14726)
(57.7364 0 -0.0787772)
(56.0527 0 0.0473171)
(55.7238 0 1.93507)
)
;
    }
    procBoundary2to3
    {
        type            processor;
        value           nonuniform List<vector> 
16
(
(72.4851 0 -6.2167)
(36.9877 0 -20.7973)
(24.56 0 -27.4881)
(17.5055 0 -32.5605)
(8.98844 0 -41.0471)
(8.98844 0 -41.0471)
(5.19683 0 -43.5468)
(1.80767 0 -44.8945)
(-1.42163 0 -44.8844)
(-4.72782 0 -43.4055)
(-8.39753 0 -40.4922)
(-12.7342 0 -36.4594)
(-17.6836 0 -31.28)
(-22.5998 0 -24.6601)
(-26.3099 0 -15.4711)
(-29.2303 0 -10.1699)
)
;
    }
}


// ************************************************************************* //
