/*--------------------------------*- C++ -*----------------------------------*\
| =========                 |                                                 |
| \\      /  F ield         | OpenFOAM: The Open Source CFD Toolbox           |
|  \\    /   O peration     | Version:  2.3.0                                 |
|   \\  /    A nd           | Web:      www.OpenFOAM.org                      |
|    \\/     M anipulation  |                                                 |
\*---------------------------------------------------------------------------*/
FoamFile
{
    version     2.0;
    format      ascii;
    class       volVectorField;
    location    "13000";
    object      U;
}
// * * * * * * * * * * * * * * * * * * * * * * * * * * * * * * * * * * * * * //

dimensions      [0 1 -1 0 0 0 0];

internalField   nonuniform List<vector> 
191
(
(72.522 0 -6.18618)
(79.7776 0 2.27164)
(78.2837 0 6.73498)
(72.7645 0 7.0309)
(67.1152 0 5.65188)
(62.3661 0 4.19931)
(58.5108 0 3.10229)
(55.3428 0 2.36326)
(52.667 0 1.87469)
(50.3802 0 1.53337)
(48.4653 0 1.25595)
(46.9967 0 0.961897)
(37.0389 0 -20.7749)
(50.3709 0 -10.6476)
(61.5571 0 -1.10508)
(69.5759 0 3.24396)
(74.9044 0 4.26804)
(78.1924 0 4.1659)
(79.9457 0 3.80844)
(80.6676 0 3.45022)
(80.7537 0 3.10262)
(80.5428 0 2.70287)
(80.3425 0 2.15825)
(80.4631 0 1.3393)
(24.5899 0 -27.4612)
(30.5233 0 -18.9946)
(40.1755 0 -11.0483)
(51.168 0 -6.10758)
(60.5365 0 -3.10809)
(67.8037 0 -1.06633)
(72.9277 0 0.37648)
(76.3909 0 1.31682)
(78.739 0 1.77189)
(80.4605 0 1.73247)
(81.9633 0 1.15528)
(83.5745 0 -0.0417064)
(17.5289 0 -32.5343)
(21.8422 0 -26.2022)
(29.9202 0 -20.7513)
(40.0682 0 -16.2082)
(49.1946 0 -11.7714)
(56.5644 0 -7.71347)
(61.9566 0 -4.41962)
(65.7887 0 -2.09218)
(68.5767 0 -0.752974)
(70.7732 0 -0.343681)
(72.7176 0 -0.805491)
(74.6251 0 -2.10157)
(9.00712 0 -41.0283)
(12.074 0 -36.427)
(15.6509 0 -31.8641)
(23.3797 0 -29.2079)
(31.7521 0 -25.3278)
(39.3286 0 -19.6363)
(45.3234 0 -13.7422)
(49.6674 0 -8.79181)
(52.7622 0 -5.26153)
(55.041 0 -3.17424)
(56.849 0 -2.36402)
(58.3998 0 -2.64161)
(59.7766 0 -3.84072)
(5.20946 0 -43.5289)
(7.25478 0 -39.5425)
(10.2414 0 -37.2476)
(16.5966 0 -36.6352)
(22.5621 0 -32.5278)
(27.8113 0 -25.5639)
(31.7675 0 -18.1607)
(34.5342 0 -11.9373)
(36.4551 0 -7.51969)
(37.8387 0 -4.88244)
(38.8854 0 -3.73738)
(39.6693 0 -3.76348)
(40.1596 0 -4.6834)
(1.81428 0 -44.8776)
(2.60398 0 -41.7206)
(4.20563 0 -41.0347)
(7.5968 0 -41.4387)
(10.5964 0 -36.8434)
(13.1083 0 -28.9278)
(14.8835 0 -20.531)
(16.0162 0 -13.5331)
(16.7132 0 -8.60249)
(17.1293 0 -5.63235)
(17.3244 0 -4.2191)
(17.2605 0 -3.94036)
(16.8327 0 -4.45247)
(-1.42127 0 -44.8674)
(-2.14815 0 -42.0535)
(-3.31965 0 -42.1115)
(-3.82524 0 -42.9001)
(-4.18111 0 -38.0875)
(-4.53107 0 -29.8188)
(-4.80171 0 -21.0509)
(-5.09202 0 -13.7646)
(-5.41284 0 -8.63485)
(-5.7885 0 -5.49736)
(-6.28083 0 -3.87237)
(-7.00227 0 -3.27611)
(-8.09679 0 -3.34091)
(-4.73354 0 -43.3879)
(-7.02028 0 -39.782)
(-11.3751 0 -39.6208)
(-16.2639 0 -40.5101)
(-20.0816 0 -36.0956)
(-23.2463 0 -28.337)
(-25.3816 0 -19.9657)
(-26.8532 0 -12.9216)
(-27.9173 0 -7.90538)
(-28.7848 0 -4.76634)
(-29.6288 0 -3.01182)
(-30.6257 0 -2.13419)
(-31.9636 0 -1.7695)
(-8.40909 0 -40.4723)
(-11.9969 0 -35.0951)
(-17.628 0 -33.6193)
(-26.9384 0 -34.0918)
(-34.0046 0 -30.7844)
(-39.758 0 -24.5158)
(-43.6263 0 -17.4)
(-46.1618 0 -11.2136)
(-47.8034 0 -6.69892)
(-48.9278 0 -3.78905)
(-49.8214 0 -2.04102)
(-50.7429 0 -0.9512)
(-51.9564 0 -0.178248)
(-12.7518 0 -36.4372)
(-17.1445 0 -30.2322)
(-21.8595 0 -25.3471)
(-32.9161 0 -24.9818)
(-42.4413 0 -23.2751)
(-50.1068 0 -18.9794)
(-55.4387 0 -13.5815)
(-58.9516 0 -8.72254)
(-61.132 0 -5.10332)
(-62.4728 0 -2.71036)
(-63.3556 0 -1.16828)
(-64.1134 0 0.0215079)
(-65.0774 0 1.16746)
(-17.7087 0 -31.2589)
(-23.1509 0 -25.3419)
(-27.9024 0 -18.1378)
(-34.925 0 -13.239)
(-43.3509 0 -12.9512)
(-50.9885 0 -11.857)
(-57.0604 0 -8.85733)
(-61.2836 0 -5.7456)
(-63.9323 0 -3.33362)
(-65.5603 0 -1.70241)
(-66.6171 0 -0.567952)
(-67.4443 0 0.603269)
(-68.2992 0 2.04648)
(-22.6313 0 -24.6429)
(-29.6782 0 -19.7959)
(-35.0752 0 -13.8528)
(-39.1587 0 -9.39309)
(-43.1749 0 -6.59494)
(-48.4872 0 -4.49898)
(-52.5845 0 -2.92156)
(-55.3161 0 -1.73772)
(-57.0413 0 -0.728681)
(-58.192 0 0.194947)
(-59.142 0 1.11556)
(-60.1072 0 2.26511)
(-60.909 0 3.7667)
(-26.345 0 -15.4594)
(-34.3224 0 -12.2734)
(-40.3501 0 -8.56654)
(-44.5522 0 -5.53223)
(-47.8786 0 -3.53539)
(-50.6922 0 -2.36862)
(-52.8744 0 -1.60261)
(-54.5147 0 -0.96651)
(-55.6637 0 -0.362097)
(-56.3737 0 0.220028)
(-56.6905 0 0.795183)
(-56.5627 0 1.45566)
(-55.8145 0 2.26419)
(-29.2679 0 -10.1619)
(-37.7739 0 -7.78588)
(-44.052 0 -5.0484)
(-48.1497 0 -2.65435)
(-50.7878 0 -0.914206)
(-52.5993 0 0.205851)
(-53.9412 0 0.887434)
(-54.9512 0 1.34845)
(-55.6212 0 1.71244)
(-55.9182 0 2.02347)
(-55.8247 0 2.28629)
(-55.3098 0 2.51162)
(-54.2794 0 2.72689)
)
;

boundaryField
{
    top
    {
        type            directionMixed;
        refValue        uniform (0 0 0);
        refGradient     uniform (0 0 0);
        valueFraction   uniform (0 0 0 0 0 1);
        value           nonuniform List<vector> 
13
(
(-29.2679 0 0)
(-37.7739 0 0)
(-44.052 0 0)
(-48.1497 0 0)
(-50.7878 0 0)
(-52.5993 0 0)
(-53.9412 0 0)
(-54.9512 0 0)
(-55.6212 0 0)
(-55.9182 0 0)
(-55.8247 0 0)
(-55.3098 0 0)
(-54.2794 0 0)
)
;
    }
    bottom
    {
        type            fixedValue;
        value           uniform (0 0 0);
    }
    frontAndBack
    {
        type            empty;
    }
    left_cyc
    {
        type            cyclic;
    }
    right_cyc
    {
        type            cyclic;
    }
    procBoundary3to0throughright_cyc
    {
        type            processorCyclic;
        value           nonuniform List<vector> 
15
(
(46.1683 0 0.562185)
(81.2249 0 0.101326)
(85.5274 0 -1.92019)
(76.5835 0 -4.17091)
(60.9516 0 -5.78202)
(40.254 0 -6.2343)
(15.9118 0 -5.46264)
(-9.69511 0 -3.78975)
(-33.792 0 -1.68478)
(-53.6576 0 0.436126)
(-66.4747 0 2.30564)
(-69.3484 0 3.59408)
(-61.4489 0 5.45132)
(-54.3819 0 3.10563)
(-52.6414 0 2.92979)
)
;
    }
    procBoundary3to2
    {
        type            processor;
        value           nonuniform List<vector> 
16
(
(57.8511 0 -15.2083)
(24.6331 0 -23.7547)
(18.4052 0 -32.2111)
(13.3367 0 -37.1573)
(13.3367 0 -37.1573)
(5.82039 0 -44.2863)
(3.37608 0 -46.8191)
(1.23631 0 -48.0827)
(-0.767649 0 -48.1279)
(-2.84364 0 -46.9752)
(-5.23366 0 -44.5613)
(-8.08174 0 -40.7257)
(-11.3384 0 -35.1848)
(-14.5818 0 -27.9218)
(-17.0927 0 -17.7028)
(-19.1255 0 -11.9088)
)
;
    }
}


// ************************************************************************* //
