/*--------------------------------*- C++ -*----------------------------------*\
| =========                 |                                                 |
| \\      /  F ield         | OpenFOAM: The Open Source CFD Toolbox           |
|  \\    /   O peration     | Version:  2.3.0                                 |
|   \\  /    A nd           | Web:      www.OpenFOAM.org                      |
|    \\/     M anipulation  |                                                 |
\*---------------------------------------------------------------------------*/
FoamFile
{
    version     2.0;
    format      ascii;
    class       surfaceScalarField;
    location    "5000";
    object      phi;
}
// * * * * * * * * * * * * * * * * * * * * * * * * * * * * * * * * * * * * * //

dimensions      [0 3 -1 0 0 0 0];

internalField   nonuniform List<scalar> 
5988
(
3.57931e-08
-3.16572e-08
6.69178e-08
-3.11246e-08
9.706e-08
-3.01423e-08
1.25802e-07
-2.87421e-08
1.52768e-07
-2.6966e-08
1.77632e-07
-2.48641e-08
2.00123e-07
-2.24913e-08
2.20024e-07
-1.99009e-08
2.37156e-07
-1.71313e-08
2.51342e-07
-1.41867e-08
2.62361e-07
-1.10189e-08
2.69882e-07
-7.52041e-09
2.73421e-07
-3.53965e-09
2.72346e-07
1.0757e-09
2.65952e-07
6.39351e-09
2.53686e-07
1.22659e-08
2.35422e-07
1.82646e-08
2.11638e-07
2.37836e-08
1.83547e-07
2.80914e-08
1.53029e-07
3.05177e-08
1.22086e-07
3.09425e-08
9.24792e-08
2.96071e-08
6.53217e-08
2.71576e-08
4.08395e-08
2.44822e-08
1.84775e-08
2.2362e-08
-2.79764e-09
2.12751e-08
-2.42127e-08
2.14151e-08
-4.69648e-08
2.27521e-08
-7.19889e-08
2.50241e-08
-9.96554e-08
2.76665e-08
-1.29487e-07
2.98319e-08
-1.60139e-07
3.06514e-08
-1.89724e-07
2.95851e-08
-2.1618e-07
2.64561e-08
-2.37743e-07
2.15636e-08
-2.53373e-07
1.5629e-08
-2.62731e-07
9.35889e-09
-2.6611e-07
3.37836e-09
-2.64166e-07
-1.94409e-09
-2.57619e-07
-6.54717e-09
-2.47078e-07
-1.05406e-08
-2.32999e-07
-1.40788e-08
-2.15709e-07
-1.72898e-08
-1.95463e-07
-2.02461e-08
-1.725e-07
-2.29632e-08
-1.47085e-07
-2.54152e-08
-1.19529e-07
-2.75557e-08
-9.0196e-08
-2.93331e-08
-5.94961e-08
-3.06999e-08
-2.78803e-08
-3.16159e-08
4.16998e-09
-3.20503e-08
3.61549e-08
-3.19849e-08
6.7578e-08
-3.14231e-08
9.79648e-08
-3.03868e-08
1.26874e-07
-2.89092e-08
1.53907e-07
-2.70327e-08
1.78713e-07
-2.48065e-08
2.00995e-07
-2.22817e-08
2.20496e-07
-1.95013e-08
2.36979e-07
-1.64824e-08
2.50175e-07
-1.31959e-08
2.59728e-07
-9.55337e-09
2.65144e-07
-5.41619e-09
2.65776e-07
-6.32053e-10
2.60897e-07
4.87865e-09
2.49914e-07
1.09831e-08
2.32684e-07
1.72302e-08
2.09717e-07
2.2967e-08
1.82253e-07
2.7464e-08
1.52196e-07
3.00571e-08
1.21586e-07
3.061e-08
9.22183e-08
2.93677e-08
6.52307e-08
2.69876e-08
4.0862e-08
2.43687e-08
1.85635e-08
2.22985e-08
-2.69506e-09
2.12585e-08
-2.41397e-08
2.14446e-08
-4.69689e-08
2.28293e-08
-7.21219e-08
2.51529e-08
-9.99765e-08
2.78546e-08
-1.30071e-07
3.00947e-08
-1.61087e-07
3.10157e-08
-1.91175e-07
3.00876e-08
-2.18307e-07
2.7132e-08
-2.4074e-07
2.24331e-08
-2.57464e-07
1.67245e-08
-2.68167e-07
1.07024e-08
-2.73112e-07
4.9453e-09
-2.72919e-07
-1.92461e-10
-2.68288e-07
-4.63139e-09
-2.59817e-07
-8.47112e-09
-2.47946e-07
-1.18705e-08
-2.32974e-07
-1.49722e-08
-2.15105e-07
-1.7869e-08
-1.94511e-07
-2.05941e-08
-1.71379e-07
-2.31325e-08
-1.45939e-07
-2.54401e-08
-1.18476e-07
-2.74623e-08
-8.93312e-08
-2.9145e-08
-5.88912e-08
-3.044e-08
-2.75833e-08
-3.13079e-08
-3.17193e-08
5.39784e-08
-7.9409e-08
1.01351e-07
-7.84973e-08
1.48025e-07
-7.6816e-08
1.93709e-07
-7.4426e-08
2.38142e-07
-7.13989e-08
2.81074e-07
-6.77964e-08
3.2223e-07
-6.3647e-08
3.61254e-07
-5.89255e-08
3.97666e-07
-5.35425e-08
4.30823e-07
-4.73436e-08
4.59915e-07
-4.01111e-08
4.83957e-07
-3.15628e-08
5.01772e-07
-2.13548e-08
5.11959e-07
-9.1111e-09
5.129e-07
5.45219e-09
5.02948e-07
2.22187e-08
4.80815e-07
4.03976e-08
4.46003e-07
5.85955e-08
3.99398e-07
7.46958e-08
3.43747e-07
8.61688e-08
2.82821e-07
9.18684e-08
2.20456e-07
9.19723e-08
1.5965e-07
8.79641e-08
1.01848e-07
8.22843e-08
4.68955e-08
7.73141e-08
-6.46276e-09
7.46334e-08
-5.99691e-08
7.49215e-08
-1.15291e-07
7.80735e-08
-1.73449e-07
8.31821e-08
-2.342e-07
8.8418e-08
-2.95626e-07
9.12578e-08
-3.54374e-07
8.93994e-08
-4.06497e-07
8.17086e-08
-4.48328e-07
6.82863e-08
-4.77631e-07
5.08667e-08
-4.94012e-07
3.20106e-08
-4.98291e-07
1.36379e-08
-4.91963e-07
-2.95029e-09
-4.7676e-07
-1.71466e-08
-4.54296e-07
-2.90111e-08
-4.25953e-07
-3.8884e-08
-3.929e-07
-4.71313e-08
-3.56115e-07
-5.40749e-08
-3.16387e-07
-5.99747e-08
-2.74323e-07
-6.50266e-08
-2.30379e-07
-6.93592e-08
-1.84903e-07
-7.3032e-08
-1.38193e-07
-7.60435e-08
-9.05416e-08
-7.8351e-08
-4.22618e-08
-7.98956e-08
6.31453e-09
-8.06266e-08
5.48466e-08
-8.0517e-08
1.02994e-07
-7.95709e-08
1.5043e-07
-7.78226e-08
1.96848e-07
-7.53269e-08
2.41956e-07
-7.21408e-08
2.85448e-07
-6.82988e-08
3.26954e-07
-6.37879e-08
3.65984e-07
-5.8531e-08
4.01883e-07
-5.23816e-08
4.33814e-07
-4.51269e-08
4.60751e-07
-3.64904e-08
4.81471e-07
-2.61359e-08
4.94533e-07
-1.36938e-08
4.98272e-07
1.139e-09
4.90972e-07
1.8283e-08
4.71274e-07
3.69288e-08
4.38611e-07
5.563e-08
3.93808e-07
7.22669e-08
3.39586e-07
8.42796e-08
2.79762e-07
9.04334e-08
2.18233e-07
9.08968e-08
1.58042e-07
8.71792e-08
1.0066e-07
8.17506e-08
4.59461e-08
7.70122e-08
-7.34883e-09
7.45534e-08
-6.09657e-08
7.50615e-08
-1.16574e-07
7.84379e-08
-1.75204e-07
8.37827e-08
-2.36628e-07
8.92781e-08
-2.98956e-07
9.24236e-08
-3.58888e-07
9.09472e-08
-4.12536e-07
8.37354e-08
-4.56263e-07
7.08591e-08
-4.87793e-07
5.39636e-08
-5.0667e-07
3.56008e-08
-5.13642e-07
1.76747e-08
-5.1013e-07
1.43304e-09
-4.97808e-07
-1.25143e-08
-4.78247e-07
-2.41923e-08
-4.52785e-07
-3.39328e-08
-4.22547e-07
-4.21083e-08
-3.88472e-07
-4.90476e-08
-3.51325e-07
-5.50158e-08
-3.11705e-07
-6.02144e-08
-2.70056e-07
-6.4781e-08
-2.26709e-07
-6.8788e-08
-1.81926e-07
-7.22452e-08
-1.35958e-07
-7.51131e-08
-8.90723e-08
-7.73252e-08
-4.15692e-08
-7.8811e-08
-7.95151e-08
6.05536e-08
-1.32976e-07
1.13637e-07
-1.31581e-07
1.65814e-07
-1.28992e-07
2.16664e-07
-1.25276e-07
2.65769e-07
-1.20504e-07
3.127e-07
-1.14728e-07
3.57011e-07
-1.07958e-07
3.9823e-07
-1.00144e-07
4.35858e-07
-9.11706e-08
4.69383e-07
-8.08692e-08
4.98299e-07
-6.90271e-08
5.22136e-07
-5.5399e-08
5.40497e-07
-3.97167e-08
5.53088e-07
-2.1702e-08
5.59592e-07
-1.05119e-09
5.59167e-07
2.26436e-08
5.4974e-07
4.98243e-08
5.28209e-07
8.01266e-08
4.91726e-07
1.11178e-07
4.39256e-07
1.38639e-07
3.73009e-07
1.58115e-07
2.98259e-07
1.66723e-07
2.2034e-07
1.65883e-07
1.42703e-07
1.59921e-07
6.65737e-08
1.53443e-07
-8.44082e-09
1.49648e-07
-8.34619e-08
1.49943e-07
-1.59502e-07
1.54113e-07
-2.36617e-07
1.60297e-07
-3.1303e-07
1.64831e-07
-3.84696e-07
1.62924e-07
-4.46016e-07
1.50719e-07
-4.92334e-07
1.28026e-07
-5.22468e-07
9.84199e-08
-5.38182e-07
6.65813e-08
-5.42634e-07
3.64622e-08
-5.38759e-07
9.7626e-09
-5.28175e-07
-1.3534e-08
-5.11442e-07
-3.38797e-08
-4.88846e-07
-5.16068e-08
-4.60754e-07
-6.69759e-08
-4.2764e-07
-8.02452e-08
-3.90046e-07
-9.16687e-08
-3.4854e-07
-1.01481e-07
-3.03686e-07
-1.09881e-07
-2.56025e-07
-1.1702e-07
-2.06073e-07
-1.22984e-07
-1.54318e-07
-1.27798e-07
-1.01234e-07
-1.31435e-07
-4.7285e-08
-1.33845e-07
7.06666e-09
-1.34978e-07
6.13582e-08
-1.34809e-07
1.15127e-07
-1.3334e-07
1.67911e-07
-1.30606e-07
2.19243e-07
-1.26659e-07
2.68648e-07
-1.21546e-07
3.15631e-07
-1.15281e-07
3.59669e-07
-1.07826e-07
4.00213e-07
-9.90756e-08
4.36698e-07
-8.88659e-08
4.68557e-07
-7.69864e-08
4.95263e-07
-6.31962e-08
5.16366e-07
-4.72387e-08
5.31529e-07
-2.88568e-08
5.40449e-07
-7.78118e-09
5.42376e-07
1.63563e-08
5.35316e-07
4.39885e-08
5.16131e-07
7.48146e-08
4.81868e-07
1.0653e-07
4.31389e-07
1.34759e-07
3.66823e-07
1.54999e-07
2.93419e-07
1.64302e-07
2.16525e-07
1.64073e-07
1.39607e-07
1.58669e-07
6.3892e-08
1.52727e-07
-1.10115e-08
1.49457e-07
-8.62248e-08
1.50275e-07
-1.6276e-07
1.54973e-07
-2.40676e-07
1.61698e-07
-3.18197e-07
1.668e-07
-3.91296e-07
1.65522e-07
-4.5438e-07
1.54032e-07
-5.02752e-07
1.32107e-07
-5.35143e-07
1.03249e-07
-5.53212e-07
7.2033e-08
-5.60021e-07
4.24094e-08
-5.58503e-07
1.6157e-08
-5.50373e-07
-6.69673e-09
-5.36259e-07
-2.66286e-08
-5.16441e-07
-4.40099e-08
-4.91242e-07
-5.91321e-08
-4.61079e-07
-7.22711e-08
-4.26436e-07
-8.36903e-08
-3.87825e-07
-9.36275e-08
-3.45754e-07
-1.02285e-07
-3.00716e-07
-1.09819e-07
-2.53176e-07
-1.16328e-07
-2.03576e-07
-1.21845e-07
-1.5234e-07
-1.26349e-07
-9.98869e-08
-1.29778e-07
-4.66364e-08
-1.32062e-07
-1.33138e-07
6.34486e-08
-1.89101e-07
1.18957e-07
-1.87089e-07
1.73308e-07
-1.83343e-07
2.25965e-07
-1.77933e-07
2.76398e-07
-1.70937e-07
3.24083e-07
-1.62413e-07
3.68508e-07
-1.52383e-07
4.09178e-07
-1.40814e-07
4.45627e-07
-1.2762e-07
4.77424e-07
-1.12666e-07
5.04185e-07
-9.57875e-08
5.25579e-07
-7.67932e-08
5.41338e-07
-5.54751e-08
5.51233e-07
-3.15971e-08
5.5503e-07
-4.84845e-09
5.52453e-07
2.52211e-08
5.43218e-07
5.90591e-08
5.26825e-07
9.65196e-08
5.01459e-07
1.36544e-07
4.63018e-07
1.7708e-07
4.07752e-07
2.13381e-07
3.36215e-07
2.3826e-07
2.53923e-07
2.48176e-07
1.66975e-07
2.46869e-07
7.8869e-08
2.41549e-07
-9.20207e-09
2.37719e-07
-9.70693e-08
2.3781e-07
-1.84424e-07
2.41468e-07
-2.69623e-07
2.45496e-07
-3.48477e-07
2.43685e-07
-4.14604e-07
2.29051e-07
-4.63605e-07
1.99721e-07
-4.96391e-07
1.60812e-07
-5.17296e-07
1.19325e-07
-5.29803e-07
7.90887e-08
-5.35168e-07
4.18272e-08
-5.33761e-07
8.35506e-09
-5.25868e-07
-2.14269e-08
-5.11759e-07
-4.79882e-08
-4.91676e-07
-7.16901e-08
-4.65882e-07
-9.277e-08
-4.34705e-07
-1.11422e-07
-3.98544e-07
-1.2783e-07
-3.57859e-07
-1.42165e-07
-3.13163e-07
-1.54578e-07
-2.65002e-07
-1.6518e-07
-2.1395e-07
-1.74036e-07
-1.60593e-07
-1.81155e-07
-1.05523e-07
-1.86505e-07
-4.93348e-08
-1.90033e-07
7.37507e-09
-1.91688e-07
6.4007e-08
-1.9144e-07
1.19962e-07
-1.89295e-07
1.74644e-07
-1.85289e-07
2.27459e-07
-1.79474e-07
2.77816e-07
-1.71903e-07
3.25131e-07
-1.62596e-07
3.68837e-07
-1.51532e-07
4.08394e-07
-1.38632e-07
4.43302e-07
-1.23774e-07
4.73116e-07
-1.06801e-07
4.97455e-07
-8.75352e-08
5.1601e-07
-6.57929e-08
5.28526e-07
-4.13733e-08
5.34761e-07
-1.40158e-08
5.34435e-07
1.66823e-08
5.27261e-07
5.11623e-08
5.12762e-07
8.93139e-08
4.89206e-07
1.30085e-07
4.52552e-07
1.71413e-07
3.98976e-07
2.08574e-07
3.2893e-07
2.34348e-07
2.47863e-07
2.4514e-07
1.61818e-07
2.44714e-07
7.42489e-08
2.40296e-07
-1.36762e-08
2.37382e-07
-1.01794e-07
2.38393e-07
-1.89786e-07
2.42965e-07
-2.75979e-07
2.4789e-07
-3.56132e-07
2.46953e-07
-4.23806e-07
2.33196e-07
-4.74528e-07
2.04754e-07
-5.09105e-07
1.66684e-07
-5.31829e-07
1.25974e-07
-5.46267e-07
8.64704e-08
-5.53742e-07
4.98843e-08
-5.54634e-07
1.70497e-08
-5.49227e-07
-1.21041e-08
-5.37786e-07
-3.80693e-08
-5.20539e-07
-6.12569e-08
-4.97721e-07
-8.19504e-08
-4.69616e-07
-1.00376e-07
-4.36569e-07
-1.16737e-07
-3.98978e-07
-1.31218e-07
-3.57284e-07
-1.43979e-07
-3.11962e-07
-1.55141e-07
-2.63511e-07
-1.64778e-07
-2.12449e-07
-1.72908e-07
-1.59299e-07
-1.79499e-07
-1.04595e-07
-1.84483e-07
-4.88734e-08
-1.87783e-07
-1.89335e-07
6.41231e-08
-2.45821e-07
1.20125e-07
-2.43091e-07
1.74782e-07
-2.38e-07
2.27479e-07
-2.3063e-07
2.77619e-07
-2.21076e-07
3.24627e-07
-2.09421e-07
3.67964e-07
-1.95719e-07
4.07129e-07
-1.79979e-07
4.41673e-07
-1.62164e-07
4.71198e-07
-1.42192e-07
4.95359e-07
-1.19949e-07
5.1386e-07
-9.52941e-08
5.26447e-07
-6.80626e-08
5.32908e-07
-3.80573e-08
5.33089e-07
-5.0296e-09
5.26987e-07
3.13226e-08
5.14819e-07
7.12276e-08
4.96792e-07
1.14546e-07
4.72642e-07
1.60694e-07
4.41117e-07
2.08605e-07
3.98778e-07
2.5572e-07
3.40296e-07
2.96742e-07
2.64676e-07
3.23796e-07
1.77481e-07
3.34064e-07
8.49881e-08
3.34042e-07
-9.17094e-09
3.31878e-07
-1.02866e-07
3.31505e-07
-1.93779e-07
3.32381e-07
-2.77705e-07
3.29422e-07
-3.48046e-07
3.14026e-07
-4.00681e-07
2.81686e-07
-4.38342e-07
2.37381e-07
-4.66257e-07
1.88727e-07
-4.87113e-07
1.4018e-07
-5.01786e-07
9.37623e-08
-5.10341e-07
5.0382e-08
-5.12514e-07
1.05282e-08
-5.08162e-07
-2.57786e-08
-4.97366e-07
-5.87848e-08
-4.80322e-07
-8.87335e-08
-4.57286e-07
-1.15807e-07
-4.28558e-07
-1.40149e-07
-3.94502e-07
-1.61886e-07
-3.5554e-07
-1.81127e-07
-3.1216e-07
-1.97958e-07
-2.64908e-07
-2.12432e-07
-2.14382e-07
-2.24563e-07
-1.61215e-07
-2.34322e-07
-1.06071e-07
-2.4165e-07
-4.96285e-08
-2.46476e-07
7.4206e-09
-2.48737e-07
6.4379e-08
-2.48399e-07
1.2055e-07
-2.45466e-07
1.75245e-07
-2.39984e-07
2.27789e-07
-2.32018e-07
2.77524e-07
-2.21638e-07
3.23826e-07
-2.08898e-07
3.66109e-07
-1.93814e-07
4.03841e-07
-1.76364e-07
4.36551e-07
-1.56485e-07
4.63832e-07
-1.34082e-07
4.85339e-07
-1.09042e-07
5.00781e-07
-8.12356e-08
5.09919e-07
-5.05111e-08
5.12575e-07
-1.66719e-08
5.08719e-07
2.05382e-08
4.98552e-07
6.13294e-08
4.82302e-07
1.05564e-07
4.59742e-07
1.52645e-07
4.2966e-07
2.01496e-07
3.8866e-07
2.49575e-07
3.31421e-07
2.91587e-07
2.56904e-07
3.19656e-07
1.70595e-07
3.31023e-07
7.86598e-08
3.32232e-07
-1.53439e-08
3.31386e-07
-1.09305e-07
3.32354e-07
-2.00871e-07
3.34531e-07
-2.8575e-07
3.32769e-07
-3.57233e-07
3.18437e-07
-4.11136e-07
2.87099e-07
-4.50157e-07
2.43775e-07
-4.79548e-07
1.96075e-07
-5.02038e-07
1.48464e-07
-5.18543e-07
1.02975e-07
-5.29162e-07
6.0504e-08
-5.33643e-07
2.15304e-08
-5.31821e-07
-1.39267e-08
-5.23749e-07
-4.61413e-08
-5.09601e-07
-7.54049e-08
-4.89601e-07
-1.0195e-07
-4.64014e-07
-1.25963e-07
-4.33147e-07
-1.47604e-07
-3.9736e-07
-1.67006e-07
-3.57063e-07
-1.84275e-07
-3.12721e-07
-1.99483e-07
-2.64844e-07
-2.12656e-07
-2.13982e-07
-2.2377e-07
-1.60716e-07
-2.32764e-07
-1.05649e-07
-2.3955e-07
-4.93991e-08
-2.44033e-07
-2.46137e-07
6.30418e-08
-3.01582e-07
1.18015e-07
-2.98064e-07
1.71513e-07
-2.91499e-07
2.22871e-07
-2.81988e-07
2.71451e-07
-2.69657e-07
3.16656e-07
-2.54626e-07
3.57932e-07
-2.36996e-07
3.94788e-07
-2.16835e-07
4.2679e-07
-1.94166e-07
4.53569e-07
-1.6897e-07
4.74813e-07
-1.41193e-07
4.90266e-07
-1.10747e-07
4.99718e-07
-7.75142e-08
5.03012e-07
-4.13522e-08
5.00078e-07
-2.09474e-09
4.90983e-07
4.0417e-08
4.75981e-07
8.62296e-08
4.55414e-07
1.35113e-07
4.29592e-07
1.86517e-07
3.98593e-07
2.39603e-07
3.61361e-07
2.92953e-07
3.14376e-07
3.43727e-07
2.52185e-07
3.85986e-07
1.73778e-07
4.12471e-07
8.47445e-08
4.23076e-07
-8.49977e-09
4.25122e-07
-1.00942e-07
4.23948e-07
-1.87371e-07
4.18809e-07
-2.61193e-07
4.03244e-07
-3.18168e-07
3.71001e-07
-3.61106e-07
3.24624e-07
-3.95326e-07
2.71601e-07
-4.23588e-07
2.1699e-07
-4.46495e-07
1.63087e-07
-4.63844e-07
1.11112e-07
-4.753e-07
6.18381e-08
-4.80528e-07
1.57563e-08
-4.79337e-07
-2.69699e-08
-4.71723e-07
-6.63989e-08
-4.57811e-07
-1.02646e-07
-4.37802e-07
-1.35815e-07
-4.1196e-07
-1.65992e-07
-3.80608e-07
-1.93238e-07
-3.4414e-07
-2.17595e-07
-3.03022e-07
-2.39076e-07
-2.5779e-07
-2.57663e-07
-2.0905e-07
-2.73303e-07
-1.57458e-07
-2.85913e-07
-1.03717e-07
-2.95391e-07
-4.85593e-08
-3.01633e-07
7.26208e-09
-3.04558e-07
6.29841e-08
-3.04121e-07
1.17846e-07
-3.00328e-07
1.71098e-07
-2.93236e-07
2.22015e-07
-2.82935e-07
2.69905e-07
-2.69529e-07
3.14123e-07
-2.53116e-07
3.54082e-07
-2.33774e-07
3.89263e-07
-2.11545e-07
4.19219e-07
-1.8644e-07
4.43574e-07
-1.58437e-07
4.62021e-07
-1.27489e-07
4.74314e-07
-9.35281e-08
4.80267e-07
-5.64644e-08
4.79783e-07
-1.61878e-08
4.72909e-07
2.74116e-08
4.59887e-07
7.43524e-08
4.41062e-07
1.24389e-07
4.16755e-07
1.76952e-07
3.87064e-07
2.31187e-07
3.50958e-07
2.8568e-07
3.04941e-07
3.37604e-07
2.43566e-07
3.81032e-07
1.65829e-07
4.0876e-07
7.725e-08
4.2081e-07
-1.5862e-08
4.24498e-07
-1.08529e-07
4.25021e-07
-1.95479e-07
4.21482e-07
-2.70009e-07
4.07299e-07
-3.27835e-07
3.76263e-07
-3.71781e-07
3.31045e-07
-4.07172e-07
2.79165e-07
-4.36793e-07
2.25697e-07
-4.61274e-07
1.72944e-07
-4.80426e-07
1.22128e-07
-4.93925e-07
7.40024e-08
-5.01435e-07
2.90406e-08
-5.02749e-07
-1.26124e-08
-4.97841e-07
-5.10492e-08
-4.86811e-07
-8.64355e-08
-4.69829e-07
-1.18932e-07
-4.47117e-07
-1.48675e-07
-4.18947e-07
-1.75774e-07
-3.85643e-07
-2.00309e-07
-3.47592e-07
-2.22326e-07
-3.05243e-07
-2.41833e-07
-2.59105e-07
-2.58794e-07
-2.09742e-07
-2.73133e-07
-1.57764e-07
-2.84742e-07
-1.03816e-07
-2.93497e-07
-4.85715e-08
-2.99278e-07
-3.01989e-07
6.05122e-08
-3.55104e-07
1.13203e-07
-3.50755e-07
1.64343e-07
-3.42639e-07
2.13239e-07
-3.30885e-07
2.59237e-07
-3.15655e-07
3.01733e-07
-2.97121e-07
3.4018e-07
-2.75444e-07
3.741e-07
-2.50755e-07
4.03085e-07
-2.2315e-07
4.26795e-07
-1.9268e-07
4.44955e-07
-1.59353e-07
4.57351e-07
-1.23143e-07
4.63826e-07
-8.39893e-08
4.64289e-07
-4.18146e-08
4.58735e-07
3.45851e-09
4.47288e-07
5.18647e-08
4.30207e-07
1.0331e-07
4.07843e-07
1.57477e-07
3.80569e-07
2.13791e-07
3.4874e-07
2.71432e-07
3.12443e-07
3.2925e-07
2.70636e-07
3.85534e-07
2.19723e-07
4.36899e-07
1.55085e-07
4.77109e-07
7.73231e-08
5.00838e-07
-7.14528e-09
5.09591e-07
-9.048e-08
5.07282e-07
-1.64963e-07
4.93292e-07
-2.25301e-07
4.63582e-07
-2.72675e-07
4.18375e-07
-3.11933e-07
3.63882e-07
-3.45958e-07
3.05626e-07
-3.75337e-07
2.46369e-07
-3.99858e-07
1.87608e-07
-4.19144e-07
1.30397e-07
-4.32817e-07
7.55107e-08
-4.40543e-07
2.34825e-08
-4.42108e-07
-2.54052e-08
-4.37445e-07
-7.10615e-08
-4.2661e-07
-1.13481e-07
-4.09744e-07
-1.52681e-07
-3.87061e-07
-1.88674e-07
-3.58847e-07
-2.21452e-07
-3.25462e-07
-2.5098e-07
-2.87344e-07
-2.77194e-07
-2.45013e-07
-2.99994e-07
-1.99063e-07
-3.19253e-07
-1.50157e-07
-3.34819e-07
-9.90115e-08
-3.46536e-07
-4.63844e-08
-3.54261e-07
6.93799e-09
-3.57881e-07
6.01563e-08
-3.57339e-07
1.12473e-07
-3.52645e-07
1.63109e-07
-3.43871e-07
2.11313e-07
-3.31139e-07
2.56384e-07
-3.14599e-07
2.97675e-07
-2.94407e-07
3.3461e-07
-2.70709e-07
3.66691e-07
-2.43626e-07
3.93499e-07
-2.13248e-07
4.14695e-07
-1.79633e-07
4.30012e-07
-1.42806e-07
4.39254e-07
-1.0277e-07
4.423e-07
-5.95099e-08
4.39122e-07
-1.30099e-08
4.29823e-07
3.671e-08
4.14657e-07
8.95193e-08
3.93973e-07
1.45073e-07
3.68153e-07
2.02771e-07
3.37561e-07
2.6178e-07
3.02294e-07
3.20947e-07
2.6132e-07
3.78578e-07
2.11037e-07
4.31315e-07
1.46838e-07
4.72959e-07
6.93555e-08
4.98293e-07
-1.50295e-08
5.08883e-07
-9.85037e-08
5.08495e-07
-1.73307e-07
4.96285e-07
-2.34127e-07
4.68119e-07
-2.82185e-07
4.2432e-07
-3.22327e-07
3.71187e-07
-3.57436e-07
3.14274e-07
-3.88108e-07
2.56369e-07
-4.14142e-07
1.98978e-07
-4.35168e-07
1.43154e-07
-4.50816e-07
8.965e-08
-4.60751e-07
3.89754e-08
-4.64745e-07
-8.61797e-09
-4.62714e-07
-5.30807e-08
-4.54686e-07
-9.44633e-08
-4.40772e-07
-1.32846e-07
-4.21144e-07
-1.68303e-07
-3.96033e-07
-2.00886e-07
-3.65728e-07
-2.30614e-07
-3.30587e-07
-2.57467e-07
-2.91037e-07
-2.81383e-07
-2.47575e-07
-3.02256e-07
-2.00762e-07
-3.19946e-07
-1.51216e-07
-3.34288e-07
-9.96046e-08
-3.45109e-07
-4.66272e-08
-3.52255e-07
-3.55607e-07
5.6801e-08
-4.05341e-07
1.0619e-07
-4.00144e-07
1.53998e-07
-3.90447e-07
1.99526e-07
-3.76412e-07
2.4212e-07
-3.58249e-07
2.81185e-07
-3.36186e-07
3.16195e-07
-3.10453e-07
3.46694e-07
-2.81255e-07
3.72307e-07
-2.48763e-07
3.9273e-07
-2.13103e-07
4.07733e-07
-1.74356e-07
4.17149e-07
-1.3256e-07
4.20879e-07
-8.77195e-08
4.18893e-07
-3.9828e-08
4.11244e-07
1.11074e-08
3.98091e-07
6.50177e-08
3.79701e-07
1.217e-07
3.56421e-07
1.80757e-07
3.28644e-07
2.41568e-07
2.96783e-07
3.03293e-07
2.61188e-07
3.64845e-07
2.21908e-07
4.24814e-07
1.77812e-07
4.80995e-07
1.25778e-07
5.29143e-07
6.36249e-08
5.62991e-07
-5.18703e-09
5.78403e-07
-7.28522e-08
5.74948e-07
-1.32247e-07
5.52687e-07
-1.81475e-07
5.1281e-07
-2.23488e-07
4.60388e-07
-2.60967e-07
4.01362e-07
-2.94614e-07
3.39272e-07
-3.24242e-07
2.75998e-07
-3.49464e-07
2.1283e-07
-3.69864e-07
1.50797e-07
-3.85052e-07
9.06994e-08
-3.94701e-07
3.31314e-08
-3.9858e-07
-2.15269e-08
-3.96575e-07
-7.30664e-08
-3.88679e-07
-1.21376e-07
-3.74975e-07
-1.66386e-07
-3.55622e-07
-2.08027e-07
-3.30859e-07
-2.46216e-07
-3.01004e-07
-2.80835e-07
-2.66462e-07
-3.11736e-07
-2.27723e-07
-3.38733e-07
-1.8536e-07
-3.61615e-07
-1.40023e-07
-3.80156e-07
-9.2424e-08
-3.94136e-07
-4.33241e-08
-4.0336e-07
6.48126e-09
-4.07686e-07
5.6181e-08
-4.07039e-07
1.04966e-07
-4.0143e-07
1.5205e-07
-3.90954e-07
1.9668e-07
-3.7577e-07
2.3816e-07
-3.5608e-07
2.75861e-07
-3.32107e-07
3.09229e-07
-3.04077e-07
3.37797e-07
-2.72193e-07
3.61182e-07
-2.36633e-07
3.79087e-07
-1.97538e-07
3.91294e-07
-1.55014e-07
3.97663e-07
-1.0914e-07
3.98135e-07
-5.99817e-08
3.92742e-07
-7.61675e-09
3.81627e-07
4.78253e-08
3.65049e-07
1.06097e-07
3.43356e-07
1.66765e-07
3.16947e-07
2.2918e-07
2.86241e-07
2.92486e-07
2.51596e-07
3.55591e-07
2.13069e-07
4.17106e-07
1.69522e-07
4.74861e-07
1.17822e-07
5.24659e-07
5.58283e-08
5.60287e-07
-1.29446e-08
5.77656e-07
-8.06759e-08
5.76226e-07
-1.40267e-07
5.55877e-07
-1.89884e-07
5.17736e-07
-2.32501e-07
4.66937e-07
-2.70785e-07
4.09471e-07
-3.05436e-07
3.48924e-07
-3.36274e-07
2.87207e-07
-3.62922e-07
2.25626e-07
-3.84966e-07
1.65199e-07
-4.02026e-07
1.06709e-07
-4.13769e-07
5.07183e-08
-4.19955e-07
-2.43177e-09
-4.20455e-07
-5.25803e-08
-4.15239e-07
-9.96793e-08
-4.04356e-07
-1.43729e-07
-3.87924e-07
-1.84735e-07
-3.66125e-07
-2.22685e-07
-3.39208e-07
-2.57531e-07
-3.07496e-07
-2.8918e-07
-2.71384e-07
-3.17495e-07
-2.31346e-07
-3.42294e-07
-1.87928e-07
-3.63364e-07
-1.41742e-07
-3.80474e-07
-9.34531e-08
-3.93398e-07
-4.37718e-08
-4.01936e-07
-4.05943e-07
5.2126e-08
-4.51442e-07
9.73832e-08
-4.45401e-07
1.41071e-07
-4.34135e-07
1.82502e-07
-4.17843e-07
2.21038e-07
-3.96785e-07
2.56108e-07
-3.71257e-07
2.87214e-07
-3.41558e-07
3.13936e-07
-3.07977e-07
3.35936e-07
-2.70763e-07
3.52957e-07
-2.30123e-07
3.64813e-07
-1.86213e-07
3.71394e-07
-1.3914e-07
3.72656e-07
-8.89816e-08
3.68628e-07
-3.58e-08
3.59418e-07
2.03179e-08
3.4522e-07
7.92149e-08
3.2632e-07
1.40601e-07
3.03071e-07
2.04006e-07
2.7588e-07
2.68758e-07
2.45198e-07
3.33975e-07
2.11495e-07
3.98548e-07
1.75209e-07
4.611e-07
1.36467e-07
5.19738e-07
9.44078e-08
5.71202e-07
4.75581e-08
6.0984e-07
-3.07388e-09
6.29035e-07
-5.30053e-08
6.24879e-07
-9.8371e-08
5.98052e-07
-1.39062e-07
5.53501e-07
-1.76598e-07
4.97924e-07
-2.11524e-07
4.36288e-07
-2.43577e-07
3.71325e-07
-2.72289e-07
3.0471e-07
-2.97186e-07
2.37727e-07
-3.17822e-07
1.71433e-07
-3.338e-07
1.06677e-07
-3.4478e-07
4.41122e-08
-3.5051e-07
-1.57968e-08
-3.50832e-07
-7.27448e-08
-3.45681e-07
-1.26528e-07
-3.35078e-07
-1.76989e-07
-3.19126e-07
-2.23979e-07
-2.98011e-07
-2.6733e-07
-2.72005e-07
-3.06842e-07
-2.41469e-07
-3.42273e-07
-2.06854e-07
-3.73348e-07
-1.687e-07
-3.99769e-07
-1.27629e-07
-4.21227e-07
-8.43325e-08
-4.37433e-07
-3.95555e-08
-4.48138e-07
5.91843e-09
-4.5316e-07
5.1288e-08
-4.52408e-07
9.57546e-08
-4.45897e-07
1.38543e-07
-4.33743e-07
1.7892e-07
-4.16146e-07
2.1621e-07
-3.9337e-07
2.49814e-07
-3.65711e-07
2.79214e-07
-3.33476e-07
3.0398e-07
-2.9696e-07
3.23776e-07
-2.56429e-07
3.38352e-07
-2.12114e-07
3.47545e-07
-1.64207e-07
3.51273e-07
-1.12868e-07
3.49537e-07
-5.8245e-08
3.42424e-07
-5.03516e-10
3.30116e-07
6.01326e-08
3.12893e-07
1.23321e-07
2.91108e-07
1.88549e-07
2.65174e-07
2.55114e-07
2.35547e-07
3.22113e-07
2.02704e-07
3.88434e-07
1.67091e-07
4.52719e-07
1.28837e-07
5.13115e-07
8.70813e-08
5.66415e-07
4.03653e-08
6.07003e-07
-1.02391e-08
6.2826e-07
-6.02187e-08
6.26206e-07
-1.05756e-07
6.01414e-07
-1.46799e-07
5.58779e-07
-1.84873e-07
5.05011e-07
-2.20521e-07
4.45119e-07
-2.53484e-07
3.81888e-07
-2.83304e-07
3.17027e-07
-3.09512e-07
2.51834e-07
-3.31668e-07
1.87355e-07
-3.49377e-07
1.24418e-07
-3.62301e-07
6.36419e-08
-3.70177e-07
5.44488e-09
-3.72835e-07
-4.99223e-08
-3.70189e-07
-1.02326e-07
-3.62228e-07
-1.51689e-07
-3.49014e-07
-1.97949e-07
-3.30677e-07
-2.41022e-07
-3.07419e-07
-2.80788e-07
-2.7952e-07
-3.17079e-07
-2.47339e-07
-3.49676e-07
-2.11315e-07
-3.78318e-07
-1.71967e-07
-4.02712e-07
-1.29886e-07
-4.22556e-07
-8.5721e-08
-4.37562e-07
-4.01732e-08
-4.47484e-07
-4.52141e-07
4.66672e-08
-4.92713e-07
8.71201e-08
-4.85854e-07
1.26053e-07
-4.73068e-07
1.62805e-07
-4.54594e-07
1.96769e-07
-4.3075e-07
2.2741e-07
-4.01897e-07
2.54267e-07
-3.68416e-07
2.76964e-07
-3.30674e-07
2.9521e-07
-2.89009e-07
3.08793e-07
-2.43707e-07
3.17583e-07
-1.95003e-07
3.21523e-07
-1.4308e-07
3.20626e-07
-8.80849e-08
3.14979e-07
-3.0153e-08
3.04741e-07
3.05559e-08
2.9015e-07
9.38063e-08
2.71517e-07
1.59233e-07
2.49222e-07
2.26301e-07
2.23701e-07
2.94279e-07
1.95454e-07
3.62222e-07
1.65046e-07
4.28956e-07
1.33122e-07
4.93024e-07
1.00352e-07
5.52507e-07
6.71323e-08
6.04422e-07
3.32527e-08
6.4372e-07
-1.35305e-09
6.63641e-07
-3.57689e-08
6.59295e-07
-6.92689e-08
6.31552e-07
-1.02065e-07
5.86297e-07
-1.34206e-07
5.30066e-07
-1.65172e-07
4.67254e-07
-1.94272e-07
4.00425e-07
-2.20875e-07
3.31313e-07
-2.44427e-07
2.6128e-07
-2.64443e-07
1.91448e-07
-2.80494e-07
1.22728e-07
-2.9222e-07
5.58378e-08
-2.99331e-07
-8.68571e-09
-3.01623e-07
-7.04526e-08
-2.98976e-07
-1.29175e-07
-2.91351e-07
-1.84614e-07
-2.78792e-07
-2.36537e-07
-2.6143e-07
-2.84693e-07
-2.39482e-07
-3.28789e-07
-2.1326e-07
-3.68495e-07
-1.83168e-07
-4.03441e-07
-1.49701e-07
-4.33235e-07
-1.13442e-07
-4.57486e-07
-7.5045e-08
-4.7583e-07
-3.52228e-08
-4.8796e-07
5.27107e-09
-4.93654e-07
4.56643e-08
-4.92802e-07
8.51875e-08
-4.8542e-07
1.23096e-07
-4.71651e-07
1.5869e-07
-4.5174e-07
1.91332e-07
-4.26013e-07
2.20463e-07
-3.94842e-07
2.4561e-07
-3.58623e-07
2.66392e-07
-3.17742e-07
2.82524e-07
-2.72561e-07
2.93809e-07
-2.234e-07
3.00142e-07
-1.70539e-07
3.01499e-07
-1.14225e-07
2.9794e-07
-5.46858e-08
2.89607e-07
7.82963e-09
2.76726e-07
7.30132e-08
2.59607e-07
1.4044e-07
2.38628e-07
2.09528e-07
2.14233e-07
2.7951e-07
1.86924e-07
3.49421e-07
1.57275e-07
4.18084e-07
1.25936e-07
4.84058e-07
9.35899e-08
5.45461e-07
6.06428e-08
5.99362e-07
2.68996e-08
6.40746e-07
-7.67392e-09
6.62834e-07
-4.21455e-08
6.60677e-07
-7.58149e-08
6.35084e-07
-1.08922e-07
5.91887e-07
-1.4153e-07
5.37618e-07
-1.73126e-07
4.76716e-07
-2.03032e-07
4.11793e-07
-2.30622e-07
3.44617e-07
-2.55349e-07
2.76561e-07
-2.76732e-07
2.08737e-07
-2.94347e-07
1.42033e-07
-3.07832e-07
7.71274e-08
-3.16895e-07
1.45074e-08
-3.21318e-07
-4.54995e-08
-3.20961e-07
-1.02683e-07
-3.15757e-07
-1.56893e-07
-3.05711e-07
-2.07995e-07
-2.90899e-07
-2.55835e-07
-2.71471e-07
-3.00216e-07
-2.47659e-07
-3.40891e-07
-2.19777e-07
-3.77558e-07
-1.88224e-07
-4.09871e-07
-1.53479e-07
-4.37456e-07
-1.16099e-07
-4.59936e-07
-7.67046e-08
-4.76957e-07
-3.597e-08
-4.88219e-07
-4.93507e-07
4.05707e-08
-5.28591e-07
7.56743e-08
-5.20958e-07
1.09342e-07
-5.06735e-07
1.40953e-07
-4.86206e-07
1.69947e-07
-4.59744e-07
1.95832e-07
-4.27782e-07
2.18197e-07
-3.9078e-07
2.36714e-07
-3.49192e-07
2.51142e-07
-3.03437e-07
2.61324e-07
-2.53888e-07
2.67181e-07
-2.00859e-07
2.68711e-07
-1.4461e-07
2.65985e-07
-8.53585e-08
2.59142e-07
-2.33104e-08
2.48394e-07
4.13043e-08
2.34021e-07
1.08179e-07
2.16372e-07
1.76882e-07
1.95859e-07
2.46814e-07
1.72958e-07
3.1718e-07
1.48216e-07
3.86964e-07
1.22271e-07
4.54901e-07
9.58771e-08
5.19418e-07
6.99062e-08
5.78478e-07
4.51791e-08
6.29149e-07
2.19962e-08
6.66903e-07
-2.00852e-10
6.85838e-07
-2.25062e-08
6.816e-07
-4.59219e-08
6.54968e-07
-7.07721e-08
6.11147e-07
-9.65508e-08
5.55844e-07
-1.22374e-07
4.93076e-07
-1.47384e-07
4.25435e-07
-1.70853e-07
3.54782e-07
-1.92162e-07
2.8259e-07
-2.1078e-07
2.10066e-07
-2.26242e-07
1.38191e-07
-2.38152e-07
6.77477e-08
-2.46181e-07
-6.56642e-10
-2.50077e-07
-6.65573e-08
-2.49663e-07
-1.29589e-07
-2.44845e-07
-1.89432e-07
-2.35608e-07
-2.45774e-07
-2.22024e-07
-2.98276e-07
-2.04255e-07
-3.46558e-07
-1.82556e-07
-3.90194e-07
-1.57276e-07
-4.2872e-07
-1.2886e-07
-4.61651e-07
-9.78351e-08
-4.88511e-07
-6.48071e-08
-5.08858e-07
-3.04411e-08
-5.22326e-07
4.55641e-09
-5.28651e-07
3.94593e-08
-5.27705e-07
7.35443e-08
-5.19505e-07
1.06114e-07
-5.0422e-07
1.36516e-07
-4.82143e-07
1.64165e-07
-4.53662e-07
1.88553e-07
-4.1923e-07
2.09261e-07
-3.79331e-07
2.25964e-07
-3.34445e-07
2.3843e-07
-2.85027e-07
2.46523e-07
-2.31492e-07
2.50192e-07
-1.74209e-07
2.49474e-07
-1.13506e-07
2.44484e-07
-4.96964e-08
2.35419e-07
1.68946e-08
2.22552e-07
8.58807e-08
2.06228e-07
1.56763e-07
1.86864e-07
2.28893e-07
1.64938e-07
3.01435e-07
1.41004e-07
3.73355e-07
1.15707e-07
4.43381e-07
8.98078e-08
5.09957e-07
6.41904e-08
5.71078e-07
3.96931e-08
6.23859e-07
1.66341e-08
6.63805e-07
-5.53081e-09
6.84998e-07
-2.78915e-08
6.83038e-07
-5.14575e-08
6.5865e-07
-7.65688e-08
6.16998e-07
-1.02737e-07
5.63787e-07
-1.29094e-07
5.03073e-07
-1.54794e-07
4.37493e-07
-1.79115e-07
3.68938e-07
-2.01445e-07
2.98891e-07
-2.21256e-07
2.28548e-07
-2.38089e-07
1.58867e-07
-2.51549e-07
9.05877e-08
-2.61305e-07
2.42632e-08
-2.67094e-07
-3.9711e-08
-2.68723e-07
-1.01054e-07
-2.6607e-07
-1.59545e-07
-2.59084e-07
-2.14981e-07
-2.47787e-07
-2.67132e-07
-2.32275e-07
-3.15727e-07
-2.1273e-07
-3.60436e-07
-1.89414e-07
-4.00874e-07
-1.62677e-07
-4.36608e-07
-1.32951e-07
-4.67182e-07
-1.00748e-07
-4.9214e-07
-6.66448e-08
-5.1106e-07
-3.12747e-08
-5.23589e-07
-5.29475e-07
3.39546e-08
-5.58616e-07
6.32671e-08
-5.5027e-07
9.12597e-08
-5.34728e-07
1.17368e-07
-5.12314e-07
1.41085e-07
-4.83461e-07
1.61977e-07
-4.48674e-07
1.79686e-07
-4.0849e-07
1.93942e-07
-3.63447e-07
2.04556e-07
-3.14051e-07
2.11424e-07
-2.60756e-07
2.14521e-07
-2.03957e-07
2.13899e-07
-1.43987e-07
2.09679e-07
-8.11385e-08
2.02052e-07
-1.56838e-08
1.91276e-07
5.20799e-08
1.77674e-07
1.21781e-07
1.6163e-07
1.92926e-07
1.43587e-07
2.64857e-07
1.24051e-07
3.36716e-07
1.03601e-07
4.07414e-07
8.29018e-08
4.756e-07
6.27216e-08
5.39599e-07
4.39205e-08
5.97279e-07
2.72949e-08
6.45774e-07
1.31058e-08
6.81092e-07
5.03404e-10
6.9844e-07
-1.23189e-08
6.94423e-07
-2.6994e-08
6.69643e-07
-4.40394e-08
6.28193e-07
-6.29733e-08
5.74778e-07
-8.2936e-08
5.13039e-07
-1.03075e-07
4.45574e-07
-1.22643e-07
3.74349e-07
-1.40992e-07
3.0094e-07
-1.5756e-07
2.26633e-07
-1.7185e-07
1.52481e-07
-1.83432e-07
7.93299e-08
-1.91939e-07
7.85063e-09
-1.97073e-07
-6.14236e-08
-1.98607e-07
-1.28055e-07
-1.96392e-07
-1.91648e-07
-1.90357e-07
-2.51809e-07
-1.80517e-07
-3.08116e-07
-1.66975e-07
-3.601e-07
-1.49929e-07
-4.07241e-07
-1.29666e-07
-4.48983e-07
-1.06569e-07
-4.84749e-07
-8.11036e-08
-5.13976e-07
-5.38136e-08
-5.36148e-07
-2.53016e-08
-5.50838e-07
3.78808e-09
-5.57741e-07
3.27911e-08
-5.56708e-07
6.10463e-08
-5.4776e-07
8.7918e-08
-5.31092e-07
1.12817e-07
-5.07042e-07
1.3522e-07
-4.76064e-07
1.5468e-07
-4.38691e-07
1.7084e-07
-3.95491e-07
1.83435e-07
-3.4704e-07
1.92293e-07
-2.93885e-07
1.97333e-07
-2.36533e-07
1.98565e-07
-1.7544e-07
1.96078e-07
-1.11019e-07
1.90043e-07
-4.36615e-08
1.80705e-07
2.62326e-08
1.68381e-07
9.82046e-08
1.53455e-07
1.71689e-07
1.36374e-07
2.45973e-07
1.17651e-07
3.20159e-07
9.78679e-08
3.93138e-07
7.76978e-08
4.63551e-07
5.79165e-08
5.29739e-07
3.9396e-08
5.89599e-07
2.29504e-08
6.40305e-07
8.85878e-09
6.77896e-07
-3.71785e-09
6.97575e-07
-1.65848e-08
6.95905e-07
-3.13783e-08
6.73443e-07
-4.86289e-08
6.34248e-07
-6.78737e-08
5.83031e-07
-8.82691e-08
5.23468e-07
-1.08973e-07
4.58197e-07
-1.29246e-07
3.8921e-07
-1.48446e-07
3.18091e-07
-1.66015e-07
2.46118e-07
-1.81464e-07
1.74316e-07
-1.94365e-07
1.03488e-07
-2.04349e-07
3.42474e-08
-2.11111e-07
-3.29493e-08
-2.1441e-07
-9.77547e-08
-2.14073e-07
-1.59882e-07
-2.09996e-07
-2.19058e-07
-2.02147e-07
-2.74981e-07
-1.90572e-07
-3.27302e-07
-1.75396e-07
-3.75612e-07
-1.56828e-07
-4.19441e-07
-1.35164e-07
-4.58273e-07
-1.10779e-07
-4.91567e-07
-8.41286e-08
-5.1879e-07
-5.5736e-08
-5.39452e-07
-2.61783e-08
-5.53147e-07
-5.59582e-07
2.69147e-08
-5.82414e-07
5.0078e-08
-5.73433e-07
7.20683e-08
-5.56718e-07
9.23887e-08
-5.32635e-07
1.106e-07
-5.01672e-07
1.26331e-07
-4.64405e-07
1.39288e-07
-4.21447e-07
1.49258e-07
-3.73417e-07
1.5611e-07
-3.20903e-07
1.59792e-07
-2.64439e-07
1.6033e-07
-2.04495e-07
1.57824e-07
-1.41482e-07
1.52443e-07
-7.57572e-08
1.44421e-07
-7.66162e-09
1.34055e-07
6.24455e-08
1.21703e-07
1.34134e-07
1.07773e-07
2.06856e-07
9.27321e-08
2.79899e-07
7.70965e-08
3.52351e-07
6.14439e-08
4.23067e-07
4.64151e-08
4.90629e-07
3.27121e-08
5.53302e-07
2.10564e-08
6.08935e-07
1.2027e-08
6.54804e-07
5.65246e-09
6.87466e-07
9.27554e-10
7.03165e-07
-4.0379e-09
6.99388e-07
-1.09728e-08
6.76578e-07
-2.05743e-08
6.37794e-07
-3.26004e-08
5.86804e-07
-4.63924e-08
5.26831e-07
-6.12153e-08
4.60397e-07
-7.63743e-08
3.89508e-07
-9.12388e-08
3.15804e-07
-1.05241e-07
2.40635e-07
-1.17872e-07
1.65112e-07
-1.28677e-07
9.0135e-08
-1.37259e-07
1.64323e-08
-1.4328e-07
-5.54022e-08
-1.46472e-07
-1.24863e-07
-1.46635e-07
-1.91484e-07
-1.4365e-07
-2.54795e-07
-1.37475e-07
-3.14291e-07
-1.28157e-07
-3.69418e-07
-1.15831e-07
-4.19568e-07
-1.0072e-07
-4.64093e-07
-8.31388e-08
-5.0233e-07
-6.3482e-08
-5.33632e-07
-4.22187e-08
-5.57411e-07
-1.98763e-08
-5.7318e-07
2.97688e-09
-5.80594e-07
2.57534e-08
-5.79484e-07
4.78688e-08
-5.69876e-07
6.87634e-08
-5.51987e-07
8.79233e-08
-5.26202e-07
1.04898e-07
-4.93038e-07
1.19312e-07
-4.53104e-07
1.30874e-07
-4.07054e-07
1.39385e-07
-3.5555e-07
1.44732e-07
-2.99232e-07
1.46893e-07
-2.38693e-07
1.45927e-07
-1.74475e-07
1.41979e-07
-1.07071e-07
1.35264e-07
-3.69462e-08
1.26069e-07
3.5427e-08
1.14749e-07
1.09525e-07
1.01716e-07
1.84723e-07
8.74379e-08
2.60251e-07
7.24396e-08
3.35158e-07
5.73043e-08
4.08273e-07
4.26798e-08
4.78176e-07
2.92757e-08
5.43143e-07
1.7825e-08
6.0105e-07
8.92247e-09
6.49207e-07
2.61444e-09
6.84204e-07
-2.09343e-09
7.02283e-07
-7.08916e-09
7.00901e-07
-1.41058e-08
6.8046e-07
-2.38538e-08
6.43996e-07
-3.61088e-08
5.95286e-07
-5.0227e-08
5.37586e-07
-6.54835e-08
4.73453e-07
-8.11908e-08
4.04918e-07
-9.67248e-08
3.33625e-07
-1.11524e-07
2.60917e-07
-1.25085e-07
1.87877e-07
-1.36958e-07
1.15361e-07
-1.46745e-07
4.40347e-08
-1.54106e-07
-2.55888e-08
-1.58758e-07
-9.31022e-08
-1.60485e-07
-1.58156e-07
-1.59135e-07
-2.20408e-07
-1.54627e-07
-2.79489e-07
-1.46955e-07
-3.34974e-07
-1.36192e-07
-3.86376e-07
-1.22489e-07
-4.33144e-07
-1.06081e-07
-4.74681e-07
-8.72818e-08
-5.10366e-07
-6.64817e-08
-5.3959e-07
-4.41363e-08
-5.61798e-07
-2.07547e-08
-5.76528e-07
-5.83454e-07
1.95303e-08
-5.9968e-07
3.62555e-08
-5.90158e-07
5.19831e-08
-5.72446e-07
6.62962e-08
-5.46948e-07
7.88318e-08
-5.14208e-07
8.9292e-08
-4.74865e-07
9.74505e-08
-4.29605e-07
1.03156e-07
-3.79123e-07
1.06335e-07
-3.24081e-07
1.06985e-07
-2.65089e-07
1.05181e-07
-2.02691e-07
1.01063e-07
-1.37364e-07
9.48393e-08
-6.95334e-08
8.67787e-08
3.99e-10
7.72078e-08
7.20164e-08
6.65048e-08
1.44837e-07
5.5094e-08
2.18266e-07
4.34419e-08
2.91551e-07
3.20552e-08
3.63738e-07
2.14775e-08
4.33644e-07
1.22821e-08
4.99824e-07
5.05042e-09
5.60533e-07
3.09209e-10
6.13676e-07
-1.62819e-09
6.56741e-07
-9.7722e-10
6.86815e-07
1.19531e-09
7.00992e-07
3.13783e-09
6.97445e-07
3.2236e-09
6.76492e-07
6.34388e-10
6.40384e-07
-4.65412e-09
5.92093e-07
-1.22361e-08
5.34413e-07
-2.15511e-08
4.69712e-07
-3.20089e-08
3.99966e-07
-4.3036e-08
3.26831e-07
-5.40915e-08
2.51691e-07
-6.46727e-08
1.75693e-07
-7.43187e-08
9.97809e-08
-8.26144e-08
2.4728e-08
-8.91966e-08
-4.882e-08
-9.3762e-08
-1.20298e-07
-9.60732e-08
-1.89173e-07
-9.59642e-08
-2.54904e-07
-9.33452e-08
-3.1691e-07
-8.82064e-08
-3.74556e-07
-8.0621e-08
-4.27153e-07
-7.07457e-08
-4.73968e-07
-5.88194e-08
-5.14257e-07
-4.51579e-08
-5.47294e-07
-3.01458e-08
-5.72423e-07
-1.42232e-08
-5.89103e-07
2.13148e-09
-5.96949e-07
1.84213e-08
-5.95774e-07
3.41521e-08
-5.85607e-07
4.88536e-08
-5.66688e-07
6.20986e-08
-5.39447e-07
7.35195e-08
-5.04459e-07
8.28196e-08
-4.62404e-07
8.97812e-08
-4.14016e-07
9.42691e-08
-3.60038e-07
9.6232e-08
-3.01195e-07
9.57006e-08
-2.38162e-07
9.2785e-08
-1.71559e-07
8.76702e-08
-1.01956e-07
8.06112e-08
-2.98872e-08
7.19275e-08
4.41106e-08
6.19966e-08
1.19456e-07
5.1246e-08
1.95473e-07
4.01478e-08
2.71349e-07
2.9215e-08
3.4609e-07
1.89978e-08
4.1849e-07
1.00763e-08
4.87097e-07
3.03957e-09
5.50179e-07
-1.5752e-09
6.05664e-07
-3.44035e-09
6.51073e-07
-2.75518e-09
6.83519e-07
-5.74664e-10
7.00102e-07
1.35274e-09
6.98973e-07
1.39483e-09
6.80418e-07
-1.28011e-09
6.46671e-07
-6.71253e-09
6.00719e-07
-1.45099e-08
5.45384e-07
-2.41212e-08
4.83065e-07
-3.49635e-08
4.1576e-07
-4.647e-08
3.45131e-07
-5.81062e-08
2.72553e-07
-6.93757e-08
1.99146e-07
-7.98226e-08
1.25808e-07
-8.90344e-08
5.32465e-08
-9.66456e-08
-1.79775e-08
-1.02344e-07
-8.74035e-08
-1.05877e-07
-1.54623e-07
-1.07053e-07
-2.19232e-07
-1.05748e-07
-2.80793e-07
-1.01909e-07
-3.38813e-07
-9.55545e-08
-3.9273e-07
-8.67793e-08
-4.41919e-07
-7.5754e-08
-4.85706e-07
-6.27242e-08
-5.23395e-07
-4.80055e-08
-5.54308e-07
-3.19762e-08
-5.77827e-07
-1.5065e-08
-5.93439e-07
-6.00783e-07
1.18696e-08
-6.10171e-07
2.1927e-08
-6.00216e-07
3.11891e-08
-5.81708e-07
3.93296e-08
-5.55088e-07
4.60718e-08
-5.2095e-07
5.11971e-08
-4.7999e-07
5.45512e-08
-4.3296e-07
5.60471e-08
-3.80619e-07
5.56658e-08
-3.237e-07
5.34554e-08
-2.62879e-07
4.95294e-08
-1.98765e-07
4.40645e-08
-1.31899e-07
3.72969e-08
-6.27659e-08
2.95191e-08
8.17687e-09
2.10738e-08
8.04617e-08
1.23467e-08
1.53564e-07
3.75945e-09
2.26854e-07
-4.23738e-09
2.99548e-07
-1.11716e-08
3.70672e-07
-1.65599e-08
4.39033e-07
-1.99262e-08
5.0319e-07
-2.0836e-08
5.61443e-07
-1.89683e-08
6.11809e-07
-1.42564e-08
6.52029e-07
-7.11283e-09
6.79672e-07
1.38685e-09
6.92493e-07
9.67224e-09
6.8916e-07
1.62633e-08
6.69901e-07
2.02738e-08
6.36373e-07
2.14546e-08
5.90912e-07
1.99691e-08
5.35899e-07
1.61866e-08
4.73494e-07
1.05646e-08
4.05588e-07
3.58983e-09
3.33806e-07
-4.24948e-09
2.5953e-07
-1.24796e-08
1.83923e-07
-2.0651e-08
1.07952e-07
-2.83472e-08
3.24241e-08
-3.51927e-08
-4.19744e-08
-4.08629e-08
-1.14627e-07
-4.50915e-08
-1.84944e-07
-4.76762e-08
-2.52319e-07
-4.84834e-08
-3.16103e-07
-4.74514e-08
-3.75588e-07
-4.45928e-08
-4.30012e-07
-3.99942e-08
-4.78567e-07
-3.38159e-08
-5.20435e-07
-2.6287e-08
-5.54823e-07
-1.76981e-08
-5.81012e-07
-8.39058e-09
-5.9841e-07
1.25913e-09
-6.06599e-07
1.08574e-08
-6.05372e-07
2.00133e-08
-5.94762e-07
2.83577e-08
-5.75032e-07
3.55613e-08
-5.4665e-07
4.13485e-08
-5.10247e-07
4.55075e-08
-4.66563e-07
4.7897e-08
-4.16405e-07
4.84495e-08
-3.60591e-07
4.71718e-08
-2.99917e-07
4.41446e-08
-2.35135e-07
3.95197e-08
-1.66935e-07
3.35163e-08
-9.59525e-08
2.64164e-08
-2.27873e-08
1.85589e-08
5.19682e-08
1.03307e-08
1.27684e-07
2.15778e-09
2.03646e-07
-5.50328e-09
2.7901e-07
-1.21738e-08
3.52761e-07
-1.73641e-08
4.2368e-07
-2.05914e-08
4.90325e-07
-2.14138e-08
5.51002e-07
-1.95008e-08
6.03751e-07
-1.47729e-08
6.46345e-07
-7.62766e-09
6.76374e-07
8.71058e-10
6.91604e-07
9.15651e-09
6.90688e-07
1.57426e-08
6.73832e-07
1.973e-08
6.42684e-07
2.08548e-08
5.99594e-07
1.92687e-08
5.4697e-07
1.5332e-08
4.87001e-07
9.49507e-09
4.21597e-07
2.23838e-09
3.52388e-07
-5.95643e-09
2.80748e-07
-1.4622e-08
2.07812e-07
-2.33145e-08
1.34501e-07
-3.1621e-08
6.15531e-08
-3.91665e-08
-1.04321e-08
-4.56206e-08
-8.09494e-08
-5.07051e-08
-1.49539e-07
-5.41987e-08
-2.15738e-07
-5.59411e-08
-2.79051e-07
-5.58356e-08
-3.38919e-07
-5.38513e-08
-3.94715e-07
-5.00249e-08
-4.45746e-07
-4.44612e-08
-4.9127e-07
-3.73315e-08
-5.30525e-07
-2.88701e-08
-5.6277e-07
-1.93679e-08
-5.87329e-07
-9.16171e-09
-6.03645e-07
-6.11324e-07
3.99491e-09
-6.13697e-07
7.20906e-09
-6.0343e-07
9.8545e-09
-5.84353e-07
1.1706e-08
-5.5694e-07
1.25808e-08
-5.21825e-07
1.23457e-08
-4.79755e-07
1.0922e-08
-4.31536e-07
8.28743e-09
-3.77984e-07
4.47714e-09
-3.19889e-07
-4.1663e-10
-2.57985e-07
-6.24549e-09
-1.92936e-07
-1.28066e-08
-1.25338e-07
-1.98449e-08
-5.57275e-08
-2.70574e-08
1.53894e-08
-3.40989e-08
8.75032e-08
-4.05912e-08
1.60056e-07
-4.61316e-08
2.32394e-07
-5.03032e-08
3.03719e-07
-5.26871e-08
3.73056e-07
-5.28796e-08
4.39225e-07
-5.05174e-08
5.00828e-07
-4.53191e-08
5.56245e-07
-3.71564e-08
6.03646e-07
-2.61684e-08
6.41041e-07
-1.29113e-08
6.66415e-07
1.55383e-09
6.78028e-07
1.58166e-08
6.74897e-07
2.85307e-08
6.57187e-07
3.87765e-08
6.26127e-07
4.61334e-08
5.83555e-07
5.05567e-08
5.31475e-07
5.22315e-08
4.7182e-07
5.14726e-08
4.06347e-07
4.8663e-08
3.36616e-07
4.42184e-08
2.63975e-07
3.85646e-08
1.89577e-07
3.21219e-08
1.14395e-07
2.52921e-08
3.9254e-08
1.84476e-08
-3.51299e-08
1.19211e-08
-1.08101e-07
5.9964e-09
-1.79019e-07
9.02362e-10
-2.47225e-07
-3.19072e-09
-3.1201e-07
-6.17375e-09
-3.72605e-07
-8.00017e-09
-4.28185e-07
-8.68626e-09
-4.77881e-07
-8.30988e-09
-5.20811e-07
-7.00723e-09
-5.56125e-07
-4.96702e-09
-5.83052e-07
-2.42144e-09
-6.00956e-07
3.66257e-10
-6.09386e-07
3.11748e-09
-6.08124e-07
5.556e-09
-5.97201e-07
7.42525e-09
-5.76902e-07
8.50332e-09
-5.47728e-07
8.61441e-09
-5.10358e-07
7.63709e-09
-4.65586e-07
5.50928e-09
-4.14277e-07
2.23099e-09
-3.57313e-07
-2.13488e-09
-2.95551e-07
-7.46321e-09
-2.29806e-07
-1.35682e-08
-1.60829e-07
-2.02064e-08
-8.93144e-08
-2.70807e-08
-1.5913e-08
-3.3847e-08
5.87344e-08
-4.01242e-08
1.33961e-07
-4.55047e-08
2.09027e-07
-4.95652e-08
2.83071e-07
-5.1881e-08
3.55077e-07
-5.20423e-08
4.23841e-07
-4.96794e-08
4.87962e-07
-4.45043e-08
5.45827e-07
-3.63796e-08
5.95627e-07
-2.5433e-08
6.35398e-07
-1.2207e-08
6.63148e-07
2.24837e-09
6.77148e-07
1.65263e-08
6.7641e-07
2.92746e-08
6.61084e-07
3.95613e-08
6.32397e-07
4.69528e-08
5.92203e-07
5.13931e-08
5.4253e-07
5.30595e-08
4.85335e-07
5.226e-08
4.22396e-07
4.93715e-08
3.55277e-07
4.48037e-08
2.85316e-07
3.89763e-08
2.13639e-07
3.23037e-08
1.41173e-07
2.51829e-08
6.86738e-08
1.79845e-08
-3.2336e-09
1.10434e-08
-7.40084e-08
4.65074e-09
-1.43146e-07
-9.51757e-10
-2.10136e-07
-5.57528e-09
-2.74428e-07
-9.08593e-09
-3.35408e-07
-1.14063e-08
-3.92394e-07
-1.2516e-08
-4.44636e-07
-1.24523e-08
-4.91334e-07
-1.13083e-08
-5.31669e-07
-9.23067e-09
-5.64847e-07
-6.41399e-09
-5.90146e-07
-3.09296e-09
-6.06966e-07
-6.14886e-07
-4.03224e-09
-6.10123e-07
-7.78399e-09
-5.99678e-07
-1.18558e-08
-5.80282e-07
-1.63634e-08
-5.52432e-07
-2.13887e-08
-5.168e-07
-2.69745e-08
-4.74169e-07
-3.3122e-08
-4.25388e-07
-3.97885e-08
-3.71318e-07
-4.6887e-08
-3.12791e-07
-5.42858e-08
-2.50586e-07
-6.18082e-08
-1.85414e-07
-6.92339e-08
-1.17912e-07
-7.63e-08
-4.86614e-08
-8.27047e-08
2.17941e-08
-8.81144e-08
9.29128e-08
-9.21727e-08
1.64115e-07
-9.45109e-08
2.34732e-07
-9.47609e-08
3.03969e-07
-9.25715e-08
3.70867e-07
-8.76296e-08
4.34283e-07
-7.96905e-08
4.92889e-07
-6.86202e-08
5.45175e-07
-5.446e-08
5.89486e-07
-3.75128e-08
6.24094e-07
-1.84362e-08
6.47338e-07
1.73035e-09
6.57861e-07
2.17009e-08
6.54927e-07
4.02351e-08
6.38653e-07
5.63987e-08
6.09964e-07
6.96455e-08
5.70308e-07
7.97601e-08
5.21361e-07
8.67616e-08
4.64818e-07
9.0824e-08
4.02285e-07
9.22187e-08
3.35221e-07
9.12763e-08
2.64917e-07
8.83599e-08
1.92493e-07
8.38447e-08
1.1891e-07
7.81024e-08
4.49963e-08
7.14879e-08
-2.85155e-08
6.43286e-08
-1.00942e-07
5.6914e-08
-1.71605e-07
4.94902e-08
-2.39801e-07
4.22565e-08
-3.04776e-07
3.53645e-08
-3.65713e-07
2.8917e-08
-4.21738e-07
2.29681e-08
-4.71932e-07
1.75247e-08
-5.15368e-07
1.25481e-08
-5.51149e-07
7.95892e-09
-5.78463e-07
3.64256e-09
-5.9664e-07
-5.40895e-10
-6.05203e-07
-4.74449e-09
-6.0392e-07
-9.11923e-09
-5.92826e-07
-1.37995e-08
-5.72221e-07
-1.88914e-08
-5.42637e-07
-2.44643e-08
-5.04785e-07
-3.05453e-08
-4.59505e-07
-3.71155e-08
-4.07707e-07
-4.4108e-08
-3.5032e-07
-5.14073e-08
-2.88252e-07
-5.88495e-08
-2.22364e-07
-6.62229e-08
-1.53456e-07
-7.32697e-08
-8.22675e-08
-7.96901e-08
-9.49265e-09
-8.51484e-08
6.41928e-08
-8.92841e-08
1.38097e-07
-9.17235e-08
2.11466e-07
-9.20924e-08
2.8344e-07
-9.00344e-08
3.53019e-07
-8.5231e-08
4.19038e-07
-7.74319e-08
4.80163e-07
-6.64971e-08
5.34892e-07
-5.24596e-08
5.81589e-07
-3.56118e-08
6.1855e-07
-1.65991e-08
6.44135e-07
3.54891e-09
6.57e-07
2.35497e-08
6.56409e-07
4.21575e-08
6.42476e-07
5.84271e-08
6.16128e-07
7.18003e-08
5.78829e-07
8.20516e-08
5.32278e-07
8.91929e-08
4.78194e-07
9.33921e-08
4.18197e-07
9.49151e-08
3.53754e-07
9.40874e-08
2.86144e-07
9.12663e-08
2.1646e-07
8.68217e-08
1.45618e-07
8.11199e-08
7.43756e-08
7.45124e-08
3.37396e-09
6.73255e-08
-6.68215e-08
5.98514e-08
-1.35672e-07
5.23421e-08
-2.02627e-07
4.50066e-08
-2.67092e-07
3.80098e-08
-3.28411e-07
3.1472e-08
-3.85857e-07
2.54685e-08
-4.38632e-07
2.00304e-08
-4.85895e-07
1.51457e-08
-5.26784e-07
1.07609e-08
-5.60463e-07
6.78473e-09
-5.8617e-07
3.09388e-09
-6.03276e-07
-6.11333e-07
-1.21468e-08
-5.99373e-07
-2.29312e-08
-5.88894e-07
-3.37682e-08
-5.69445e-07
-4.46572e-08
-5.41543e-07
-5.55736e-08
-5.05883e-07
-6.64669e-08
-4.63276e-07
-7.72591e-08
-4.14596e-07
-8.78433e-08
-3.60734e-07
-9.80835e-08
-3.02551e-07
-1.07813e-07
-2.40857e-07
-1.16834e-07
-1.76393e-07
-1.24917e-07
-1.09829e-07
-1.318e-07
-4.17777e-08
-1.37196e-07
2.71899e-08
-1.40794e-07
9.6511e-08
-1.42273e-07
1.65594e-07
-1.41311e-07
2.3377e-07
-1.376e-07
3.00259e-07
-1.30867e-07
3.64134e-07
-1.20895e-07
4.24311e-07
-1.07557e-07
4.79551e-07
-9.0855e-08
5.28472e-07
-7.09751e-08
5.69606e-07
-4.83488e-08
6.01468e-07
-2.37045e-08
6.22694e-07
1.93929e-09
6.32217e-07
2.73887e-08
6.29477e-07
5.14823e-08
6.14559e-07
7.32806e-08
5.88165e-07
9.21459e-08
5.51443e-07
1.07725e-07
5.05781e-07
1.19893e-07
4.5265e-07
1.28691e-07
3.93487e-07
1.34276e-07
3.29636e-07
1.36888e-07
2.62306e-07
1.36815e-07
1.92566e-07
1.34375e-07
1.2135e-07
1.29897e-07
4.94744e-08
1.23705e-07
-2.23233e-08
1.16108e-07
-9.33449e-08
1.07391e-07
-1.62888e-07
9.78078e-08
-2.30218e-07
8.75798e-08
-2.94548e-07
7.68957e-08
-3.55029e-07
6.59112e-08
-4.10753e-07
5.475e-08
-4.60771e-07
4.3505e-08
-5.04123e-07
3.22386e-08
-5.39883e-07
2.09859e-08
-5.6721e-07
9.75719e-09
-5.85411e-07
-1.45571e-09
-5.9399e-07
-1.26712e-08
-5.92704e-07
-2.39061e-08
-5.81591e-07
-3.51645e-08
-5.60963e-07
-4.64299e-08
-5.31371e-07
-5.76605e-08
-4.93554e-07
-6.8786e-08
-4.4838e-07
-7.97057e-08
-3.96788e-07
-9.02876e-08
-3.39738e-07
-1.00367e-07
-2.78172e-07
-1.09748e-07
-2.12984e-07
-1.18199e-07
-1.45005e-07
-1.25459e-07
-7.50077e-08
-1.31236e-07
-3.71565e-09
-1.35216e-07
6.81726e-08
-1.37071e-07
1.39953e-07
-1.36476e-07
2.10871e-07
-1.33118e-07
2.80082e-07
-1.26718e-07
3.46619e-07
-1.17056e-07
4.09376e-07
-1.03999e-07
4.67106e-07
-8.75456e-08
5.18438e-07
-6.78733e-08
5.61917e-07
-4.54045e-08
5.96081e-07
-2.08567e-08
6.19588e-07
4.75999e-09
6.31384e-07
3.02546e-08
6.30915e-07
5.44611e-08
6.18269e-07
7.64304e-08
5.94158e-07
9.55142e-08
5.59746e-07
1.11351e-07
5.16442e-07
1.23808e-07
4.65737e-07
1.32921e-07
4.09084e-07
1.38844e-07
3.4783e-07
1.41812e-07
2.83176e-07
1.42109e-07
2.16163e-07
1.40048e-07
1.47679e-07
1.35952e-07
7.84718e-08
1.3014e-07
9.18584e-09
1.22918e-07
-5.95993e-08
1.14568e-07
-1.27321e-07
1.05342e-07
-1.93401e-07
9.54617e-08
-2.57212e-07
8.51174e-08
-3.18067e-07
7.44672e-08
-3.75206e-07
6.36397e-08
-4.27805e-07
5.2734e-08
-4.7499e-07
4.18209e-08
-5.15871e-07
3.09442e-08
-5.49586e-07
2.01216e-08
-5.75347e-07
9.34865e-09
-5.92503e-07
-6.00588e-07
-2.02762e-08
-5.81434e-07
-3.80977e-08
-5.71072e-07
-5.56898e-08
-5.51852e-07
-7.29302e-08
-5.24303e-07
-8.96846e-08
-4.89129e-07
-1.05807e-07
-4.47153e-07
-1.2114e-07
-3.99264e-07
-1.35513e-07
-3.4636e-07
-1.48745e-07
-2.89319e-07
-1.60639e-07
-2.28963e-07
-1.70981e-07
-1.66051e-07
-1.7954e-07
-1.0127e-07
-1.86066e-07
-3.52513e-08
-1.90294e-07
3.14178e-08
-1.91948e-07
9.81651e-08
-1.90753e-07
1.64398e-07
-1.86442e-07
2.29459e-07
-1.78779e-07
2.92595e-07
-1.67572e-07
3.52927e-07
-1.52704e-07
4.09444e-07
-1.34161e-07
4.61007e-07
-1.12068e-07
5.06379e-07
-8.67326e-08
5.44271e-07
-5.86878e-08
5.73423e-07
-2.87116e-08
5.92718e-07
2.19533e-09
6.0131e-07
3.29059e-08
5.98767e-07
6.23166e-08
5.85149e-07
8.94864e-08
5.60995e-07
1.1371e-07
5.27219e-07
1.34525e-07
4.84966e-07
1.51681e-07
4.35495e-07
1.65095e-07
3.80073e-07
1.74816e-07
3.19914e-07
1.80987e-07
2.56135e-07
1.83816e-07
1.89738e-07
1.83552e-07
1.21613e-07
1.80471e-07
5.25552e-08
1.74856e-07
-1.67081e-08
1.66987e-07
-8.54761e-08
1.57134e-07
-1.53035e-07
1.45551e-07
-2.18635e-07
1.32474e-07
-2.81471e-07
1.18125e-07
-3.40679e-07
1.02708e-07
-3.95336e-07
8.64152e-08
-4.44478e-07
6.9426e-08
-4.87134e-07
5.19059e-08
-5.22362e-07
3.40078e-08
-5.49312e-07
1.58723e-08
-5.67275e-07
-2.37068e-09
-5.75747e-07
-2.05979e-08
-5.74477e-07
-3.86846e-08
-5.63504e-07
-5.64987e-08
-5.43149e-07
-7.38962e-08
-5.13974e-07
-9.07211e-08
-4.76729e-07
-1.06804e-07
-4.32297e-07
-1.21963e-07
-3.81629e-07
-1.36002e-07
-3.25699e-07
-1.48713e-07
-2.65462e-07
-1.5987e-07
-2.01827e-07
-1.69232e-07
-1.35643e-07
-1.76541e-07
-6.76984e-08
-1.81525e-07
1.26784e-09
-1.839e-07
7.0548e-08
-1.83386e-07
1.39438e-07
-1.79711e-07
2.07197e-07
-1.72635e-07
2.73006e-07
-1.61965e-07
3.35948e-07
-1.47578e-07
3.94989e-07
-1.29457e-07
4.48986e-07
-1.07724e-07
4.96705e-07
-8.26802e-08
5.36873e-07
-5.48498e-08
5.68251e-07
-2.50022e-08
5.8974e-07
5.86926e-09
6.00512e-07
3.66397e-08
6.00144e-07
6.62019e-08
5.88707e-07
9.36067e-08
5.66754e-07
1.1814e-07
5.35212e-07
1.39332e-07
4.9525e-07
1.56925e-07
4.48144e-07
1.70834e-07
3.95175e-07
1.81105e-07
3.3756e-07
1.87875e-07
2.76405e-07
1.91352e-07
2.12687e-07
1.9178e-07
1.47251e-07
1.8943e-07
8.08221e-08
1.84578e-07
1.40378e-08
1.77498e-07
-5.25194e-08
1.68452e-07
-1.18275e-07
1.57685e-07
-1.82634e-07
1.45423e-07
-2.4495e-07
1.31876e-07
-3.0452e-07
1.17236e-07
-3.60566e-07
1.01681e-07
-4.12251e-07
8.53798e-08
-4.58688e-07
6.84853e-08
-4.98977e-07
5.11409e-08
-5.32241e-07
3.34777e-08
-5.57684e-07
1.56153e-08
-5.7464e-07
-5.82635e-07
-2.83369e-08
-5.56367e-07
-5.31291e-08
-5.4628e-07
-7.74003e-08
-5.27581e-07
-1.00904e-07
-5.008e-07
-1.23393e-07
-4.66639e-07
-1.44627e-07
-4.25919e-07
-1.64369e-07
-3.79522e-07
-1.82388e-07
-3.28341e-07
-1.98459e-07
-2.73247e-07
-2.12359e-07
-2.15063e-07
-2.23864e-07
-1.54546e-07
-2.32748e-07
-9.23866e-08
-2.38779e-07
-2.92202e-08
-2.41723e-07
3.43619e-08
-2.41348e-07
9.77898e-08
-2.37431e-07
1.60481e-07
-2.29771e-07
2.218e-07
-2.18206e-07
2.81031e-07
-2.02633e-07
3.37354e-07
-1.83031e-07
3.89842e-07
-1.59493e-07
4.37469e-07
-1.32253e-07
4.7914e-07
-1.01724e-07
5.13742e-07
-6.85162e-08
5.40215e-07
-3.34441e-08
5.57645e-07
2.50631e-09
5.6536e-07
3.82562e-08
5.63017e-07
7.27438e-08
5.50661e-07
1.05028e-07
5.28711e-07
1.34354e-07
4.97893e-07
1.6017e-07
4.59151e-07
1.82117e-07
4.13548e-07
2.00003e-07
3.62187e-07
2.13769e-07
3.06148e-07
2.23461e-07
2.46442e-07
2.29203e-07
1.83996e-07
2.31171e-07
1.19645e-07
2.29578e-07
5.41487e-08
2.24656e-07
-1.17862e-08
2.16649e-07
-7.74695e-08
2.05805e-07
-1.4219e-07
1.92369e-07
-2.05199e-07
1.76588e-07
-2.65691e-07
1.58711e-07
-3.22802e-07
1.38989e-07
-3.75614e-07
1.17681e-07
-4.2317e-07
9.50497e-08
-4.64503e-07
7.13656e-08
-4.98678e-07
4.6901e-08
-5.24848e-07
2.19295e-08
-5.42304e-07
-3.27706e-09
-5.50541e-07
-2.84486e-08
-5.49306e-07
-5.33148e-08
-5.38638e-07
-7.76031e-08
-5.18861e-07
-1.0104e-07
-4.90537e-07
-1.23353e-07
-4.54416e-07
-1.44274e-07
-4.11375e-07
-1.63542e-07
-3.62361e-07
-1.80899e-07
-3.08342e-07
-1.96094e-07
-2.50266e-07
-2.0888e-07
-1.8904e-07
-2.19011e-07
-1.25512e-07
-2.26239e-07
-6.04701e-08
-2.30319e-07
5.34748e-09
-2.31008e-07
7.12375e-08
-2.28079e-07
1.36509e-07
-2.21325e-07
2.00443e-07
-2.10583e-07
2.62264e-07
-1.95747e-07
3.21111e-07
-1.76795e-07
3.76037e-07
-1.53818e-07
4.26008e-07
-1.27047e-07
4.69935e-07
-9.68909e-08
5.06717e-07
-6.39525e-08
5.35313e-07
-2.90397e-08
5.54827e-07
6.86718e-09
5.64605e-07
4.2691e-08
5.6432e-07
7.73673e-08
5.54031e-07
1.09949e-07
5.34172e-07
1.39673e-07
5.05488e-07
1.65982e-07
4.68941e-07
1.88513e-07
4.25613e-07
2.07071e-07
3.76617e-07
2.21596e-07
3.23035e-07
2.32132e-07
2.65869e-07
2.38801e-07
2.06018e-07
2.41776e-07
1.44275e-07
2.41266e-07
8.13322e-08
2.37497e-07
1.78074e-08
2.30701e-07
-4.57238e-08
2.21113e-07
-1.08688e-07
2.08964e-07
-1.70484e-07
1.94477e-07
-2.30464e-07
1.77877e-07
-2.8792e-07
1.59388e-07
-3.42077e-07
1.39235e-07
-3.92098e-07
1.17651e-07
-4.37104e-07
9.48744e-08
-4.762e-07
7.11474e-08
-5.08515e-07
4.67168e-08
-5.33253e-07
2.18294e-08
-5.49753e-07
-5.57536e-07
-3.62332e-08
-5.24317e-07
-6.78481e-08
-5.14665e-07
-9.86466e-08
-4.96783e-07
-1.28257e-07
-4.71189e-07
-1.56322e-07
-4.38574e-07
-1.82505e-07
-3.99736e-07
-2.06492e-07
-3.55534e-07
-2.27995e-07
-3.06838e-07
-2.46748e-07
-2.54495e-07
-2.62504e-07
-1.99307e-07
-2.75034e-07
-1.42016e-07
-2.84121e-07
-8.32998e-08
-2.89557e-07
-2.37836e-08
-2.91147e-07
3.59512e-08
-2.88705e-07
9.53483e-08
-2.8207e-07
1.53845e-07
-2.71109e-07
2.10839e-07
-2.5574e-07
2.65661e-07
-2.35945e-07
3.17559e-07
-2.11801e-07
3.65697e-07
-1.83498e-07
4.09166e-07
-1.5137e-07
4.47012e-07
-1.15915e-07
4.78287e-07
-7.78068e-08
5.02107e-07
-3.78856e-08
5.17724e-07
2.87374e-09
5.24601e-07
4.3427e-08
5.22464e-07
8.27425e-08
5.11345e-07
1.1988e-07
4.91574e-07
1.54044e-07
4.63729e-07
1.84612e-07
4.28582e-07
2.11134e-07
3.87026e-07
2.33315e-07
3.40006e-07
2.50996e-07
2.88466e-07
2.6413e-07
2.33309e-07
2.7275e-07
1.75376e-07
2.76958e-07
1.15438e-07
2.76898e-07
5.42089e-08
2.72747e-07
-7.63521e-09
2.64705e-07
-6.94282e-08
2.52992e-07
-1.30477e-07
2.3784e-07
-1.90047e-07
2.19503e-07
-2.47353e-07
1.98251e-07
-3.0155e-07
1.74381e-07
-3.51744e-07
1.48214e-07
-3.97003e-07
1.20097e-07
-4.36386e-07
9.0402e-08
-4.68983e-07
5.95207e-08
-4.93966e-07
2.786e-08
-5.10643e-07
-4.16457e-09
-5.18516e-07
-3.61349e-08
-5.17335e-07
-6.76329e-08
-5.0714e-07
-9.82448e-08
-4.88249e-07
-1.27567e-07
-4.61215e-07
-1.55212e-07
-4.26771e-07
-1.80815e-07
-3.85773e-07
-2.04035e-07
-3.39142e-07
-2.24557e-07
-2.8782e-07
-2.42092e-07
-2.32731e-07
-2.56374e-07
-1.74759e-07
-2.67155e-07
-1.14731e-07
-2.74206e-07
-5.34197e-08
-2.77312e-07
8.45353e-09
-2.76279e-07
7.02044e-08
-2.70937e-07
1.31167e-07
-2.61151e-07
1.90657e-07
-2.46835e-07
2.47949e-07
-2.27975e-07
3.02251e-07
-2.04646e-07
3.52707e-07
-1.77038e-07
3.984e-07
-1.45484e-07
4.38381e-07
-1.1048e-07
4.71712e-07
-7.26929e-08
4.97526e-07
-3.296e-08
5.15094e-07
7.7482e-09
5.23897e-07
4.83887e-08
5.2368e-07
8.7928e-08
5.14492e-07
1.25421e-07
4.96679e-07
1.60068e-07
4.70841e-07
1.91242e-07
4.37767e-07
2.1849e-07
3.98365e-07
2.41516e-07
3.5359e-07
2.60163e-07
3.04388e-07
2.74381e-07
2.51651e-07
2.84206e-07
1.96193e-07
2.89736e-07
1.38745e-07
2.91113e-07
7.99559e-08
2.88504e-07
2.04157e-08
2.82099e-07
-3.93182e-08
2.72096e-07
-9.86849e-08
2.58705e-07
-1.57093e-07
2.42146e-07
-2.13906e-07
2.22653e-07
-2.68427e-07
2.00477e-07
-3.199e-07
1.75889e-07
-3.6751e-07
1.49185e-07
-4.104e-07
1.20684e-07
-4.47699e-07
9.07296e-08
-4.7856e-07
5.96822e-08
-5.02206e-07
2.7917e-08
-5.17988e-07
-5.25436e-07
-4.38556e-08
-4.85526e-07
-8.20522e-08
-4.76469e-07
-1.1914e-07
-4.59695e-07
-1.54624e-07
-4.35706e-07
-1.88038e-07
-4.0516e-07
-2.18955e-07
-3.6882e-07
-2.46987e-07
-3.27503e-07
-2.71788e-07
-2.82036e-07
-2.93056e-07
-2.33227e-07
-3.10524e-07
-1.81839e-07
-3.23959e-07
-1.2858e-07
-3.33157e-07
-7.41012e-08
-3.3794e-07
-1.90011e-08
-3.3815e-07
3.61613e-08
-3.33657e-07
9.08553e-08
-3.2436e-07
1.44548e-07
-3.10199e-07
1.96679e-07
-2.91171e-07
2.46632e-07
-2.67345e-07
2.93733e-07
-2.38887e-07
3.37239e-07
-2.0608e-07
3.76359e-07
-1.69345e-07
4.10277e-07
-1.29251e-07
4.38193e-07
-8.65218e-08
4.59377e-07
-4.20181e-08
4.7322e-07
3.29297e-09
4.79289e-07
4.83917e-08
4.77365e-07
9.22674e-08
4.6747e-07
1.33979e-07
4.49862e-07
1.727e-07
4.25007e-07
2.0775e-07
3.93533e-07
2.38598e-07
3.56178e-07
2.64861e-07
3.13743e-07
2.86286e-07
2.67041e-07
3.02732e-07
2.16864e-07
3.14147e-07
1.6396e-07
3.20554e-07
1.09031e-07
3.22028e-07
5.27356e-08
3.18686e-07
-4.29324e-09
3.10682e-07
-6.14244e-08
2.98202e-07
-1.17997e-07
2.81465e-07
-1.7331e-07
2.60724e-07
-2.26612e-07
2.36272e-07
-2.77099e-07
2.08447e-07
-3.23919e-07
1.77628e-07
-3.66184e-07
1.44244e-07
-4.03002e-07
1.08764e-07
-4.33504e-07
7.16987e-08
-4.56901e-07
3.35845e-08
-4.72529e-07
-5.02132e-09
-4.7991e-07
-4.35537e-08
-4.78803e-07
-8.14485e-08
-4.69245e-07
-1.18153e-07
-4.51545e-07
-1.53135e-07
-4.26232e-07
-1.85897e-07
-3.94009e-07
-2.15977e-07
-3.55692e-07
-2.42961e-07
-3.12158e-07
-2.66479e-07
-2.64302e-07
-2.86207e-07
-2.13004e-07
-3.01861e-07
-1.59104e-07
-3.13198e-07
-1.03394e-07
-3.20007e-07
-4.66105e-08
-3.22111e-07
1.05575e-08
-3.19366e-07
6.74588e-08
-3.11662e-07
1.23463e-07
-2.98939e-07
1.77934e-07
-2.81191e-07
2.30201e-07
-2.5849e-07
2.79551e-07
-2.31006e-07
3.25223e-07
-1.99022e-07
3.66417e-07
-1.6296e-07
4.02319e-07
-1.23389e-07
4.32141e-07
-8.10303e-08
4.55167e-07
-3.6742e-08
4.70806e-07
8.51104e-09
4.78644e-07
5.37095e-08
4.78481e-07
9.78415e-08
4.7036e-07
1.39964e-07
4.54557e-07
1.79248e-07
4.31557e-07
2.1501e-07
4.02005e-07
2.4672e-07
3.66655e-07
2.73995e-07
3.26315e-07
2.96586e-07
2.81798e-07
3.14351e-07
2.33885e-07
3.27244e-07
1.83301e-07
3.35283e-07
1.30705e-07
3.38542e-07
7.66975e-08
3.37128e-07
2.18291e-08
3.31181e-07
-3.33708e-08
3.20862e-07
-8.83655e-08
3.06356e-07
-1.42588e-07
2.87876e-07
-1.95425e-07
2.65661e-07
-2.46213e-07
2.39988e-07
-2.94227e-07
2.1117e-07
-3.38692e-07
1.79564e-07
-3.78794e-07
1.45568e-07
-4.13703e-07
1.0962e-07
-4.42612e-07
7.21952e-08
-4.64781e-07
3.37938e-08
-4.79586e-07
-4.86577e-07
-5.10821e-08
-4.40346e-07
-9.55151e-08
-4.32036e-07
-1.38556e-07
-4.16654e-07
-1.79593e-07
-3.94669e-07
-2.18057e-07
-3.66696e-07
-2.53431e-07
-3.33446e-07
-2.85258e-07
-2.95675e-07
-3.13142e-07
-2.54152e-07
-3.36744e-07
-2.09625e-07
-3.55781e-07
-1.62803e-07
-3.70018e-07
-1.14343e-07
-3.79266e-07
-6.48532e-08
-3.83374e-07
-1.48928e-08
-3.82229e-07
3.50162e-08
-3.75753e-07
8.43792e-08
-3.63908e-07
1.32704e-07
-3.46705e-07
1.79476e-07
-3.24219e-07
2.24146e-07
-2.96603e-07
2.66117e-07
-2.64107e-07
3.04743e-07
-2.27097e-07
3.3935e-07
-1.86069e-07
3.69248e-07
-1.41653e-07
3.93777e-07
-9.46106e-08
4.12335e-07
-4.58212e-08
4.24431e-07
3.75317e-09
4.29715e-07
5.31085e-08
4.2801e-07
1.01247e-07
4.19331e-07
1.47226e-07
4.03884e-07
1.90194e-07
3.82039e-07
2.29421e-07
3.54306e-07
2.64309e-07
3.2129e-07
2.94395e-07
2.83657e-07
3.19341e-07
2.42096e-07
3.38917e-07
1.97287e-07
3.52991e-07
1.49886e-07
3.61505e-07
1.00517e-07
3.64466e-07
4.97749e-08
3.61932e-07
-1.75907e-09
3.54008e-07
-5.35009e-08
3.40848e-07
-1.04837e-07
3.22652e-07
-1.55114e-07
2.99674e-07
-2.03634e-07
2.72226e-07
-2.49651e-07
2.40682e-07
-2.92374e-07
2.05478e-07
-3.30981e-07
1.67118e-07
-3.64642e-07
1.26167e-07
-3.92553e-07
8.32441e-08
-4.13978e-07
3.90127e-08
-4.28297e-07
-5.83381e-09
-4.35064e-07
-5.05882e-08
-4.34049e-07
-9.45455e-08
-4.25288e-07
-1.37019e-07
-4.09072e-07
-1.77354e-07
-3.85897e-07
-2.14946e-07
-3.56418e-07
-2.49245e-07
-3.21393e-07
-2.79764e-07
-2.81638e-07
-3.06084e-07
-2.37982e-07
-3.27847e-07
-1.9124e-07
-3.44758e-07
-1.42194e-07
-3.56575e-07
-9.15767e-08
-3.63112e-07
-4.00742e-08
-3.64227e-07
1.16724e-08
-3.59827e-07
6.30588e-08
-3.49866e-07
1.13503e-07
-3.34354e-07
1.62421e-07
-3.13365e-07
2.09212e-07
-2.87057e-07
2.53243e-07
-2.55684e-07
2.93851e-07
-2.19617e-07
3.3035e-07
-1.79355e-07
3.62056e-07
-1.35528e-07
3.88314e-07
-8.89009e-08
4.0854e-07
-4.03516e-08
4.22257e-07
9.15828e-09
4.29134e-07
5.86247e-08
4.29015e-07
1.0705e-07
4.21934e-07
1.5349e-07
4.08117e-07
1.97094e-07
3.87953e-07
2.37132e-07
3.61966e-07
2.7301e-07
3.30777e-07
3.04267e-07
2.95058e-07
3.30569e-07
2.55496e-07
3.51692e-07
2.12762e-07
3.67506e-07
1.67488e-07
3.77953e-07
1.20258e-07
3.83036e-07
7.16138e-08
3.82806e-07
2.20598e-08
3.77347e-07
-2.79126e-08
3.66785e-07
-7.7803e-08
3.51278e-07
-1.27081e-07
3.31029e-07
-1.75176e-07
3.06283e-07
-2.21466e-07
2.77337e-07
-2.65282e-07
2.44546e-07
-3.05901e-07
2.08321e-07
-3.42569e-07
1.69136e-07
-3.74518e-07
1.2752e-07
-4.00997e-07
8.40562e-08
-4.21317e-07
3.93655e-08
-4.34896e-07
-4.4131e-07
-5.77793e-08
-3.89243e-07
-1.0799e-07
-3.81825e-07
-1.56542e-07
-3.68101e-07
-2.02715e-07
-3.48497e-07
-2.45841e-07
-3.2357e-07
-2.85326e-07
-2.93961e-07
-3.20647e-07
-2.60354e-07
-3.5136e-07
-2.23439e-07
-3.77095e-07
-1.8389e-07
-3.97554e-07
-1.42344e-07
-4.12501e-07
-9.93956e-08
-4.21762e-07
-5.55921e-08
-4.25215e-07
-1.14401e-08
-4.22787e-07
3.2588e-08
-4.14451e-07
7.6044e-08
-4.00232e-07
1.18484e-07
-3.80208e-07
1.59452e-07
-3.54528e-07
1.98466e-07
-3.23421e-07
2.3501e-07
-2.87217e-07
2.68539e-07
-2.46355e-07
2.98487e-07
-2.01392e-07
3.24286e-07
-1.53011e-07
3.45395e-07
-1.02005e-07
3.6133e-07
-4.92689e-08
3.71695e-07
4.23733e-09
3.76209e-07
5.75176e-08
3.74729e-07
1.09581e-07
3.67268e-07
1.59479e-07
3.53985e-07
2.06341e-07
3.35178e-07
2.49395e-07
3.11251e-07
2.87988e-07
2.82697e-07
3.21586e-07
2.50059e-07
3.49773e-07
2.13909e-07
3.72241e-07
1.74819e-07
3.88779e-07
1.33349e-07
3.99255e-07
9.00407e-08
4.03609e-07
4.54203e-08
4.01844e-07
6.31914e-12
3.94018e-07
-4.56746e-08
3.8025e-07
-9.10693e-08
3.60726e-07
-1.3559e-07
3.35698e-07
-1.78607e-07
3.05495e-07
-2.19448e-07
2.70522e-07
-2.57401e-07
2.3127e-07
-2.91728e-07
1.8831e-07
-3.21682e-07
1.42294e-07
-3.46537e-07
9.39458e-08
-3.65629e-07
4.40449e-08
-3.78397e-07
-6.58713e-09
-3.84432e-07
-5.71096e-08
-3.83526e-07
-1.06685e-07
-3.75713e-07
-1.545e-07
-3.61256e-07
-1.99789e-07
-3.40608e-07
-2.41845e-07
-3.14362e-07
-2.80037e-07
-2.83201e-07
-3.13815e-07
-2.4786e-07
-3.4271e-07
-2.09087e-07
-3.66336e-07
-1.67614e-07
-3.84387e-07
-1.24144e-07
-3.96626e-07
-7.93373e-08
-4.02887e-07
-3.38129e-08
-4.03066e-07
1.18515e-08
-3.97119e-07
5.71114e-08
-3.85059e-07
1.01443e-07
-3.66964e-07
1.44326e-07
-3.42985e-07
1.85233e-07
-3.13357e-07
2.23615e-07
-2.78416e-07
2.58909e-07
-2.38607e-07
2.90541e-07
-1.94494e-07
3.17944e-07
-1.46764e-07
3.40584e-07
-9.62141e-08
3.5799e-07
-4.37401e-08
3.69783e-07
9.69568e-09
3.75698e-07
6.30973e-08
3.75613e-07
1.15474e-07
3.69557e-07
1.6588e-07
3.57711e-07
2.13445e-07
3.40388e-07
2.57402e-07
3.18009e-07
2.97102e-07
2.91077e-07
3.32018e-07
2.60142e-07
3.61741e-07
2.25773e-07
3.85969e-07
1.88534e-07
4.04494e-07
1.48962e-07
4.17187e-07
1.07565e-07
4.23986e-07
6.48154e-08
4.24879e-07
2.11663e-08
4.19906e-07
-2.29392e-08
4.09151e-07
-6.7048e-08
3.9275e-07
-1.1068e-07
3.70892e-07
-1.53318e-07
3.4383e-07
-1.94404e-07
3.11878e-07
-2.3333e-07
2.75427e-07
-2.6945e-07
2.34941e-07
-3.02083e-07
1.90962e-07
-3.30538e-07
1.44103e-07
-3.54138e-07
9.5047e-08
-3.72261e-07
4.45293e-08
-3.84378e-07
-3.90104e-07
-6.38064e-08
-3.32811e-07
-1.19214e-07
-3.26417e-07
-1.72723e-07
-3.14592e-07
-2.23509e-07
-2.9771e-07
-2.70822e-07
-2.76257e-07
-3.13993e-07
-2.5079e-07
-3.52444e-07
-2.21903e-07
-3.85688e-07
-1.90195e-07
-4.13328e-07
-1.5625e-07
-4.35051e-07
-1.20621e-07
-4.50623e-07
-8.38234e-08
-4.59882e-07
-4.63328e-08
-4.62733e-07
-8.58968e-09
-4.59139e-07
2.89946e-08
-4.49123e-07
6.60281e-08
-4.32764e-07
1.02125e-07
-4.10203e-07
1.36891e-07
-3.81657e-07
1.69919e-07
-3.47425e-07
2.00778e-07
-3.07904e-07
2.29019e-07
-2.63597e-07
2.54179e-07
-2.15114e-07
2.75804e-07
-1.6318e-07
2.9346e-07
-1.08616e-07
3.06765e-07
-5.23267e-08
3.15406e-07
4.72229e-09
3.1916e-07
6.15385e-08
3.17913e-07
1.17132e-07
3.11674e-07
1.70548e-07
3.00569e-07
2.20897e-07
2.84829e-07
2.67374e-07
2.64774e-07
3.09277e-07
2.40794e-07
3.46014e-07
2.13322e-07
3.77102e-07
1.82821e-07
4.02162e-07
1.49758e-07
4.20912e-07
1.14599e-07
4.33152e-07
7.78002e-08
4.38763e-07
3.98095e-08
4.37693e-07
1.07607e-09
4.2996e-07
-3.79414e-08
4.15654e-07
-7.6763e-08
3.94943e-07
-1.14879e-07
3.68079e-07
-1.51743e-07
3.35405e-07
-1.86774e-07
2.97357e-07
-2.19353e-07
2.5447e-07
-2.48841e-07
2.07377e-07
-2.74589e-07
1.56808e-07
-2.95968e-07
1.03578e-07
-3.124e-07
4.85747e-08
-3.23393e-07
-7.26536e-09
-3.28591e-07
-6.298e-08
-3.27811e-07
-1.17611e-07
-3.21082e-07
-1.70232e-07
-3.08635e-07
-2.19973e-07
-2.90867e-07
-2.66039e-07
-2.68295e-07
-3.07727e-07
-2.41514e-07
-3.44426e-07
-2.11161e-07
-3.75629e-07
-1.77884e-07
-4.00923e-07
-1.42319e-07
-4.19991e-07
-1.05075e-07
-4.32604e-07
-6.67251e-08
-4.38612e-07
-2.78045e-08
-4.37946e-07
1.11851e-08
-4.30605e-07
4.97705e-08
-4.16658e-07
8.74963e-08
-3.96246e-07
1.23914e-07
-3.69588e-07
1.58574e-07
-3.3699e-07
1.91018e-07
-2.98859e-07
2.20778e-07
-2.55704e-07
2.47386e-07
-2.08148e-07
2.70387e-07
-1.5692e-07
2.89356e-07
-1.02848e-07
3.03918e-07
-4.68419e-08
3.13777e-07
1.01314e-08
3.18725e-07
6.70784e-08
3.18666e-07
1.2301e-07
3.13625e-07
1.76975e-07
3.03746e-07
2.28088e-07
2.89276e-07
2.7555e-07
2.70547e-07
3.18667e-07
2.47959e-07
3.56857e-07
2.21953e-07
3.89644e-07
1.92986e-07
4.16658e-07
1.61519e-07
4.37624e-07
1.27997e-07
4.52344e-07
9.28446e-08
4.60693e-07
5.64655e-08
4.6261e-07
1.92501e-08
4.58085e-07
-1.84148e-08
4.47171e-07
-5.61336e-08
4.29979e-07
-9.34881e-08
4.0669e-07
-1.30029e-07
3.77558e-07
-1.65272e-07
3.42917e-07
-1.98689e-07
3.03187e-07
-2.2972e-07
2.58878e-07
-2.57774e-07
2.10592e-07
-2.82253e-07
1.59022e-07
-3.02567e-07
1.04937e-07
-3.18176e-07
4.91765e-08
-3.28617e-07
-3.33553e-07
-6.90199e-08
-2.71769e-07
-1.28923e-07
-2.66515e-07
-1.86715e-07
-2.568e-07
-2.41488e-07
-2.42937e-07
-2.92415e-07
-2.25329e-07
-3.38768e-07
-2.04437e-07
-3.79918e-07
-1.80753e-07
-4.15344e-07
-1.54769e-07
-4.44626e-07
-1.26969e-07
-4.67438e-07
-9.78088e-08
-4.83548e-07
-6.77133e-08
-4.92805e-07
-3.70758e-08
-4.95135e-07
-6.25978e-09
-4.90535e-07
2.43945e-08
-4.79067e-07
5.45605e-08
-4.6086e-07
8.39171e-08
-4.3611e-07
1.12141e-07
-4.05091e-07
1.38901e-07
-3.68166e-07
1.63853e-07
-3.25786e-07
1.86639e-07
-2.78507e-07
2.069e-07
-2.26986e-07
2.24282e-07
-1.71977e-07
2.38452e-07
-1.14326e-07
2.49115e-07
-5.49511e-08
2.56031e-07
5.17921e-09
2.59029e-07
6.507e-08
2.58022e-07
1.23729e-07
2.53015e-07
1.80193e-07
2.44104e-07
2.33556e-07
2.31466e-07
2.82986e-07
2.15345e-07
3.27742e-07
1.96038e-07
3.67182e-07
1.73882e-07
4.00767e-07
1.49236e-07
4.28058e-07
1.22467e-07
4.48711e-07
9.39467e-08
4.62469e-07
6.4042e-08
4.69159e-07
3.31199e-08
4.68684e-07
1.55102e-09
4.61026e-07
-3.02834e-08
4.4625e-07
-6.19873e-08
4.24512e-07
-9.31408e-08
3.96063e-07
-1.23294e-07
3.61256e-07
-1.51966e-07
3.20552e-07
-1.78649e-07
2.74525e-07
-2.02814e-07
2.23862e-07
-2.23926e-07
1.69358e-07
-2.41465e-07
1.11909e-07
-2.5495e-07
5.24929e-08
-2.63977e-07
-7.85211e-09
-2.68246e-07
-6.80578e-08
-2.67606e-07
-1.27061e-07
-2.62079e-07
-1.83836e-07
-2.5186e-07
-2.37424e-07
-2.37279e-07
-2.86955e-07
-2.18764e-07
-3.3166e-07
-1.96808e-07
-3.70882e-07
-1.71938e-07
-4.04078e-07
-1.44688e-07
-4.30814e-07
-1.15584e-07
-4.50764e-07
-8.51255e-08
-4.63702e-07
-5.37868e-08
-4.69497e-07
-2.20091e-08
-4.68106e-07
9.79426e-09
-4.59568e-07
4.1232e-08
-4.43998e-07
7.19263e-08
-4.21591e-07
1.01508e-07
-3.92627e-07
1.2961e-07
-3.57473e-07
1.55864e-07
-3.16594e-07
1.79899e-07
-2.70557e-07
2.01349e-07
-2.20028e-07
2.19859e-07
-1.65775e-07
2.35102e-07
-1.08649e-07
2.46792e-07
-4.95745e-08
2.54702e-07
1.04755e-08
2.58675e-07
7.05053e-08
2.58636e-07
1.29524e-07
2.54607e-07
1.86574e-07
2.46696e-07
2.40754e-07
2.35095e-07
2.91242e-07
2.2006e-07
3.37306e-07
2.01895e-07
3.78316e-07
1.80942e-07
4.13746e-07
1.57557e-07
4.43164e-07
1.321e-07
4.66236e-07
1.04926e-07
4.82706e-07
7.63745e-08
4.92396e-07
4.67753e-08
4.95196e-07
1.64502e-08
4.9106e-07
-1.42787e-08
4.80009e-07
-4.50824e-08
4.62136e-07
-7.56154e-08
4.37613e-07
-1.05507e-07
4.06698e-07
-1.34356e-07
3.69737e-07
-1.61728e-07
3.27177e-07
-1.8716e-07
2.79569e-07
-2.10166e-07
2.27566e-07
-2.30249e-07
1.71924e-07
-2.46925e-07
1.13491e-07
-2.59744e-07
5.31966e-08
-2.68322e-07
-2.72379e-07
-7.32798e-08
-2.0696e-07
-1.36854e-07
-2.0294e-07
-1.98144e-07
-1.9551e-07
-2.56171e-07
-1.84911e-07
-3.10048e-07
-1.71452e-07
-3.58995e-07
-1.5549e-07
-4.02348e-07
-1.374e-07
-4.39554e-07
-1.17563e-07
-4.70175e-07
-9.63477e-08
-4.9388e-07
-7.41045e-08
-5.10433e-07
-5.11598e-08
-5.19694e-07
-2.7815e-08
-5.21605e-07
-4.34857e-09
-5.16189e-07
1.89782e-08
-5.0354e-07
4.1912e-08
-4.83827e-07
6.42041e-08
-4.57292e-07
8.56065e-08
-4.24259e-07
1.05868e-07
-3.85135e-07
1.24729e-07
-3.40423e-07
1.41927e-07
-2.90718e-07
1.57195e-07
-2.36711e-07
1.70275e-07
-1.79184e-07
1.80925e-07
-1.19001e-07
1.88931e-07
-5.70896e-08
1.94119e-07
5.57495e-09
1.96365e-07
6.79938e-08
1.95604e-07
1.2917e-07
1.91839e-07
1.88133e-07
1.85141e-07
2.43962e-07
1.75637e-07
2.95803e-07
1.63504e-07
3.42885e-07
1.48957e-07
3.84527e-07
1.3224e-07
4.20145e-07
1.13618e-07
4.4925e-07
9.33617e-08
4.71449e-07
7.17479e-08
4.86437e-07
4.9054e-08
4.93997e-07
2.55599e-08
4.93997e-07
1.55112e-09
4.8639e-07
-2.2677e-08
4.71224e-07
-4.68209e-08
4.48642e-07
-7.05593e-08
4.18896e-07
-9.35478e-08
3.82348e-07
-1.15418e-07
3.39478e-07
-1.3578e-07
2.90892e-07
-1.54228e-07
2.37317e-07
-1.70351e-07
1.79603e-07
-1.83751e-07
1.1871e-07
-1.94058e-07
5.56918e-08
-2.00959e-07
-8.33125e-09
-2.04223e-07
-7.22036e-08
-2.03733e-07
-1.34775e-07
-1.99507e-07
-1.9494e-07
-1.91696e-07
-2.51666e-07
-1.80553e-07
-3.04022e-07
-1.66408e-07
-3.51188e-07
-1.49642e-07
-3.92469e-07
-1.30658e-07
-4.27292e-07
-1.09866e-07
-4.55207e-07
-8.76683e-08
-4.75882e-07
-6.44504e-08
-4.89095e-07
-4.05742e-08
-4.94726e-07
-1.63777e-08
-4.92754e-07
7.8226e-09
-4.83248e-07
3.1726e-08
-4.66362e-07
5.504e-08
-4.42335e-07
7.74809e-08
-4.11495e-07
9.87694e-08
-3.7426e-07
1.18628e-07
-3.31143e-07
1.36782e-07
-2.82754e-07
1.5296e-07
-2.29797e-07
1.66902e-07
-1.73067e-07
1.78372e-07
-1.13437e-07
1.87162e-07
-5.18415e-08
1.93107e-07
1.07385e-08
1.96095e-07
7.33036e-08
1.96071e-07
1.34859e-07
1.93051e-07
1.94439e-07
1.87116e-07
2.51131e-07
1.78404e-07
3.04091e-07
1.67099e-07
3.52561e-07
1.53426e-07
3.95873e-07
1.37629e-07
4.33457e-07
1.19973e-07
4.64836e-07
1.00721e-07
4.89624e-07
8.0138e-08
5.07519e-07
5.84793e-08
5.18299e-07
3.59956e-08
5.21814e-07
1.29348e-08
5.17989e-07
-1.04533e-08
5.06821e-07
-3.39143e-08
4.88389e-07
-5.71831e-08
4.62857e-07
-7.99755e-08
4.30485e-07
-1.01984e-07
3.91632e-07
-1.22875e-07
3.46765e-07
-1.42294e-07
2.96466e-07
-1.59866e-07
2.41429e-07
-1.75213e-07
1.82463e-07
-1.8796e-07
1.20481e-07
-1.97762e-07
5.64813e-08
-2.04323e-07
-2.07427e-07
-7.6456e-08
-1.39342e-07
-1.42767e-07
-1.36629e-07
-2.06664e-07
-1.31614e-07
-2.67115e-07
-1.2446e-07
-3.23189e-07
-1.15378e-07
-3.74069e-07
-1.04609e-07
-4.19062e-07
-9.24076e-08
-4.57595e-07
-7.90297e-08
-4.89217e-07
-6.47258e-08
-5.13589e-07
-4.97327e-08
-5.30478e-07
-3.42713e-08
-5.39747e-07
-1.85456e-08
-5.41352e-07
-2.74377e-09
-5.35331e-07
1.29577e-08
-5.21805e-07
2.83854e-08
-5.00969e-07
4.33689e-08
-4.73103e-07
5.77402e-08
-4.38565e-07
7.133e-08
-3.97803e-07
8.39662e-08
-3.5135e-07
9.54743e-08
-2.99835e-07
1.0568e-07
-2.43973e-07
1.14414e-07
-1.84567e-07
1.21519e-07
-1.22492e-07
1.26856e-07
-5.86845e-08
1.30312e-07
5.87457e-09
1.31806e-07
7.01828e-08
1.31295e-07
1.33239e-07
1.28783e-07
1.94067e-07
1.24314e-07
2.51734e-07
1.1797e-07
3.05371e-07
1.09867e-07
3.54183e-07
1.00144e-07
3.97463e-07
8.89602e-08
4.34593e-07
7.64884e-08
4.65047e-07
6.29078e-08
4.88393e-07
4.84016e-08
5.04291e-07
3.31557e-08
5.12492e-07
1.73589e-08
5.12837e-07
1.206e-09
5.05262e-07
-1.51012e-08
4.89798e-07
-3.13575e-08
4.66585e-07
-4.73463e-08
4.35872e-07
-6.28348e-08
3.98028e-07
-7.7574e-08
3.53549e-07
-9.13001e-08
3.0306e-07
-1.03739e-07
2.47321e-07
-1.14613e-07
1.87221e-07
-1.23651e-07
1.23768e-07
-1.30605e-07
5.80711e-08
-1.35261e-07
-8.68773e-09
-1.37464e-07
-7.52873e-08
-1.37134e-07
-1.40513e-07
-1.34282e-07
-2.03197e-07
-1.29011e-07
-2.62256e-07
-1.21494e-07
-3.16711e-07
-1.11953e-07
-3.65707e-07
-1.00647e-07
-4.08517e-07
-8.7847e-08
-4.44551e-07
-7.38317e-08
-4.73347e-07
-5.8873e-08
-4.94566e-07
-4.32311e-08
-5.07989e-07
-2.71508e-08
-5.13507e-07
-1.08605e-08
-5.1111e-07
5.42647e-09
-5.00891e-07
2.1506e-08
-4.83029e-07
3.71785e-08
-4.57799e-07
5.22507e-08
-4.25564e-07
6.65347e-08
-3.86781e-07
7.98453e-08
-3.41999e-07
9.19998e-08
-2.91859e-07
1.0282e-07
-2.37094e-07
1.12137e-07
-1.78518e-07
1.19796e-07
-1.17018e-07
1.25662e-07
-5.35397e-08
1.29629e-07
1.09315e-08
1.31624e-07
7.53918e-08
1.31611e-07
1.38842e-07
1.29601e-07
2.00312e-07
1.25646e-07
2.58879e-07
1.19837e-07
3.13684e-07
1.12294e-07
3.63948e-07
1.03161e-07
4.08978e-07
9.25999e-08
4.4817e-07
8.07811e-08
4.81011e-07
6.78796e-08
5.0708e-07
5.40696e-08
5.26037e-07
3.95223e-08
5.37626e-07
2.44065e-08
5.4167e-07
8.8907e-09
5.3807e-07
-6.85391e-09
5.2681e-07
-2.26537e-08
5.07956e-07
-3.83297e-08
4.8167e-07
-5.36896e-08
4.48212e-07
-6.85254e-08
4.07949e-07
-8.26118e-08
3.61363e-07
-9.57081e-08
3.09059e-07
-1.07562e-07
2.51762e-07
-1.17916e-07
1.9032e-07
-1.26517e-07
1.25691e-07
-1.33133e-07
5.89305e-08
-1.37562e-07
-1.39658e-07
-7.84343e-08
-6.99757e-08
-1.46451e-07
-6.86122e-08
-2.11972e-07
-6.60922e-08
-2.73935e-07
-6.24975e-08
-3.31379e-07
-5.7934e-08
-3.83467e-07
-5.2522e-08
-4.29484e-07
-4.63898e-08
-4.68848e-07
-3.96662e-08
-5.01097e-07
-3.24772e-08
-5.25887e-07
-2.49421e-08
-5.42986e-07
-1.71721e-08
-5.52262e-07
-9.27024e-09
-5.53674e-07
-1.33114e-09
-5.47273e-07
6.55628e-09
-5.33191e-07
1.43036e-08
-5.11646e-07
2.18241e-08
-4.82939e-07
2.90328e-08
-4.47453e-07
3.58446e-08
-4.05661e-07
4.21735e-08
-3.58119e-07
4.79329e-08
-3.05476e-07
5.30367e-08
-2.48464e-07
5.74015e-08
-1.87894e-07
6.09499e-08
-1.24652e-07
6.36139e-08
-5.96782e-08
6.53379e-08
6.04528e-09
6.60824e-08
7.15144e-08
6.58264e-08
1.35726e-07
6.45709e-08
1.97702e-07
6.23383e-08
2.56503e-07
5.91688e-08
3.11251e-07
5.51185e-08
3.61138e-07
5.02562e-08
4.05439e-07
4.466e-08
4.43512e-07
3.8415e-08
4.7481e-07
3.161e-08
4.98875e-07
2.43363e-08
5.15344e-07
1.66871e-08
5.23945e-07
8.75766e-09
5.24504e-07
6.46629e-10
5.16946e-07
-7.54314e-09
5.01297e-07
-1.57084e-08
4.77691e-07
-2.37402e-08
4.46378e-07
-3.15214e-08
4.0773e-07
-3.89264e-08
3.62253e-07
-4.58225e-08
3.10586e-07
-5.20718e-08
2.53508e-07
-5.75346e-08
1.91932e-07
-6.20753e-08
1.26896e-07
-6.55684e-08
5.9542e-08
-6.79076e-08
-8.9082e-09
-6.90143e-08
-7.71938e-08
-6.88482e-08
-1.4406e-07
-6.74157e-08
-2.08303e-07
-6.47679e-08
-2.68805e-07
-6.09915e-08
-3.2456e-07
-5.61987e-08
-3.74688e-07
-5.05183e-08
-4.18448e-07
-4.40877e-08
-4.55233e-07
-3.70463e-08
-4.84575e-07
-2.9531e-08
-5.06134e-07
-2.16729e-08
-5.19689e-07
-1.35953e-08
-5.25136e-07
-5.41315e-09
-5.22476e-07
2.76619e-09
-5.1181e-07
1.08397e-08
-4.93337e-07
1.87058e-08
-4.67353e-07
2.62667e-08
-4.34246e-07
3.34278e-08
-3.94497e-07
4.00963e-08
-3.48679e-07
4.61814e-08
-2.97454e-07
5.1595e-08
-2.4157e-07
5.62536e-08
-1.81855e-07
6.00811e-08
-1.19205e-07
6.30119e-08
-5.45697e-08
6.49937e-08
1.10635e-08
6.59905e-08
7.6689e-08
6.59854e-08
1.41307e-07
6.49833e-08
2.03943e-07
6.30102e-08
2.6367e-07
6.01102e-08
3.19622e-07
5.63423e-08
3.71006e-07
5.17775e-08
4.17111e-07
4.64948e-08
4.57313e-07
4.05787e-08
4.91077e-07
3.41156e-08
5.17955e-07
2.71921e-08
5.37583e-07
1.98938e-08
5.49684e-07
1.23058e-08
5.54061e-07
4.51347e-09
5.50603e-07
-3.39597e-09
5.39284e-07
-1.13344e-08
5.20166e-07
-1.92115e-08
4.93407e-07
-2.69307e-08
4.59268e-07
-3.43869e-08
4.18123e-07
-4.14666e-08
3.70463e-07
-4.80485e-08
3.16907e-07
-5.40057e-08
2.58201e-07
-5.9209e-08
1.95215e-07
-6.35315e-08
1.28937e-07
-6.68557e-08
6.04561e-08
-6.90813e-08
-7.01341e-08
-7.91228e-08
-1.47735e-07
-2.13827e-07
-2.76325e-07
-3.34259e-07
-3.86781e-07
-4.3317e-07
-4.72837e-07
-5.05314e-07
-5.30256e-07
-5.47428e-07
-5.56698e-07
-5.58029e-07
-5.51473e-07
-5.3717e-07
-5.15345e-07
-4.86313e-07
-4.50468e-07
-4.08295e-07
-3.60362e-07
-3.07325e-07
-2.49924e-07
-1.88974e-07
-1.2536e-07
-6.00218e-08
6.06061e-09
7.1887e-08
1.36458e-07
1.98796e-07
2.57965e-07
3.13084e-07
3.6334e-07
4.08e-07
4.46415e-07
4.78025e-07
5.02361e-07
5.19048e-07
5.27806e-07
5.28452e-07
5.20909e-07
5.05201e-07
4.81461e-07
4.49939e-07
4.11013e-07
3.6519e-07
3.13118e-07
2.55584e-07
1.93508e-07
1.2794e-07
6.00325e-08
-8.98183e-09
-7.783e-08
-1.45246e-07
-2.10014e-07
-2.71005e-07
-3.27204e-07
-3.77722e-07
-4.2181e-07
-4.58856e-07
-4.88387e-07
-5.1006e-07
-5.23655e-07
-5.29068e-07
-5.26302e-07
-5.15463e-07
-4.96757e-07
-4.7049e-07
-4.37062e-07
-3.96966e-07
-3.50785e-07
-2.9919e-07
-2.42936e-07
-1.82855e-07
-1.19843e-07
-5.48492e-08
1.11413e-08
7.71267e-08
1.4211e-07
2.0512e-07
2.6523e-07
3.21573e-07
3.7335e-07
4.19845e-07
4.60424e-07
4.94539e-07
5.21731e-07
5.41625e-07
5.53931e-07
5.58445e-07
5.55049e-07
5.43714e-07
5.24503e-07
4.97572e-07
4.63185e-07
4.21719e-07
3.7367e-07
3.19664e-07
2.60455e-07
1.96924e-07
1.30068e-07
6.09869e-08
)
;

boundaryField
{
    top
    {
        type            calculated;
        value           nonuniform List<scalar> 
102
(
0
4.1359e-25
0
0
0
0
-8.27181e-25
0
0
0
0
0
0
-1.65436e-24
0
0
0
0
0
0
0
0
0
0
0
0
0
0
0
0
0
0
0
0
0
0
0
-1.65436e-24
-1.65436e-24
0
0
0
0
0
0
0
0
0
0
0
0
0
4.1359e-25
0
0
0
0
-8.27181e-25
0
0
0
0
0
0
-1.65436e-24
0
0
0
0
0
0
0
0
0
0
0
0
0
0
0
0
0
0
0
0
0
0
0
0
0
0
0
0
0
0
0
0
0
0
0
0
0
)
;
    }
    bottom
    {
        type            calculated;
        value           uniform 0;
    }
    frontAndBack
    {
        type            empty;
        value           nonuniform 0();
    }
    left_cyc
    {
        type            cyclic;
        value           nonuniform List<scalar> 
30
(
-4.13595e-09
-6.22658e-09
-6.98649e-09
-7.32326e-09
-7.40346e-09
-7.28074e-09
-6.99054e-09
-6.56365e-09
-6.02521e-09
-5.39601e-09
-4.69289e-09
-3.92947e-09
-3.11681e-09
-2.26406e-09
-1.3791e-09
-4.69146e-10
4.58708e-10
1.39693e-09
2.33711e-09
3.26955e-09
4.18314e-09
5.06519e-09
5.90152e-09
6.67666e-09
7.3743e-09
7.97779e-09
8.4709e-09
8.83857e-09
9.06756e-09
9.14717e-09
)
;
    }
    right_cyc
    {
        type            cyclic;
        value           nonuniform List<scalar> 
30
(
4.13595e-09
6.22658e-09
6.98649e-09
7.32326e-09
7.40346e-09
7.28074e-09
6.99054e-09
6.56365e-09
6.02521e-09
5.39601e-09
4.69289e-09
3.92947e-09
3.11681e-09
2.26406e-09
1.3791e-09
4.69146e-10
-4.58708e-10
-1.39693e-09
-2.33711e-09
-3.26955e-09
-4.18314e-09
-5.06519e-09
-5.90152e-09
-6.67666e-09
-7.3743e-09
-7.97779e-09
-8.4709e-09
-8.83857e-09
-9.06756e-09
-9.14717e-09
)
;
    }
}


// ************************************************************************* //
