/*--------------------------------*- C++ -*----------------------------------*\
| =========                 |                                                 |
| \\      /  F ield         | OpenFOAM: The Open Source CFD Toolbox           |
|  \\    /   O peration     | Version:  2.3.0                                 |
|   \\  /    A nd           | Web:      www.OpenFOAM.org                      |
|    \\/     M anipulation  |                                                 |
\*---------------------------------------------------------------------------*/
FoamFile
{
    version     2.0;
    format      ascii;
    class       volScalarField;
    location    "5000";
    object      T;
}
// * * * * * * * * * * * * * * * * * * * * * * * * * * * * * * * * * * * * * //

dimensions      [0 0 0 1 0 0 0];

internalField   nonuniform List<scalar> 
3060
(
34.1831
34.1939
34.2137
34.2421
34.2786
34.3227
34.3741
34.4324
34.4975
34.5695
34.6484
34.7345
34.8275
34.9263
35.0281
35.1324
35.2394
35.3485
35.4582
35.5664
35.6701
35.7661
35.8504
35.9188
35.9669
35.9906
35.9871
35.9569
35.9031
35.8299
35.7416
35.6424
35.5361
35.426
35.3146
35.2041
35.0958
34.9899
34.8863
34.7873
34.6956
34.6116
34.5354
34.467
34.4061
34.3531
34.3081
34.2715
34.2437
34.2251
34.2163
34.2176
34.229
34.25
34.2802
34.319
34.3661
34.4212
34.484
34.5545
34.6327
34.7187
34.8124
34.9131
35.0173
35.1237
35.2327
35.3435
35.4548
35.5642
35.669
35.7658
35.8506
35.9191
35.9672
35.9906
35.9869
35.9565
35.9028
35.8298
35.7421
35.6437
35.5385
35.4296
35.3198
35.2112
35.1048
35.0013
34.9004
34.8026
34.7113
34.6272
34.5501
34.4799
34.4165
34.36
34.3105
34.2683
34.2339
34.2077
34.1902
34.1818
29.6823
29.7124
29.7678
29.8473
29.9494
30.0732
30.2178
30.3826
30.5675
30.7725
30.9982
31.2451
31.5136
31.8032
32.1094
32.4222
32.7432
33.0705
33.3995
33.7235
34.0341
34.3217
34.575
34.7812
34.9269
34.9993
34.9887
34.8967
34.734
34.5135
34.2485
33.9514
33.6331
33.303
32.9691
32.6377
32.3126
31.9947
31.6868
31.4005
31.1372
30.8971
30.68
30.4856
30.3137
30.1644
30.038
29.9354
29.8575
29.8055
29.7808
29.7845
29.8165
29.8753
29.9597
30.0686
30.201
30.3562
30.5339
30.7342
30.9572
31.2033
31.4726
31.7645
32.0771
32.3963
32.7232
33.0558
33.3894
33.7173
34.0311
34.321
34.5756
34.7824
34.928
34.9996
34.9881
34.8955
34.7328
34.5131
34.2497
33.955
33.64
33.3139
32.9846
32.6585
32.3395
32.029
31.7254
31.4414
31.1787
30.9374
30.7172
30.5174
30.3377
30.1782
30.0389
29.9207
29.8243
29.751
29.702
29.6787
25.4879
25.5352
25.6221
25.7466
25.907
26.1017
26.3294
26.5894
26.8813
27.2053
27.562
27.9518
28.3754
28.8325
29.3222
29.831
30.3566
30.894
31.4347
31.9671
32.4774
32.9504
33.3678
33.7093
33.9519
34.0733
34.0556
33.902
33.6316
33.2671
32.8307
32.3424
31.8196
31.2772
30.7287
30.1853
29.6544
29.1391
28.6539
28.2029
27.7879
27.4091
27.0665
26.7596
26.4883
26.2529
26.054
25.8926
25.7703
25.6886
25.6497
25.6556
25.7058
25.7982
25.9309
26.1021
26.3106
26.5553
26.8358
27.152
27.504
27.8921
28.3166
28.7767
29.2704
29.7902
30.3252
30.871
31.4191
31.9578
32.4733
32.9499
33.3696
33.7119
33.954
34.074
34.0544
33.8995
33.6289
33.2656
32.8318
32.3475
31.8299
31.2941
30.753
30.2177
29.6956
29.1901
28.7097
28.2616
27.847
27.4659
27.1178
26.8022
26.5186
26.2669
26.0477
25.8618
25.7106
25.5957
25.5189
25.4823
21.7491
21.8112
21.9253
22.0889
22.2997
22.5556
22.855
23.1967
23.5803
24.0056
24.4731
24.9835
25.5374
26.1349
26.7744
27.4504
28.1555
28.8823
29.6174
30.3431
31.0395
31.6848
32.2552
32.7232
33.0574
33.2257
33.2013
32.9892
32.6176
32.1188
31.5231
30.8571
30.144
29.4055
28.6616
27.9295
27.2216
26.5447
25.9101
25.3208
24.7781
24.2822
23.833
23.4301
23.0736
22.764
22.5023
22.29
22.129
22.0216
21.9703
21.9781
22.0442
22.1657
22.3403
22.5656
22.8399
23.1617
23.5303
23.9452
24.4065
24.9145
25.4693
26.0705
26.7163
27.4021
28.1174
28.8542
29.5986
30.3325
31.0355
31.6857
32.2589
32.7278
33.061
33.2268
33.1993
32.985
32.6129
32.1154
31.523
30.8622
30.1562
29.426
28.6914
27.9691
27.271
26.6035
25.975
25.3889
24.8464
24.3472
23.8908
23.4764
23.1037
22.7729
22.4847
22.2404
22.0417
21.8907
21.7899
21.7417
18.5588
18.6336
18.771
18.9678
19.2212
19.5285
19.8875
20.2966
20.7549
21.2622
21.8187
22.4254
23.0833
23.7929
24.5535
25.3619
26.2129
27.0959
27.9947
28.8875
29.7478
30.5463
31.2523
31.8321
32.2473
32.4573
32.4273
32.1635
31.7027
31.0853
30.3485
29.525
28.6455
27.7393
26.8323
25.9457
25.0949
24.2897
23.536
22.8365
22.192
21.6023
21.067
20.5859
20.1592
19.788
19.4736
19.2181
19.0243
18.8948
18.833
18.8424
18.9221
19.0686
19.2787
19.5496
19.879
20.2647
20.7056
21.2008
21.7502
22.3541
23.0129
23.7266
24.4941
25.3118
26.1731
27.0668
27.9758
28.8778
29.7457
30.5496
31.2587
31.8392
32.2527
32.459
32.4243
32.1573
31.6954
31.0792
30.3462
29.5287
28.6572
27.7604
26.8638
25.9877
25.1469
24.3506
23.6032
22.9071
22.2626
21.669
21.1254
20.6309
20.1853
19.7891
19.4434
19.1499
18.9109
18.7293
18.6079
18.5499
15.945
16.0308
16.1883
16.4136
16.703
17.0532
17.4612
17.9247
18.4423
19.0133
19.638
20.3177
21.0537
21.8475
22.6996
23.6091
24.5721
25.5762
26.6033
27.6288
28.6221
29.5477
30.3669
31.0393
31.5206
31.7643
31.7299
31.4245
30.8909
30.1754
29.3211
28.3681
27.3548
26.3163
25.2825
24.2769
23.3169
22.4142
21.5708
20.7882
20.0666
19.405
18.8028
18.2598
17.7767
17.3549
16.9965
16.7047
16.4827
16.3343
16.2635
16.2742
16.3656
16.5335
16.7739
17.0833
17.4584
17.8963
18.3951
18.9535
19.571
20.2481
20.9856
21.7841
22.6435
23.5616
24.5346
25.5493
26.5869
27.6219
28.6231
29.5543
30.3765
31.049
31.5278
31.7666
31.7259
31.4162
30.8808
30.1662
29.3155
28.3688
27.3638
26.3352
25.312
24.3172
23.3671
22.4727
21.6355
20.8568
20.1355
19.4702
18.8595
18.3024
17.7988
17.3495
16.9563
16.6216
16.3485
16.1405
16.0014
15.9349
13.8789
13.9747
14.1504
14.4012
14.7226
15.11
15.5594
16.0674
16.6319
17.2519
17.9274
18.6599
19.4513
20.3042
21.2203
22.2028
23.2462
24.3375
25.4577
26.5805
27.6724
28.6937
29.5995
30.3423
30.8725
31.1402
31.1029
30.7678
30.1802
29.3901
28.4465
27.3968
26.2851
25.1503
24.0248
22.934
21.896
20.9235
20.0163
19.1746
18.397
17.6819
17.0285
16.4366
15.9073
15.4429
15.0466
14.7227
14.4756
14.3101
14.231
14.243
14.345
14.5321
14.7996
15.1427
15.557
16.0385
16.5843
17.1922
17.8616
18.5928
19.387
20.2458
21.1704
22.1604
23.2132
24.315
25.4455
26.5777
27.6773
28.7039
29.6122
30.3545
30.8813
31.143
31.0981
30.7576
30.1674
29.3776
28.4373
27.3936
26.2901
25.1651
24.0504
22.9701
21.9419
20.9773
20.0769
19.2398
18.4637
17.7462
17.0852
16.4796
15.9296
15.4366
15.003
14.6324
14.3289
14.0971
13.9418
13.8675
12.2918
12.3975
12.5913
12.8672
13.2193
13.6415
14.1285
14.6755
15.2792
15.938
16.6515
17.4214
18.2505
19.1422
20.0998
21.1297
22.2248
23.3724
24.553
25.7394
26.8963
27.9809
28.9443
29.7336
30.2949
30.5768
30.538
30.1852
29.563
28.7236
27.7211
26.6077
25.4315
24.2341
23.0495
21.9037
20.8153
19.7966
18.8472
17.9653
17.1479
16.393
15.699
15.0664
14.4969
13.994
13.5624
13.2078
12.9363
12.754
12.6668
12.6801
12.7925
12.9985
13.2921
13.6673
14.1179
14.6385
15.2246
15.8733
16.583
17.354
18.1879
19.0872
20.0547
21.0921
22.1967
23.3546
24.5453
25.7408
26.905
27.9944
28.9597
29.7479
30.305
30.58
30.5327
30.1736
29.548
28.7083
27.7085
26.6006
25.4322
24.2444
23.0703
21.9351
20.8565
19.8458
18.9045
18.0291
17.2156
16.4605
15.7612
15.1167
14.5274
13.9957
13.5251
13.1205
12.7877
12.5326
12.3612
12.2793
11.0961
11.2126
11.4256
11.7281
12.1124
12.5706
13.0952
13.6797
14.3196
15.0118
15.7558
16.553
17.4068
18.3221
19.3042
20.3596
21.4816
22.6582
23.87
25.0895
26.2805
27.3982
28.391
29.2031
29.7782
30.0652
30.026
29.6665
29.0286
28.1651
27.1325
25.9861
24.7764
23.5465
22.3312
21.1566
20.0408
18.9954
18.0204
17.1119
16.2659
15.4792
14.7506
14.0808
13.4728
12.9316
12.4639
12.0773
11.78
11.5799
11.4841
11.4986
11.6221
11.8481
12.1694
12.5778
13.0653
13.6244
14.2489
14.9341
15.6778
16.4796
17.3415
18.2668
19.2597
20.3242
21.4567
22.6439
23.8659
25.0943
26.2921
27.414
28.4081
29.2185
29.7889
30.0684
30.0205
29.6543
29.0123
28.1478
27.1174
25.976
24.7737
23.5531
22.3482
21.1845
20.079
19.0422
18.078
17.179
16.3402
15.5571
14.8266
14.1478
13.522
12.9525
12.4446
12.0049
11.6411
11.3611
11.1726
11.0824
10.2017
10.3301
10.5648
10.8972
11.3173
11.815
12.3803
13.0046
13.6812
14.4058
15.1771
15.9961
16.8669
17.7954
18.7886
19.8523
20.981
22.1636
23.3817
24.608
25.8057
26.9294
27.9263
28.7397
29.3132
29.5974
29.5588
29.2022
28.5654
27.7002
26.6633
25.511
24.2948
23.0583
21.8365
20.6548
19.5302
18.473
17.4842
16.5581
15.6895
14.8748
14.113
13.4056
12.7571
12.1747
11.6674
11.2454
10.9194
10.6994
10.594
10.61
10.7458
10.9942
11.3461
11.7913
12.319
12.9194
13.5837
14.3055
15.0811
15.9095
16.7926
17.7342
18.7396
19.8156
20.9566
22.1508
23.3794
24.6143
25.8186
26.9461
27.9439
28.7552
29.3237
29.6006
29.5533
29.1899
28.5489
27.6823
26.6471
25.4994
24.2903
23.0631
21.852
20.6819
19.5692
18.5232
17.5478
16.6351
15.7782
14.9718
14.2127
13.5002
12.8367
12.227
11.6785
11.2
10.8017
10.4939
10.286
10.1865
9.52655
9.6686
9.92802
10.2943
10.7552
11.2976
11.9087
12.5771
13.294
14.0532
14.852
15.6913
16.5751
17.5102
18.505
19.5641
20.6837
21.854
23.0579
24.2686
25.45
26.5568
27.5366
28.3332
28.8922
29.1676
29.1301
28.7839
28.1623
27.314
26.2944
25.159
23.959
22.7375
21.5287
20.357
19.2379
18.18
17.1851
16.2462
15.3573
14.5147
13.7178
12.9695
12.2763
11.6478
11.0958
10.6339
10.2754
10.0328
9.91666
9.93426
10.084
10.3577
10.7444
11.231
11.804
12.4504
13.1587
13.92
14.7289
15.5833
16.4847
17.4374
18.4478
19.5224
20.6564
21.8398
23.0548
24.2744
25.4622
26.5727
27.5533
28.3478
28.9021
29.1705
29.1251
28.7724
28.1467
27.2971
26.279
25.148
23.955
22.743
21.5457
20.3872
19.2825
18.2397
17.2614
16.3405
15.4688
14.6402
13.8516
13.103
12.3981
11.7435
11.1492
10.6268
10.1893
9.84966
9.61988
9.50981
9.00295
9.16026
9.44745
9.85199
10.3588
10.9516
11.6143
12.3325
13.0946
13.8923
14.7215
15.5821
16.4779
17.4162
18.4061
19.4516
20.5503
21.6944
22.8678
24.0452
25.1917
26.2631
27.2087
27.9746
28.5094
28.7711
28.7353
28.4049
27.809
26.9923
26.0072
24.907
23.7413
22.5518
21.3712
20.2224
19.1193
18.0686
17.0718
16.1217
15.212
14.3392
13.5035
12.7096
11.9662
11.2858
10.6837
10.1768
9.78181
9.51406
9.38581
9.4052
9.57061
9.87269
10.2983
10.8315
11.4555
12.1535
12.9111
13.7165
14.5621
15.4444
16.364
17.3256
18.3359
19.4006
20.5166
21.6754
22.861
24.0479
25.2011
26.2764
27.223
27.9872
28.5178
28.7737
28.7309
28.395
27.7956
26.9779
25.9945
24.8989
23.7405
22.5611
21.3933
20.2597
19.1743
18.1432
17.1675
16.241
15.3548
14.5026
13.6815
12.8924
12.1408
11.4358
10.7898
10.2178
9.7361
9.36075
9.1063
8.98444
8.57796
8.75199
9.06966
9.51625
10.0736
10.7221
11.442
12.2156
13.0282
13.8692
14.7325
15.617
16.526
17.4665
18.4478
19.4736
20.5434
21.651
22.782
23.9127
25.0099
26.0318
26.9304
27.6551
28.1587
28.4038
28.3697
28.0589
27.4963
26.7218
25.7839
24.7329
23.6152
22.4705
21.3292
20.2125
19.1324
18.0938
17.0969
16.1352
15.2026
14.296
13.417
12.5722
11.7731
11.0355
10.3782
9.82185
9.38684
9.09145
8.95001
8.97136
9.15384
9.48702
9.95538
10.5399
11.22
11.9752
12.7875
13.642
14.5286
15.4419
16.3816
17.3517
18.3592
19.4087
20.4991
21.6238
22.7685
23.9096
25.0141
26.0405
26.9408
27.6647
28.1652
28.4057
28.3663
28.0513
27.4861
26.7113
25.7759
24.7299
23.6203
22.4868
21.36
20.2611
19.2024
18.1883
17.2182
16.2867
15.3846
14.5057
13.6478
12.8135
12.0099
11.2487
10.5455
9.91886
9.38845
8.97381
8.6923
8.55752
8.21234
8.40417
8.75436
9.24585
9.85737
10.5655
11.3471
12.1806
13.0483
13.937
14.8387
15.7505
16.6748
17.6181
18.5891
19.5918
20.6278
21.6924
22.7727
23.8469
24.8844
25.8466
26.6891
27.3659
27.8338
28.0604
28.0279
27.7387
27.2143
26.4891
25.6075
24.6154
23.5557
22.4647
21.37
20.291
19.238
18.2139
17.2172
16.2424
15.2839
14.3397
13.413
12.5129
11.6537
10.8546
10.1382
9.52904
9.05133
8.72652
8.57106
8.5945
8.79513
9.16143
9.67544
10.3148
11.0549
11.8717
12.7431
13.6513
14.5831
15.5311
16.4935
17.4732
18.4768
19.5084
20.5687
21.6533
22.7493
23.8353
24.8813
25.8491
26.6946
27.3714
27.8376
28.0615
28.0259
27.7341
27.2083
26.4841
25.606
24.6201
23.5696
22.4912
21.4132
20.3551
19.3276
18.3335
17.3702
16.4325
15.5119
14.6028
13.704
12.8198
11.9595
11.1377
10.3731
9.6878
9.10533
8.64873
8.33836
8.18985
7.87793
8.08818
8.47201
9.00995
9.67746
10.4475
11.293
12.1892
13.1151
14.055
14.9986
15.9411
16.8835
17.8315
18.7917
19.7701
20.7698
21.7883
22.8132
23.8244
24.7951
25.6905
26.4711
27.0956
27.5264
27.7344
27.7035
27.436
26.951
26.2795
25.4602
24.5338
23.5386
22.507
21.4628
20.4238
19.3995
18.3905
17.3933
16.4034
15.4161
14.431
13.4533
12.4948
11.5728
10.7098
9.93223
9.26855
8.74673
8.39148
8.22151
8.24711
8.46652
8.86708
9.42826
10.1242
10.9266
11.8073
12.7407
13.7057
14.6861
15.6719
16.6597
17.6509
18.6508
19.6637
20.6921
21.7341
22.7769
23.8018
24.7826
25.685
26.4699
27.0964
27.5274
27.7347
27.7028
27.4347
26.9504
26.2814
25.467
24.5483
23.5641
22.5471
21.5218
20.5076
19.5134
18.5399
17.5832
16.6376
15.6957
14.7528
13.8095
12.872
11.9521
11.0669
10.2386
9.49258
8.85627
8.35627
8.01604
7.85332
7.55493
7.78378
8.20136
8.78569
9.50898
10.3406
11.2501
12.2093
13.1942
14.1867
15.1751
16.1508
17.1137
18.068
19.019
19.9738
20.9364
21.9053
22.8711
23.8169
24.7186
25.5458
26.2634
26.8355
27.2291
27.4186
27.3892
27.143
26.6974
26.0795
25.323
24.4636
23.5345
22.5641
21.5738
20.5776
19.5822
18.5873
17.5883
16.5811
15.5628
14.5349
13.5043
12.4866
11.5016
10.5748
9.73638
9.01837
8.45245
8.06663
7.88201
7.90979
8.14816
8.58308
9.19134
9.94369
10.8081
11.7526
12.7483
13.7712
14.8021
15.8279
16.8432
17.8479
18.8454
19.8402
20.8361
21.8319
22.8187
23.7808
24.6948
25.5309
26.2548
26.831
27.2271
27.418
27.3899
27.1454
26.7025
26.0892
25.3397
24.4899
23.574
22.6209
21.6529
20.685
19.7244
18.771
17.8195
16.8638
15.8978
14.9187
13.9282
12.9363
11.9561
11.0074
10.1153
9.30887
8.61889
8.07549
7.70525
7.52818
7.22953
7.47676
7.92716
8.55608
9.33259
10.2229
11.1933
12.2127
13.2545
14.298
15.3286
16.3374
17.3219
18.2841
19.2281
20.1618
21.0898
22.0118
22.9206
23.8024
24.6366
25.3967
26.0528
26.5739
26.9314
27.1028
27.0747
26.849
26.4413
25.8753
25.1799
24.3856
23.5208
22.6098
21.6705
20.7141
19.7451
18.7621
17.7598
16.7341
15.6847
14.615
13.5348
12.4608
11.4158
10.4285
9.53207
8.76218
8.1538
7.73812
7.53888
7.56889
7.82604
8.29436
8.94784
9.75397
10.6773
11.6826
12.7376
13.8152
14.8939
15.959
17.0024
18.0219
19.0186
19.9977
20.9636
21.9163
22.8497
23.7507
24.5997
25.3713
26.036
26.5635
26.9259
27.1013
27.0769
26.8554
26.453
25.8939
25.2077
24.4255
23.5767
22.6861
21.7727
20.8487
19.9193
18.9834
18.0354
17.0678
16.0769
15.062
14.0269
12.9822
11.944
10.9346
9.98193
9.11796
8.37669
7.79149
7.39195
7.20059
6.89121
7.15561
7.63595
8.30488
9.1287
10.0709
11.0953
12.1685
13.2619
14.3525
15.4237
16.4651
17.4718
18.4434
19.3836
20.3001
21.1979
22.0776
22.9341
23.7562
24.5268
25.2239
25.8219
26.2947
26.618
26.7722
26.7451
26.5386
26.1665
25.649
25.0107
24.2772
23.4723
22.6159
21.7227
20.8013
19.8545
18.88
17.8725
16.8278
15.7478
14.6387
13.5122
12.3871
11.2885
10.2476
9.29996
8.48396
7.83747
7.39456
7.18165
7.21378
7.48836
7.98701
8.68095
9.53477
10.5102
11.5693
12.6775
13.805
14.9285
16.031
17.1023
18.1375
19.1358
20.1026
21.0429
21.9575
22.8423
23.6869
24.4755
25.1867
25.7961
26.278
26.6089
26.7698
26.749
26.5494
26.1851
25.6773
25.051
24.3325
23.5465
22.714
21.8506
20.9658
20.0634
19.1414
18.1939
17.2131
16.1971
15.1472
14.0697
12.9765
11.8859
10.8225
9.81611
8.90119
8.11425
7.49138
7.06499
6.86018
6.53173
6.81062
7.31582
8.01755
8.87988
9.86429
10.9329
12.0507
13.1875
14.3189
15.4265
16.498
17.5263
18.5087
19.4481
20.3519
21.2251
22.0688
22.8794
23.6483
24.3617
25.0013
25.5464
25.9751
26.2669
26.4052
26.3789
26.1897
25.8497
25.3761
24.7893
24.1103
23.3585
22.55
21.6964
20.804
19.8744
18.905
17.8905
16.8271
15.719
14.5747
13.4082
12.2402
11.0973
10.0126
9.02341
8.16995
7.49224
7.02672
6.80229
6.83624
7.12544
7.64916
8.37616
9.26871
10.2864
11.3896
12.5418
13.7117
14.8741
16.0101
17.1073
18.1585
19.1606
20.1192
21.0391
21.9219
22.7646
23.5597
24.2944
24.9514
25.5108
25.9516
26.2539
26.4017
26.3846
26.2051
25.8759
25.4149
24.8431
24.1823
23.4529
22.672
21.8521
21.0006
20.1198
19.2073
18.2576
17.2629
16.2229
15.1411
14.0258
12.891
11.7565
10.6484
9.59825
8.64191
7.81774
7.16391
6.71512
6.4989
6.14524
6.43472
6.95767
7.68242
8.5715
9.58522
10.6848
11.8345
13.0034
14.1661
15.3027
16.3994
17.4468
18.4399
19.381
20.2765
21.1308
21.9453
22.7177
23.4413
24.1051
24.6947
25.1932
25.5829
25.8467
25.9707
25.9447
25.7705
25.4585
25.0231
24.4809
23.8487
23.1421
22.3736
21.5522
20.6824
19.7651
18.7977
17.7759
16.6959
15.5645
14.3924
13.1956
11.996
10.8217
9.7064
8.68849
7.8091
7.10956
6.62793
6.39508
6.43039
6.7302
7.27168
8.02172
8.94102
9.98801
11.122
12.3058
13.507
14.6992
15.862
16.9809
18.0463
19.0536
20.0077
20.9126
21.7702
22.5785
23.332
24.0206
24.631
25.1472
25.552
25.8295
25.966
25.9524
25.7909
25.4929
25.0732
24.5493
23.9388
23.2582
22.521
21.7372
20.9122
20.0474
19.1406
18.1867
17.179
16.1181
15.01
13.865
12.6986
11.532
10.3921
9.31134
8.32627
7.4762
6.80055
6.33568
6.11105
5.72759
6.02266
6.55435
7.28984
8.19093
9.21774
10.3315
11.4968
12.6826
13.863
15.0175
16.1308
17.1919
18.1933
19.1367
20.0269
20.8673
21.6593
22.4011
23.0876
23.7103
24.2579
24.717
25.0733
25.3131
25.4245
25.3985
25.2367
24.9481
24.5447
24.0395
23.4459
22.7761
22.0396
21.2432
20.3905
19.4817
18.5152
17.4877
16.3963
15.2499
14.0611
12.8475
11.6318
10.4426
9.31366
8.2832
7.39236
6.68276
6.19325
5.95598
5.99203
6.29731
6.84734
7.60785
8.5389
9.59872
10.7467
11.9457
13.1632
14.3722
15.5513
16.6843
17.7597
18.7713
19.7228
20.617
21.4554
22.2368
22.9568
23.6079
24.1797
24.6598
25.0347
25.2913
25.4186
25.4082
25.2625
24.9912
24.6068
24.1233
23.5549
22.9146
22.2131
21.4579
20.6532
19.8
18.8963
17.9383
16.9208
15.8453
14.7201
13.5571
12.3732
11.1901
10.0351
8.94035
7.94247
7.08067
6.39472
5.92178
5.69264
5.27591
5.57054
6.10026
6.83184
7.7274
8.74782
9.85544
11.0158
12.1988
13.379
14.5358
15.6528
16.7179
17.7217
18.6647
19.5498
20.3792
21.1534
21.871
22.5278
23.1173
23.6307
24.0574
24.3862
24.6059
24.7066
24.6802
24.5283
24.2587
23.881
23.4056
22.8429
22.2022
21.4909
20.7142
19.875
18.9739
18.0102
16.9824
15.8888
14.7402
13.5505
12.3383
11.1264
9.94296
8.82088
7.79729
6.91226
6.20665
5.7191
5.48221
5.51828
5.82285
6.37042
7.12642
8.05129
9.10413
10.2455
11.4391
12.6534
13.8616
15.0419
16.1772
17.2542
18.2658
19.2134
20.0986
20.9219
21.682
22.3756
22.9969
23.5379
23.989
24.3396
24.5795
24.6994
24.6922
24.5597
24.3106
23.9553
23.505
22.9708
22.363
21.6898
20.9572
20.1685
19.3247
18.4247
17.466
16.4457
15.3661
14.2375
13.073
11.8899
10.7102
9.56048
8.47212
7.4805
6.62387
5.94132
5.46989
5.24092
4.78837
5.07566
5.59114
6.30215
7.17208
8.16361
9.24112
10.3722
11.5284
12.6854
13.8233
14.9258
15.9798
16.9749
17.9101
18.786
19.603
20.3608
21.0575
21.6897
22.252
22.7375
23.1378
23.444
23.6471
23.7389
23.712
23.5678
23.3133
22.9562
22.5048
21.9671
21.3503
20.6604
19.9015
19.0764
18.1865
17.2324
16.2149
15.1338
14.0013
12.832
11.6444
10.4607
9.30776
8.21666
7.22241
6.36297
5.67736
5.20298
4.97201
5.00724
5.30401
5.83657
6.57097
7.4691
8.49197
9.60226
10.7659
11.9528
13.1374
14.2985
15.4186
16.4836
17.4855
18.4234
19.2967
20.1049
20.8463
21.5178
22.1146
22.6307
23.0584
23.3897
23.6162
23.7305
23.726
23.6045
23.3738
23.0422
22.6189
22.1128
21.5317
20.8822
20.1693
19.396
18.5635
17.6722
16.7213
15.7101
14.6425
13.5295
12.385
11.2261
10.074
8.95402
7.89564
6.93225
6.10009
5.43656
4.97758
4.75417
4.26396
4.53633
5.02419
5.69637
6.51855
7.4562
8.47663
9.55026
10.6512
11.7572
12.8497
13.9132
14.9348
15.9036
16.817
17.6732
18.4707
19.2078
19.8821
20.4903
21.0276
21.4883
21.8657
22.1526
22.3417
22.4258
22.3983
22.2608
22.0191
21.6799
21.2496
20.7347
20.141
19.4735
18.7361
17.9317
17.0628
16.1318
15.1414
14.0943
13.0025
11.8805
10.7458
9.61928
8.52534
7.4924
6.55246
5.74038
5.09232
4.64341
4.42444
4.4579
4.7391
5.24288
5.93695
6.78564
7.75292
8.80456
9.90945
11.0402
12.1733
13.2887
14.3699
15.4028
16.3787
17.2942
18.1467
18.934
19.6537
20.3025
20.8762
21.3698
21.7771
22.0916
22.3068
22.4163
22.4142
22.3022
22.087
21.7759
21.3761
20.8949
20.3386
19.7128
19.0218
18.2688
17.4558
16.5845
15.6562
14.6729
13.6394
12.5671
11.4696
10.363
9.26694
8.20454
7.2027
6.29188
5.50539
4.87796
4.4434
4.23146
3.70247
3.95196
4.39812
5.01229
5.76338
6.62048
7.55467
8.53994
9.5536
10.5762
11.5914
12.5854
13.5463
14.464
15.334
16.1522
16.9152
17.62
18.2634
18.8418
19.3507
19.785
20.1392
20.4072
20.5828
20.6598
20.6322
20.5015
20.2731
19.9525
19.545
19.0563
18.4911
17.8541
17.1492
16.3801
15.5502
14.6635
13.7247
12.7401
11.7201
10.6778
9.62908
8.59215
7.58857
6.6432
5.7842
5.04248
4.45044
4.03992
3.83935
3.87004
4.12749
4.58803
5.22204
5.99726
6.88152
7.84454
8.85898
9.90085
10.9495
11.9873
12.9993
13.9727
14.8986
15.7712
16.5857
17.3386
18.0263
18.645
19.1908
19.659
20.0444
20.3416
20.5452
20.6496
20.6495
20.5462
20.346
20.0551
19.6795
19.2252
18.6978
18.1021
17.4423
16.722
15.9443
15.1122
14.2291
13.2994
12.329
11.3284
10.3099
9.28792
8.27968
7.30542
6.38868
5.55629
4.83783
4.26445
3.86688
3.67264
3.10442
3.32301
3.71337
4.25026
4.9067
5.65618
6.47413
7.33871
8.23099
9.13489
10.0369
10.9255
11.7913
12.6258
13.4227
14.1759
14.8807
15.5328
16.1284
16.6633
17.1332
17.5334
17.8588
18.1043
18.2644
18.3339
18.3071
18.1856
17.9743
17.6778
17.3011
16.8487
16.3254
15.7354
15.0831
14.3726
13.6085
12.796
11.9417
11.0542
10.142
9.2161
8.28929
7.37675
6.49632
5.66877
4.9178
4.26965
3.75217
3.39302
3.2173
3.24422
3.46969
3.87248
4.42658
5.10404
5.87731
6.72075
7.61138
8.52923
9.45718
10.3807
11.2875
12.1671
13.0113
13.8118
14.5625
15.2583
15.8949
16.468
16.9733
17.4065
17.7628
18.0376
18.2261
18.3235
18.3248
18.2312
18.0483
17.7816
17.4362
17.0174
16.5302
15.979
15.3684
14.7021
13.9843
13.2191
12.4116
11.5683
10.6958
9.80273
8.8991
7.99685
7.11014
6.25577
5.45342
4.72571
4.09779
3.59647
3.2485
3.07824
2.47099
2.65105
2.97217
3.41345
3.95276
4.56862
5.24132
5.95353
6.69044
7.43963
8.19085
8.93574
9.66755
10.3808
11.0679
11.7215
12.3359
12.9063
13.4283
13.8978
14.3103
14.6615
14.9469
15.1618
15.3016
15.3618
15.3373
15.2296
15.0431
14.7819
14.4503
14.0523
13.5924
13.0749
12.504
11.8844
11.221
10.5199
9.7887
9.03772
8.27277
7.50151
6.73338
5.97987
5.25474
4.57428
3.95732
3.42491
2.99964
2.70423
2.5595
2.5817
2.76733
3.09855
3.55384
4.11033
4.74573
5.43951
6.1735
6.93209
7.70213
8.4727
9.23487
9.98139
10.7054
11.3973
12.0498
12.6572
13.2147
13.7177
14.1619
14.543
14.8568
15.099
15.2655
15.3519
15.354
15.2727
15.1128
14.8792
14.5763
14.2087
13.7809
13.2973
12.7623
12.18
11.5549
10.892
10.1972
9.47865
8.74283
7.99556
7.24397
6.4969
5.76512
5.06167
4.40199
3.80408
3.28816
2.87604
2.5897
2.4494
1.80395
1.93863
2.17854
2.50788
2.91008
3.36919
3.87074
4.40213
4.95277
5.51401
6.07898
6.64251
7.20104
7.7526
8.28915
8.8031
9.28882
9.7417
10.1576
10.5325
10.8625
11.1438
11.3724
11.5445
11.6564
11.7043
11.6841
11.5971
11.4469
11.2369
10.9706
10.6518
10.284
9.87129
9.41764
8.92737
8.4053
7.85722
7.29071
6.71664
6.13751
5.55732
4.9819
4.41893
3.87801
3.37078
2.91093
2.51394
2.19661
1.97595
1.86771
1.88433
2.02311
2.27045
2.61012
3.02501
3.4986
4.01584
4.56357
5.1307
5.70814
6.28871
6.86708
7.43974
8.00199
8.5438
9.05806
9.53924
9.98267
10.3841
10.7395
11.0451
11.2971
11.4919
11.626
11.696
11.6982
11.6333
11.5054
11.3182
11.0755
10.7812
10.4391
10.0531
9.62723
9.16539
8.67184
8.15143
7.61019
7.05655
6.49634
5.93194
5.36732
4.80808
4.26152
3.73679
3.24499
2.79923
2.41441
2.10675
1.89276
1.78778
1.10543
1.18913
1.33804
1.5422
1.7912
2.07509
2.38492
2.71298
3.05289
3.39963
3.74943
4.09995
4.45043
4.80227
5.14831
5.48218
5.79949
6.09671
6.3707
6.6185
6.83719
7.02392
7.1759
7.29041
7.36482
7.39655
7.38289
7.32472
7.22448
7.08458
6.90752
6.69594
6.45261
6.18042
5.88241
5.56183
5.22232
4.86832
4.50591
4.14486
3.78431
3.425
3.06952
2.72205
2.38818
2.07491
1.79062
1.5449
1.34822
1.21129
1.14405
1.15438
1.24057
1.39402
1.60446
1.86118
2.15389
2.47329
2.81135
3.16146
3.51838
3.87838
4.23931
4.60107
4.96165
5.31223
5.64715
5.96218
6.25378
6.51877
6.75413
6.957
7.12466
7.25449
7.34403
7.39088
7.39252
7.34944
7.26435
7.13984
6.97856
6.78325
6.55671
6.30181
6.02147
5.71871
5.39674
5.05926
4.71109
4.35959
4.00895
3.65836
3.309
2.96359
2.6262
2.30221
1.99833
1.7226
1.48428
1.2935
1.16064
1.09538
0.37764
0.406305
0.45723
0.526905
0.611672
0.708043
0.812894
0.923564
1.03789
1.15421
1.2714
1.38899
1.50759
1.63012
1.75248
1.87146
1.98522
2.09234
2.19153
2.2816
2.36137
2.42966
2.48535
2.52738
2.55471
2.56636
2.56133
2.53994
2.50312
2.45181
2.38701
2.30977
2.22123
2.12258
2.01505
1.89997
1.77881
1.65337
1.52641
1.40377
1.2827
1.16233
1.04312
0.926292
0.813699
0.707715
0.611234
0.527606
0.460505
0.413696
0.390678
0.394217
0.423713
0.476143
0.547899
0.635211
0.734471
0.84244
0.956358
1.07399
1.19365
1.31429
1.43577
1.55967
1.68637
1.81083
1.93055
2.04379
2.14913
2.24527
2.33099
2.4051
2.4665
2.51414
2.54704
2.56427
2.56488
2.54906
2.51782
2.47213
2.41305
2.34167
2.25911
2.16655
2.06518
1.95621
1.84094
1.72089
1.59816
1.4768
1.35847
1.24092
1.12384
1.00789
0.894326
0.784936
0.682013
0.588343
0.507156
0.442007
0.39655
0.374193
)
;

boundaryField
{
    top
    {
        type            fixedValue;
        value           uniform 0;
    }
    bottom
    {
        type            fixedValue;
        value           uniform 36.5;
    }
    frontAndBack
    {
        type            empty;
    }
    left_cyc
    {
        type            cyclic;
    }
    right_cyc
    {
        type            cyclic;
    }
}


// ************************************************************************* //
