/*--------------------------------*- C++ -*----------------------------------*\
| =========                 |                                                 |
| \\      /  F ield         | OpenFOAM: The Open Source CFD Toolbox           |
|  \\    /   O peration     | Version:  2.3.0                                 |
|   \\  /    A nd           | Web:      www.OpenFOAM.org                      |
|    \\/     M anipulation  |                                                 |
\*---------------------------------------------------------------------------*/
FoamFile
{
    version     2.0;
    format      ascii;
    class       volVectorField;
    location    "5000";
    object      U;
}
// * * * * * * * * * * * * * * * * * * * * * * * * * * * * * * * * * * * * * //

dimensions      [0 1 -1 0 0 0 0];

internalField   nonuniform List<vector> 
765
(
(46.1529 0 0.61801)
(46.1414 0 0.0468221)
(47.386 0 -0.71844)
(50.079 0 -1.57842)
(54.0133 0 -2.25002)
(58.2152 0 -2.23668)
(60.6436 0 -0.926049)
(58.2116 0 2.02587)
(47.3421 0 6.486)
(25.2632 0 11.3033)
(-6.15878 0 13.2982)
(-35.4625 0 9.79971)
(-53.6216 0 4.89621)
(-61.3732 0 0.860784)
(-61.7895 0 -1.57094)
(-58.3475 0 -2.47354)
(-53.8061 0 -2.23527)
(-49.9117 0 -1.46413)
(-47.3831 0 -0.599624)
(-46.2929 0 0.130016)
(-46.3974 0 0.660404)
(-47.3622 0 1.02165)
(-48.9022 0 1.29964)
(-50.8581 0 1.58168)
(-53.1837 0 1.94928)
(-55.9263 0 2.49198)
(-59.2263 0 3.32051)
(-63.3142 0 4.53226)
(-68.382 0 6.05747)
(-74.3191 0 7.26739)
(-79.5325 0 6.19889)
(-79.3548 0 0.789048)
(-70.6847 0 -7.53142)
(-55.4647 0 -16.1005)
(-34.8655 0 -23.1216)
(-13.1144 0 -25.3201)
(9.1068 0 -25.95)
(31.6669 0 -24.741)
(53.7102 0 -17.4998)
(70.0544 0 -8.06795)
(78.8912 0 1.07839)
(78.5764 0 6.34071)
(73.4267 0 7.09859)
(67.8019 0 5.82715)
(62.9998 0 4.36538)
(59.0592 0 3.23346)
(55.8009 0 2.46277)
(53.0341 0 1.95104)
(50.657 0 1.59354)
(48.6524 0 1.30615)
(47.0905 0 1.01005)
(80.9293 0 0.290928)
(82.4754 0 -1.3965)
(85.1125 0 -3.43224)
(88.7795 0 -5.36861)
(92.9379 0 -6.29824)
(96.2651 0 -4.79834)
(96.3698 0 0.790692)
(89.5576 0 11.7742)
(71.3177 0 27.9145)
(37.8293 0 45.17)
(-9.09136 0 52.1123)
(-52.8383 0 39.8181)
(-80.9245 0 22.1683)
(-94.9464 0 7.52727)
(-98.9755 0 -1.7272)
(-97.3327 0 -5.97644)
(-93.3157 0 -6.60926)
(-88.9417 0 -5.26761)
(-85.2768 0 -3.21797)
(-82.702 0 -1.2205)
(-81.1987 0 0.376393)
(-80.5532 0 1.49368)
(-80.4711 0 2.22962)
(-80.6382 0 2.73186)
(-80.7575 0 3.1278)
(-80.5318 0 3.51096)
(-79.6316 0 3.94146)
(-77.6677 0 4.36963)
(-74.1358 0 4.4213)
(-68.5787 0 2.94516)
(-60.253 0 -2.57466)
(-48.9083 0 -12.8293)
(-36.0957 0 -20.9612)
(-24.5241 0 -23.3966)
(-15.2533 0 -25.254)
(-6.22268 0 -26.5985)
(2.99119 0 -26.969)
(11.9285 0 -26.2117)
(21.1161 0 -24.6433)
(33.2911 0 -22.2557)
(47.2284 0 -12.7213)
(59.3197 0 -2.43755)
(68.1351 0 2.66878)
(74.0409 0 4.0347)
(77.7534 0 4.09643)
(79.7662 0 3.82681)
(80.6254 0 3.51859)
(80.7591 0 3.20138)
(80.5316 0 2.82105)
(80.269 0 2.2929)
(80.2916 0 1.49674)
(85.0558 0 -1.6078)
(87.3785 0 -4.06104)
(90.1417 0 -6.80803)
(93.1139 0 -9.05467)
(95.7075 0 -9.32167)
(96.7902 0 -5.35246)
(94.4625 0 5.6092)
(85.8935 0 26.0025)
(67.4252 0 55.7662)
(35.6616 0 87.7777)
(-8.27728 0 100.504)
(-49.3475 0 77.9032)
(-76.4505 0 45.1609)
(-91.3217 0 18.1812)
(-97.4761 0 0.878381)
(-98.39 0 -7.71583)
(-96.5648 0 -10.1894)
(-93.615 0 -9.1645)
(-90.4937 0 -6.64739)
(-87.6717 0 -3.89437)
(-85.3122 0 -1.54639)
(-83.395 0 0.155986)
(-81.7719 0 1.19344)
(-80.1913 0 1.64873)
(-78.3177 0 1.60688)
(-75.739 0 1.11387)
(-71.9691 0 0.185471)
(-66.4867 0 -1.1994)
(-58.9052 0 -3.18377)
(-49.4935 0 -6.27506)
(-38.7943 0 -11.673)
(-30.9975 0 -20.095)
(-25.2318 0 -27.6463)
(-19.0393 0 -31.9629)
(-12.2156 0 -34.3333)
(-5.20335 0 -35.6244)
(1.84647 0 -36.0096)
(8.79426 0 -35.3984)
(15.5779 0 -33.5195)
(21.9094 0 -29.3816)
(27.9957 0 -21.2657)
(37.4739 0 -12.7787)
(49.0652 0 -7.26792)
(58.9896 0 -3.8811)
(66.7671 0 -1.54478)
(72.2634 0 0.125671)
(75.9569 0 1.2388)
(78.4203 0 1.82023)
(80.1719 0 1.87131)
(81.6453 0 1.36223)
(83.189 0 0.222698)
(76.0497 0 -3.79931)
(77.9944 0 -6.40959)
(79.8202 0 -9.12459)
(81.2299 0 -10.9197)
(81.7127 0 -9.97652)
(80.4472 0 -3.54561)
(76.1948 0 11.7988)
(67.2595 0 39.1994)
(51.4842 0 78.8944)
(26.8581 0 121.694)
(-5.83023 0 138.616)
(-36.7294 0 108.636)
(-58.4458 0 64.844)
(-71.8877 0 28.8251)
(-79.174 0 5.40923)
(-82.3582 0 -6.88581)
(-82.9674 0 -11.391)
(-82.0961 0 -11.3215)
(-80.4623 0 -9.11601)
(-78.506 0 -6.32798)
(-76.4785 0 -3.80098)
(-74.4922 0 -1.91813)
(-72.5477 0 -0.819721)
(-70.5313 0 -0.538769)
(-68.207 0 -1.10121)
(-65.2218 0 -2.55259)
(-61.1212 0 -4.92427)
(-55.418 0 -8.14738)
(-47.8 0 -11.979)
(-38.7359 0 -16.072)
(-28.8824 0 -20.4523)
(-22.5924 0 -26.1803)
(-18.455 0 -32.5319)
(-14.219 0 -36.9928)
(-9.418 0 -39.9612)
(-4.24084 0 -41.6669)
(1.07383 0 -42.0206)
(6.21766 0 -40.9603)
(10.9915 0 -38.5218)
(15.2746 0 -34.4639)
(19.5847 0 -28.2986)
(27.2255 0 -22.6392)
(37.8261 0 -17.8452)
(47.4211 0 -13.0764)
(55.2978 0 -8.64015)
(61.0718 0 -4.98678)
(65.1461 0 -2.35916)
(68.0626 0 -0.792621)
(70.3075 0 -0.220824)
(72.2496 0 -0.568954)
(74.1283 0 -1.78512)
(60.4144 0 -5.40233)
(61.2923 0 -7.75521)
(61.666 0 -9.97113)
(61.2665 0 -10.8949)
(59.7352 0 -8.53547)
(56.5964 0 0.0937513)
(51.2489 0 18.6947)
(43.0538 0 50.6378)
(31.33 0 96.166)
(15.7542 0 144.816)
(-2.88995 0 163.902)
(-21.0537 0 130.278)
(-35.6973 0 80.3266)
(-46.4497 0 38.802)
(-53.8321 0 11.2449)
(-58.5461 0 -3.968)
(-61.2242 0 -10.4239)
(-62.4384 0 -11.6)
(-62.6274 0 -10.1527)
(-62.119 0 -7.79174)
(-61.1586 0 -5.48001)
(-59.9185 0 -3.70493)
(-58.4958 0 -2.70891)
(-56.8964 0 -2.64222)
(-55.0153 0 -3.65567)
(-52.6207 0 -5.91687)
(-49.3607 0 -9.54266)
(-44.8155 0 -14.4157)
(-38.6393 0 -19.941)
(-31.1098 0 -24.9102)
(-22.7718 0 -28.0119)
(-16.2382 0 -31.0173)
(-12.9149 0 -36.3287)
(-9.90642 0 -40.9147)
(-6.66068 0 -44.2025)
(-3.18036 0 -46.0911)
(0.411534 0 -46.4312)
(3.88375 0 -45.1782)
(7.12668 0 -42.4507)
(10.1883 0 -38.3899)
(13.5538 0 -33.7212)
(20.7688 0 -31.0471)
(29.4719 0 -27.337)
(37.45 0 -21.4474)
(43.9224 0 -15.1134)
(48.6296 0 -9.6725)
(51.9599 0 -5.71673)
(54.3722 0 -3.30934)
(56.2471 0 -2.27783)
(57.829 0 -2.40973)
(59.223 0 -3.51661)
(39.7881 0 -5.90127)
(39.4208 0 -7.70236)
(38.3585 0 -9.15357)
(36.4285 0 -9.06437)
(33.4624 0 -5.41143)
(29.3185 0 4.81084)
(23.9559 0 25.2572)
(17.5653 0 59.1539)
(10.6988 0 106.407)
(4.58123 0 155.967)
(-0.0726051 0 175.214)
(-5.38478 0 141.591)
(-12.3167 0 90.3921)
(-19.428 0 46.9435)
(-25.7574 0 17.3945)
(-30.9369 0 0.375739)
(-34.8737 0 -7.59944)
(-37.6651 0 -9.99092)
(-39.4696 0 -9.4882)
(-40.4536 0 -7.83623)
(-40.7823 0 -6.03332)
(-40.6124 0 -4.61151)
(-40.0791 0 -3.8741)
(-39.2733 0 -4.05757)
(-38.2104 0 -5.42432)
(-36.7995 0 -8.26961)
(-34.8269 0 -12.8213)
(-31.9769 0 -18.9887)
(-27.9068 0 -25.9918)
(-22.6117 0 -32.1215)
(-16.4803 0 -35.1677)
(-10.4787 0 -35.8651)
(-7.9784 0 -39.1799)
(-6.04033 0 -43.3641)
(-4.18085 0 -46.7619)
(-2.16663 0 -48.8127)
(-0.0691008 0 -49.1548)
(1.95576 0 -47.7471)
(3.8329 0 -44.9226)
(5.77376 0 -41.2958)
(8.16052 0 -38.6251)
(14.1002 0 -38.3772)
(20.3488 0 -34.8385)
(25.9708 0 -27.8133)
(30.3529 0 -19.9311)
(33.4422 0 -13.1067)
(35.5763 0 -8.15601)
(37.0913 0 -5.12209)
(38.2221 0 -3.71244)
(39.0709 0 -3.5751)
(39.6243 0 -4.40048)
(15.6051 0 -5.22778)
(14.191 0 -6.36046)
(12.0759 0 -7.02113)
(9.20122 0 -6.04926)
(5.57202 0 -1.47939)
(1.33299 0 9.55014)
(-3.09778 0 30.4276)
(-6.88152 0 63.9397)
(-8.44405 0 109.364)
(-5.48679 0 155.679)
(2.27818 0 173.484)
(8.62906 0 142.752)
(9.48717 0 94.4935)
(6.6852 0 52.2643)
(2.32626 0 22.7222)
(-2.31682 0 5.09355)
(-6.59349 0 -3.75327)
(-10.2038 0 -7.05679)
(-13.0651 0 -7.40907)
(-15.1887 0 -6.51662)
(-16.6347 0 -5.35297)
(-17.498 0 -4.43617)
(-17.9009 0 -4.07402)
(-17.9725 0 -4.53768)
(-17.8112 0 -6.16066)
(-17.4424 0 -9.3425)
(-16.7902 0 -14.4273)
(-15.6796 0 -21.4047)
(-13.8733 0 -29.4454)
(-11.2873 0 -36.5721)
(-8.04003 0 -40.0889)
(-4.56211 0 -39.3583)
(-3.30171 0 -41.0497)
(-2.54563 0 -44.6579)
(-1.95251 0 -48.035)
(-1.2201 0 -50.1926)
(-0.417759 0 -50.5427)
(0.331863 0 -49.0387)
(0.945761 0 -46.2081)
(1.62529 0 -43.047)
(2.59647 0 -41.7832)
(5.5942 0 -43.1583)
(8.79886 0 -39.4433)
(11.562 0 -31.5588)
(13.6386 0 -22.6406)
(15.0118 0 -14.9487)
(15.8794 0 -9.40169)
(16.4163 0 -5.98206)
(16.7086 0 -4.28081)
(16.7391 0 -3.83517)
(16.4137 0 -4.25906)
(-9.81089 0 -3.68701)
(-11.8565 0 -4.18392)
(-14.5251 0 -4.17453)
(-17.7827 0 -2.56643)
(-21.4719 0 2.46108)
(-25.1782 0 13.4839)
(-28.0778 0 33.4724)
(-28.7251 0 64.5282)
(-24.8437 0 105.218)
(-13.8038 0 145.333)
(3.97964 0 160.657)
(20.0157 0 134.626)
(28.2338 0 92.4383)
(30.1554 0 54.1165)
(28.3854 0 26.4031)
(24.9247 0 9.30729)
(20.9612 0 0.290008)
(17.154 0 -3.52703)
(13.8186 0 -4.51645)
(11.0703 0 -4.27889)
(8.92981 0 -3.73298)
(7.35782 0 -3.35096)
(6.26015 0 -3.40327)
(5.49927 0 -4.15046)
(4.93238 0 -5.95734)
(4.45549 0 -9.29118)
(4.01875 0 -14.5789)
(3.61792 0 -21.8783)
(3.27623 0 -30.3625)
(2.92648 0 -37.9557)
(2.7958 0 -41.7947)
(2.43499 0 -40.4613)
(1.46887 0 -41.3456)
(0.778681 0 -44.6694)
(0.156837 0 -48.0986)
(-0.314496 0 -50.3548)
(-0.709571 0 -50.7137)
(-1.16417 0 -49.1188)
(-1.77553 0 -46.1865)
(-2.56913 0 -43.0949)
(-3.68238 0 -42.4076)
(-4.76713 0 -44.5448)
(-5.10171 0 -40.7985)
(-5.48916 0 -32.6398)
(-5.69372 0 -23.3574)
(-5.88741 0 -15.3436)
(-6.11057 0 -9.56235)
(-6.38929 0 -5.95546)
(-6.7795 0 -4.03965)
(-7.38632 0 -3.28462)
(-8.35172 0 -3.27223)
(-33.777 0 -1.73009)
(-36.024 0 -1.64788)
(-38.8414 0 -1.08963)
(-42.1117 0 0.907022)
(-45.5033 0 5.92828)
(-48.3224 0 16.1561)
(-49.3459 0 33.9717)
(-46.6457 0 60.7386)
(-37.6673 0 94.6121)
(-20.0776 0 126.909)
(4.98174 0 139.228)
(28.2922 0 118.698)
(42.8417 0 84.4369)
(49.4438 0 52.1313)
(50.5957 0 27.9532)
(48.6914 0 12.5256)
(45.4078 0 4.03326)
(41.7774 0 0.0970424)
(38.3687 0 -1.32061)
(35.4386 0 -1.63098)
(33.0708 0 -1.64897)
(31.2515 0 -1.77688)
(29.8906 0 -2.22477)
(28.8286 0 -3.21504)
(27.8795 0 -5.11749)
(26.876 0 -8.42745)
(25.6515 0 -13.5886)
(24.0079 0 -20.6561)
(21.7098 0 -28.7958)
(18.4389 0 -35.9994)
(14.7712 0 -39.6101)
(9.94245 0 -38.2631)
(6.39175 0 -39.2825)
(4.1708 0 -43.2669)
(2.32943 0 -46.9739)
(0.616869 0 -49.3337)
(-1.02554 0 -49.6966)
(-2.72746 0 -47.999)
(-4.57986 0 -44.7644)
(-6.85359 0 -40.9387)
(-10.0063 0 -39.7859)
(-15.789 0 -41.836)
(-19.8644 0 -38.5553)
(-23.4355 0 -31.0152)
(-25.8085 0 -22.2364)
(-27.3751 0 -14.5306)
(-28.448 0 -8.89974)
(-29.2655 0 -5.31508)
(-30.0209 0 -3.29017)
(-30.8998 0 -2.27245)
(-32.0982 0 -1.84422)
(-53.6412 0 0.239946)
(-55.7685 0 0.885053)
(-58.4351 0 1.91655)
(-61.4364 0 4.09495)
(-64.2777 0 8.66844)
(-66.0189 0 17.3281)
(-65.1112 0 31.8078)
(-59.3658 0 52.8877)
(-46.2885 0 78.7532)
(-24.165 0 102.71)
(5.29403 0 111.876)
(33.2006 0 96.9165)
(52.4238 0 71.3258)
(62.9872 0 46.3988)
(66.9265 0 27.164)
(66.711 0 14.4921)
(64.3388 0 7.20394)
(61.1654 0 3.51419)
(57.9883 0 1.82908)
(55.2061 0 1.02582)
(52.9697 0 0.45649)
(51.2853 0 -0.175142)
(50.0512 0 -0.990305)
(49.0567 0 -2.14698)
(48.0438 0 -4.00515)
(46.7688 0 -7.05594)
(44.9493 0 -11.6903)
(42.2193 0 -17.8883)
(38.1475 0 -24.7935)
(32.2423 0 -30.6182)
(25.2565 0 -33.3478)
(16.0445 0 -32.8058)
(11.3719 0 -35.1985)
(7.90905 0 -40.4967)
(4.76955 0 -44.5933)
(1.6598 0 -47.0139)
(-1.43765 0 -47.373)
(-4.54905 0 -45.6104)
(-7.74043 0 -42.0433)
(-11.1999 0 -37.1981)
(-15.2752 0 -34.2061)
(-25.3351 0 -34.9384)
(-32.8723 0 -32.6519)
(-39.2418 0 -26.71)
(-43.5939 0 -19.3759)
(-46.4084 0 -12.6858)
(-48.1852 0 -7.6685)
(-49.3337 0 -4.38587)
(-50.1786 0 -2.41569)
(-51.0011 0 -1.21816)
(-52.0837 0 -0.40017)
(-66.6118 0 1.9753)
(-68.4005 0 3.1655)
(-70.6324 0 4.60195)
(-73.0579 0 6.7846)
(-75.1021 0 10.5608)
(-75.7003 0 17.0678)
(-73.1758 0 27.43)
(-65.3229 0 42.0637)
(-49.9038 0 59.5821)
(-25.8229 0 75.4751)
(4.9115 0 81.6159)
(34.3707 0 71.8168)
(55.9027 0 54.7783)
(68.912 0 37.7816)
(74.9115 0 24.3359)
(76.2203 0 15.1882)
(74.9181 0 9.63077)
(72.5088 0 6.4837)
(69.9091 0 4.66486)
(67.589 0 3.40968)
(65.7345 0 2.2937)
(64.3725 0 1.16278)
(63.4082 0 0.0218441)
(62.5933 0 -1.18227)
(61.6055 0 -2.79724)
(60.1308 0 -5.30568)
(57.7887 0 -9.0272)
(54.1048 0 -13.9031)
(48.5953 0 -19.1249)
(40.8298 0 -23.0983)
(31.3096 0 -24.4192)
(21.0929 0 -24.9204)
(16.6024 0 -30.6034)
(12.2724 0 -36.5804)
(7.61903 0 -40.7797)
(2.85748 0 -43.133)
(-1.99918 0 -43.4764)
(-6.79962 0 -41.7556)
(-11.5472 0 -38.1209)
(-16.013 0 -32.6233)
(-20.5533 0 -26.0831)
(-30.5709 0 -25.459)
(-40.7822 0 -24.5779)
(-49.0635 0 -20.6077)
(-55.0176 0 -15.1265)
(-58.9505 0 -9.91634)
(-61.3912 0 -5.93654)
(-62.8485 0 -3.27745)
(-63.7498 0 -1.58833)
(-64.4559 0 -0.343293)
(-65.3244 0 0.818748)
(-69.7752 0 3.1792)
(-71.0244 0 4.7474)
(-72.4518 0 6.3698)
(-73.8578 0 8.29837)
(-74.7492 0 10.9813)
(-74.1803 0 15.0215)
(-70.6545 0 21.0152)
(-62.237 0 29.1826)
(-47.063 0 38.7783)
(-24.4335 0 47.411)
(3.75574 0 50.8222)
(30.9641 0 45.5148)
(51.5355 0 36.2764)
(64.656 0 26.9532)
(71.4481 0 19.4249)
(73.8955 0 14.0925)
(73.849 0 10.5771)
(72.6605 0 8.25145)
(71.1427 0 6.54111)
(69.6929 0 5.04155)
(68.4527 0 3.54129)
(67.4447 0 2.01828)
(66.6109 0 0.635269)
(65.7718 0 -0.479151)
(64.6698 0 -1.6477)
(62.963 0 -3.37513)
(60.1928 0 -5.86821)
(55.8429 0 -8.98253)
(49.6654 0 -11.7615)
(42.152 0 -12.5892)
(33.7106 0 -13.2873)
(27.4465 0 -18.4845)
(22.7054 0 -25.7216)
(17.1749 0 -31.4188)
(10.8201 0 -35.2412)
(4.1539 0 -37.3643)
(-2.69719 0 -37.6734)
(-9.44994 0 -36.1183)
(-15.9536 0 -32.7987)
(-21.8383 0 -27.5017)
(-26.7664 0 -20.1188)
(-32.5128 0 -14.4315)
(-41.6223 0 -13.3783)
(-49.5911 0 -12.6614)
(-56.313 0 -9.8348)
(-61.0473 0 -6.56367)
(-64.0593 0 -3.96154)
(-65.8937 0 -2.19174)
(-67.0516 0 -0.999957)
(-67.909 0 0.168443)
(-68.7524 0 1.60849)
(-62.1982 0 5.03252)
(-62.5498 0 6.78672)
(-62.59 0 8.60354)
(-62.2586 0 10.5228)
(-61.318 0 12.623)
(-59.2363 0 15.0067)
(-55.1082 0 17.7684)
(-47.7097 0 20.9239)
(-35.8174 0 24.2749)
(-18.9501 0 27.2022)
(1.67984 0 28.4325)
(21.683 0 26.6807)
(37.2278 0 23.6241)
(47.8073 0 20.3792)
(54.1932 0 17.417)
(57.6833 0 14.8525)
(59.44 0 12.6349)
(60.2703 0 10.6621)
(60.6185 0 8.83451)
(60.6614 0 7.07778)
(60.4247 0 5.3534)
(59.9084 0 3.68222)
(59.1452 0 2.21374)
(58.2745 0 1.09611)
(57.4206 0 0.16897)
(56.3082 0 -0.770876)
(54.5672 0 -1.79647)
(51.7901 0 -3.01043)
(47.6008 0 -4.62281)
(42.5438 0 -6.71424)
(38.6436 0 -9.57841)
(34.6022 0 -14.1962)
(29.1037 0 -20.0767)
(21.9989 0 -24.7775)
(13.9596 0 -27.9816)
(5.39273 0 -29.777)
(-3.42117 0 -30.0332)
(-12.1167 0 -28.706)
(-20.3875 0 -25.8969)
(-27.8826 0 -21.5031)
(-33.7983 0 -15.5968)
(-38.0681 0 -10.5065)
(-42.1807 0 -7.28629)
(-47.4902 0 -4.97898)
(-52.088 0 -3.25681)
(-55.1647 0 -2.00697)
(-57.1519 0 -0.977583)
(-58.4772 0 -0.0515291)
(-59.5522 0 0.837802)
(-60.6278 0 1.91584)
(-61.5462 0 3.36207)
(-55.3761 0 2.91058)
(-53.4693 0 3.73607)
(-50.9058 0 4.54474)
(-47.679 0 5.35804)
(-43.7543 0 6.18234)
(-39.0638 0 7.00167)
(-33.5039 0 7.77317)
(-26.9455 0 8.42809)
(-19.2669 0 8.88867)
(-10.4571 0 9.11523)
(-0.762526 0 9.16309)
(8.82533 0 9.12616)
(17.4232 0 8.88557)
(24.9189 0 8.40966)
(31.3597 0 7.75464)
(36.8763 0 7.00043)
(41.589 0 6.2103)
(45.5893 0 5.42015)
(48.9334 0 4.64001)
(51.6457 0 3.85911)
(53.7232 0 3.05352)
(55.1449 0 2.21676)
(55.8771 0 1.43317)
(56.011 0 0.792678)
(55.7172 0 0.212127)
(55.0272 0 -0.380169)
(53.8936 0 -0.989568)
(52.2682 0 -1.63032)
(50.0893 0 -2.41329)
(47.3114 0 -3.61732)
(44.0135 0 -5.68507)
(39.777 0 -8.77028)
(33.6546 0 -12.448)
(25.6374 0 -15.5545)
(16.3854 0 -17.7494)
(6.35746 0 -18.9876)
(-4.00716 0 -19.163)
(-14.2135 0 -18.2439)
(-23.7959 0 -16.3111)
(-32.2969 0 -13.3917)
(-38.9956 0 -9.68768)
(-43.6875 0 -6.33985)
(-47.2889 0 -3.98586)
(-50.2996 0 -2.62841)
(-52.6904 0 -1.78326)
(-54.5038 0 -1.12721)
(-55.8166 0 -0.521689)
(-56.6754 0 0.0562734)
(-57.1361 0 0.618874)
(-57.1725 0 1.25841)
(-56.6166 0 2.05892)
(-53.699 0 3.04517)
(-51.6078 0 3.2304)
(-48.8599 0 3.39815)
(-45.4295 0 3.553)
(-41.2799 0 3.69711)
(-36.3706 0 3.82911)
(-30.6707 0 3.94382)
(-24.1812 0 4.03295)
(-16.9654 0 4.08805)
(-9.18124 0 4.10597)
(-1.0755 0 4.09584)
(7.01064 0 4.05716)
(14.7485 0 3.99163)
(21.9147 0 3.89241)
(28.3724 0 3.7658)
(34.0746 0 3.62078)
(39.0269 0 3.46498)
(43.2606 0 3.30238)
(46.8118 0 3.13339)
(49.7101 0 2.95526)
(51.9725 0 2.76363)
(53.6077 0 2.55743)
(54.648 0 2.34337)
(55.1884 0 2.11618)
(55.3088 0 1.84503)
(55.0339 0 1.52546)
(54.3857 0 1.15281)
(53.401 0 0.678824)
(52.0777 0 -0.028617)
(50.2735 0 -1.1783)
(47.6082 0 -2.95338)
(43.4299 0 -5.36212)
(37.0539 0 -8.05034)
(28.4955 0 -10.3486)
(18.3372 0 -12.0245)
(7.13614 0 -12.9641)
(-4.50896 0 -13.055)
(-15.938 0 -12.2735)
(-26.5169 0 -10.7108)
(-35.6585 0 -8.47201)
(-42.7009 0 -5.73074)
(-47.437 0 -3.12858)
(-50.4545 0 -1.14908)
(-52.47 0 0.138384)
(-53.9479 0 0.918896)
(-55.0729 0 1.42054)
(-55.8678 0 1.79998)
(-56.2999 0 2.11825)
(-56.3524 0 2.38843)
(-56.0005 0 2.62029)
(-55.1508 0 2.83987)
)
;

boundaryField
{
    top
    {
        type            directionMixed;
        refValue        uniform (0 0 0);
        refGradient     uniform (0 0 0);
        valueFraction   uniform (0 0 0 0 0 1);
        value           nonuniform List<vector> 
51
(
(-53.699 0 0)
(-51.6078 0 0)
(-48.8599 0 0)
(-45.4295 0 0)
(-41.2799 0 0)
(-36.3706 0 0)
(-30.6707 0 0)
(-24.1812 0 0)
(-16.9654 0 0)
(-9.18124 0 0)
(-1.0755 0 0)
(7.01064 0 0)
(14.7485 0 0)
(21.9147 0 0)
(28.3724 0 0)
(34.0746 0 0)
(39.0269 0 0)
(43.2606 0 0)
(46.8118 0 0)
(49.7101 0 0)
(51.9725 0 0)
(53.6077 0 0)
(54.648 0 0)
(55.1884 0 0)
(55.3088 0 0)
(55.0339 0 0)
(54.3857 0 0)
(53.401 0 0)
(52.0777 0 0)
(50.2735 0 0)
(47.6082 0 0)
(43.4299 0 0)
(37.0539 0 0)
(28.4955 0 0)
(18.3372 0 0)
(7.13614 0 0)
(-4.50896 0 0)
(-15.938 0 0)
(-26.5169 0 0)
(-35.6585 0 0)
(-42.7009 0 0)
(-47.437 0 0)
(-50.4545 0 0)
(-52.47 0 0)
(-53.9479 0 0)
(-55.0729 0 0)
(-55.8678 0 0)
(-56.2999 0 0)
(-56.3524 0 0)
(-56.0005 0 0)
(-55.1508 0 0)
)
;
    }
    bottom
    {
        type            fixedValue;
        value           uniform (0 0 0);
    }
    frontAndBack
    {
        type            empty;
    }
    left_cyc
    {
        type            cyclic;
    }
    right_cyc
    {
        type            cyclic;
    }
}


// ************************************************************************* //
