/*--------------------------------*- C++ -*----------------------------------*\
| =========                 |                                                 |
| \\      /  F ield         | OpenFOAM: The Open Source CFD Toolbox           |
|  \\    /   O peration     | Version:  2.3.0                                 |
|   \\  /    A nd           | Web:      www.OpenFOAM.org                      |
|    \\/     M anipulation  |                                                 |
\*---------------------------------------------------------------------------*/
FoamFile
{
    version     2.0;
    format      ascii;
    class       surfaceScalarField;
    location    "25000";
    object      phi;
}
// * * * * * * * * * * * * * * * * * * * * * * * * * * * * * * * * * * * * * //

dimensions      [0 3 -1 0 0 0 0];

internalField   nonuniform List<scalar> 
5988
(
3.63493e-08
-3.18077e-08
6.76057e-08
-3.12564e-08
9.78504e-08
-3.02447e-08
1.26656e-07
-2.88053e-08
1.53636e-07
-2.69806e-08
1.78457e-07
-2.48203e-08
2.00835e-07
-2.23779e-08
2.20537e-07
-1.97022e-08
2.37359e-07
-1.68222e-08
2.51086e-07
-1.37269e-08
2.61434e-07
-1.03484e-08
2.67997e-07
-6.56219e-09
2.70207e-07
-2.21087e-09
2.67374e-07
2.83372e-09
2.58813e-07
8.56055e-09
2.44128e-07
1.46856e-08
2.23479e-07
2.06488e-08
1.97701e-07
2.57782e-08
1.68381e-07
2.93193e-08
1.37561e-07
3.08201e-08
1.07175e-07
3.03864e-08
7.8738e-08
2.84368e-08
5.29518e-08
2.57862e-08
2.96309e-08
2.33209e-08
7.94425e-09
2.16867e-08
-1.32716e-08
2.12159e-08
-3.5263e-08
2.19914e-08
-5.91373e-08
2.38743e-08
-8.55944e-08
2.64571e-08
-1.14612e-07
2.90179e-08
-1.45266e-07
3.06534e-08
-1.75886e-07
3.06199e-08
-2.04485e-07
2.85993e-08
-2.29075e-07
2.45905e-08
-2.48251e-07
1.91755e-08
-2.61356e-07
1.31049e-08
-2.68383e-07
7.02753e-09
-2.69831e-07
1.44813e-09
-2.66409e-07
-3.42271e-09
-2.58785e-07
-7.62372e-09
-2.47486e-07
-1.12991e-08
-2.32884e-07
-1.46017e-08
-2.15242e-07
-1.76423e-08
-1.94769e-07
-2.04732e-08
-1.71676e-07
-2.30929e-08
-1.4621e-07
-2.54655e-08
-1.18671e-07
-2.75397e-08
-8.94078e-08
-2.92629e-08
-5.88208e-08
-3.0587e-08
-2.73485e-08
-3.14723e-08
4.54038e-09
-3.18888e-08
3.63596e-08
-3.18192e-08
6.76266e-08
-3.1267e-08
9.788e-08
-3.02534e-08
1.26691e-07
-2.88114e-08
1.53675e-07
-2.69832e-08
1.78493e-07
-2.48186e-08
2.00864e-07
-2.23709e-08
2.20553e-07
-1.96885e-08
2.37352e-07
-1.67998e-08
2.51045e-07
-1.36926e-08
2.61343e-07
-1.02976e-08
2.67831e-07
-6.48896e-09
2.69941e-07
-2.10947e-09
2.66974e-07
2.96664e-09
2.58253e-07
8.72137e-09
2.43393e-07
1.486e-08
2.22579e-07
2.08143e-08
1.96671e-07
2.59079e-08
1.67283e-07
2.9388e-08
1.3646e-07
3.0823e-08
1.0613e-07
3.033e-08
7.77862e-08
2.83436e-08
5.20986e-08
2.56876e-08
2.88544e-08
2.32442e-08
7.20608e-09
2.16484e-08
-1.40164e-08
2.12225e-08
-3.60583e-08
2.20419e-08
-6.00178e-08
2.39596e-08
-8.65752e-08
2.65574e-08
-1.15679e-07
2.91035e-08
-1.46373e-07
3.06945e-08
-1.76972e-07
3.05991e-08
-2.05484e-07
2.85114e-08
-2.29931e-07
2.44476e-08
-2.48936e-07
1.90047e-08
-2.61868e-07
1.29318e-08
-2.68741e-07
6.8733e-09
-2.70065e-07
1.3238e-09
-2.66549e-07
-3.51603e-09
-2.58859e-07
-7.69043e-09
-2.47513e-07
-1.13453e-08
-2.32881e-07
-1.46327e-08
-2.15218e-07
-1.76625e-08
-1.94733e-07
-2.04853e-08
-1.71634e-07
-2.30989e-08
-1.46168e-07
-2.54664e-08
-1.18631e-07
-2.75365e-08
-8.93749e-08
-2.92563e-08
-5.8797e-08
-3.05779e-08
-2.73355e-08
-3.14615e-08
-3.18772e-08
5.49449e-08
-7.99009e-08
1.02652e-07
-7.8964e-08
1.49651e-07
-7.72438e-08
1.95646e-07
-7.47993e-08
2.40362e-07
-7.16968e-08
2.83528e-07
-6.79865e-08
3.24828e-07
-6.36786e-08
3.6385e-07
-5.87236e-08
4.00032e-07
-5.30047e-08
4.32644e-07
-4.63386e-08
4.60774e-07
-3.84779e-08
4.83323e-07
-2.91114e-08
4.98988e-07
-1.78758e-08
5.06232e-07
-4.41018e-09
5.03354e-07
1.14384e-08
4.88789e-07
2.92499e-08
4.61539e-07
4.78992e-08
4.21655e-07
6.56622e-08
3.70902e-07
8.00726e-08
3.12717e-07
8.90051e-08
2.51021e-07
9.20823e-08
1.89394e-07
9.00636e-08
1.30158e-07
8.50223e-08
7.39454e-08
7.95332e-08
1.99847e-08
7.56473e-08
-3.32975e-08
7.44981e-08
-8.76859e-08
7.63798e-08
-1.44613e-07
8.08012e-08
-2.04551e-07
8.63953e-08
-2.66449e-07
9.09157e-08
-3.27603e-07
9.18075e-08
-3.84249e-07
8.72656e-08
-4.32504e-07
7.68547e-08
-4.6925e-07
6.13362e-08
-4.93203e-07
4.31293e-08
-5.04637e-07
2.45379e-08
-5.04731e-07
7.12198e-09
-4.95129e-07
-8.15382e-09
-4.77509e-07
-2.10425e-08
-4.53351e-07
-3.17816e-08
-4.23907e-07
-4.0743e-08
-3.90229e-07
-4.82799e-08
-3.53184e-07
-5.46875e-08
-3.1346e-07
-6.01972e-08
-2.71577e-07
-6.49757e-08
-2.2792e-07
-6.91226e-08
-1.82789e-07
-7.26707e-08
-1.36455e-07
-7.55972e-08
-8.91959e-08
-7.78457e-08
-4.13178e-08
-7.93504e-08
6.85095e-09
-8.00576e-08
5.49715e-08
-7.99398e-08
1.02706e-07
-7.90017e-08
1.49732e-07
-7.72792e-08
1.95752e-07
-7.48312e-08
2.40492e-07
-7.17232e-08
2.83678e-07
-6.80046e-08
3.24991e-07
-6.36841e-08
3.64013e-07
-5.87106e-08
4.00178e-07
-5.2965e-08
4.32748e-07
-4.62621e-08
4.60803e-07
-3.83523e-08
4.83236e-07
-2.89227e-08
4.98736e-07
-1.76089e-08
5.05755e-07
-4.05238e-09
5.02589e-07
1.18875e-08
4.87683e-07
2.97658e-08
4.60062e-07
4.84346e-08
4.19827e-07
6.61438e-08
3.68806e-07
8.04089e-08
3.10475e-07
8.91538e-08
2.4876e-07
9.2045e-08
1.87212e-07
8.98916e-08
1.28098e-07
8.48016e-08
7.19945e-08
7.93474e-08
1.80916e-08
7.55512e-08
-3.52008e-08
7.45149e-08
-8.96645e-08
7.65056e-08
-1.46709e-07
8.10044e-08
-2.06764e-07
8.66117e-08
-2.68717e-07
9.10566e-08
-3.29817e-07
9.17947e-08
-3.86281e-07
8.70634e-08
-4.34238e-07
7.64685e-08
-4.7062e-07
6.08295e-08
-4.94208e-07
4.25925e-08
-5.05312e-07
2.40358e-08
-5.05135e-07
6.69619e-09
-4.95325e-07
-8.48637e-09
-4.77554e-07
-2.12869e-08
-4.53292e-07
-3.1952e-08
-4.23783e-07
-4.08545e-08
-3.9007e-07
-4.8346e-08
-3.53012e-07
-5.47198e-08
-3.13292e-07
-6.02052e-08
-2.71424e-07
-6.4967e-08
-2.27788e-07
-6.91027e-08
-1.82681e-07
-7.26432e-08
-1.36373e-07
-7.55648e-08
-8.91409e-08
-7.78099e-08
-4.12899e-08
-7.93125e-08
-8.00187e-08
6.15631e-08
-1.33786e-07
1.14942e-07
-1.32343e-07
1.67376e-07
-1.29677e-07
2.18424e-07
-1.25848e-07
2.67643e-07
-1.20916e-07
3.14576e-07
-1.14919e-07
3.5874e-07
-1.07843e-07
3.99628e-07
-9.96113e-08
4.36707e-07
-9.00845e-08
4.69439e-07
-7.90707e-08
4.97301e-07
-6.634e-08
5.19827e-07
-5.16369e-08
5.36645e-07
-3.46937e-08
5.47473e-07
-1.52385e-08
5.51861e-07
7.05104e-09
5.48483e-07
3.2628e-08
5.34665e-07
6.17171e-08
5.07195e-07
9.31314e-08
4.63849e-07
1.23419e-07
4.04974e-07
1.4788e-07
3.34487e-07
1.62569e-07
2.58087e-07
1.66464e-07
1.80341e-07
1.62768e-07
1.0359e-07
1.56284e-07
2.81578e-08
1.5108e-07
-4.68191e-08
1.49475e-07
-1.22518e-07
1.52079e-07
-1.99593e-07
1.57876e-07
-2.7728e-07
1.64083e-07
-3.52664e-07
1.663e-07
-4.20729e-07
1.59872e-07
-4.75888e-07
1.42425e-07
-5.15102e-07
1.16069e-07
-5.38808e-07
8.50427e-08
-5.49634e-07
5.3955e-08
-5.50791e-07
2.56943e-08
-5.44635e-07
9.66067e-10
-5.32193e-07
-2.05952e-08
-5.13826e-07
-3.94096e-08
-4.89829e-07
-5.57784e-08
-4.60602e-07
-6.99703e-08
-4.26631e-07
-8.22511e-08
-3.88448e-07
-9.2871e-08
-3.46593e-07
-1.02051e-07
-3.01597e-07
-1.09972e-07
-2.53962e-07
-1.16758e-07
-2.04164e-07
-1.22469e-07
-1.52658e-07
-1.27103e-07
-9.9889e-08
-1.30615e-07
-4.62966e-08
-1.32943e-07
7.67682e-09
-1.34031e-07
6.1587e-08
-1.3385e-07
1.1499e-07
-1.32405e-07
1.67445e-07
-1.29734e-07
2.18511e-07
-1.25897e-07
2.67741e-07
-1.20953e-07
3.14675e-07
-1.14939e-07
3.5883e-07
-1.07839e-07
3.99695e-07
-9.95751e-08
4.36735e-07
-9.00052e-08
4.69409e-07
-7.89362e-08
4.97194e-07
-6.61374e-08
5.19624e-07
-5.13527e-08
5.3633e-07
-3.4315e-08
5.4703e-07
-1.47527e-08
5.51259e-07
7.65863e-09
5.47651e-07
3.3374e-08
5.33492e-07
6.25934e-08
5.05576e-07
9.40601e-08
4.61736e-07
1.24249e-07
4.02433e-07
1.48457e-07
3.31698e-07
1.6278e-07
2.55226e-07
1.66363e-07
1.77519e-07
1.62509e-07
1.00837e-07
1.56029e-07
2.54483e-08
1.5094e-07
-4.95365e-08
1.495e-07
-1.2529e-07
1.52259e-07
-2.02433e-07
1.58147e-07
-2.80136e-07
1.64315e-07
-3.55403e-07
1.66324e-07
-4.23162e-07
1.59554e-07
-4.77861e-07
1.41762e-07
-5.16584e-07
1.15192e-07
-5.39869e-07
8.41146e-08
-5.50386e-07
5.31098e-08
-5.51338e-07
2.4987e-08
-5.45035e-07
3.93159e-10
-5.3247e-07
-2.1051e-08
-5.13995e-07
-3.9762e-08
-4.89907e-07
-5.60397e-08
-4.60608e-07
-7.01539e-08
-4.26583e-07
-8.23703e-08
-3.88365e-07
-9.29385e-08
-3.46491e-07
-1.02079e-07
-3.01489e-07
-1.0997e-07
-2.53858e-07
-1.16734e-07
-2.04072e-07
-1.22429e-07
-1.52585e-07
-1.27052e-07
-9.98375e-08
-1.30557e-07
-4.62695e-08
-1.3288e-07
-1.33967e-07
6.43792e-08
-1.90133e-07
1.20077e-07
-1.8804e-07
1.74559e-07
-1.8416e-07
2.27265e-07
-1.78554e-07
2.77637e-07
-1.71288e-07
3.25124e-07
-1.62406e-07
3.69187e-07
-1.51906e-07
4.0931e-07
-1.39734e-07
4.45008e-07
-1.25783e-07
4.75842e-07
-1.09905e-07
5.01426e-07
-9.19236e-08
5.21437e-07
-7.16484e-08
5.35617e-07
-4.88731e-08
5.43733e-07
-2.33546e-08
5.45529e-07
5.25505e-09
5.40719e-07
3.74376e-08
5.28988e-07
7.34483e-08
5.09417e-07
1.12703e-07
4.79102e-07
1.53734e-07
4.33521e-07
1.93461e-07
3.70608e-07
2.25481e-07
2.93532e-07
2.4354e-07
2.08755e-07
2.47546e-07
1.21216e-07
2.43823e-07
3.31282e-08
2.39168e-07
-5.49788e-08
2.37582e-07
-1.43007e-07
2.40107e-07
-2.30132e-07
2.45001e-07
-3.1352e-07
2.47471e-07
-3.87585e-07
2.40365e-07
-4.46189e-07
2.18477e-07
-4.87536e-07
1.83772e-07
-5.14693e-07
1.43225e-07
-5.32071e-07
1.02422e-07
-5.41962e-07
6.38456e-08
-5.45019e-07
2.87513e-08
-5.41534e-07
-2.51857e-09
-5.31792e-07
-3.03378e-08
-5.16038e-07
-5.51638e-08
-4.94506e-07
-7.73096e-08
-4.67473e-07
-9.70035e-08
-4.35278e-07
-1.14446e-07
-3.98323e-07
-1.29826e-07
-3.57063e-07
-1.43311e-07
-3.11994e-07
-1.55042e-07
-2.6364e-07
-1.65111e-07
-2.12548e-07
-1.73561e-07
-1.59272e-07
-1.80379e-07
-1.04373e-07
-1.85513e-07
-4.84168e-08
-1.88899e-07
8.02936e-09
-1.90477e-07
6.43942e-08
-1.90215e-07
1.20107e-07
-1.88118e-07
1.74602e-07
-1.84228e-07
2.27314e-07
-1.78609e-07
2.77683e-07
-1.71323e-07
3.25158e-07
-1.62413e-07
3.69196e-07
-1.51877e-07
4.0928e-07
-1.39659e-07
4.44925e-07
-1.2565e-07
4.7569e-07
-1.09701e-07
5.01189e-07
-9.16365e-08
5.21101e-07
-7.12651e-08
5.35167e-07
-4.83811e-08
5.43156e-07
-2.2741e-08
5.44807e-07
6.00675e-09
5.39837e-07
3.83441e-08
5.27924e-07
7.45069e-08
5.08106e-07
1.13878e-07
4.77396e-07
1.54958e-07
4.3128e-07
1.94573e-07
3.67843e-07
2.26218e-07
2.90435e-07
2.43771e-07
2.05531e-07
2.47412e-07
1.17975e-07
2.43586e-07
2.98943e-08
2.39021e-07
-5.82148e-08
2.37609e-07
-1.46249e-07
2.40293e-07
-2.33336e-07
2.45234e-07
-3.16547e-07
2.47526e-07
-3.90213e-07
2.3999e-07
-4.48269e-07
2.1761e-07
-4.89109e-07
1.82602e-07
-5.15919e-07
1.42002e-07
-5.33077e-07
1.01272e-07
-5.42793e-07
6.28258e-08
-5.45694e-07
2.78877e-08
-5.42069e-07
-3.23118e-09
-5.32203e-07
-3.09175e-08
-5.16339e-07
-5.56258e-08
-4.94712e-07
-7.76667e-08
-4.67598e-07
-9.72679e-08
-4.35337e-07
-1.14631e-07
-3.98333e-07
-1.29943e-07
-3.57037e-07
-1.43374e-07
-3.11946e-07
-1.55061e-07
-2.63583e-07
-1.65097e-07
-2.1249e-07
-1.73522e-07
-1.59221e-07
-1.80321e-07
-1.04336e-07
-1.85443e-07
-4.83958e-08
-1.8882e-07
-1.90395e-07
6.49235e-08
-2.46954e-07
1.20989e-07
-2.44106e-07
1.75643e-07
-2.38814e-07
2.28244e-07
-2.31155e-07
2.78168e-07
-2.21212e-07
3.24817e-07
-2.09055e-07
3.67629e-07
-1.94718e-07
4.06089e-07
-1.78193e-07
4.39734e-07
-1.59428e-07
4.68162e-07
-1.38333e-07
4.91026e-07
-1.14788e-07
5.08032e-07
-8.86543e-08
5.18931e-07
-5.97725e-08
5.23523e-07
-2.79463e-08
5.217e-07
7.07802e-09
5.13556e-07
4.55813e-08
4.99359e-07
8.76462e-08
4.79159e-07
1.32902e-07
4.52326e-07
1.80567e-07
4.16756e-07
2.29032e-07
3.67672e-07
2.74565e-07
3.01003e-07
3.10209e-07
2.1922e-07
3.29328e-07
1.29066e-07
3.33978e-07
3.55012e-08
3.32732e-07
-5.88041e-08
3.31887e-07
-1.51815e-07
3.33117e-07
-2.40434e-07
3.3362e-07
-3.19007e-07
3.26044e-07
-3.81181e-07
3.02539e-07
-4.26293e-07
2.63588e-07
-4.59301e-07
2.1678e-07
-4.84308e-07
1.68232e-07
-5.02924e-07
1.21037e-07
-5.15565e-07
7.64865e-08
-5.22076e-07
3.52626e-08
-5.22212e-07
-2.3826e-09
-5.15938e-07
-3.66113e-08
-5.03395e-07
-6.77069e-08
-4.84798e-07
-9.59066e-08
-4.60408e-07
-1.21394e-07
-4.30532e-07
-1.44322e-07
-3.95533e-07
-1.64824e-07
-3.55832e-07
-1.83012e-07
-3.11907e-07
-1.98967e-07
-2.64289e-07
-2.1273e-07
-2.13552e-07
-2.24298e-07
-1.60306e-07
-2.33625e-07
-1.05181e-07
-2.40638e-07
-4.88268e-08
-2.45254e-07
8.0978e-09
-2.47402e-07
6.49277e-08
-2.47045e-07
1.20999e-07
-2.44189e-07
1.75655e-07
-2.38884e-07
2.28251e-07
-2.31205e-07
2.78162e-07
-2.21233e-07
3.24786e-07
-2.09038e-07
3.67562e-07
-1.94653e-07
4.05971e-07
-1.78069e-07
4.39553e-07
-1.59232e-07
4.67903e-07
-1.38051e-07
4.90674e-07
-1.14408e-07
5.07573e-07
-8.81642e-08
5.18352e-07
-5.916e-08
5.2281e-07
-2.71996e-08
5.20846e-07
7.97109e-09
5.1256e-07
4.663e-08
4.9822e-07
8.88468e-08
4.77864e-07
1.34235e-07
4.50827e-07
1.81996e-07
4.14929e-07
2.3047e-07
3.65317e-07
2.7583e-07
2.98076e-07
3.11012e-07
2.15922e-07
3.29567e-07
1.25607e-07
3.33901e-07
3.19927e-08
3.32635e-07
-6.23053e-08
3.31907e-07
-1.55243e-07
3.33231e-07
-2.43652e-07
3.33643e-07
-3.21781e-07
3.25656e-07
-3.83369e-07
3.01578e-07
-4.28005e-07
2.62245e-07
-4.60732e-07
2.15329e-07
-4.85553e-07
1.66823e-07
-5.04018e-07
1.19737e-07
-5.16517e-07
7.53251e-08
-5.22885e-07
3.42561e-08
-5.22881e-07
-3.23527e-09
-5.16478e-07
-3.73212e-08
-5.03817e-07
-6.82862e-08
-4.85117e-07
-9.63671e-08
-4.60637e-07
-1.21748e-07
-4.30686e-07
-1.44582e-07
-3.95627e-07
-1.65002e-07
-3.5588e-07
-1.83121e-07
-3.11921e-07
-1.99019e-07
-2.64281e-07
-2.12737e-07
-2.13533e-07
-2.2427e-07
-1.60283e-07
-2.33571e-07
-1.05161e-07
-2.40564e-07
-4.88137e-08
-2.45168e-07
-2.4731e-07
6.36867e-08
-3.02691e-07
1.18595e-07
-2.99014e-07
1.71959e-07
-2.92178e-07
2.23087e-07
-2.82283e-07
2.71317e-07
-2.69442e-07
3.16028e-07
-2.53766e-07
3.56652e-07
-2.35342e-07
3.92682e-07
-2.14223e-07
4.23678e-07
-1.90425e-07
4.49267e-07
-1.63922e-07
4.69139e-07
-1.34659e-07
4.8304e-07
-1.02555e-07
4.90769e-07
-6.75022e-08
4.92195e-07
-2.93718e-08
4.87293e-07
1.19801e-08
4.76214e-07
5.66598e-08
4.59273e-07
1.04588e-07
4.36812e-07
1.55363e-07
4.09088e-07
2.08291e-07
3.75811e-07
2.62308e-07
3.34878e-07
3.15498e-07
2.81447e-07
3.6364e-07
2.1128e-07
3.99495e-07
1.2699e-07
4.18268e-07
3.52646e-08
4.24458e-07
-5.82806e-08
4.25433e-07
-1.4873e-07
4.23567e-07
-2.3007e-07
4.14959e-07
-2.9598e-07
3.91954e-07
-3.45693e-07
3.52252e-07
-3.84331e-07
3.02226e-07
-4.16076e-07
2.48526e-07
-4.42447e-07
1.94603e-07
-4.63501e-07
1.42092e-07
-4.78946e-07
9.19307e-08
-4.88431e-07
4.47484e-08
-4.91677e-07
8.6249e-10
-4.88579e-07
-3.9709e-08
-4.79196e-07
-7.709e-08
-4.63681e-07
-1.11422e-07
-4.42248e-07
-1.42826e-07
-4.15168e-07
-1.71403e-07
-3.82766e-07
-1.97226e-07
-3.45437e-07
-2.20342e-07
-3.03638e-07
-2.40765e-07
-2.57897e-07
-2.58471e-07
-2.08799e-07
-2.73396e-07
-1.56979e-07
-2.85445e-07
-1.03111e-07
-2.94506e-07
-4.78965e-08
-3.00468e-07
7.94362e-09
-3.03242e-07
6.36798e-08
-3.02781e-07
1.18584e-07
-2.99094e-07
1.7194e-07
-2.9224e-07
2.23053e-07
-2.82318e-07
2.71259e-07
-2.69439e-07
3.15936e-07
-2.53715e-07
3.56514e-07
-2.35231e-07
3.92486e-07
-2.1404e-07
4.23411e-07
-1.90157e-07
4.48916e-07
-1.63555e-07
4.6869e-07
-1.34182e-07
4.8248e-07
-1.01954e-07
4.90087e-07
-6.67675e-08
4.91381e-07
-2.8493e-08
4.86341e-07
1.3011e-08
4.75125e-07
5.7846e-08
4.5805e-07
1.05922e-07
4.35459e-07
1.56826e-07
4.07601e-07
2.09854e-07
3.7415e-07
2.63921e-07
3.32914e-07
3.17066e-07
2.78971e-07
3.64954e-07
2.08249e-07
4.00288e-07
1.23607e-07
4.18544e-07
3.17428e-08
4.24499e-07
-6.17803e-08
4.2543e-07
-1.52037e-07
4.23488e-07
-2.32953e-07
4.14559e-07
-2.98292e-07
3.90994e-07
-3.4755e-07
3.50836e-07
-3.85932e-07
3.00627e-07
-4.17521e-07
2.46918e-07
-4.43761e-07
1.93063e-07
-4.64684e-07
1.4066e-07
-4.79993e-07
9.06343e-08
-4.8934e-07
4.36034e-08
-4.92448e-07
-1.27445e-10
-4.8922e-07
-4.05491e-08
-4.79717e-07
-7.77889e-08
-4.64095e-07
-1.1199e-07
-4.42568e-07
-1.43275e-07
-4.15406e-07
-1.71744e-07
-3.82936e-07
-1.97472e-07
-3.45551e-07
-2.20507e-07
-3.0371e-07
-2.40861e-07
-2.57937e-07
-2.5851e-07
-2.08818e-07
-2.7339e-07
-1.56984e-07
-2.85404e-07
-1.03109e-07
-2.9444e-07
-4.78916e-08
-3.00385e-07
-3.03151e-07
6.09918e-08
-3.56069e-07
1.13497e-07
-3.51519e-07
1.64384e-07
-3.43065e-07
2.12933e-07
-3.30832e-07
2.58468e-07
-3.14977e-07
3.00365e-07
-2.95663e-07
3.38065e-07
-2.73041e-07
3.71078e-07
-2.47236e-07
3.9899e-07
-2.18337e-07
4.21462e-07
-1.86394e-07
4.38222e-07
-1.51419e-07
4.49062e-07
-1.13395e-07
4.5384e-07
-7.22805e-08
4.52492e-07
-2.80233e-08
4.4506e-07
1.94124e-08
4.31728e-07
6.99914e-08
4.1281e-07
1.23506e-07
3.88675e-07
1.79498e-07
3.59702e-07
2.37264e-07
3.26176e-07
2.95835e-07
2.87825e-07
3.53849e-07
2.4247e-07
4.08995e-07
1.8546e-07
4.56505e-07
1.14021e-07
4.89707e-07
3.20664e-08
5.06412e-07
-5.28481e-08
5.10347e-07
-1.32829e-07
5.03548e-07
-2.00764e-07
4.82895e-07
-2.54369e-07
4.45559e-07
-2.97587e-07
3.9547e-07
-3.34602e-07
3.39241e-07
-3.6696e-07
2.80883e-07
-3.94711e-07
2.22355e-07
-4.17523e-07
1.64903e-07
-4.35016e-07
1.09423e-07
-4.46827e-07
5.65595e-08
-4.52671e-07
6.70636e-09
-4.52401e-07
-3.99789e-08
-4.46005e-07
-8.34856e-08
-4.33571e-07
-1.23856e-07
-4.15259e-07
-1.61138e-07
-3.91293e-07
-1.95368e-07
-3.61965e-07
-2.26554e-07
-3.27634e-07
-2.54672e-07
-2.88738e-07
-2.79662e-07
-2.45785e-07
-3.01424e-07
-1.99356e-07
-3.19825e-07
-1.50093e-07
-3.34708e-07
-9.86878e-08
-3.45912e-07
-4.58692e-08
-3.53287e-07
7.60726e-09
-3.56718e-07
6.09744e-08
-3.56148e-07
1.13467e-07
-3.51587e-07
1.64336e-07
-3.4311e-07
2.12862e-07
-3.30843e-07
2.58365e-07
-3.14942e-07
3.0022e-07
-2.9557e-07
3.37867e-07
-2.72878e-07
3.70816e-07
-2.46989e-07
3.98653e-07
-2.17993e-07
4.21037e-07
-1.8594e-07
4.37697e-07
-1.50842e-07
4.48427e-07
-1.12684e-07
4.53086e-07
-7.1426e-08
4.5161e-07
-2.70172e-08
4.44047e-07
2.05744e-08
4.30585e-07
7.13076e-08
4.11541e-07
1.24966e-07
3.87285e-07
1.81082e-07
3.58196e-07
2.38942e-07
3.24551e-07
2.97566e-07
2.86041e-07
3.55576e-07
2.40394e-07
4.10602e-07
1.8291e-07
4.57772e-07
1.11014e-07
4.9044e-07
2.88299e-08
5.06683e-07
-5.60463e-08
5.10306e-07
-1.35722e-07
5.03164e-07
-2.03168e-07
4.82004e-07
-2.56341e-07
4.44168e-07
-2.99314e-07
3.9381e-07
-3.36189e-07
3.37502e-07
-3.68431e-07
2.79159e-07
-3.96065e-07
2.20697e-07
-4.18754e-07
1.63349e-07
-4.36119e-07
1.07999e-07
-4.47799e-07
5.52833e-08
-4.53512e-07
5.58547e-09
-4.53116e-07
-4.09451e-08
-4.46602e-07
-8.43024e-08
-4.3406e-07
-1.24531e-07
-4.15652e-07
-1.61683e-07
-3.91601e-07
-1.95794e-07
-3.62199e-07
-2.26874e-07
-3.27808e-07
-2.54898e-07
-2.88861e-07
-2.79808e-07
-2.45869e-07
-3.01502e-07
-1.9941e-07
-3.19848e-07
-1.50125e-07
-3.34689e-07
-9.87029e-08
-3.45862e-07
-4.58723e-08
-3.53216e-07
-3.56638e-07
5.71173e-08
-4.06055e-07
1.06215e-07
-4.00617e-07
1.53668e-07
-3.90517e-07
1.98752e-07
-3.75917e-07
2.40795e-07
-3.5702e-07
2.79185e-07
-3.34053e-07
3.13383e-07
-3.07239e-07
3.42929e-07
-2.76782e-07
3.67442e-07
-2.4285e-07
3.86622e-07
-2.05573e-07
4.00242e-07
-1.6504e-07
4.0815e-07
-1.21302e-07
4.1026e-07
-7.4391e-08
4.06571e-07
-2.43343e-08
3.97177e-07
2.88068e-08
3.82284e-07
8.48837e-08
3.62204e-07
1.43586e-07
3.37311e-07
2.04391e-07
3.08015e-07
2.6656e-07
2.7472e-07
3.2913e-07
2.37692e-07
3.90877e-07
1.96569e-07
4.50117e-07
1.49225e-07
5.03849e-07
9.23296e-08
5.46602e-07
2.61942e-08
5.72548e-07
-4.30518e-08
5.79593e-07
-1.07259e-07
5.67755e-07
-1.6155e-07
5.37185e-07
-2.07002e-07
4.91012e-07
-2.4697e-07
4.35438e-07
-2.83042e-07
3.75313e-07
-3.15334e-07
3.13175e-07
-3.43524e-07
2.50545e-07
-3.672e-07
1.88579e-07
-3.85957e-07
1.2818e-07
-3.99433e-07
7.00359e-08
-4.07342e-07
1.46148e-08
-4.09504e-07
-3.78165e-08
-4.05853e-07
-8.71368e-08
-3.96414e-07
-1.33295e-07
-3.81288e-07
-1.76264e-07
-3.6065e-07
-2.16006e-07
-3.34747e-07
-2.52458e-07
-3.039e-07
-2.85519e-07
-2.68514e-07
-3.15048e-07
-2.29072e-07
-3.40866e-07
-1.86135e-07
-3.62761e-07
-1.40336e-07
-3.80508e-07
-9.23635e-08
-3.93884e-07
-4.29549e-08
-4.02695e-07
7.12359e-09
-4.06797e-07
5.70908e-08
-4.06115e-07
1.06168e-07
-4.00664e-07
1.53595e-07
-3.90537e-07
1.98649e-07
-3.75896e-07
2.40653e-07
-3.56947e-07
2.78996e-07
-3.33913e-07
3.13137e-07
-3.07019e-07
3.42615e-07
-2.76468e-07
3.6705e-07
-2.42429e-07
3.86142e-07
-2.05032e-07
3.99666e-07
-1.64366e-07
4.07466e-07
-1.20485e-07
4.09463e-07
-7.34227e-08
4.05655e-07
-2.32091e-08
3.96139e-07
3.009e-08
3.81127e-07
8.63197e-08
3.60932e-07
1.45161e-07
3.35929e-07
2.06084e-07
3.06531e-07
2.68341e-07
2.73138e-07
3.30959e-07
2.36009e-07
3.92705e-07
1.94741e-07
4.5187e-07
1.47132e-07
5.05381e-07
8.98803e-08
5.47691e-07
2.351e-08
5.73053e-07
-4.56934e-08
5.79509e-07
-1.09608e-07
5.67078e-07
-1.63551e-07
5.35947e-07
-2.08778e-07
4.89395e-07
-2.4862e-07
4.33651e-07
-2.84594e-07
3.73476e-07
-3.16788e-07
3.11353e-07
-3.44874e-07
2.48783e-07
-3.68438e-07
1.86913e-07
-3.87078e-07
1.26639e-07
-4.00433e-07
6.86387e-08
-4.0822e-07
1.33724e-08
-4.10264e-07
-3.89011e-08
-4.06501e-07
-8.80661e-08
-3.96956e-07
-1.34076e-07
-3.81735e-07
-1.76905e-07
-3.61012e-07
-2.16517e-07
-3.35033e-07
-2.52852e-07
-3.04121e-07
-2.8581e-07
-2.6868e-07
-3.15249e-07
-2.29192e-07
-3.4099e-07
-1.86219e-07
-3.62822e-07
-1.4039e-07
-3.80518e-07
-9.2394e-08
-3.93858e-07
-4.29652e-08
-4.02644e-07
-4.06735e-07
5.22895e-08
-4.51814e-07
9.71692e-08
-4.45497e-07
1.4042e-07
-4.33769e-07
1.81334e-07
-4.16831e-07
2.19257e-07
-3.94943e-07
2.53604e-07
-3.68399e-07
2.83866e-07
-3.37502e-07
3.09621e-07
-3.02537e-07
3.30531e-07
-2.6376e-07
3.46341e-07
-2.21383e-07
3.56876e-07
-1.75575e-07
3.62038e-07
-1.26464e-07
3.61803e-07
-7.41558e-08
3.56226e-07
-1.87574e-08
3.45449e-07
3.95831e-08
3.2971e-07
1.00623e-07
3.09327e-07
1.63969e-07
2.84684e-07
2.29033e-07
2.56216e-07
2.95029e-07
2.2439e-07
3.60956e-07
1.89681e-07
4.25586e-07
1.52444e-07
4.87354e-07
1.12422e-07
5.43872e-07
6.82432e-08
5.90781e-07
1.9248e-08
6.21543e-07
-3.15954e-08
6.30437e-07
-7.95036e-08
6.15663e-07
-1.22481e-07
5.80162e-07
-1.61705e-07
5.30236e-07
-1.98303e-07
4.72036e-07
-2.32307e-07
4.09317e-07
-2.63304e-07
3.44172e-07
-2.90819e-07
2.7806e-07
-3.14387e-07
2.12148e-07
-3.33588e-07
1.47381e-07
-3.48053e-07
8.45e-08
-3.57479e-07
2.40409e-08
-3.61654e-07
-3.36408e-08
-3.6046e-07
-8.83307e-08
-3.53863e-07
-1.39893e-07
-3.41905e-07
-1.88222e-07
-3.24707e-07
-2.33204e-07
-3.02464e-07
-2.747e-07
-2.75455e-07
-3.12528e-07
-2.44041e-07
-3.46462e-07
-2.08671e-07
-3.76236e-07
-1.69876e-07
-4.01556e-07
-1.28263e-07
-4.22121e-07
-8.45048e-08
-4.37643e-07
-3.9324e-08
-4.47876e-07
6.52093e-09
-4.52642e-07
5.22555e-08
-4.5185e-07
9.71078e-08
-4.45516e-07
1.40328e-07
-4.33757e-07
1.81205e-07
-4.16774e-07
2.19085e-07
-3.94826e-07
2.5338e-07
-3.68208e-07
2.83583e-07
-3.37222e-07
3.09271e-07
-3.02155e-07
3.30103e-07
-2.63262e-07
3.45828e-07
-2.20756e-07
3.5627e-07
-1.74808e-07
3.61332e-07
-1.25547e-07
3.60992e-07
-7.30826e-08
3.55308e-07
-1.75244e-08
3.44423e-07
4.09745e-08
3.28578e-07
1.02165e-07
3.08094e-07
1.65645e-07
2.83358e-07
2.3082e-07
2.54804e-07
2.96894e-07
2.22903e-07
3.6286e-07
1.88128e-07
4.2748e-07
1.50824e-07
4.89174e-07
1.10699e-07
5.45506e-07
6.63551e-08
5.92035e-07
1.72252e-08
6.22183e-07
-3.35919e-08
6.30327e-07
-8.13404e-08
6.14827e-07
-1.24167e-07
5.78773e-07
-1.63303e-07
5.28531e-07
-1.99836e-07
4.70185e-07
-2.33772e-07
4.07412e-07
-2.64691e-07
3.42272e-07
-2.92118e-07
2.7621e-07
-3.1559e-07
2.10386e-07
-3.34689e-07
1.45737e-07
-3.49045e-07
8.29956e-08
-3.58363e-07
2.26895e-08
-3.6243e-07
-3.48332e-08
-3.61132e-07
-8.93641e-08
-3.54436e-07
-1.40772e-07
-3.42387e-07
-1.88954e-07
-3.25105e-07
-2.33799e-07
-3.02788e-07
-2.7517e-07
-2.75712e-07
-3.12886e-07
-2.4424e-07
-3.4672e-07
-2.08821e-07
-3.76409e-07
-1.69985e-07
-4.01658e-07
-1.28337e-07
-4.22166e-07
-8.4548e-08
-4.37646e-07
-3.93404e-08
-4.47852e-07
-4.52605e-07
4.66939e-08
-4.92677e-07
8.67048e-08
-4.85508e-07
1.25143e-07
-4.72207e-07
1.6133e-07
-4.53017e-07
1.94645e-07
-4.28258e-07
2.24541e-07
-3.98296e-07
2.50553e-07
-3.63514e-07
2.72302e-07
-3.24286e-07
2.89499e-07
-2.80957e-07
3.01941e-07
-2.33825e-07
3.09507e-07
-1.83141e-07
3.12156e-07
-1.29113e-07
3.09923e-07
-7.19228e-08
3.0292e-07
-1.17544e-08
2.91338e-07
5.1165e-08
2.7545e-07
1.16512e-07
2.55601e-07
1.83818e-07
2.32202e-07
2.52432e-07
2.05724e-07
3.21507e-07
1.76701e-07
3.89979e-07
1.45744e-07
4.56543e-07
1.13535e-07
5.19563e-07
8.06805e-08
5.76726e-07
4.72992e-08
6.24162e-07
1.30958e-08
6.55746e-07
-2.14971e-08
6.6503e-07
-5.54854e-08
6.49652e-07
-8.87e-08
6.13377e-07
-1.21418e-07
5.62953e-07
-1.53361e-07
5.03979e-07
-1.83873e-07
4.39828e-07
-2.12283e-07
3.72583e-07
-2.38003e-07
3.0378e-07
-2.60513e-07
2.34658e-07
-2.79359e-07
1.66227e-07
-2.94145e-07
9.92858e-08
-3.04542e-07
3.44383e-08
-3.10299e-07
-2.78842e-08
-3.11244e-07
-8.73855e-08
-3.07286e-07
-1.43851e-07
-2.98411e-07
-1.97097e-07
-2.84679e-07
-2.46936e-07
-2.66235e-07
-2.93145e-07
-2.43305e-07
-3.35458e-07
-2.16204e-07
-3.73563e-07
-1.85335e-07
-4.07105e-07
-1.51188e-07
-4.35702e-07
-1.14335e-07
-4.58975e-07
-7.54123e-08
-4.76565e-07
-3.51161e-08
-4.88172e-07
5.82247e-09
-4.9358e-07
4.66543e-08
-4.92682e-07
8.66329e-08
-4.85495e-07
1.25036e-07
-4.7216e-07
1.61182e-07
-4.5292e-07
1.94451e-07
-4.28095e-07
2.24295e-07
-3.98052e-07
2.50247e-07
-3.63175e-07
2.7193e-07
-3.23837e-07
2.89053e-07
-2.80385e-07
3.01415e-07
-2.33118e-07
3.08895e-07
-1.82288e-07
3.11454e-07
-1.28106e-07
3.09128e-07
-7.07567e-08
3.02031e-07
-1.04276e-08
2.90357e-07
5.26487e-08
2.7438e-07
1.18142e-07
2.5445e-07
1.85576e-07
2.30977e-07
2.54293e-07
2.04437e-07
3.23435e-07
1.75365e-07
3.91932e-07
1.44375e-07
4.5847e-07
1.12153e-07
5.21396e-07
7.92943e-08
5.78365e-07
4.58957e-08
6.25434e-07
1.16674e-08
6.56411e-07
-2.292e-08
6.64914e-07
-5.68813e-08
6.48788e-07
-9.0084e-08
6.11976e-07
-1.22796e-07
5.61243e-07
-1.54721e-07
5.0211e-07
-1.85195e-07
4.37886e-07
-2.13553e-07
3.70629e-07
-2.39207e-07
3.01864e-07
-2.61641e-07
2.3282e-07
-2.80402e-07
1.64499e-07
-2.95098e-07
9.76913e-08
-3.05402e-07
3.29934e-08
-3.11064e-07
-2.91709e-08
-3.11916e-07
-8.85118e-08
-3.07869e-07
-1.44819e-07
-2.98908e-07
-1.97914e-07
-2.85098e-07
-2.4761e-07
-2.66581e-07
-2.93687e-07
-2.43586e-07
-3.35881e-07
-2.16426e-07
-3.7388e-07
-1.85506e-07
-4.07329e-07
-1.51315e-07
-4.35849e-07
-1.14422e-07
-4.5906e-07
-7.54653e-08
-4.76603e-07
-3.51373e-08
-4.8818e-07
-4.93574e-07
4.04797e-08
-5.281e-07
7.51002e-08
-5.20128e-07
1.08239e-07
-5.05346e-07
1.39262e-07
-4.84041e-07
1.67597e-07
-4.56593e-07
1.92744e-07
-4.23443e-07
2.1429e-07
-3.85059e-07
2.31907e-07
-3.41904e-07
2.45359e-07
-2.9441e-07
2.54499e-07
-2.42965e-07
2.59261e-07
-1.87903e-07
2.59661e-07
-1.29513e-07
2.55792e-07
-6.80532e-08
2.47819e-07
-3.78138e-09
2.35983e-07
6.3001e-08
2.20597e-07
1.31898e-07
2.02043e-07
2.02372e-07
1.80766e-07
2.73709e-07
1.5728e-07
3.44993e-07
1.3218e-07
4.1508e-07
1.0616e-07
4.82563e-07
8.00471e-08
5.45677e-07
5.47375e-08
6.02035e-07
3.0879e-08
6.48021e-07
8.35988e-09
6.78265e-07
-1.37187e-08
6.87108e-07
-3.65076e-08
6.7244e-07
-6.0747e-08
6.37616e-07
-8.63255e-08
5.88532e-07
-1.12484e-07
5.30138e-07
-1.38325e-07
4.65669e-07
-1.63057e-07
3.97315e-07
-1.86011e-07
3.26734e-07
-2.06616e-07
2.55263e-07
-2.24374e-07
1.83985e-07
-2.38857e-07
1.13769e-07
-2.49699e-07
4.52804e-08
-2.56605e-07
-2.09782e-08
-2.59353e-07
-8.4637e-08
-2.57797e-07
-1.45407e-07
-2.51864e-07
-2.03031e-07
-2.4156e-07
-2.5724e-07
-2.26971e-07
-3.07733e-07
-2.0827e-07
-3.54159e-07
-1.8572e-07
-3.96114e-07
-1.59671e-07
-4.33154e-07
-1.30563e-07
-4.6481e-07
-9.89178e-08
-4.9062e-07
-6.53281e-08
-5.10154e-07
-3.04437e-08
-5.23057e-07
5.04686e-09
-5.29071e-07
4.04366e-08
-5.28071e-07
7.50217e-08
-5.2008e-07
1.08123e-07
-5.05261e-07
1.39104e-07
-4.83901e-07
1.67392e-07
-4.56383e-07
1.92487e-07
-4.23147e-07
2.13974e-07
-3.84662e-07
2.31528e-07
-3.41391e-07
2.44913e-07
-2.93769e-07
2.53979e-07
-2.42184e-07
2.58665e-07
-1.86974e-07
2.58987e-07
-1.28428e-07
2.55038e-07
-6.68081e-08
2.46988e-07
-2.37698e-09
2.35078e-07
6.45588e-08
2.19624e-07
1.33596e-07
2.0101e-07
2.0419e-07
1.79684e-07
2.75619e-07
1.56162e-07
3.46957e-07
1.31042e-07
4.17052e-07
1.05025e-07
4.84487e-07
7.89393e-08
5.47482e-07
5.36827e-08
6.03622e-07
2.98842e-08
6.49232e-07
7.40156e-09
6.78894e-07
-1.46834e-08
6.86999e-07
-3.75181e-08
6.71623e-07
-6.18184e-08
6.36276e-07
-8.74434e-08
5.86868e-07
-1.13622e-07
5.28288e-07
-1.39458e-07
4.63723e-07
-1.64166e-07
3.95337e-07
-1.8708e-07
3.24778e-07
-2.07631e-07
2.53372e-07
-2.25327e-07
1.82194e-07
-2.39739e-07
1.12104e-07
-2.50506e-07
4.37599e-08
-2.57333e-07
-2.23435e-08
-2.60002e-07
-8.58428e-08
-2.58367e-07
-1.46454e-07
-2.52358e-07
-2.03923e-07
-2.41981e-07
-2.57986e-07
-2.27325e-07
-3.08343e-07
-2.08562e-07
-3.54644e-07
-1.85955e-07
-3.96487e-07
-1.59855e-07
-4.33429e-07
-1.30701e-07
-4.65003e-07
-9.90149e-08
-4.90746e-07
-6.53877e-08
-5.1023e-07
-3.04683e-08
-5.23099e-07
-5.29098e-07
3.37667e-08
-5.57649e-07
6.25784e-08
-5.4894e-07
9.00326e-08
-5.328e-07
1.15554e-07
-5.09562e-07
1.38627e-07
-4.79666e-07
1.58813e-07
-4.43629e-07
1.75756e-07
-4.02002e-07
1.89186e-07
-3.55334e-07
1.98923e-07
-3.04147e-07
2.04876e-07
-2.48917e-07
2.07034e-07
-1.90061e-07
2.05468e-07
-1.27947e-07
2.00322e-07
-6.29077e-08
1.91814e-07
4.7263e-09
1.80231e-07
7.45844e-08
1.65925e-07
1.46204e-07
1.49311e-07
2.18985e-07
1.30867e-07
2.92153e-07
1.11136e-07
3.64723e-07
9.07431e-08
4.35473e-07
7.04058e-08
5.029e-07
5.09496e-08
5.65133e-07
3.32464e-08
6.19739e-07
1.79163e-08
6.63351e-07
4.72582e-09
6.91456e-07
-7.73881e-09
6.99573e-07
-2.13709e-08
6.86073e-07
-3.73104e-08
6.53556e-07
-5.5519e-08
6.0674e-07
-7.5265e-08
5.49884e-07
-9.56726e-08
4.86077e-07
-1.15942e-07
4.17585e-07
-1.3538e-07
3.46172e-07
-1.53384e-07
2.73266e-07
-1.69427e-07
2.00029e-07
-1.83048e-07
1.27389e-07
-1.93846e-07
5.60788e-08
-2.01485e-07
-1.33389e-08
-2.05696e-07
-8.04259e-08
-2.06281e-07
-1.44823e-07
-2.03112e-07
-2.06199e-07
-1.96142e-07
-2.6421e-07
-1.85402e-07
-3.18474e-07
-1.71008e-07
-3.68553e-07
-1.53165e-07
-4.13957e-07
-1.32167e-07
-4.54152e-07
-1.08394e-07
-4.88583e-07
-8.23088e-08
-5.16705e-07
-5.44461e-08
-5.38017e-07
-2.53967e-08
-5.52106e-07
4.20903e-09
-5.58677e-07
3.37222e-08
-5.57585e-07
6.24971e-08
-5.48855e-07
8.99123e-08
-5.32676e-07
1.15391e-07
-5.0938e-07
1.38419e-07
-4.79411e-07
1.58556e-07
-4.43284e-07
1.75444e-07
-4.01551e-07
1.88816e-07
-3.54764e-07
1.98493e-07
-3.03446e-07
2.04381e-07
-2.48073e-07
2.06474e-07
-1.89067e-07
2.04843e-07
-1.26797e-07
1.99634e-07
-6.15993e-08
1.91067e-07
6.19041e-09
1.79429e-07
7.61961e-08
1.65077e-07
1.47948e-07
1.48427e-07
2.2084e-07
1.29959e-07
2.94086e-07
1.1022e-07
3.66695e-07
8.9837e-08
4.37435e-07
6.95322e-08
5.04792e-07
5.01344e-08
5.6688e-07
3.25146e-08
6.21242e-07
1.72747e-08
6.64472e-07
4.14144e-09
6.92027e-07
-8.33357e-09
6.99474e-07
-2.20368e-08
6.85326e-07
-3.80677e-08
6.52307e-07
-5.63533e-08
6.05154e-07
-7.615e-08
5.48084e-07
-9.6583e-08
4.84156e-07
-1.16857e-07
4.15611e-07
-1.36281e-07
3.44202e-07
-1.54258e-07
2.71348e-07
-1.70261e-07
1.98198e-07
-1.83833e-07
1.25676e-07
-1.94575e-07
5.45021e-08
-2.02153e-07
-1.47657e-08
-2.063e-07
-8.16962e-08
-2.06818e-07
-1.45936e-07
-2.03585e-07
-2.07157e-07
-1.96551e-07
-2.6502e-07
-1.8575e-07
-3.19144e-07
-1.71299e-07
-3.69095e-07
-1.53402e-07
-4.14383e-07
-1.32355e-07
-4.54476e-07
-1.08537e-07
-4.88821e-07
-8.24103e-08
-5.16872e-07
-5.45091e-08
-5.38132e-07
-2.54232e-08
-5.52185e-07
-5.58739e-07
2.66509e-08
-5.80971e-07
4.93181e-08
-5.71607e-07
7.07829e-08
-5.54265e-07
9.05406e-08
-5.29319e-07
1.08147e-07
-4.97272e-07
1.23228e-07
-4.58711e-07
1.35494e-07
-4.14267e-07
1.44737e-07
-3.64576e-07
1.50835e-07
-3.10245e-07
1.5375e-07
-2.51832e-07
1.53525e-07
-1.89836e-07
1.50281e-07
-1.24702e-07
1.44208e-07
-5.68356e-08
1.35569e-07
1.33656e-08
1.24688e-07
8.54659e-08
1.11948e-07
1.58943e-07
9.77905e-08
2.33143e-07
8.27082e-08
3.07235e-07
6.7252e-08
3.80179e-07
5.20339e-08
4.50691e-07
3.77305e-08
5.17203e-07
2.50668e-08
5.77796e-07
1.47323e-08
6.30073e-07
7.10673e-09
6.70976e-07
1.75447e-09
6.96808e-07
-2.84717e-09
7.04174e-07
-8.66186e-09
6.91887e-07
-1.69602e-08
6.61854e-07
-2.79248e-08
6.17705e-07
-4.10572e-08
5.63016e-07
-5.56429e-08
5.00663e-07
-7.09647e-08
4.32906e-07
-8.63617e-08
3.61569e-07
-1.01238e-07
2.88142e-07
-1.15056e-07
2.13847e-07
-1.27337e-07
1.3967e-07
-1.37654e-07
6.63957e-08
-1.45637e-07
-5.35606e-09
-1.50977e-07
-7.5086e-08
-1.5343e-07
-1.42369e-07
-1.52824e-07
-2.06805e-07
-1.49058e-07
-2.67976e-07
-1.42111e-07
-3.25421e-07
-1.32043e-07
-3.78621e-07
-1.19e-07
-4.27e-07
-1.03212e-07
-4.6994e-07
-8.49953e-08
-5.068e-07
-6.4744e-08
-5.36956e-07
-4.29214e-08
-5.5984e-07
-2.00472e-08
-5.7498e-07
3.32095e-09
-5.82045e-07
2.66069e-08
-5.80871e-07
4.92377e-08
-5.71485e-07
7.06643e-08
-5.54102e-07
9.03816e-08
-5.29098e-07
1.07945e-07
-4.96974e-07
1.22981e-07
-4.5832e-07
1.35198e-07
-4.13768e-07
1.4439e-07
-3.63955e-07
1.50435e-07
-3.09491e-07
1.53297e-07
-2.50935e-07
1.5302e-07
-1.8879e-07
1.49725e-07
-1.23502e-07
1.43607e-07
-5.54807e-08
1.34926e-07
1.48706e-08
1.24012e-07
8.71109e-08
1.11249e-07
1.60711e-07
9.70788e-08
2.3501e-07
8.19983e-08
3.09167e-07
6.65597e-08
3.82134e-07
5.13778e-08
4.52617e-07
3.71314e-08
5.19038e-07
2.45469e-08
5.79464e-07
1.43093e-08
6.31479e-07
6.78001e-09
6.72001e-07
1.48658e-09
6.97321e-07
-3.12566e-09
7.04086e-07
-9.01406e-09
6.91214e-07
-1.74119e-08
6.60705e-07
-2.84694e-08
6.16211e-07
-4.16746e-08
5.6129e-07
-5.63111e-08
4.98792e-07
-7.16634e-08
4.30963e-07
-8.70732e-08
3.59612e-07
-1.01947e-07
2.86221e-07
-1.15749e-07
2.12001e-07
-1.28003e-07
1.37929e-07
-1.38284e-07
6.4783e-08
-1.46224e-07
-6.82583e-09
-1.51516e-07
-7.64045e-08
-1.53918e-07
-1.43534e-07
-1.53258e-07
-2.07817e-07
-1.49439e-07
-2.68839e-07
-1.42439e-07
-3.26144e-07
-1.32321e-07
-3.79214e-07
-1.19229e-07
-4.27475e-07
-1.03396e-07
-4.7031e-07
-8.51366e-08
-5.0708e-07
-6.48452e-08
-5.37164e-07
-4.29849e-08
-5.59992e-07
-2.00743e-08
-5.75096e-07
-5.82143e-07
1.92104e-08
-5.97781e-07
3.54652e-08
-5.87862e-07
5.07014e-08
-5.69501e-07
6.44972e-08
-5.43115e-07
7.64878e-08
-5.09263e-07
8.63761e-08
-4.68599e-07
9.394e-08
-4.21831e-07
9.90366e-08
-3.69673e-07
1.01602e-07
-3.12811e-07
1.01652e-07
-2.51881e-07
9.92757e-08
-1.87461e-07
9.46373e-08
-1.20064e-07
8.79672e-08
-5.01655e-08
7.95593e-08
2.17735e-08
6.97658e-08
9.52595e-08
5.89896e-08
1.6972e-07
4.76793e-08
2.44453e-07
3.6325e-08
3.1859e-07
2.54559e-08
3.91048e-07
1.56353e-08
4.60512e-07
7.44778e-09
5.25391e-07
1.46279e-09
5.83781e-07
-1.86579e-09
6.33402e-07
-2.43291e-09
6.71543e-07
-8.4529e-10
6.9522e-07
1.42944e-09
7.019e-07
2.58713e-09
6.9073e-07
1.35561e-09
6.63085e-07
-2.66145e-09
6.21722e-07
-9.24005e-09
5.69595e-07
-1.78817e-08
5.09304e-07
-2.8007e-08
4.43032e-07
-3.90343e-08
3.72596e-07
-5.0408e-08
2.99516e-07
-6.16081e-08
2.25047e-07
-7.21542e-08
1.50216e-07
-8.16086e-08
7.58501e-08
-8.95804e-08
2.61572e-09
-9.57315e-08
-6.8935e-08
-9.97835e-08
-1.38317e-07
-1.01523e-07
-2.05066e-07
-1.00806e-07
-2.68693e-07
-9.75616e-08
-3.28665e-07
-9.1796e-08
-3.84386e-07
-8.35947e-08
-4.35202e-07
-7.31229e-08
-4.80411e-07
-6.06242e-08
-5.19298e-07
-4.6416e-08
-5.51164e-07
-3.08807e-08
-5.75375e-07
-1.44539e-08
-5.91407e-07
2.39236e-09
-5.98891e-07
1.91688e-08
-5.97647e-07
3.5389e-08
-5.87705e-07
5.05894e-08
-5.69303e-07
6.4348e-08
-5.42856e-07
7.62998e-08
-5.08926e-07
8.61477e-08
-4.68168e-07
9.367e-08
-4.2129e-07
9.87241e-08
-3.69009e-07
1.01247e-07
-3.12014e-07
1.01256e-07
-2.50943e-07
9.8841e-08
-1.86375e-07
9.41679e-08
-1.18829e-07
8.74687e-08
-4.87815e-08
7.90392e-08
2.33001e-08
6.92332e-08
9.69168e-08
5.84556e-08
1.71489e-07
4.71563e-08
2.46309e-07
3.58274e-08
3.20496e-07
2.49994e-08
3.92962e-07
1.52369e-08
4.6238e-07
7.12503e-09
5.2715e-07
1.23181e-09
5.85357e-07
-1.99574e-09
6.34707e-07
-2.4705e-09
6.72476e-07
-8.29203e-10
6.95679e-07
1.43596e-09
7.01821e-07
2.52563e-09
6.90125e-07
1.1966e-09
6.62034e-07
-2.92007e-09
6.20328e-07
-9.5862e-09
5.67956e-07
-1.82985e-08
5.07504e-07
-2.84769e-08
4.41141e-07
-3.95405e-08
3.70676e-07
-5.09352e-08
2.97616e-07
-6.21424e-08
2.23208e-07
-7.26836e-08
1.48471e-07
-8.21225e-08
7.42219e-08
-9.007e-08
1.12172e-09
-9.61899e-08
-7.02847e-08
-1.00206e-07
-1.39518e-07
-1.01905e-07
-2.06117e-07
-1.01146e-07
-2.69599e-07
-9.78587e-08
-3.29431e-07
-9.20505e-08
-3.85022e-07
-8.38074e-08
-4.35718e-07
-7.32952e-08
-4.80822e-07
-6.07579e-08
-5.19617e-07
-4.65126e-08
-5.51409e-07
-3.09417e-08
-5.75563e-07
-1.44804e-08
-5.91557e-07
-5.99023e-07
1.15118e-08
-6.07855e-07
2.11432e-08
-5.97493e-07
2.99664e-08
-5.78324e-07
3.7654e-08
-5.50803e-07
4.39296e-08
-5.15538e-07
4.85783e-08
-4.73248e-07
5.14522e-08
-4.24705e-07
5.24735e-08
-3.70694e-07
5.16361e-08
-3.11973e-07
4.90036e-08
-2.49249e-07
4.47084e-08
-1.83165e-07
3.89481e-08
-1.14304e-07
3.19816e-08
-4.3199e-08
2.41247e-08
2.96304e-08
1.57425e-08
1.03642e-07
7.24154e-09
1.78221e-07
-9.3819e-10
2.52633e-07
-8.33084e-09
3.25982e-07
-1.44538e-08
3.97171e-07
-1.88214e-08
4.64879e-07
-2.09694e-08
5.27539e-07
-2.05048e-08
5.83317e-07
-1.72058e-08
6.30103e-07
-1.12066e-08
6.65544e-07
-3.23206e-09
6.87246e-07
5.35173e-09
6.93316e-07
1.29392e-08
6.83142e-07
1.8306e-08
6.57719e-07
2.08932e-08
6.19135e-07
2.06782e-08
5.6981e-07
1.79393e-08
5.12043e-07
1.30945e-08
4.47876e-07
6.617e-09
3.79074e-07
-1.00647e-09
3.0714e-07
-9.29615e-09
2.33337e-07
-1.77916e-08
1.58712e-07
-2.60604e-08
8.41188e-08
-3.37053e-08
1.02607e-08
-4.03728e-08
-6.22675e-08
-4.57612e-08
-1.32929e-07
-4.96269e-08
-2.012e-07
-5.17891e-08
-2.66531e-07
-5.21335e-08
-3.28321e-07
-5.06151e-08
-3.85905e-07
-4.72596e-08
-4.38557e-07
-4.21641e-08
-4.85507e-07
-3.54957e-08
-5.25967e-07
-2.74873e-08
-5.59173e-07
-1.8431e-08
-5.84431e-07
-8.66685e-09
-6.01171e-07
1.43154e-09
-6.08989e-07
1.14743e-08
-6.0769e-07
2.10742e-08
-5.97305e-07
2.98654e-08
-5.78094e-07
3.75203e-08
-5.50511e-07
4.37627e-08
-5.15168e-07
4.83778e-08
-4.72783e-07
5.1218e-08
-4.24131e-07
5.22065e-08
-3.69998e-07
5.13379e-08
-3.11146e-07
4.8677e-08
-2.48283e-07
4.43574e-08
-1.82056e-07
3.85784e-08
-1.1305e-07
3.16004e-08
-4.18035e-08
2.37408e-08
3.11597e-08
1.53664e-08
1.05291e-07
6.88497e-09
1.79971e-07
-1.26221e-09
2.54456e-07
-8.60832e-09
3.27842e-07
-1.46701e-08
3.99024e-07
-1.8962e-08
4.66672e-07
-2.10209e-08
5.29209e-07
-2.04574e-08
5.84794e-07
-1.70581e-08
6.31307e-07
-1.09735e-08
6.66391e-07
-2.95168e-09
6.87658e-07
5.62377e-09
6.93246e-07
1.31506e-08
6.82598e-07
1.84255e-08
6.56759e-07
2.09115e-08
6.17842e-07
2.05998e-08
5.68267e-07
1.77754e-08
5.10329e-07
1.28591e-08
4.46058e-07
6.32466e-09
3.7721e-07
-1.34119e-09
3.05282e-07
-9.65948e-09
2.31526e-07
-1.81708e-08
1.56982e-07
-2.6444e-08
8.24951e-08
-3.40834e-08
8.76114e-09
-4.0737e-08
-6.36311e-08
-4.61046e-08
-1.3415e-07
-4.99443e-08
-2.02277e-07
-5.20768e-08
-2.67466e-07
-5.23891e-08
-3.29119e-07
-5.08372e-08
-3.86574e-07
-4.74477e-08
-4.39107e-07
-4.23183e-08
-4.85951e-07
-3.56165e-08
-5.26319e-07
-2.75755e-08
-5.5945e-07
-1.84872e-08
-5.84651e-07
-8.69154e-09
-6.01353e-07
-6.09153e-07
3.61509e-09
-6.11019e-07
6.4632e-09
-6.00341e-07
8.73837e-09
-5.80599e-07
1.02169e-08
-5.52281e-07
1.07193e-08
-5.16041e-07
1.0118e-08
-4.72647e-07
8.34245e-09
-4.2293e-07
5.38104e-09
-3.67733e-07
1.2824e-09
-3.07874e-07
-3.84519e-09
-2.44121e-07
-9.83498e-09
-1.77176e-07
-1.64639e-08
-1.07675e-07
-2.3456e-08
-3.6207e-08
-3.0487e-08
3.66614e-08
-3.71932e-08
1.10348e-07
-4.31805e-08
1.84208e-07
-4.80346e-08
2.57487e-07
-5.13326e-08
3.2928e-07
-5.26577e-08
3.98496e-07
-5.16197e-08
4.63841e-07
-4.78871e-08
5.23806e-07
-4.12406e-08
5.7667e-07
-3.16638e-08
6.20526e-07
-1.94787e-08
6.53359e-07
-5.4847e-09
6.73252e-07
9.05137e-09
6.7878e-07
2.26961e-08
6.69497e-07
3.42832e-08
6.46132e-07
4.31412e-08
6.10277e-07
4.90476e-08
5.63903e-07
5.2081e-08
5.0901e-07
5.24954e-08
4.47462e-07
5.06413e-08
3.80928e-07
4.69182e-08
3.10863e-07
4.17461e-08
2.38509e-07
3.55475e-08
1.6491e-07
2.87327e-08
9.09336e-08
2.16894e-08
1.7304e-08
1.47724e-08
-5.53505e-08
8.29421e-09
-1.26451e-07
2.51766e-09
-1.95423e-07
-2.3486e-09
-2.61665e-07
-6.15302e-09
-3.24516e-07
-8.80307e-09
-3.83255e-07
-1.02663e-08
-4.37094e-07
-1.05705e-08
-4.85203e-07
-9.8023e-09
-5.26735e-07
-8.10418e-09
-5.60871e-07
-5.66891e-09
-5.86867e-07
-2.73086e-09
-6.04109e-07
4.45937e-10
-6.12166e-07
3.58291e-09
-6.10827e-07
6.40394e-09
-6.00126e-07
8.65203e-09
-5.80342e-07
1.01036e-08
-5.51963e-07
1.05793e-08
-5.15644e-07
9.95222e-09
-4.72156e-07
8.15212e-09
-4.22331e-07
5.1683e-09
-3.67014e-07
1.05033e-09
-3.07028e-07
-4.09235e-09
-2.4314e-07
-1.00917e-08
-1.76056e-07
-1.67233e-08
-1.06418e-07
-2.37094e-08
-3.48174e-08
-3.07247e-08
3.8175e-08
-3.74041e-08
1.11971e-07
-4.33524e-08
1.85919e-07
-4.81546e-08
2.59258e-07
-5.13876e-08
3.31075e-07
-5.26348e-08
4.00271e-07
-5.15073e-08
4.65544e-07
-4.76762e-08
5.25378e-07
-4.09273e-08
5.78045e-07
-3.12531e-08
6.21633e-07
-1.89897e-08
6.54128e-07
-4.95401e-09
6.73622e-07
9.57479e-09
6.78717e-07
2.31656e-08
6.69007e-07
3.46671e-08
6.45258e-07
4.34249e-08
6.09084e-07
4.92293e-08
5.62463e-07
5.21664e-08
5.07392e-07
5.24944e-08
4.4573e-07
5.05661e-08
3.79139e-07
4.67817e-08
3.09066e-07
4.15615e-08
2.36747e-07
3.53275e-08
1.63216e-07
2.84893e-08
8.93333e-08
2.14333e-08
1.58171e-08
1.45132e-08
-5.6711e-08
8.03996e-09
-1.27677e-07
2.27492e-09
-1.96512e-07
-2.57465e-09
-2.62617e-07
-6.35848e-09
-3.25335e-07
-8.98516e-09
-3.83947e-07
-1.04232e-08
-4.37669e-07
-1.0701e-08
-4.85673e-07
-9.90582e-09
-5.27114e-07
-8.18052e-09
-5.61175e-07
-5.71803e-09
-5.87114e-07
-2.75284e-09
-6.04318e-07
-6.12357e-07
-4.42121e-09
-6.07151e-07
-8.46612e-09
-5.96296e-07
-1.28269e-08
-5.76239e-07
-1.76149e-08
-5.47493e-07
-2.29062e-08
-5.10749e-07
-2.87362e-08
-4.66817e-07
-3.50964e-08
-4.16569e-07
-4.19327e-08
-3.60897e-07
-4.91442e-08
-3.00663e-07
-5.65834e-08
-2.36682e-07
-6.40563e-08
-1.69703e-07
-7.13241e-08
-1.00407e-07
-7.81049e-08
-2.94262e-08
-8.40792e-08
4.26357e-08
-8.88988e-08
1.15167e-07
-9.21971e-08
1.87506e-07
-9.36009e-08
2.58891e-07
-9.27452e-08
3.28425e-07
-8.92922e-08
3.95043e-07
-8.29562e-08
4.57505e-07
-7.3539e-08
5.14389e-07
-6.09817e-08
5.64113e-07
-4.54399e-08
6.04984e-07
-2.73773e-08
6.35297e-07
-7.63903e-09
6.53514e-07
1.25898e-08
6.58551e-07
3.2008e-08
6.50079e-07
4.95017e-08
6.28638e-07
6.4324e-08
5.95455e-07
7.60973e-08
5.5213e-07
8.47282e-08
5.00379e-07
9.03166e-08
4.41874e-07
9.30868e-08
3.78158e-07
9.33406e-08
3.10609e-07
9.14247e-08
2.40425e-07
8.77082e-08
1.68627e-07
8.25641e-08
9.60777e-08
7.63556e-08
2.35125e-08
6.94248e-08
-4.84197e-08
6.20823e-08
-1.19108e-07
5.45994e-08
-1.8794e-07
4.72036e-08
-2.54269e-07
4.0077e-08
-3.1739e-07
3.3355e-08
-3.76533e-07
2.71261e-08
-4.30865e-07
2.14321e-08
-4.79509e-07
1.62695e-08
-5.21572e-07
1.15914e-08
-5.56193e-07
7.31151e-09
-5.82587e-07
3.31007e-09
-6.00108e-07
-5.57151e-10
-6.08299e-07
-4.44685e-09
-6.06937e-07
-8.51356e-09
-5.9606e-07
-1.28956e-08
-5.7596e-07
-1.7704e-08
-5.47154e-07
-2.30144e-08
-5.10333e-07
-2.88617e-08
-4.66308e-07
-3.52366e-08
-4.15956e-07
-4.20842e-08
-3.60167e-07
-4.93027e-08
-2.99809e-07
-5.67434e-08
-2.35699e-07
-6.42111e-08
-1.68589e-07
-7.14655e-08
-9.91637e-08
-7.82236e-08
-2.80593e-08
-8.41647e-08
4.41161e-08
-8.89397e-08
1.16746e-07
-9.21812e-08
1.8916e-07
-9.35161e-08
2.60593e-07
-9.25795e-08
3.30139e-07
-8.90351e-08
3.96727e-07
-8.25991e-08
4.59108e-07
-7.30771e-08
5.15856e-07
-6.0416e-08
5.65384e-07
-4.47802e-08
6.05997e-07
-2.66455e-08
6.35993e-07
-6.87012e-09
6.53846e-07
1.33522e-08
6.58494e-07
3.2722e-08
6.49637e-07
5.01359e-08
6.27844e-07
6.48603e-08
5.9436e-07
7.65287e-08
5.50795e-07
8.50556e-08
4.98865e-07
9.0546e-08
4.40239e-07
9.32275e-08
3.76457e-07
9.34037e-08
3.0889e-07
9.14224e-08
2.38728e-07
8.76527e-08
1.66986e-07
8.24673e-08
9.45187e-08
7.62288e-08
2.20556e-08
6.92782e-08
-4.97605e-08
6.1925e-08
-1.20324e-07
5.44389e-08
-1.89026e-07
4.70465e-08
-2.55224e-07
3.99283e-08
-3.18217e-07
3.32189e-08
-3.77238e-07
2.70056e-08
-4.31456e-07
2.13297e-08
-4.79997e-07
1.61867e-08
-5.21972e-07
1.15295e-08
-5.56518e-07
7.27109e-09
-5.82855e-07
3.29157e-09
-6.00339e-07
-6.08511e-07
-1.25349e-08
-5.96185e-07
-2.353e-08
-5.85301e-07
-3.45652e-08
-5.65203e-07
-4.56326e-08
-5.36426e-07
-5.66999e-08
-4.99682e-07
-6.77072e-08
-4.5581e-07
-7.85658e-08
-4.05711e-07
-8.9157e-08
-3.50305e-07
-9.93309e-08
-2.90489e-07
-1.08906e-07
-2.27107e-07
-1.17669e-07
-1.6094e-07
-1.25373e-07
-9.2703e-08
-1.31741e-07
-2.30576e-08
-1.36472e-07
4.73662e-08
-1.39245e-07
1.1794e-07
-1.39733e-07
1.87995e-07
-1.37619e-07
2.56777e-07
-1.32605e-07
3.23411e-07
-1.24441e-07
3.8688e-07
-1.12949e-07
4.46013e-07
-9.80586e-08
4.99498e-07
-7.9853e-08
5.45907e-07
-5.86292e-08
5.8376e-07
-3.49567e-08
6.11624e-07
-9.70886e-09
6.28266e-07
1.59918e-08
6.3285e-07
4.0941e-08
6.2513e-07
6.40672e-08
6.05512e-07
8.45724e-08
5.74949e-07
1.0196e-07
5.34742e-07
1.15994e-07
4.86346e-07
1.26633e-07
4.31235e-07
1.33978e-07
3.70812e-07
1.3823e-07
3.06357e-07
1.39652e-07
2.39002e-07
1.3855e-07
1.6973e-07
1.35244e-07
9.93833e-08
1.30062e-07
2.86949e-08
1.23319e-07
-4.1677e-08
1.15313e-07
-1.11102e-07
1.06313e-07
-1.7894e-07
9.65565e-08
-2.44513e-07
8.62503e-08
-3.07083e-07
7.55674e-08
-3.6585e-07
6.46496e-08
-4.19947e-07
5.36081e-08
-4.68467e-07
4.25239e-08
-5.10488e-07
3.14495e-08
-5.45118e-07
2.04106e-08
-5.71548e-07
9.4094e-09
-5.89107e-07
-1.57e-09
-5.9732e-07
-1.25532e-08
-5.95954e-07
-2.35641e-08
-5.85049e-07
-3.4614e-08
-5.6491e-07
-4.56947e-08
-5.36074e-07
-5.6773e-08
-4.99255e-07
-6.77884e-08
-4.55293e-07
-7.86515e-08
-4.05092e-07
-8.92425e-08
-3.49576e-07
-9.94108e-08
-2.89641e-07
-1.08974e-07
-2.26136e-07
-1.17716e-07
-1.59846e-07
-1.25392e-07
-9.14886e-08
-1.31721e-07
-2.17294e-08
-1.36402e-07
4.8797e-08
-1.39114e-07
1.19457e-07
-1.3953e-07
1.89577e-07
-1.37332e-07
2.58395e-07
-1.32224e-07
3.25031e-07
-1.23958e-07
3.8846e-07
-1.12358e-07
4.47508e-07
-9.73583e-08
5.00856e-07
-7.90489e-08
5.47074e-07
-5.77346e-08
5.84683e-07
-3.39952e-08
6.12254e-07
-8.71371e-09
6.28565e-07
1.69811e-08
6.328e-07
4.18862e-08
6.24732e-07
6.49375e-08
6.04793e-07
8.53474e-08
5.7395e-07
1.02629e-07
5.33513e-07
1.16553e-07
4.84941e-07
1.27085e-07
4.29707e-07
1.3433e-07
3.69212e-07
1.38491e-07
3.04729e-07
1.39833e-07
2.37386e-07
1.3866e-07
1.68158e-07
1.35297e-07
9.7882e-08
1.30068e-07
2.72844e-08
1.2329e-07
-4.29819e-08
1.15257e-07
-1.12292e-07
1.0624e-07
-1.80008e-07
9.64733e-08
-2.45458e-07
8.61631e-08
-3.07907e-07
7.54816e-08
-3.66556e-07
6.45695e-08
-4.20544e-07
5.3537e-08
-4.68965e-07
4.24645e-08
-5.10899e-07
3.14039e-08
-5.45457e-07
2.03801e-08
-5.71832e-07
9.39494e-09
-5.89353e-07
-5.97548e-07
-2.06563e-08
-5.78112e-07
-3.85998e-08
-5.67358e-07
-5.62931e-08
-5.4751e-07
-7.36044e-08
-5.19114e-07
-9.03891e-08
-4.82897e-07
-1.06491e-07
-4.39708e-07
-1.2174e-07
-3.90462e-07
-1.35955e-07
-3.3609e-07
-1.48941e-07
-2.77503e-07
-1.60488e-07
-2.15561e-07
-1.70367e-07
-1.51061e-07
-1.78334e-07
-8.47359e-08
-1.84127e-07
-1.72646e-08
-1.8747e-07
5.07095e-08
-1.88083e-07
1.18553e-07
-1.85692e-07
1.85603e-07
-1.80039e-07
2.51124e-07
-1.70906e-07
3.14278e-07
-1.58134e-07
3.74108e-07
-1.41651e-07
4.2953e-07
-1.21505e-07
4.79353e-07
-9.79065e-08
5.22308e-07
-7.12656e-08
5.57119e-07
-4.22321e-08
5.82591e-07
-1.1697e-08
5.97731e-07
1.92636e-08
6.0189e-07
4.95154e-08
5.94878e-07
7.80193e-08
5.77008e-07
1.03942e-07
5.49026e-07
1.26697e-07
5.11987e-07
1.45927e-07
4.67116e-07
1.61466e-07
4.15696e-07
1.733e-07
3.58978e-07
1.81526e-07
2.98131e-07
1.86321e-07
2.34208e-07
1.87914e-07
1.68137e-07
1.86568e-07
1.00729e-07
1.82561e-07
3.2702e-08
1.76173e-07
-3.52888e-08
1.67676e-07
-1.02606e-07
1.5733e-07
-1.68594e-07
1.45375e-07
-2.32558e-07
1.32034e-07
-2.93743e-07
1.17515e-07
-3.5133e-07
1.02009e-07
-4.04442e-07
8.56966e-08
-4.52154e-07
6.8743e-08
-4.93535e-07
5.13024e-08
-5.27678e-07
3.35166e-08
-5.53762e-07
1.55148e-08
-5.71105e-07
-2.58389e-09
-5.79221e-07
-2.06666e-08
-5.77871e-07
-3.86195e-08
-5.67096e-07
-5.63207e-08
-5.47209e-07
-7.36375e-08
-5.18757e-07
-9.04248e-08
-4.82468e-07
-1.06525e-07
-4.39193e-07
-1.21768e-07
-3.89849e-07
-1.35972e-07
-3.35372e-07
-1.4894e-07
-2.76673e-07
-1.6046e-07
-2.14616e-07
-1.70305e-07
-1.50001e-07
-1.78229e-07
-8.35652e-08
-1.83968e-07
-1.59904e-08
-1.87246e-07
5.20755e-08
-1.87784e-07
1.19995e-07
-1.85305e-07
1.87098e-07
-1.79555e-07
2.52645e-07
-1.70317e-07
3.15793e-07
-1.57434e-07
3.75577e-07
-1.40837e-07
4.30912e-07
-1.2058e-07
4.80599e-07
-9.68784e-08
5.23372e-07
-7.01505e-08
5.57955e-07
-4.10542e-08
5.83158e-07
-1.04882e-08
5.97999e-07
2.04671e-08
6.01844e-07
5.06781e-08
5.94521e-07
7.91113e-08
5.76359e-07
1.04942e-07
5.48119e-07
1.2759e-07
5.10864e-07
1.46707e-07
4.65824e-07
1.62133e-07
4.14282e-07
1.73857e-07
3.57488e-07
1.8198e-07
2.96606e-07
1.8668e-07
2.32686e-07
1.88189e-07
1.66649e-07
1.86771e-07
9.93008e-08
1.82702e-07
3.13533e-08
1.76262e-07
-3.65427e-08
1.67725e-07
-1.03754e-07
1.57347e-07
-1.6963e-07
1.45368e-07
-2.33479e-07
1.32011e-07
-2.9455e-07
1.17482e-07
-3.52027e-07
1.01972e-07
-4.05034e-07
8.56589e-08
-4.52652e-07
6.87087e-08
-4.93949e-07
5.12744e-08
-5.28023e-07
3.34968e-08
-5.54054e-07
1.55047e-08
-5.71361e-07
-5.7946e-07
-2.87046e-08
-5.52998e-07
-5.3527e-08
-5.42535e-07
-7.77997e-08
-5.23237e-07
-1.01264e-07
-4.9565e-07
-1.23661e-07
-4.605e-07
-1.44739e-07
-4.18631e-07
-1.64247e-07
-3.70953e-07
-1.81945e-07
-3.18393e-07
-1.97593e-07
-2.61855e-07
-2.10957e-07
-2.02197e-07
-2.21801e-07
-1.40216e-07
-2.2989e-07
-7.66476e-08
-2.34982e-07
-1.21724e-08
-2.36838e-07
5.25659e-08
-2.35226e-07
1.16941e-07
-2.2993e-07
1.80307e-07
-2.20764e-07
2.41957e-07
-2.0759e-07
3.01105e-07
-1.90344e-07
3.56861e-07
-1.69055e-07
4.08242e-07
-1.43883e-07
4.5418e-07
-1.15145e-07
4.9357e-07
-8.33461e-08
5.25321e-07
-4.91973e-08
5.48442e-07
-1.36007e-08
5.62134e-07
2.24018e-08
5.65887e-07
5.77259e-08
5.59554e-07
9.13572e-08
5.43377e-07
1.22438e-07
5.17945e-07
1.5031e-07
4.84115e-07
1.74517e-07
4.42909e-07
1.94784e-07
3.95428e-07
2.10988e-07
3.42774e-07
2.23124e-07
2.85995e-07
2.31278e-07
2.26054e-07
2.35601e-07
1.63813e-07
2.3629e-07
1.00041e-07
2.33565e-07
3.54274e-08
2.27661e-07
-2.93848e-08
2.18818e-07
-9.37637e-08
2.07278e-07
-1.57054e-07
1.93276e-07
-2.18556e-07
1.77049e-07
-2.77516e-07
1.58833e-07
-3.33114e-07
1.38868e-07
-3.84476e-07
1.17399e-07
-4.30685e-07
9.46762e-08
-4.70812e-07
7.09571e-08
-5.03959e-07
4.65002e-08
-5.29305e-07
2.15656e-08
-5.4617e-07
-3.58875e-09
-5.54067e-07
-2.87068e-08
-5.52753e-07
-5.35319e-08
-5.42271e-07
-7.78053e-08
-5.22936e-07
-1.01267e-07
-4.95295e-07
-1.23659e-07
-4.60076e-07
-1.44725e-07
-4.18126e-07
-1.64217e-07
-3.70357e-07
-1.81892e-07
-3.17698e-07
-1.97509e-07
-2.61055e-07
-2.10834e-07
-2.01291e-07
-2.21631e-07
-1.39204e-07
-2.29662e-07
-7.55347e-08
-2.34686e-07
-1.09664e-08
-2.36463e-07
5.3853e-08
-2.34762e-07
1.18293e-07
-2.29366e-07
1.81703e-07
-2.20092e-07
2.43371e-07
-2.06804e-07
3.02505e-07
-1.8944e-07
3.58212e-07
-1.68033e-07
4.09505e-07
-1.42748e-07
4.55314e-07
-1.13908e-07
4.94532e-07
-8.20252e-08
5.26073e-07
-4.7817e-08
5.48949e-07
-1.21917e-08
5.62374e-07
2.38058e-08
5.65847e-07
5.90919e-08
5.59235e-07
9.2656e-08
5.42795e-07
1.23647e-07
5.17129e-07
1.51413e-07
4.83098e-07
1.75505e-07
4.41732e-07
1.95654e-07
3.94133e-07
2.11739e-07
3.41402e-07
2.23762e-07
2.84584e-07
2.3181e-07
2.24638e-07
2.36038e-07
1.62422e-07
2.36639e-07
9.86989e-08
2.33838e-07
3.41547e-08
2.27869e-07
-3.05733e-08
2.18971e-07
-9.4857e-08
2.07386e-07
-1.58044e-07
1.93347e-07
-2.19441e-07
1.77092e-07
-2.78294e-07
1.58854e-07
-3.33789e-07
1.38874e-07
-3.85054e-07
1.17395e-07
-4.31173e-07
9.46678e-08
-4.71222e-07
7.09472e-08
-5.04302e-07
4.64917e-08
-5.29598e-07
2.15601e-08
-5.4643e-07
-5.5431e-07
-3.65864e-08
-5.20988e-07
-6.81397e-08
-5.10982e-07
-9.88403e-08
-4.92537e-07
-1.28302e-07
-4.66189e-07
-1.56154e-07
-4.32648e-07
-1.82047e-07
-3.92738e-07
-2.05655e-07
-3.47345e-07
-2.26677e-07
-2.97371e-07
-2.44835e-07
-2.43696e-07
-2.59875e-07
-1.87158e-07
-2.71556e-07
-1.28535e-07
-2.79656e-07
-6.85479e-08
-2.83962e-07
-7.86618e-09
-2.84277e-07
5.28809e-08
-2.80422e-07
1.13086e-07
-2.72245e-07
1.7213e-07
-2.59636e-07
2.29348e-07
-2.42541e-07
2.8401e-07
-2.20987e-07
3.35307e-07
-1.95103e-07
3.82357e-07
-1.65148e-07
4.24225e-07
-1.31534e-07
4.59956e-07
-9.48431e-08
4.88631e-07
-5.58329e-08
5.09431e-07
-1.54139e-08
5.21715e-07
2.53968e-08
5.25077e-07
6.5551e-08
5.194e-07
1.04052e-07
5.04875e-07
1.40024e-07
4.81973e-07
1.72754e-07
4.51385e-07
2.01702e-07
4.13961e-07
2.26497e-07
3.70633e-07
2.46914e-07
3.22357e-07
2.62853e-07
2.70057e-07
2.74308e-07
2.14599e-07
2.81349e-07
1.56772e-07
2.841e-07
9.72904e-08
2.82719e-07
3.68083e-08
2.77391e-07
-2.4057e-08
2.68318e-07
-8.4691e-08
2.55716e-07
-1.44451e-07
2.39813e-07
-2.02653e-07
2.20852e-07
-2.58555e-07
1.99098e-07
-3.11359e-07
1.74833e-07
-3.60211e-07
1.48367e-07
-4.04219e-07
1.20033e-07
-4.42479e-07
9.01893e-08
-4.74115e-07
5.92119e-08
-4.98328e-07
2.74916e-08
-5.1445e-07
-4.57288e-09
-5.22002e-07
-3.65803e-08
-5.20746e-07
-6.81297e-08
-5.10721e-07
-9.88239e-08
-4.92241e-07
-1.28276e-07
-4.65843e-07
-1.56113e-07
-4.32239e-07
-1.81986e-07
-3.92253e-07
-2.05568e-07
-3.46776e-07
-2.26555e-07
-2.9671e-07
-2.44671e-07
-2.42939e-07
-2.59659e-07
-1.86303e-07
-2.7128e-07
-1.27584e-07
-2.79308e-07
-6.75062e-08
-2.83533e-07
-6.74164e-09
-2.83756e-07
5.40763e-08
-2.798e-07
1.14337e-07
-2.71513e-07
1.73416e-07
-2.58787e-07
2.30645e-07
-2.4157e-07
2.85288e-07
-2.19892e-07
3.36534e-07
-1.93887e-07
3.83499e-07
-1.63818e-07
4.25245e-07
-1.30103e-07
4.60818e-07
-9.33317e-08
4.89301e-07
-5.4265e-08
5.09883e-07
-1.38189e-08
5.21928e-07
2.69872e-08
5.25041e-07
6.71054e-08
5.19117e-07
1.05542e-07
5.04358e-07
1.41427e-07
4.81244e-07
1.74052e-07
4.50473e-07
2.02883e-07
4.129e-07
2.27556e-07
3.69461e-07
2.47849e-07
3.21108e-07
2.63667e-07
2.68767e-07
2.75006e-07
2.13298e-07
2.81939e-07
1.55488e-07
2.84591e-07
9.60475e-08
2.83121e-07
3.56246e-08
2.77714e-07
-2.51667e-08
2.68573e-07
-8.57157e-08
2.55912e-07
-1.45384e-07
2.3996e-07
-2.03489e-07
2.20959e-07
-2.59294e-07
1.99172e-07
-3.12002e-07
1.74882e-07
-3.60764e-07
1.48397e-07
-4.04688e-07
1.2005e-07
-4.42875e-07
9.01976e-08
-4.7445e-07
5.92145e-08
-4.98615e-07
2.74907e-08
-5.14706e-07
-5.22243e-07
-4.41942e-08
-4.82322e-07
-8.22402e-08
-4.72936e-07
-1.19134e-07
-4.55643e-07
-1.54364e-07
-4.30959e-07
-1.87449e-07
-3.99562e-07
-2.17948e-07
-3.62239e-07
-2.4546e-07
-3.19833e-07
-2.69628e-07
-2.73203e-07
-2.90139e-07
-2.23185e-07
-3.0672e-07
-1.70577e-07
-3.1913e-07
-1.16124e-07
-3.27163e-07
-6.05151e-08
-3.30639e-07
-4.39074e-09
-3.29405e-07
5.16468e-08
-3.23339e-07
1.07021e-07
-3.12358e-07
1.61149e-07
-2.96427e-07
2.13417e-07
-2.75575e-07
2.63158e-07
-2.4992e-07
3.09651e-07
-2.19684e-07
3.52121e-07
-1.85215e-07
3.89757e-07
-1.47008e-07
4.21749e-07
-1.05708e-07
4.47331e-07
-6.21088e-08
4.65832e-07
-1.71282e-08
4.76734e-07
2.82344e-08
4.79714e-07
7.29554e-08
4.74679e-07
1.16051e-07
4.6178e-07
1.56631e-07
4.41393e-07
1.93937e-07
4.14079e-07
2.27363e-07
3.80536e-07
2.56451e-07
3.41545e-07
2.80886e-07
2.97922e-07
3.00473e-07
2.50469e-07
3.1512e-07
1.99952e-07
3.24815e-07
1.47077e-07
3.29605e-07
9.25002e-08
3.29586e-07
3.68274e-08
3.24887e-07
-1.93587e-08
3.1567e-07
-7.54734e-08
3.02121e-07
-1.30902e-07
2.84456e-07
-1.84989e-07
2.62926e-07
-2.37025e-07
2.37815e-07
-2.86249e-07
2.0945e-07
-3.31846e-07
1.782e-07
-3.72969e-07
1.44479e-07
-4.08758e-07
1.08741e-07
-4.38377e-07
7.14793e-08
-4.61066e-07
3.32121e-08
-4.76183e-07
-5.52283e-09
-4.83267e-07
-4.41801e-08
-4.82088e-07
-8.22157e-08
-4.72686e-07
-1.19096e-07
-4.55361e-07
-1.54309e-07
-4.30631e-07
-1.87372e-07
-3.99175e-07
-2.17841e-07
-3.61784e-07
-2.45317e-07
-3.19301e-07
-2.6944e-07
-2.72586e-07
-2.89898e-07
-2.22481e-07
-3.06416e-07
-1.69786e-07
-3.18753e-07
-1.15247e-07
-3.26702e-07
-5.95568e-08
-3.30084e-07
-3.35981e-09
-3.28747e-07
5.27389e-08
-3.22569e-07
1.0816e-07
-3.11469e-07
1.62315e-07
-2.95412e-07
2.14588e-07
-2.74432e-07
2.64308e-07
-2.48649e-07
3.10751e-07
-2.18289e-07
3.5314e-07
-1.83707e-07
3.90663e-07
-1.45401e-07
4.22512e-07
-1.04022e-07
4.47922e-07
-6.03685e-08
4.66229e-07
-1.5362e-08
4.76921e-07
2.99961e-08
4.79683e-07
7.46828e-08
4.7443e-07
1.17716e-07
4.61325e-07
1.58211e-07
4.40749e-07
1.95414e-07
4.13271e-07
2.28722e-07
3.79592e-07
2.57685e-07
3.40498e-07
2.81991e-07
2.96802e-07
3.0145e-07
2.49307e-07
3.15973e-07
1.98775e-07
3.25549e-07
1.45912e-07
3.30229e-07
9.13675e-08
3.30109e-07
3.57447e-08
3.2532e-07
-2.03773e-08
3.16021e-07
-7.64172e-08
3.02401e-07
-1.31764e-07
2.84676e-07
-1.85763e-07
2.63094e-07
-2.37712e-07
2.37941e-07
-2.86849e-07
2.09541e-07
-3.32364e-07
1.78263e-07
-3.73411e-07
1.44521e-07
-4.09132e-07
1.08767e-07
-4.38696e-07
7.14927e-08
-4.61341e-07
3.32155e-08
-4.76429e-07
-4.83499e-07
-5.14071e-08
-4.37345e-07
-9.56055e-08
-4.28738e-07
-1.38362e-07
-4.12887e-07
-1.79046e-07
-3.90275e-07
-2.17071e-07
-3.61537e-07
-2.51907e-07
-3.27403e-07
-2.83084e-07
-2.88657e-07
-3.10194e-07
-2.46093e-07
-3.32889e-07
-2.00489e-07
-3.50881e-07
-1.52586e-07
-3.63931e-07
-1.03074e-07
-3.7185e-07
-5.25962e-08
-3.74491e-07
-1.74988e-09
-3.71748e-07
4.89044e-08
-3.63559e-07
9.88315e-08
-3.49904e-07
1.47495e-07
-3.30826e-07
1.94338e-07
-3.06435e-07
2.38768e-07
-2.76934e-07
2.8015e-07
-2.4263e-07
3.17817e-07
-2.03954e-07
3.5108e-07
-1.61467e-07
3.79263e-07
-1.15869e-07
4.01733e-07
-6.79825e-08
4.17946e-07
-1.87317e-08
4.27484e-07
3.08945e-08
4.30088e-07
7.98888e-08
4.25684e-07
1.27275e-07
4.14394e-07
1.7215e-07
3.96518e-07
2.13721e-07
3.72508e-07
2.51322e-07
3.42934e-07
2.84426e-07
3.08442e-07
3.12632e-07
2.69716e-07
3.35661e-07
2.2744e-07
3.53336e-07
1.82277e-07
3.65564e-07
1.3485e-07
3.72319e-07
8.57447e-08
3.73633e-07
3.5514e-08
3.69579e-07
-1.53051e-08
3.60275e-07
-6.61694e-08
3.45879e-07
-1.16506e-07
3.26595e-07
-1.65704e-07
3.02673e-07
-2.13103e-07
2.7442e-07
-2.57996e-07
2.42202e-07
-2.99628e-07
2.06443e-07
-3.37211e-07
1.67634e-07
-3.69948e-07
1.26322e-07
-3.97065e-07
8.31084e-08
-4.17852e-07
3.8636e-08
-4.3171e-07
-6.42347e-09
-4.38208e-07
-5.13854e-08
-4.37126e-07
-9.55674e-08
-4.28504e-07
-1.38304e-07
-4.12624e-07
-1.78964e-07
-3.89971e-07
-2.16959e-07
-3.6118e-07
-2.51758e-07
-3.26985e-07
-2.82889e-07
-2.88169e-07
-3.09945e-07
-2.45531e-07
-3.32576e-07
-1.9985e-07
-3.50493e-07
-1.51868e-07
-3.63459e-07
-1.02281e-07
-3.71283e-07
-5.17326e-08
-3.7382e-07
-8.23501e-10
-3.70964e-07
4.98828e-08
-3.62652e-07
9.98481e-08
-3.4887e-07
1.48533e-07
-3.29659e-07
1.95377e-07
-3.05135e-07
2.39784e-07
-2.75503e-07
2.81119e-07
-2.41074e-07
3.18711e-07
-2.02284e-07
3.51873e-07
-1.597e-07
3.79928e-07
-1.14025e-07
4.02247e-07
-6.60856e-08
4.1829e-07
-1.681e-08
4.27646e-07
3.2812e-08
4.30061e-07
8.17733e-08
4.25469e-07
1.29099e-07
4.13999e-07
1.73891e-07
3.95958e-07
2.15359e-07
3.71803e-07
2.52843e-07
3.42108e-07
2.85819e-07
3.07522e-07
3.13893e-07
2.68728e-07
3.36788e-07
2.26412e-07
3.54331e-07
1.81232e-07
3.66432e-07
1.33812e-07
3.73068e-07
8.4732e-08
3.74269e-07
3.4543e-08
3.70113e-07
-1.62214e-08
3.60717e-07
-6.70209e-08
3.46239e-07
-1.17286e-07
3.26883e-07
-1.66407e-07
3.02899e-07
-2.13728e-07
2.74594e-07
-2.58544e-07
2.42332e-07
-3.00102e-07
2.06538e-07
-3.37617e-07
1.677e-07
-3.70294e-07
1.26364e-07
-3.97361e-07
8.31319e-08
-4.18108e-07
3.86436e-08
-4.3194e-07
-4.38425e-07
-5.80925e-08
-3.86519e-07
-1.07991e-07
-3.78839e-07
-1.56176e-07
-3.64702e-07
-2.01904e-07
-3.44547e-07
-2.44493e-07
-3.18948e-07
-2.83331e-07
-2.88565e-07
-3.17883e-07
-2.54105e-07
-3.47693e-07
-2.16282e-07
-3.72386e-07
-1.75797e-07
-3.91657e-07
-1.33315e-07
-4.05271e-07
-8.94595e-08
-4.13057e-07
-4.48108e-08
-4.14899e-07
9.22469e-11
-4.10738e-07
4.47432e-08
-4.00565e-07
8.86587e-08
-3.84427e-07
1.31358e-07
-3.62438e-07
1.72349e-07
-3.34785e-07
2.11115e-07
-3.01748e-07
2.47114e-07
-2.63713e-07
2.79781e-07
-2.2118e-07
3.08547e-07
-1.74771e-07
3.32853e-07
-1.25227e-07
3.52189e-07
-7.33953e-08
3.66115e-07
-2.02086e-08
3.74297e-07
3.33498e-08
3.76529e-07
8.62815e-08
3.72753e-07
1.37612e-07
3.63063e-07
1.86429e-07
3.47702e-07
2.31908e-07
3.27029e-07
2.73338e-07
3.01504e-07
3.10126e-07
2.71654e-07
3.41801e-07
2.3804e-07
3.68006e-07
2.01235e-07
3.88485e-07
1.61798e-07
4.03068e-07
1.20267e-07
4.11661e-07
7.71516e-08
4.14231e-07
3.29436e-08
4.10801e-07
-1.18749e-08
4.01445e-07
-5.68132e-08
3.86293e-07
-1.01354e-07
3.65534e-07
-1.44945e-07
3.39422e-07
-1.86992e-07
3.08282e-07
-2.26856e-07
2.72513e-07
-2.63858e-07
2.32594e-07
-2.97291e-07
1.89082e-07
-3.26436e-07
1.42612e-07
-3.50595e-07
9.3886e-08
-3.69126e-07
4.36637e-08
-3.81488e-07
-7.25821e-09
-3.87286e-07
-5.80638e-08
-3.86321e-07
-1.0794e-07
-3.78627e-07
-1.561e-07
-3.64465e-07
-2.01798e-07
-3.44273e-07
-2.4435e-07
-3.18628e-07
-2.83142e-07
-2.88192e-07
-3.1764e-07
-2.53671e-07
-3.47388e-07
-2.15783e-07
-3.72007e-07
-1.75231e-07
-3.91194e-07
-1.32681e-07
-4.04714e-07
-8.87609e-08
-4.12395e-07
-4.40518e-08
-4.14123e-07
9.04368e-10
-4.09839e-07
4.55988e-08
-3.99536e-07
8.95452e-08
-3.83263e-07
1.3226e-07
-3.61135e-07
1.73249e-07
-3.33344e-07
2.11993e-07
-3.00174e-07
2.47948e-07
-2.62013e-07
2.8055e-07
-2.19366e-07
3.09226e-07
-1.7286e-07
3.33422e-07
-1.23241e-07
3.52627e-07
-7.13584e-08
3.66408e-07
-1.81476e-08
3.74435e-07
3.54067e-08
3.76506e-07
8.83064e-08
3.72569e-07
1.39579e-07
3.62727e-07
1.88313e-07
3.47223e-07
2.3369e-07
3.26426e-07
2.75002e-07
3.00796e-07
3.11661e-07
2.70863e-07
3.43201e-07
2.37189e-07
3.69267e-07
2.00345e-07
3.89608e-07
1.60892e-07
4.04056e-07
1.19363e-07
4.12521e-07
7.62677e-08
4.1497e-07
3.20937e-08
4.11427e-07
-1.26789e-08
4.01969e-07
-5.75622e-08
3.86724e-07
-1.02041e-07
3.65884e-07
-1.45566e-07
3.39701e-07
-1.87545e-07
3.085e-07
-2.27343e-07
2.72679e-07
-2.64281e-07
2.32716e-07
-2.97654e-07
1.89168e-07
-3.26746e-07
1.42669e-07
-3.50861e-07
9.39188e-08
-3.69358e-07
4.3675e-08
-3.81696e-07
-3.87483e-07
-6.41094e-08
-3.30429e-07
-1.19137e-07
-3.23812e-07
-1.72203e-07
-3.11635e-07
-2.22465e-07
-2.94285e-07
-2.69153e-07
-2.7226e-07
-3.1158e-07
-2.46137e-07
-3.49157e-07
-2.16528e-07
-3.81386e-07
-1.84053e-07
-4.07863e-07
-1.4932e-07
-4.28273e-07
-1.12904e-07
-4.42384e-07
-7.53484e-08
-4.5004e-07
-3.7155e-08
-4.51156e-07
1.20763e-09
-4.45712e-07
3.92995e-08
-4.33752e-07
7.66984e-08
-4.15381e-07
1.12988e-07
-3.90779e-07
1.47746e-07
-3.60203e-07
1.80539e-07
-3.24004e-07
2.10914e-07
-2.82633e-07
2.38411e-07
-2.36651e-07
2.62565e-07
-1.8673e-07
2.82932e-07
-1.33647e-07
2.99105e-07
-7.82693e-08
3.10737e-07
-2.15379e-08
3.17566e-07
3.55639e-08
3.19428e-07
9.20403e-08
3.16276e-07
1.46916e-07
3.08188e-07
1.99266e-07
2.95352e-07
2.48242e-07
2.78052e-07
2.93094e-07
2.56653e-07
3.33177e-07
2.31571e-07
3.67956e-07
2.0326e-07
3.97007e-07
1.72184e-07
4.20003e-07
1.38803e-07
4.36705e-07
1.03564e-07
4.46956e-07
6.69014e-08
4.50664e-07
2.92356e-08
4.47803e-07
-9.01407e-09
4.38409e-07
-4.74199e-08
4.22588e-07
-8.55323e-08
4.00514e-07
-1.22871e-07
3.72444e-07
-1.58922e-07
3.38718e-07
-1.9313e-07
2.99765e-07
-2.24906e-07
2.56111e-07
-2.53637e-07
2.08375e-07
-2.787e-07
1.57269e-07
-2.99489e-07
1.03585e-07
-3.15443e-07
4.8189e-08
-3.26091e-07
-8.00945e-09
-3.31087e-07
-6.40745e-08
-3.30256e-07
-1.19075e-07
-3.23627e-07
-1.72111e-07
-3.11429e-07
-2.22337e-07
-2.94048e-07
-2.68981e-07
-2.71984e-07
-3.11357e-07
-2.45815e-07
-3.48873e-07
-2.16155e-07
-3.81031e-07
-1.83626e-07
-4.07426e-07
-1.48835e-07
-4.27744e-07
-1.12363e-07
-4.41752e-07
-7.47529e-08
-4.49295e-07
-3.65094e-08
-4.50287e-07
1.8971e-09
-4.44713e-07
4.00243e-08
-4.32615e-07
7.74477e-08
-4.14103e-07
1.13749e-07
-3.89358e-07
1.48504e-07
-3.5864e-07
1.81276e-07
-3.22305e-07
2.11613e-07
-2.80807e-07
2.39052e-07
-2.34712e-07
2.63131e-07
-1.84695e-07
2.83405e-07
-1.31537e-07
2.99469e-07
-7.61097e-08
3.10981e-07
-1.93548e-08
3.1768e-07
3.77431e-08
3.19408e-07
9.41881e-08
3.16124e-07
1.49006e-07
3.07909e-07
2.01275e-07
2.94954e-07
2.5015e-07
2.7755e-07
2.94884e-07
2.56062e-07
3.34836e-07
2.3091e-07
3.69478e-07
2.02547e-07
3.98386e-07
1.71437e-07
4.21238e-07
1.3804e-07
4.37799e-07
1.02802e-07
4.47913e-07
6.61537e-08
4.51492e-07
2.85151e-08
4.4851e-07
-9.69712e-09
4.39005e-07
-4.80575e-08
4.23082e-07
-8.61185e-08
4.00919e-07
-1.23403e-07
3.72769e-07
-1.59396e-07
3.38974e-07
-1.93547e-07
2.99963e-07
-2.25269e-07
2.56259e-07
-2.5395e-07
2.08481e-07
-2.78969e-07
1.57339e-07
-2.9972e-07
1.03627e-07
-3.15645e-07
4.82036e-08
-3.26274e-07
-3.3126e-07
-6.93139e-08
-2.69786e-07
-1.28776e-07
-2.64349e-07
-1.86063e-07
-2.54349e-07
-2.40242e-07
-2.40106e-07
-2.90468e-07
-2.22034e-07
-3.35995e-07
-2.00611e-07
-3.76182e-07
-1.76341e-07
-4.10497e-07
-1.49738e-07
-4.38514e-07
-1.21302e-07
-4.59908e-07
-9.15098e-08
-4.7445e-07
-6.08071e-08
-4.81996e-07
-2.9609e-08
-4.82486e-07
1.69816e-09
-4.75938e-07
3.27507e-08
-4.62436e-07
6.31971e-08
-4.42141e-07
9.26925e-08
-4.15287e-07
1.20892e-07
-3.82192e-07
1.47444e-07
-3.43268e-07
1.7199e-07
-2.99022e-07
1.94165e-07
-2.50066e-07
2.13609e-07
-1.9711e-07
2.29977e-07
-1.40961e-07
2.42956e-07
-8.25058e-08
2.52282e-07
-2.2693e-08
2.57753e-07
3.74906e-08
2.59244e-07
9.70475e-08
2.56719e-07
1.54998e-07
2.50238e-07
2.10406e-07
2.39943e-07
2.62404e-07
2.26055e-07
3.10207e-07
2.0885e-07
3.53128e-07
1.8865e-07
3.90582e-07
1.65806e-07
4.22085e-07
1.40681e-07
4.4725e-07
1.13637e-07
4.6578e-07
8.50346e-08
4.77458e-07
5.52229e-08
4.82146e-07
2.45481e-08
4.79774e-07
-6.64225e-09
4.70347e-07
-3.79924e-08
4.53946e-07
-6.91312e-08
4.30737e-07
-9.96628e-08
4.00977e-07
-1.29162e-07
3.65019e-07
-1.57172e-07
3.23319e-07
-1.83206e-07
2.76441e-07
-2.06759e-07
2.25057e-07
-2.27316e-07
1.69944e-07
-2.44375e-07
1.11975e-07
-2.57474e-07
5.21035e-08
-2.6622e-07
-8.65918e-09
-2.70325e-07
-6.92736e-08
-2.69641e-07
-1.28705e-07
-2.64196e-07
-1.85956e-07
-2.54178e-07
-2.40094e-07
-2.3991e-07
-2.90272e-07
-2.21807e-07
-3.35741e-07
-2.00346e-07
-3.75861e-07
-1.76035e-07
-4.10099e-07
-1.49388e-07
-4.38028e-07
-1.20906e-07
-4.59322e-07
-9.10684e-08
-4.73753e-07
-6.0322e-08
-4.81179e-07
-2.9084e-08
-4.81539e-07
2.25792e-09
-4.74853e-07
3.33381e-08
-4.61209e-07
6.38032e-08
-4.40767e-07
9.33067e-08
-4.13765e-07
1.21502e-07
-3.80526e-07
1.48037e-07
-3.41464e-07
1.7255e-07
-2.9709e-07
1.94679e-07
-2.48021e-07
2.14061e-07
-1.9497e-07
2.30354e-07
-1.38747e-07
2.43247e-07
-8.02421e-08
2.52476e-07
-2.0406e-08
2.57844e-07
3.97736e-08
2.59229e-07
9.92996e-08
2.56598e-07
1.57193e-07
2.50015e-07
2.12521e-07
2.39626e-07
2.64418e-07
2.25654e-07
3.12102e-07
2.08378e-07
3.54892e-07
1.88121e-07
3.92206e-07
1.65234e-07
4.23563e-07
1.4008e-07
4.4858e-07
1.13023e-07
4.66963e-07
8.44187e-08
4.78499e-07
5.46177e-08
4.83051e-07
2.39638e-08
4.8055e-07
-7.19704e-09
4.71004e-07
-3.85111e-08
4.54495e-07
-6.96089e-08
4.31188e-07
-1.00096e-07
4.01342e-07
-1.2955e-07
3.65309e-07
-1.57514e-07
3.23544e-07
-1.83505e-07
2.7661e-07
-2.07017e-07
2.25179e-07
-2.27537e-07
1.70026e-07
-2.44567e-07
1.12023e-07
-2.57642e-07
5.2121e-08
-2.66372e-07
-2.70468e-07
-7.35646e-08
-2.05423e-07
-1.36649e-07
-2.01265e-07
-1.9738e-07
-1.93618e-07
-2.54755e-07
-1.8273e-07
-3.07868e-07
-1.68921e-07
-3.55922e-07
-1.52557e-07
-3.98238e-07
-1.34025e-07
-4.34256e-07
-1.13721e-07
-4.63532e-07
-9.20265e-08
-4.85733e-07
-6.93082e-08
-5.00632e-07
-4.59083e-08
-5.08096e-07
-2.21447e-08
-5.08085e-07
1.68702e-09
-5.00642e-07
2.53076e-08
-4.85889e-07
4.84443e-08
-4.64027e-07
7.08309e-08
-4.35339e-07
9.22038e-08
-4.00193e-07
1.12298e-07
-3.59047e-07
1.30844e-07
-3.12457e-07
1.47574e-07
-2.61071e-07
1.62223e-07
-2.05632e-07
1.74539e-07
-1.46971e-07
1.84295e-07
-8.59884e-08
1.91299e-07
-2.36423e-08
1.95407e-07
3.90758e-08
1.96526e-07
1.01165e-07
1.9463e-07
1.61639e-07
1.89763e-07
2.19552e-07
1.8203e-07
2.7402e-07
1.71587e-07
3.24232e-07
1.58637e-07
3.69468e-07
1.43414e-07
4.09102e-07
1.26173e-07
4.42603e-07
1.0718e-07
4.69534e-07
8.67062e-08
4.89549e-07
6.50194e-08
5.02387e-07
4.23853e-08
5.07866e-07
1.90688e-08
5.05885e-07
-4.66127e-09
4.96422e-07
-2.85297e-08
4.79543e-07
-5.22517e-08
4.55404e-07
-7.55244e-08
4.24264e-07
-9.80215e-08
3.86485e-07
-1.19393e-07
3.42545e-07
-1.39266e-07
2.93037e-07
-1.57252e-07
2.38677e-07
-1.72956e-07
1.80294e-07
-1.85993e-07
1.18826e-07
-1.96007e-07
5.53009e-08
-2.02695e-07
-9.18976e-09
-2.05834e-07
-7.35198e-08
-2.05311e-07
-1.36569e-07
-2.01146e-07
-1.97261e-07
-1.93486e-07
-2.54591e-07
-1.82579e-07
-3.07651e-07
-1.68746e-07
-3.55644e-07
-1.52354e-07
-3.97888e-07
-1.33791e-07
-4.33823e-07
-1.13453e-07
-4.63004e-07
-9.17246e-08
-4.85101e-07
-6.89722e-08
-4.99883e-07
-4.55397e-08
-5.07221e-07
-2.17461e-08
-5.07074e-07
2.11141e-09
-4.99488e-07
2.57523e-08
-4.84588e-07
4.89024e-08
-4.62575e-07
7.12944e-08
-4.33737e-07
9.26635e-08
-3.98444e-07
1.12743e-07
-3.57159e-07
1.31265e-07
-3.1044e-07
1.4796e-07
-2.5894e-07
1.62562e-07
-2.03407e-07
1.74821e-07
-1.44672e-07
1.84512e-07
-8.36405e-08
1.91444e-07
-2.12714e-08
1.95475e-07
4.14428e-08
1.96514e-07
1.03501e-07
1.9454e-07
1.63919e-07
1.89597e-07
2.21753e-07
1.81793e-07
2.76119e-07
1.71287e-07
3.26213e-07
1.58284e-07
3.71317e-07
1.43017e-07
4.10809e-07
1.25742e-07
4.44161e-07
1.06728e-07
4.70941e-07
8.62426e-08
4.90805e-07
6.45543e-08
5.03495e-07
4.19276e-08
5.08833e-07
1.86263e-08
5.06718e-07
-5.08203e-09
4.9713e-07
-2.89236e-08
4.80136e-07
-5.26149e-08
4.55894e-07
-7.58545e-08
4.24662e-07
-9.83173e-08
3.86802e-07
-1.19654e-07
3.42792e-07
-1.39494e-07
2.93225e-07
-1.57449e-07
2.38813e-07
-1.73126e-07
1.80387e-07
-1.8614e-07
1.18881e-07
-1.96136e-07
5.53209e-08
-2.02812e-07
-2.05946e-07
-7.67304e-08
-1.38291e-07
-1.42511e-07
-1.35484e-07
-2.05806e-07
-1.30324e-07
-2.6556e-07
-1.22977e-07
-3.20821e-07
-1.1366e-07
-3.70756e-07
-1.02622e-07
-4.14656e-07
-9.01248e-08
-4.51942e-07
-7.64347e-08
-4.82157e-07
-6.18112e-08
-5.04964e-07
-4.65018e-08
-5.20134e-07
-3.07379e-08
-5.27544e-07
-1.47345e-08
-5.27166e-07
1.30897e-09
-5.19062e-07
1.72036e-08
-5.03381e-07
3.27625e-08
-4.80354e-07
4.7804e-08
-4.503e-07
6.21499e-08
-4.13625e-07
7.56226e-08
-3.70824e-07
8.80438e-08
-3.22486e-07
9.92359e-08
-2.69288e-07
1.09025e-07
-2.11998e-07
1.17249e-07
-1.51462e-07
1.23758e-07
-8.85915e-08
1.28429e-07
-2.4352e-08
1.31167e-07
4.02608e-08
1.31913e-07
1.04242e-07
1.3065e-07
1.66601e-07
1.27405e-07
2.26384e-07
1.22247e-07
2.82693e-07
1.15278e-07
3.34701e-07
1.06629e-07
3.81662e-07
9.64527e-08
4.2292e-07
8.49151e-08
4.57909e-07
7.21915e-08
4.86155e-07
5.84601e-08
5.07275e-07
4.38995e-08
5.20972e-07
2.86882e-08
5.27035e-07
1.30057e-08
5.25338e-07
-2.96449e-09
5.15842e-07
-1.90341e-08
4.98602e-07
-3.50108e-08
4.73767e-07
-5.06902e-08
4.41598e-07
-6.58517e-08
4.02463e-07
-8.02584e-08
3.56855e-07
-9.36581e-08
3.05392e-07
-1.05788e-07
2.48817e-07
-1.16381e-07
1.88001e-07
-1.25177e-07
1.23929e-07
-1.31934e-07
5.76822e-08
-1.36448e-07
-9.58479e-09
-1.38567e-07
-7.66819e-08
-1.38214e-07
-1.42425e-07
-1.35403e-07
-2.05678e-07
-1.30233e-07
-2.65384e-07
-1.22874e-07
-3.20589e-07
-1.13541e-07
-3.70458e-07
-1.02484e-07
-4.14282e-07
-8.99664e-08
-4.51482e-07
-7.6254e-08
-4.81598e-07
-6.16077e-08
-5.04295e-07
-4.62755e-08
-5.19345e-07
-3.04899e-08
-5.26624e-07
-1.44666e-08
-5.26107e-07
1.59387e-09
-5.17856e-07
1.75018e-08
-5.02023e-07
3.30693e-08
-4.78843e-07
4.8114e-08
-4.48636e-07
6.2457e-08
-4.11813e-07
7.592e-08
-3.68872e-07
8.83244e-08
-3.20405e-07
9.94924e-08
-2.67094e-07
1.09251e-07
-2.09709e-07
1.17436e-07
-1.491e-07
1.23902e-07
-8.61809e-08
1.28525e-07
-2.19186e-08
1.31212e-07
4.26904e-08
1.31905e-07
1.06641e-07
1.30589e-07
1.68944e-07
1.27294e-07
2.28647e-07
1.22089e-07
2.84856e-07
1.15078e-07
3.36746e-07
1.06394e-07
3.83575e-07
9.6188e-08
4.24689e-07
8.46282e-08
4.59527e-07
7.18896e-08
4.87619e-07
5.81502e-08
5.08585e-07
4.35883e-08
5.22131e-07
2.83815e-08
5.28049e-07
1.27089e-08
5.26214e-07
-3.247e-09
5.16589e-07
-1.92988e-08
4.99229e-07
-3.52553e-08
4.74288e-07
-5.09126e-08
4.42022e-07
-6.60512e-08
4.02802e-07
-8.0435e-08
3.57121e-07
-9.38126e-08
3.05593e-07
-1.05922e-07
2.48964e-07
-1.16497e-07
1.88101e-07
-1.25277e-07
1.23988e-07
-1.32023e-07
5.77042e-08
-1.36528e-07
-1.38643e-07
-7.86954e-08
-6.94391e-08
-1.46151e-07
-6.8029e-08
-2.11038e-07
-6.54362e-08
-2.7227e-07
-6.17449e-08
-3.28866e-07
-5.70639e-08
-3.79971e-07
-5.15174e-08
-4.24858e-07
-4.52376e-08
-4.62934e-07
-3.83582e-08
-4.93735e-07
-3.101e-08
-5.1692e-07
-2.33173e-08
-5.32261e-07
-1.53969e-08
-5.39638e-07
-7.35708e-09
-5.39031e-07
7.01721e-10
-5.30512e-07
8.6844e-09
-5.14245e-07
1.64956e-08
-4.90484e-07
2.40432e-08
-4.59572e-07
3.12372e-08
-4.21938e-07
3.79886e-08
-3.78102e-07
4.42084e-08
-3.28675e-07
4.98087e-08
-2.74353e-07
5.47038e-08
-2.15918e-07
5.88132e-08
-1.54225e-07
6.20646e-08
-9.01923e-08
6.43968e-08
-2.47887e-08
6.57635e-08
4.09885e-08
6.61358e-08
1.06133e-07
6.55051e-08
1.69652e-07
6.38852e-08
2.30589e-07
6.13095e-08
2.88039e-07
5.78283e-08
3.41163e-07
5.35055e-08
3.89199e-07
4.8416e-08
4.31473e-07
4.26417e-08
4.67395e-07
3.62692e-08
4.96468e-07
2.93869e-08
5.18284e-07
2.20841e-08
5.32522e-07
1.44502e-08
5.38951e-07
6.57614e-09
5.37432e-07
-1.44487e-09
5.27915e-07
-9.51703e-09
5.10447e-07
-1.75436e-08
4.85179e-07
-2.54216e-08
4.52367e-07
-3.304e-08
4.12388e-07
-4.02793e-08
3.65743e-07
-4.70127e-08
3.13063e-07
-5.31078e-08
2.55112e-07
-5.84305e-08
1.92785e-07
-6.28498e-08
1.27095e-07
-6.62448e-08
5.91601e-08
-6.85125e-08
-9.82978e-09
-6.95772e-08
-7.86441e-08
-6.93999e-08
-1.46059e-07
-6.79875e-08
-2.10902e-07
-6.53903e-08
-2.72084e-07
-6.16927e-08
-3.28621e-07
-5.70037e-08
-3.79658e-07
-5.14478e-08
-4.24467e-07
-4.51577e-08
-4.62453e-07
-3.82672e-08
-4.93154e-07
-3.09075e-08
-5.16226e-07
-2.32035e-08
-5.31443e-07
-1.52723e-08
-5.38687e-07
-7.22265e-09
-5.37938e-07
8.44602e-10
-5.2927e-07
8.83383e-09
-5.1285e-07
1.66493e-08
-4.88934e-07
2.41983e-08
-4.57868e-07
3.13907e-08
-4.20085e-07
3.81371e-08
-3.76109e-07
4.43484e-08
-3.26553e-07
4.99365e-08
-2.72119e-07
5.48161e-08
-2.13589e-07
5.89067e-08
-1.51823e-07
6.21364e-08
-8.77422e-08
6.44447e-08
-2.23159e-08
6.5786e-08
4.34575e-08
6.6132e-08
1.08572e-07
6.54752e-08
1.72036e-07
6.38302e-08
2.32894e-07
6.12311e-08
2.90243e-07
5.7729e-08
3.43249e-07
5.33882e-08
3.91153e-07
4.8284e-08
4.33282e-07
4.24985e-08
4.69054e-07
3.61184e-08
4.97972e-07
2.9232e-08
5.19632e-07
2.19283e-08
5.33717e-07
1.42966e-08
5.39998e-07
6.42737e-09
5.38338e-07
-1.58657e-09
5.28689e-07
-9.64993e-09
5.111e-07
-1.76664e-08
4.85721e-07
-2.55335e-08
4.5281e-07
-3.31405e-08
4.12743e-07
-4.03684e-08
3.66022e-07
-4.70907e-08
3.13275e-07
-5.31756e-08
2.55268e-07
-5.84891e-08
1.92891e-07
-6.29008e-08
1.27158e-07
-6.62898e-08
5.91837e-08
-6.85535e-08
-6.96162e-08
-7.93662e-08
-1.47395e-07
-2.12831e-07
-2.74576e-07
-3.3164e-07
-3.83158e-07
-4.28395e-07
-4.66753e-07
-4.97763e-07
-5.21081e-07
-5.36477e-07
-5.43835e-07
-5.43133e-07
-5.34448e-07
-5.17953e-07
-4.9391e-07
-4.62672e-07
-4.24684e-07
-3.80475e-07
-3.30667e-07
-2.75963e-07
-2.1715e-07
-1.55085e-07
-9.06882e-08
-2.49247e-08
4.12111e-08
1.06716e-07
1.70601e-07
2.31911e-07
2.89739e-07
3.43245e-07
3.91661e-07
4.34302e-07
4.70572e-07
4.99958e-07
5.22042e-07
5.36493e-07
5.43069e-07
5.41624e-07
5.32107e-07
5.14563e-07
4.89142e-07
4.56102e-07
4.15822e-07
3.6881e-07
3.15702e-07
2.57271e-07
1.94422e-07
1.28177e-07
5.96642e-08
-9.91301e-09
-7.93129e-08
-1.473e-07
-2.12691e-07
-2.74383e-07
-3.31387e-07
-3.82835e-07
-4.27993e-07
-4.6626e-07
-4.97167e-07
-5.20371e-07
-5.35643e-07
-5.42866e-07
-5.42021e-07
-5.33187e-07
-5.16538e-07
-4.9234e-07
-4.60949e-07
-4.22812e-07
-3.78464e-07
-3.28527e-07
-2.73711e-07
-2.14804e-07
-1.52668e-07
-8.82232e-08
-2.24372e-08
4.36949e-08
1.0917e-07
1.73e-07
2.34231e-07
2.9196e-07
3.45349e-07
3.93633e-07
4.36131e-07
4.72249e-07
5.01482e-07
5.2341e-07
5.37706e-07
5.44134e-07
5.42547e-07
5.32897e-07
5.15231e-07
4.89697e-07
4.56557e-07
4.16189e-07
3.69098e-07
3.15922e-07
2.57433e-07
1.94532e-07
1.28243e-07
5.9689e-08
)
;

boundaryField
{
    top
    {
        type            calculated;
        value           nonuniform List<scalar> 
102
(
-4.1359e-25
-4.1359e-25
0
0
0
0
-8.27181e-25
0
0
0
0
0
0
0
0
0
0
0
0
0
0
0
0
0
0
0
0
0
0
0
0
0
0
0
0
0
0
-1.65436e-24
0
0
0
0
0
0
0
0
0
0
0
0
0
0
0
0
0
0
0
8.27181e-25
0
0
0
0
0
1.65436e-24
-1.65436e-24
0
0
0
0
0
0
0
0
0
0
0
0
0
0
0
0
0
0
0
0
0
0
0
-1.65436e-24
0
0
0
0
0
0
0
0
0
0
0
0
-4.1359e-25
)
;
    }
    bottom
    {
        type            calculated;
        value           nonuniform List<scalar> 
102
(
0
0
0
0
0
0
0
0
0
0
0
0
0
0
0
0
0
0
0
0
0
0
0
0
0
0
0
0
0
0
0
0
0
0
0
0
0
0
0
0
0
0
0
0
0
0
0
0
0
0
0
0
0
0
0
0
0
0
0
0
0
0
0
0
0
0
0
0
0
0
0
0
0
0
0
0
0
0
0
0
0
0
0
0
0
0
0
0
0
0
0
0
0
0
0
0
0
0
0
0
0
-2.29589e-41
)
;
    }
    frontAndBack
    {
        type            empty;
        value           nonuniform 0();
    }
    left_cyc
    {
        type            cyclic;
        value           nonuniform List<scalar> 
30
(
-4.54167e-09
-6.8516e-09
-7.67832e-09
-8.03223e-09
-8.10216e-09
-7.94939e-09
-7.61427e-09
-7.13161e-09
-6.52966e-09
-5.83159e-09
-5.05605e-09
-4.21797e-09
-3.32933e-09
-2.3999e-09
-1.43798e-09
-4.51049e-10
5.53553e-10
1.56806e-09
2.58371e-09
3.59039e-09
4.57635e-09
5.5281e-09
6.43046e-09
7.2668e-09
8.01948e-09
8.67047e-09
9.20211e-09
9.59796e-09
9.84353e-09
9.92711e-09
)
;
    }
    right_cyc
    {
        type            cyclic;
        value           nonuniform List<scalar> 
30
(
4.54167e-09
6.8516e-09
7.67832e-09
8.03223e-09
8.10216e-09
7.94939e-09
7.61427e-09
7.13161e-09
6.52966e-09
5.83159e-09
5.05605e-09
4.21797e-09
3.32933e-09
2.3999e-09
1.43798e-09
4.51049e-10
-5.53553e-10
-1.56806e-09
-2.58371e-09
-3.59039e-09
-4.57635e-09
-5.5281e-09
-6.43046e-09
-7.2668e-09
-8.01948e-09
-8.67047e-09
-9.20211e-09
-9.59796e-09
-9.84353e-09
-9.92711e-09
)
;
    }
}


// ************************************************************************* //
