/*--------------------------------*- C++ -*----------------------------------*\
| =========                 |                                                 |
| \\      /  F ield         | OpenFOAM: The Open Source CFD Toolbox           |
|  \\    /   O peration     | Version:  2.3.0                                 |
|   \\  /    A nd           | Web:      www.OpenFOAM.org                      |
|    \\/     M anipulation  |                                                 |
\*---------------------------------------------------------------------------*/
FoamFile
{
    version     2.0;
    format      ascii;
    class       labelList;
    location    "constant/polyMesh";
    object      pointProcAddressing;
}
// * * * * * * * * * * * * * * * * * * * * * * * * * * * * * * * * * * * * * //


442
(
26
27
28
29
30
31
32
33
34
35
36
37
38
39
78
79
80
81
82
83
84
85
86
87
88
89
90
91
130
131
132
133
134
135
136
137
138
139
140
141
142
143
182
183
184
185
186
187
188
189
190
191
192
193
194
195
234
235
236
237
238
239
240
241
242
243
244
245
246
247
286
287
288
289
290
291
292
293
294
295
296
297
298
299
338
339
340
341
342
343
344
345
346
347
348
349
350
351
390
391
392
393
394
395
396
397
398
399
400
401
402
403
442
443
444
445
446
447
448
449
450
451
452
453
454
455
494
495
496
497
498
499
500
501
502
503
504
505
506
507
546
547
548
549
550
551
552
553
554
555
556
557
558
598
599
600
601
602
603
604
605
606
607
608
609
610
650
651
652
653
654
655
656
657
658
659
660
661
662
702
703
704
705
706
707
708
709
710
711
712
713
714
754
755
756
757
758
759
760
761
762
763
764
765
766
806
807
808
809
810
811
812
813
814
815
816
817
818
857
858
859
860
861
862
863
864
865
866
867
868
869
870
909
910
911
912
913
914
915
916
917
918
919
920
921
922
961
962
963
964
965
966
967
968
969
970
971
972
973
974
1013
1014
1015
1016
1017
1018
1019
1020
1021
1022
1023
1024
1025
1026
1065
1066
1067
1068
1069
1070
1071
1072
1073
1074
1075
1076
1077
1078
1117
1118
1119
1120
1121
1122
1123
1124
1125
1126
1127
1128
1129
1130
1169
1170
1171
1172
1173
1174
1175
1176
1177
1178
1179
1180
1181
1182
1221
1222
1223
1224
1225
1226
1227
1228
1229
1230
1231
1232
1233
1234
1273
1274
1275
1276
1277
1278
1279
1280
1281
1282
1283
1284
1285
1286
1325
1326
1327
1328
1329
1330
1331
1332
1333
1334
1335
1336
1337
1338
1377
1378
1379
1380
1381
1382
1383
1384
1385
1386
1387
1388
1389
1390
1429
1430
1431
1432
1433
1434
1435
1436
1437
1438
1439
1440
1441
1442
1481
1482
1483
1484
1485
1486
1487
1488
1489
1490
1491
1492
1493
1494
1533
1534
1535
1536
1537
1538
1539
1540
1541
1542
1543
1544
1545
1546
1585
1586
1587
1588
1589
1590
1591
1592
1593
1594
1595
1596
1597
1598
1637
1638
1639
1640
1641
1642
1643
1644
1645
1646
1647
1648
1649
1650
)


// ************************************************************************* //
