/*--------------------------------*- C++ -*----------------------------------*\
| =========                 |                                                 |
| \\      /  F ield         | OpenFOAM: The Open Source CFD Toolbox           |
|  \\    /   O peration     | Version:  2.3.0                                 |
|   \\  /    A nd           | Web:      www.OpenFOAM.org                      |
|    \\/     M anipulation  |                                                 |
\*---------------------------------------------------------------------------*/
FoamFile
{
    version     2.0;
    format      ascii;
    class       faceList;
    location    "constant/polyMesh";
    object      faces;
}
// * * * * * * * * * * * * * * * * * * * * * * * * * * * * * * * * * * * * * //


3126
(
4(1 53 157 105)
4(104 105 157 156)
4(2 54 158 106)
4(105 106 158 157)
4(3 55 159 107)
4(106 107 159 158)
4(4 56 160 108)
4(107 108 160 159)
4(5 57 161 109)
4(108 109 161 160)
4(6 58 162 110)
4(109 110 162 161)
4(7 59 163 111)
4(110 111 163 162)
4(8 60 164 112)
4(111 112 164 163)
4(9 61 165 113)
4(112 113 165 164)
4(10 62 166 114)
4(113 114 166 165)
4(11 63 167 115)
4(114 115 167 166)
4(12 64 168 116)
4(115 116 168 167)
4(13 65 169 117)
4(116 117 169 168)
4(14 66 170 118)
4(117 118 170 169)
4(15 67 171 119)
4(118 119 171 170)
4(16 68 172 120)
4(119 120 172 171)
4(17 69 173 121)
4(120 121 173 172)
4(18 70 174 122)
4(121 122 174 173)
4(19 71 175 123)
4(122 123 175 174)
4(20 72 176 124)
4(123 124 176 175)
4(21 73 177 125)
4(124 125 177 176)
4(22 74 178 126)
4(125 126 178 177)
4(23 75 179 127)
4(126 127 179 178)
4(24 76 180 128)
4(127 128 180 179)
4(25 77 181 129)
4(128 129 181 180)
4(26 78 182 130)
4(129 130 182 181)
4(27 79 183 131)
4(130 131 183 182)
4(28 80 184 132)
4(131 132 184 183)
4(29 81 185 133)
4(132 133 185 184)
4(30 82 186 134)
4(133 134 186 185)
4(31 83 187 135)
4(134 135 187 186)
4(32 84 188 136)
4(135 136 188 187)
4(33 85 189 137)
4(136 137 189 188)
4(34 86 190 138)
4(137 138 190 189)
4(35 87 191 139)
4(138 139 191 190)
4(36 88 192 140)
4(139 140 192 191)
4(37 89 193 141)
4(140 141 193 192)
4(38 90 194 142)
4(141 142 194 193)
4(39 91 195 143)
4(142 143 195 194)
4(40 92 196 144)
4(143 144 196 195)
4(41 93 197 145)
4(144 145 197 196)
4(42 94 198 146)
4(145 146 198 197)
4(43 95 199 147)
4(146 147 199 198)
4(44 96 200 148)
4(147 148 200 199)
4(45 97 201 149)
4(148 149 201 200)
4(46 98 202 150)
4(149 150 202 201)
4(47 99 203 151)
4(150 151 203 202)
4(48 100 204 152)
4(151 152 204 203)
4(49 101 205 153)
4(152 153 205 204)
4(50 102 206 154)
4(153 154 206 205)
4(154 155 207 206)
4(105 157 261 209)
4(208 209 261 260)
4(106 158 262 210)
4(209 210 262 261)
4(107 159 263 211)
4(210 211 263 262)
4(108 160 264 212)
4(211 212 264 263)
4(109 161 265 213)
4(212 213 265 264)
4(110 162 266 214)
4(213 214 266 265)
4(111 163 267 215)
4(214 215 267 266)
4(112 164 268 216)
4(215 216 268 267)
4(113 165 269 217)
4(216 217 269 268)
4(114 166 270 218)
4(217 218 270 269)
4(115 167 271 219)
4(218 219 271 270)
4(116 168 272 220)
4(219 220 272 271)
4(117 169 273 221)
4(220 221 273 272)
4(118 170 274 222)
4(221 222 274 273)
4(119 171 275 223)
4(222 223 275 274)
4(120 172 276 224)
4(223 224 276 275)
4(121 173 277 225)
4(224 225 277 276)
4(122 174 278 226)
4(225 226 278 277)
4(123 175 279 227)
4(226 227 279 278)
4(124 176 280 228)
4(227 228 280 279)
4(125 177 281 229)
4(228 229 281 280)
4(126 178 282 230)
4(229 230 282 281)
4(127 179 283 231)
4(230 231 283 282)
4(128 180 284 232)
4(231 232 284 283)
4(129 181 285 233)
4(232 233 285 284)
4(130 182 286 234)
4(233 234 286 285)
4(131 183 287 235)
4(234 235 287 286)
4(132 184 288 236)
4(235 236 288 287)
4(133 185 289 237)
4(236 237 289 288)
4(134 186 290 238)
4(237 238 290 289)
4(135 187 291 239)
4(238 239 291 290)
4(136 188 292 240)
4(239 240 292 291)
4(137 189 293 241)
4(240 241 293 292)
4(138 190 294 242)
4(241 242 294 293)
4(139 191 295 243)
4(242 243 295 294)
4(140 192 296 244)
4(243 244 296 295)
4(141 193 297 245)
4(244 245 297 296)
4(142 194 298 246)
4(245 246 298 297)
4(143 195 299 247)
4(246 247 299 298)
4(144 196 300 248)
4(247 248 300 299)
4(145 197 301 249)
4(248 249 301 300)
4(146 198 302 250)
4(249 250 302 301)
4(147 199 303 251)
4(250 251 303 302)
4(148 200 304 252)
4(251 252 304 303)
4(149 201 305 253)
4(252 253 305 304)
4(150 202 306 254)
4(253 254 306 305)
4(151 203 307 255)
4(254 255 307 306)
4(152 204 308 256)
4(255 256 308 307)
4(153 205 309 257)
4(256 257 309 308)
4(154 206 310 258)
4(257 258 310 309)
4(258 259 311 310)
4(209 261 365 313)
4(312 313 365 364)
4(210 262 366 314)
4(313 314 366 365)
4(211 263 367 315)
4(314 315 367 366)
4(212 264 368 316)
4(315 316 368 367)
4(213 265 369 317)
4(316 317 369 368)
4(214 266 370 318)
4(317 318 370 369)
4(215 267 371 319)
4(318 319 371 370)
4(216 268 372 320)
4(319 320 372 371)
4(217 269 373 321)
4(320 321 373 372)
4(218 270 374 322)
4(321 322 374 373)
4(219 271 375 323)
4(322 323 375 374)
4(220 272 376 324)
4(323 324 376 375)
4(221 273 377 325)
4(324 325 377 376)
4(222 274 378 326)
4(325 326 378 377)
4(223 275 379 327)
4(326 327 379 378)
4(224 276 380 328)
4(327 328 380 379)
4(225 277 381 329)
4(328 329 381 380)
4(226 278 382 330)
4(329 330 382 381)
4(227 279 383 331)
4(330 331 383 382)
4(228 280 384 332)
4(331 332 384 383)
4(229 281 385 333)
4(332 333 385 384)
4(230 282 386 334)
4(333 334 386 385)
4(231 283 387 335)
4(334 335 387 386)
4(232 284 388 336)
4(335 336 388 387)
4(233 285 389 337)
4(336 337 389 388)
4(234 286 390 338)
4(337 338 390 389)
4(235 287 391 339)
4(338 339 391 390)
4(236 288 392 340)
4(339 340 392 391)
4(237 289 393 341)
4(340 341 393 392)
4(238 290 394 342)
4(341 342 394 393)
4(239 291 395 343)
4(342 343 395 394)
4(240 292 396 344)
4(343 344 396 395)
4(241 293 397 345)
4(344 345 397 396)
4(242 294 398 346)
4(345 346 398 397)
4(243 295 399 347)
4(346 347 399 398)
4(244 296 400 348)
4(347 348 400 399)
4(245 297 401 349)
4(348 349 401 400)
4(246 298 402 350)
4(349 350 402 401)
4(247 299 403 351)
4(350 351 403 402)
4(248 300 404 352)
4(351 352 404 403)
4(249 301 405 353)
4(352 353 405 404)
4(250 302 406 354)
4(353 354 406 405)
4(251 303 407 355)
4(354 355 407 406)
4(252 304 408 356)
4(355 356 408 407)
4(253 305 409 357)
4(356 357 409 408)
4(254 306 410 358)
4(357 358 410 409)
4(255 307 411 359)
4(358 359 411 410)
4(256 308 412 360)
4(359 360 412 411)
4(257 309 413 361)
4(360 361 413 412)
4(258 310 414 362)
4(361 362 414 413)
4(362 363 415 414)
4(313 365 469 417)
4(416 417 469 468)
4(314 366 470 418)
4(417 418 470 469)
4(315 367 471 419)
4(418 419 471 470)
4(316 368 472 420)
4(419 420 472 471)
4(317 369 473 421)
4(420 421 473 472)
4(318 370 474 422)
4(421 422 474 473)
4(319 371 475 423)
4(422 423 475 474)
4(320 372 476 424)
4(423 424 476 475)
4(321 373 477 425)
4(424 425 477 476)
4(322 374 478 426)
4(425 426 478 477)
4(323 375 479 427)
4(426 427 479 478)
4(324 376 480 428)
4(427 428 480 479)
4(325 377 481 429)
4(428 429 481 480)
4(326 378 482 430)
4(429 430 482 481)
4(327 379 483 431)
4(430 431 483 482)
4(328 380 484 432)
4(431 432 484 483)
4(329 381 485 433)
4(432 433 485 484)
4(330 382 486 434)
4(433 434 486 485)
4(331 383 487 435)
4(434 435 487 486)
4(332 384 488 436)
4(435 436 488 487)
4(333 385 489 437)
4(436 437 489 488)
4(334 386 490 438)
4(437 438 490 489)
4(335 387 491 439)
4(438 439 491 490)
4(336 388 492 440)
4(439 440 492 491)
4(337 389 493 441)
4(440 441 493 492)
4(338 390 494 442)
4(441 442 494 493)
4(339 391 495 443)
4(442 443 495 494)
4(340 392 496 444)
4(443 444 496 495)
4(341 393 497 445)
4(444 445 497 496)
4(342 394 498 446)
4(445 446 498 497)
4(343 395 499 447)
4(446 447 499 498)
4(344 396 500 448)
4(447 448 500 499)
4(345 397 501 449)
4(448 449 501 500)
4(346 398 502 450)
4(449 450 502 501)
4(347 399 503 451)
4(450 451 503 502)
4(348 400 504 452)
4(451 452 504 503)
4(349 401 505 453)
4(452 453 505 504)
4(350 402 506 454)
4(453 454 506 505)
4(351 403 507 455)
4(454 455 507 506)
4(352 404 508 456)
4(455 456 508 507)
4(353 405 509 457)
4(456 457 509 508)
4(354 406 510 458)
4(457 458 510 509)
4(355 407 511 459)
4(458 459 511 510)
4(356 408 512 460)
4(459 460 512 511)
4(357 409 513 461)
4(460 461 513 512)
4(358 410 514 462)
4(461 462 514 513)
4(359 411 515 463)
4(462 463 515 514)
4(360 412 516 464)
4(463 464 516 515)
4(361 413 517 465)
4(464 465 517 516)
4(362 414 518 466)
4(465 466 518 517)
4(466 467 519 518)
4(417 469 573 521)
4(520 521 573 572)
4(418 470 574 522)
4(521 522 574 573)
4(419 471 575 523)
4(522 523 575 574)
4(420 472 576 524)
4(523 524 576 575)
4(421 473 577 525)
4(524 525 577 576)
4(422 474 578 526)
4(525 526 578 577)
4(423 475 579 527)
4(526 527 579 578)
4(424 476 580 528)
4(527 528 580 579)
4(425 477 581 529)
4(528 529 581 580)
4(426 478 582 530)
4(529 530 582 581)
4(427 479 583 531)
4(530 531 583 582)
4(428 480 584 532)
4(531 532 584 583)
4(429 481 585 533)
4(532 533 585 584)
4(430 482 586 534)
4(533 534 586 585)
4(431 483 587 535)
4(534 535 587 586)
4(432 484 588 536)
4(535 536 588 587)
4(433 485 589 537)
4(536 537 589 588)
4(434 486 590 538)
4(537 538 590 589)
4(435 487 591 539)
4(538 539 591 590)
4(436 488 592 540)
4(539 540 592 591)
4(437 489 593 541)
4(540 541 593 592)
4(438 490 594 542)
4(541 542 594 593)
4(439 491 595 543)
4(542 543 595 594)
4(440 492 596 544)
4(543 544 596 595)
4(441 493 597 545)
4(544 545 597 596)
4(442 494 598 546)
4(545 546 598 597)
4(443 495 599 547)
4(546 547 599 598)
4(444 496 600 548)
4(547 548 600 599)
4(445 497 601 549)
4(548 549 601 600)
4(446 498 602 550)
4(549 550 602 601)
4(447 499 603 551)
4(550 551 603 602)
4(448 500 604 552)
4(551 552 604 603)
4(449 501 605 553)
4(552 553 605 604)
4(450 502 606 554)
4(553 554 606 605)
4(451 503 607 555)
4(554 555 607 606)
4(452 504 608 556)
4(555 556 608 607)
4(453 505 609 557)
4(556 557 609 608)
4(454 506 610 558)
4(557 558 610 609)
4(455 507 611 559)
4(558 559 611 610)
4(456 508 612 560)
4(559 560 612 611)
4(457 509 613 561)
4(560 561 613 612)
4(458 510 614 562)
4(561 562 614 613)
4(459 511 615 563)
4(562 563 615 614)
4(460 512 616 564)
4(563 564 616 615)
4(461 513 617 565)
4(564 565 617 616)
4(462 514 618 566)
4(565 566 618 617)
4(463 515 619 567)
4(566 567 619 618)
4(464 516 620 568)
4(567 568 620 619)
4(465 517 621 569)
4(568 569 621 620)
4(466 518 622 570)
4(569 570 622 621)
4(570 571 623 622)
4(521 573 677 625)
4(624 625 677 676)
4(522 574 678 626)
4(625 626 678 677)
4(523 575 679 627)
4(626 627 679 678)
4(524 576 680 628)
4(627 628 680 679)
4(525 577 681 629)
4(628 629 681 680)
4(526 578 682 630)
4(629 630 682 681)
4(527 579 683 631)
4(630 631 683 682)
4(528 580 684 632)
4(631 632 684 683)
4(529 581 685 633)
4(632 633 685 684)
4(530 582 686 634)
4(633 634 686 685)
4(531 583 687 635)
4(634 635 687 686)
4(532 584 688 636)
4(635 636 688 687)
4(533 585 689 637)
4(636 637 689 688)
4(534 586 690 638)
4(637 638 690 689)
4(535 587 691 639)
4(638 639 691 690)
4(536 588 692 640)
4(639 640 692 691)
4(537 589 693 641)
4(640 641 693 692)
4(538 590 694 642)
4(641 642 694 693)
4(539 591 695 643)
4(642 643 695 694)
4(540 592 696 644)
4(643 644 696 695)
4(541 593 697 645)
4(644 645 697 696)
4(542 594 698 646)
4(645 646 698 697)
4(543 595 699 647)
4(646 647 699 698)
4(544 596 700 648)
4(647 648 700 699)
4(545 597 701 649)
4(648 649 701 700)
4(546 598 702 650)
4(649 650 702 701)
4(547 599 703 651)
4(650 651 703 702)
4(548 600 704 652)
4(651 652 704 703)
4(549 601 705 653)
4(652 653 705 704)
4(550 602 706 654)
4(653 654 706 705)
4(551 603 707 655)
4(654 655 707 706)
4(552 604 708 656)
4(655 656 708 707)
4(553 605 709 657)
4(656 657 709 708)
4(554 606 710 658)
4(657 658 710 709)
4(555 607 711 659)
4(658 659 711 710)
4(556 608 712 660)
4(659 660 712 711)
4(557 609 713 661)
4(660 661 713 712)
4(558 610 714 662)
4(661 662 714 713)
4(559 611 715 663)
4(662 663 715 714)
4(560 612 716 664)
4(663 664 716 715)
4(561 613 717 665)
4(664 665 717 716)
4(562 614 718 666)
4(665 666 718 717)
4(563 615 719 667)
4(666 667 719 718)
4(564 616 720 668)
4(667 668 720 719)
4(565 617 721 669)
4(668 669 721 720)
4(566 618 722 670)
4(669 670 722 721)
4(567 619 723 671)
4(670 671 723 722)
4(568 620 724 672)
4(671 672 724 723)
4(569 621 725 673)
4(672 673 725 724)
4(570 622 726 674)
4(673 674 726 725)
4(674 675 727 726)
4(625 677 781 729)
4(728 729 781 780)
4(626 678 782 730)
4(729 730 782 781)
4(627 679 783 731)
4(730 731 783 782)
4(628 680 784 732)
4(731 732 784 783)
4(629 681 785 733)
4(732 733 785 784)
4(630 682 786 734)
4(733 734 786 785)
4(631 683 787 735)
4(734 735 787 786)
4(632 684 788 736)
4(735 736 788 787)
4(633 685 789 737)
4(736 737 789 788)
4(634 686 790 738)
4(737 738 790 789)
4(635 687 791 739)
4(738 739 791 790)
4(636 688 792 740)
4(739 740 792 791)
4(637 689 793 741)
4(740 741 793 792)
4(638 690 794 742)
4(741 742 794 793)
4(639 691 795 743)
4(742 743 795 794)
4(640 692 796 744)
4(743 744 796 795)
4(641 693 797 745)
4(744 745 797 796)
4(642 694 798 746)
4(745 746 798 797)
4(643 695 799 747)
4(746 747 799 798)
4(644 696 800 748)
4(747 748 800 799)
4(645 697 801 749)
4(748 749 801 800)
4(646 698 802 750)
4(749 750 802 801)
4(647 699 803 751)
4(750 751 803 802)
4(648 700 804 752)
4(751 752 804 803)
4(649 701 805 753)
4(752 753 805 804)
4(650 702 806 754)
4(753 754 806 805)
4(651 703 807 755)
4(754 755 807 806)
4(652 704 808 756)
4(755 756 808 807)
4(653 705 809 757)
4(756 757 809 808)
4(654 706 810 758)
4(757 758 810 809)
4(655 707 811 759)
4(758 759 811 810)
4(656 708 812 760)
4(759 760 812 811)
4(657 709 813 761)
4(760 761 813 812)
4(658 710 814 762)
4(761 762 814 813)
4(659 711 815 763)
4(762 763 815 814)
4(660 712 816 764)
4(763 764 816 815)
4(661 713 817 765)
4(764 765 817 816)
4(662 714 818 766)
4(765 766 818 817)
4(663 715 819 767)
4(766 767 819 818)
4(664 716 820 768)
4(767 768 820 819)
4(665 717 821 769)
4(768 769 821 820)
4(666 718 822 770)
4(769 770 822 821)
4(667 719 823 771)
4(770 771 823 822)
4(668 720 824 772)
4(771 772 824 823)
4(669 721 825 773)
4(772 773 825 824)
4(670 722 826 774)
4(773 774 826 825)
4(671 723 827 775)
4(774 775 827 826)
4(672 724 828 776)
4(775 776 828 827)
4(673 725 829 777)
4(776 777 829 828)
4(674 726 830 778)
4(777 778 830 829)
4(778 779 831 830)
4(729 781 885 833)
4(832 833 885 884)
4(730 782 886 834)
4(833 834 886 885)
4(731 783 887 835)
4(834 835 887 886)
4(732 784 888 836)
4(835 836 888 887)
4(733 785 889 837)
4(836 837 889 888)
4(734 786 890 838)
4(837 838 890 889)
4(735 787 891 839)
4(838 839 891 890)
4(736 788 892 840)
4(839 840 892 891)
4(737 789 893 841)
4(840 841 893 892)
4(738 790 894 842)
4(841 842 894 893)
4(739 791 895 843)
4(842 843 895 894)
4(740 792 896 844)
4(843 844 896 895)
4(741 793 897 845)
4(844 845 897 896)
4(742 794 898 846)
4(845 846 898 897)
4(743 795 899 847)
4(846 847 899 898)
4(744 796 900 848)
4(847 848 900 899)
4(745 797 901 849)
4(848 849 901 900)
4(746 798 902 850)
4(849 850 902 901)
4(747 799 903 851)
4(850 851 903 902)
4(748 800 904 852)
4(851 852 904 903)
4(749 801 905 853)
4(852 853 905 904)
4(750 802 906 854)
4(853 854 906 905)
4(751 803 907 855)
4(854 855 907 906)
4(752 804 908 856)
4(855 856 908 907)
4(753 805 909 857)
4(856 857 909 908)
4(754 806 910 858)
4(857 858 910 909)
4(755 807 911 859)
4(858 859 911 910)
4(756 808 912 860)
4(859 860 912 911)
4(757 809 913 861)
4(860 861 913 912)
4(758 810 914 862)
4(861 862 914 913)
4(759 811 915 863)
4(862 863 915 914)
4(760 812 916 864)
4(863 864 916 915)
4(761 813 917 865)
4(864 865 917 916)
4(762 814 918 866)
4(865 866 918 917)
4(763 815 919 867)
4(866 867 919 918)
4(764 816 920 868)
4(867 868 920 919)
4(765 817 921 869)
4(868 869 921 920)
4(766 818 922 870)
4(869 870 922 921)
4(767 819 923 871)
4(870 871 923 922)
4(768 820 924 872)
4(871 872 924 923)
4(769 821 925 873)
4(872 873 925 924)
4(770 822 926 874)
4(873 874 926 925)
4(771 823 927 875)
4(874 875 927 926)
4(772 824 928 876)
4(875 876 928 927)
4(773 825 929 877)
4(876 877 929 928)
4(774 826 930 878)
4(877 878 930 929)
4(775 827 931 879)
4(878 879 931 930)
4(776 828 932 880)
4(879 880 932 931)
4(777 829 933 881)
4(880 881 933 932)
4(778 830 934 882)
4(881 882 934 933)
4(882 883 935 934)
4(833 885 989 937)
4(936 937 989 988)
4(834 886 990 938)
4(937 938 990 989)
4(835 887 991 939)
4(938 939 991 990)
4(836 888 992 940)
4(939 940 992 991)
4(837 889 993 941)
4(940 941 993 992)
4(838 890 994 942)
4(941 942 994 993)
4(839 891 995 943)
4(942 943 995 994)
4(840 892 996 944)
4(943 944 996 995)
4(841 893 997 945)
4(944 945 997 996)
4(842 894 998 946)
4(945 946 998 997)
4(843 895 999 947)
4(946 947 999 998)
4(844 896 1000 948)
4(947 948 1000 999)
4(845 897 1001 949)
4(948 949 1001 1000)
4(846 898 1002 950)
4(949 950 1002 1001)
4(847 899 1003 951)
4(950 951 1003 1002)
4(848 900 1004 952)
4(951 952 1004 1003)
4(849 901 1005 953)
4(952 953 1005 1004)
4(850 902 1006 954)
4(953 954 1006 1005)
4(851 903 1007 955)
4(954 955 1007 1006)
4(852 904 1008 956)
4(955 956 1008 1007)
4(853 905 1009 957)
4(956 957 1009 1008)
4(854 906 1010 958)
4(957 958 1010 1009)
4(855 907 1011 959)
4(958 959 1011 1010)
4(856 908 1012 960)
4(959 960 1012 1011)
4(857 909 1013 961)
4(960 961 1013 1012)
4(858 910 1014 962)
4(961 962 1014 1013)
4(859 911 1015 963)
4(962 963 1015 1014)
4(860 912 1016 964)
4(963 964 1016 1015)
4(861 913 1017 965)
4(964 965 1017 1016)
4(862 914 1018 966)
4(965 966 1018 1017)
4(863 915 1019 967)
4(966 967 1019 1018)
4(864 916 1020 968)
4(967 968 1020 1019)
4(865 917 1021 969)
4(968 969 1021 1020)
4(866 918 1022 970)
4(969 970 1022 1021)
4(867 919 1023 971)
4(970 971 1023 1022)
4(868 920 1024 972)
4(971 972 1024 1023)
4(869 921 1025 973)
4(972 973 1025 1024)
4(870 922 1026 974)
4(973 974 1026 1025)
4(871 923 1027 975)
4(974 975 1027 1026)
4(872 924 1028 976)
4(975 976 1028 1027)
4(873 925 1029 977)
4(976 977 1029 1028)
4(874 926 1030 978)
4(977 978 1030 1029)
4(875 927 1031 979)
4(978 979 1031 1030)
4(876 928 1032 980)
4(979 980 1032 1031)
4(877 929 1033 981)
4(980 981 1033 1032)
4(878 930 1034 982)
4(981 982 1034 1033)
4(879 931 1035 983)
4(982 983 1035 1034)
4(880 932 1036 984)
4(983 984 1036 1035)
4(881 933 1037 985)
4(984 985 1037 1036)
4(882 934 1038 986)
4(985 986 1038 1037)
4(986 987 1039 1038)
4(937 989 1093 1041)
4(1040 1041 1093 1092)
4(938 990 1094 1042)
4(1041 1042 1094 1093)
4(939 991 1095 1043)
4(1042 1043 1095 1094)
4(940 992 1096 1044)
4(1043 1044 1096 1095)
4(941 993 1097 1045)
4(1044 1045 1097 1096)
4(942 994 1098 1046)
4(1045 1046 1098 1097)
4(943 995 1099 1047)
4(1046 1047 1099 1098)
4(944 996 1100 1048)
4(1047 1048 1100 1099)
4(945 997 1101 1049)
4(1048 1049 1101 1100)
4(946 998 1102 1050)
4(1049 1050 1102 1101)
4(947 999 1103 1051)
4(1050 1051 1103 1102)
4(948 1000 1104 1052)
4(1051 1052 1104 1103)
4(949 1001 1105 1053)
4(1052 1053 1105 1104)
4(950 1002 1106 1054)
4(1053 1054 1106 1105)
4(951 1003 1107 1055)
4(1054 1055 1107 1106)
4(952 1004 1108 1056)
4(1055 1056 1108 1107)
4(953 1005 1109 1057)
4(1056 1057 1109 1108)
4(954 1006 1110 1058)
4(1057 1058 1110 1109)
4(955 1007 1111 1059)
4(1058 1059 1111 1110)
4(956 1008 1112 1060)
4(1059 1060 1112 1111)
4(957 1009 1113 1061)
4(1060 1061 1113 1112)
4(958 1010 1114 1062)
4(1061 1062 1114 1113)
4(959 1011 1115 1063)
4(1062 1063 1115 1114)
4(960 1012 1116 1064)
4(1063 1064 1116 1115)
4(961 1013 1117 1065)
4(1064 1065 1117 1116)
4(962 1014 1118 1066)
4(1065 1066 1118 1117)
4(963 1015 1119 1067)
4(1066 1067 1119 1118)
4(964 1016 1120 1068)
4(1067 1068 1120 1119)
4(965 1017 1121 1069)
4(1068 1069 1121 1120)
4(966 1018 1122 1070)
4(1069 1070 1122 1121)
4(967 1019 1123 1071)
4(1070 1071 1123 1122)
4(968 1020 1124 1072)
4(1071 1072 1124 1123)
4(969 1021 1125 1073)
4(1072 1073 1125 1124)
4(970 1022 1126 1074)
4(1073 1074 1126 1125)
4(971 1023 1127 1075)
4(1074 1075 1127 1126)
4(972 1024 1128 1076)
4(1075 1076 1128 1127)
4(973 1025 1129 1077)
4(1076 1077 1129 1128)
4(974 1026 1130 1078)
4(1077 1078 1130 1129)
4(975 1027 1131 1079)
4(1078 1079 1131 1130)
4(976 1028 1132 1080)
4(1079 1080 1132 1131)
4(977 1029 1133 1081)
4(1080 1081 1133 1132)
4(978 1030 1134 1082)
4(1081 1082 1134 1133)
4(979 1031 1135 1083)
4(1082 1083 1135 1134)
4(980 1032 1136 1084)
4(1083 1084 1136 1135)
4(981 1033 1137 1085)
4(1084 1085 1137 1136)
4(982 1034 1138 1086)
4(1085 1086 1138 1137)
4(983 1035 1139 1087)
4(1086 1087 1139 1138)
4(984 1036 1140 1088)
4(1087 1088 1140 1139)
4(985 1037 1141 1089)
4(1088 1089 1141 1140)
4(986 1038 1142 1090)
4(1089 1090 1142 1141)
4(1090 1091 1143 1142)
4(1041 1093 1197 1145)
4(1144 1145 1197 1196)
4(1042 1094 1198 1146)
4(1145 1146 1198 1197)
4(1043 1095 1199 1147)
4(1146 1147 1199 1198)
4(1044 1096 1200 1148)
4(1147 1148 1200 1199)
4(1045 1097 1201 1149)
4(1148 1149 1201 1200)
4(1046 1098 1202 1150)
4(1149 1150 1202 1201)
4(1047 1099 1203 1151)
4(1150 1151 1203 1202)
4(1048 1100 1204 1152)
4(1151 1152 1204 1203)
4(1049 1101 1205 1153)
4(1152 1153 1205 1204)
4(1050 1102 1206 1154)
4(1153 1154 1206 1205)
4(1051 1103 1207 1155)
4(1154 1155 1207 1206)
4(1052 1104 1208 1156)
4(1155 1156 1208 1207)
4(1053 1105 1209 1157)
4(1156 1157 1209 1208)
4(1054 1106 1210 1158)
4(1157 1158 1210 1209)
4(1055 1107 1211 1159)
4(1158 1159 1211 1210)
4(1056 1108 1212 1160)
4(1159 1160 1212 1211)
4(1057 1109 1213 1161)
4(1160 1161 1213 1212)
4(1058 1110 1214 1162)
4(1161 1162 1214 1213)
4(1059 1111 1215 1163)
4(1162 1163 1215 1214)
4(1060 1112 1216 1164)
4(1163 1164 1216 1215)
4(1061 1113 1217 1165)
4(1164 1165 1217 1216)
4(1062 1114 1218 1166)
4(1165 1166 1218 1217)
4(1063 1115 1219 1167)
4(1166 1167 1219 1218)
4(1064 1116 1220 1168)
4(1167 1168 1220 1219)
4(1065 1117 1221 1169)
4(1168 1169 1221 1220)
4(1066 1118 1222 1170)
4(1169 1170 1222 1221)
4(1067 1119 1223 1171)
4(1170 1171 1223 1222)
4(1068 1120 1224 1172)
4(1171 1172 1224 1223)
4(1069 1121 1225 1173)
4(1172 1173 1225 1224)
4(1070 1122 1226 1174)
4(1173 1174 1226 1225)
4(1071 1123 1227 1175)
4(1174 1175 1227 1226)
4(1072 1124 1228 1176)
4(1175 1176 1228 1227)
4(1073 1125 1229 1177)
4(1176 1177 1229 1228)
4(1074 1126 1230 1178)
4(1177 1178 1230 1229)
4(1075 1127 1231 1179)
4(1178 1179 1231 1230)
4(1076 1128 1232 1180)
4(1179 1180 1232 1231)
4(1077 1129 1233 1181)
4(1180 1181 1233 1232)
4(1078 1130 1234 1182)
4(1181 1182 1234 1233)
4(1079 1131 1235 1183)
4(1182 1183 1235 1234)
4(1080 1132 1236 1184)
4(1183 1184 1236 1235)
4(1081 1133 1237 1185)
4(1184 1185 1237 1236)
4(1082 1134 1238 1186)
4(1185 1186 1238 1237)
4(1083 1135 1239 1187)
4(1186 1187 1239 1238)
4(1084 1136 1240 1188)
4(1187 1188 1240 1239)
4(1085 1137 1241 1189)
4(1188 1189 1241 1240)
4(1086 1138 1242 1190)
4(1189 1190 1242 1241)
4(1087 1139 1243 1191)
4(1190 1191 1243 1242)
4(1088 1140 1244 1192)
4(1191 1192 1244 1243)
4(1089 1141 1245 1193)
4(1192 1193 1245 1244)
4(1090 1142 1246 1194)
4(1193 1194 1246 1245)
4(1194 1195 1247 1246)
4(1145 1197 1301 1249)
4(1248 1249 1301 1300)
4(1146 1198 1302 1250)
4(1249 1250 1302 1301)
4(1147 1199 1303 1251)
4(1250 1251 1303 1302)
4(1148 1200 1304 1252)
4(1251 1252 1304 1303)
4(1149 1201 1305 1253)
4(1252 1253 1305 1304)
4(1150 1202 1306 1254)
4(1253 1254 1306 1305)
4(1151 1203 1307 1255)
4(1254 1255 1307 1306)
4(1152 1204 1308 1256)
4(1255 1256 1308 1307)
4(1153 1205 1309 1257)
4(1256 1257 1309 1308)
4(1154 1206 1310 1258)
4(1257 1258 1310 1309)
4(1155 1207 1311 1259)
4(1258 1259 1311 1310)
4(1156 1208 1312 1260)
4(1259 1260 1312 1311)
4(1157 1209 1313 1261)
4(1260 1261 1313 1312)
4(1158 1210 1314 1262)
4(1261 1262 1314 1313)
4(1159 1211 1315 1263)
4(1262 1263 1315 1314)
4(1160 1212 1316 1264)
4(1263 1264 1316 1315)
4(1161 1213 1317 1265)
4(1264 1265 1317 1316)
4(1162 1214 1318 1266)
4(1265 1266 1318 1317)
4(1163 1215 1319 1267)
4(1266 1267 1319 1318)
4(1164 1216 1320 1268)
4(1267 1268 1320 1319)
4(1165 1217 1321 1269)
4(1268 1269 1321 1320)
4(1166 1218 1322 1270)
4(1269 1270 1322 1321)
4(1167 1219 1323 1271)
4(1270 1271 1323 1322)
4(1168 1220 1324 1272)
4(1271 1272 1324 1323)
4(1169 1221 1325 1273)
4(1272 1273 1325 1324)
4(1170 1222 1326 1274)
4(1273 1274 1326 1325)
4(1171 1223 1327 1275)
4(1274 1275 1327 1326)
4(1172 1224 1328 1276)
4(1275 1276 1328 1327)
4(1173 1225 1329 1277)
4(1276 1277 1329 1328)
4(1174 1226 1330 1278)
4(1277 1278 1330 1329)
4(1175 1227 1331 1279)
4(1278 1279 1331 1330)
4(1176 1228 1332 1280)
4(1279 1280 1332 1331)
4(1177 1229 1333 1281)
4(1280 1281 1333 1332)
4(1178 1230 1334 1282)
4(1281 1282 1334 1333)
4(1179 1231 1335 1283)
4(1282 1283 1335 1334)
4(1180 1232 1336 1284)
4(1283 1284 1336 1335)
4(1181 1233 1337 1285)
4(1284 1285 1337 1336)
4(1182 1234 1338 1286)
4(1285 1286 1338 1337)
4(1183 1235 1339 1287)
4(1286 1287 1339 1338)
4(1184 1236 1340 1288)
4(1287 1288 1340 1339)
4(1185 1237 1341 1289)
4(1288 1289 1341 1340)
4(1186 1238 1342 1290)
4(1289 1290 1342 1341)
4(1187 1239 1343 1291)
4(1290 1291 1343 1342)
4(1188 1240 1344 1292)
4(1291 1292 1344 1343)
4(1189 1241 1345 1293)
4(1292 1293 1345 1344)
4(1190 1242 1346 1294)
4(1293 1294 1346 1345)
4(1191 1243 1347 1295)
4(1294 1295 1347 1346)
4(1192 1244 1348 1296)
4(1295 1296 1348 1347)
4(1193 1245 1349 1297)
4(1296 1297 1349 1348)
4(1194 1246 1350 1298)
4(1297 1298 1350 1349)
4(1298 1299 1351 1350)
4(1249 1301 1405 1353)
4(1352 1353 1405 1404)
4(1250 1302 1406 1354)
4(1353 1354 1406 1405)
4(1251 1303 1407 1355)
4(1354 1355 1407 1406)
4(1252 1304 1408 1356)
4(1355 1356 1408 1407)
4(1253 1305 1409 1357)
4(1356 1357 1409 1408)
4(1254 1306 1410 1358)
4(1357 1358 1410 1409)
4(1255 1307 1411 1359)
4(1358 1359 1411 1410)
4(1256 1308 1412 1360)
4(1359 1360 1412 1411)
4(1257 1309 1413 1361)
4(1360 1361 1413 1412)
4(1258 1310 1414 1362)
4(1361 1362 1414 1413)
4(1259 1311 1415 1363)
4(1362 1363 1415 1414)
4(1260 1312 1416 1364)
4(1363 1364 1416 1415)
4(1261 1313 1417 1365)
4(1364 1365 1417 1416)
4(1262 1314 1418 1366)
4(1365 1366 1418 1417)
4(1263 1315 1419 1367)
4(1366 1367 1419 1418)
4(1264 1316 1420 1368)
4(1367 1368 1420 1419)
4(1265 1317 1421 1369)
4(1368 1369 1421 1420)
4(1266 1318 1422 1370)
4(1369 1370 1422 1421)
4(1267 1319 1423 1371)
4(1370 1371 1423 1422)
4(1268 1320 1424 1372)
4(1371 1372 1424 1423)
4(1269 1321 1425 1373)
4(1372 1373 1425 1424)
4(1270 1322 1426 1374)
4(1373 1374 1426 1425)
4(1271 1323 1427 1375)
4(1374 1375 1427 1426)
4(1272 1324 1428 1376)
4(1375 1376 1428 1427)
4(1273 1325 1429 1377)
4(1376 1377 1429 1428)
4(1274 1326 1430 1378)
4(1377 1378 1430 1429)
4(1275 1327 1431 1379)
4(1378 1379 1431 1430)
4(1276 1328 1432 1380)
4(1379 1380 1432 1431)
4(1277 1329 1433 1381)
4(1380 1381 1433 1432)
4(1278 1330 1434 1382)
4(1381 1382 1434 1433)
4(1279 1331 1435 1383)
4(1382 1383 1435 1434)
4(1280 1332 1436 1384)
4(1383 1384 1436 1435)
4(1281 1333 1437 1385)
4(1384 1385 1437 1436)
4(1282 1334 1438 1386)
4(1385 1386 1438 1437)
4(1283 1335 1439 1387)
4(1386 1387 1439 1438)
4(1284 1336 1440 1388)
4(1387 1388 1440 1439)
4(1285 1337 1441 1389)
4(1388 1389 1441 1440)
4(1286 1338 1442 1390)
4(1389 1390 1442 1441)
4(1287 1339 1443 1391)
4(1390 1391 1443 1442)
4(1288 1340 1444 1392)
4(1391 1392 1444 1443)
4(1289 1341 1445 1393)
4(1392 1393 1445 1444)
4(1290 1342 1446 1394)
4(1393 1394 1446 1445)
4(1291 1343 1447 1395)
4(1394 1395 1447 1446)
4(1292 1344 1448 1396)
4(1395 1396 1448 1447)
4(1293 1345 1449 1397)
4(1396 1397 1449 1448)
4(1294 1346 1450 1398)
4(1397 1398 1450 1449)
4(1295 1347 1451 1399)
4(1398 1399 1451 1450)
4(1296 1348 1452 1400)
4(1399 1400 1452 1451)
4(1297 1349 1453 1401)
4(1400 1401 1453 1452)
4(1298 1350 1454 1402)
4(1401 1402 1454 1453)
4(1402 1403 1455 1454)
4(1353 1405 1509 1457)
4(1456 1457 1509 1508)
4(1354 1406 1510 1458)
4(1457 1458 1510 1509)
4(1355 1407 1511 1459)
4(1458 1459 1511 1510)
4(1356 1408 1512 1460)
4(1459 1460 1512 1511)
4(1357 1409 1513 1461)
4(1460 1461 1513 1512)
4(1358 1410 1514 1462)
4(1461 1462 1514 1513)
4(1359 1411 1515 1463)
4(1462 1463 1515 1514)
4(1360 1412 1516 1464)
4(1463 1464 1516 1515)
4(1361 1413 1517 1465)
4(1464 1465 1517 1516)
4(1362 1414 1518 1466)
4(1465 1466 1518 1517)
4(1363 1415 1519 1467)
4(1466 1467 1519 1518)
4(1364 1416 1520 1468)
4(1467 1468 1520 1519)
4(1365 1417 1521 1469)
4(1468 1469 1521 1520)
4(1366 1418 1522 1470)
4(1469 1470 1522 1521)
4(1367 1419 1523 1471)
4(1470 1471 1523 1522)
4(1368 1420 1524 1472)
4(1471 1472 1524 1523)
4(1369 1421 1525 1473)
4(1472 1473 1525 1524)
4(1370 1422 1526 1474)
4(1473 1474 1526 1525)
4(1371 1423 1527 1475)
4(1474 1475 1527 1526)
4(1372 1424 1528 1476)
4(1475 1476 1528 1527)
4(1373 1425 1529 1477)
4(1476 1477 1529 1528)
4(1374 1426 1530 1478)
4(1477 1478 1530 1529)
4(1375 1427 1531 1479)
4(1478 1479 1531 1530)
4(1376 1428 1532 1480)
4(1479 1480 1532 1531)
4(1377 1429 1533 1481)
4(1480 1481 1533 1532)
4(1378 1430 1534 1482)
4(1481 1482 1534 1533)
4(1379 1431 1535 1483)
4(1482 1483 1535 1534)
4(1380 1432 1536 1484)
4(1483 1484 1536 1535)
4(1381 1433 1537 1485)
4(1484 1485 1537 1536)
4(1382 1434 1538 1486)
4(1485 1486 1538 1537)
4(1383 1435 1539 1487)
4(1486 1487 1539 1538)
4(1384 1436 1540 1488)
4(1487 1488 1540 1539)
4(1385 1437 1541 1489)
4(1488 1489 1541 1540)
4(1386 1438 1542 1490)
4(1489 1490 1542 1541)
4(1387 1439 1543 1491)
4(1490 1491 1543 1542)
4(1388 1440 1544 1492)
4(1491 1492 1544 1543)
4(1389 1441 1545 1493)
4(1492 1493 1545 1544)
4(1390 1442 1546 1494)
4(1493 1494 1546 1545)
4(1391 1443 1547 1495)
4(1494 1495 1547 1546)
4(1392 1444 1548 1496)
4(1495 1496 1548 1547)
4(1393 1445 1549 1497)
4(1496 1497 1549 1548)
4(1394 1446 1550 1498)
4(1497 1498 1550 1549)
4(1395 1447 1551 1499)
4(1498 1499 1551 1550)
4(1396 1448 1552 1500)
4(1499 1500 1552 1551)
4(1397 1449 1553 1501)
4(1500 1501 1553 1552)
4(1398 1450 1554 1502)
4(1501 1502 1554 1553)
4(1399 1451 1555 1503)
4(1502 1503 1555 1554)
4(1400 1452 1556 1504)
4(1503 1504 1556 1555)
4(1401 1453 1557 1505)
4(1504 1505 1557 1556)
4(1402 1454 1558 1506)
4(1505 1506 1558 1557)
4(1506 1507 1559 1558)
4(1457 1509 1613 1561)
4(1458 1510 1614 1562)
4(1459 1511 1615 1563)
4(1460 1512 1616 1564)
4(1461 1513 1617 1565)
4(1462 1514 1618 1566)
4(1463 1515 1619 1567)
4(1464 1516 1620 1568)
4(1465 1517 1621 1569)
4(1466 1518 1622 1570)
4(1467 1519 1623 1571)
4(1468 1520 1624 1572)
4(1469 1521 1625 1573)
4(1470 1522 1626 1574)
4(1471 1523 1627 1575)
4(1472 1524 1628 1576)
4(1473 1525 1629 1577)
4(1474 1526 1630 1578)
4(1475 1527 1631 1579)
4(1476 1528 1632 1580)
4(1477 1529 1633 1581)
4(1478 1530 1634 1582)
4(1479 1531 1635 1583)
4(1480 1532 1636 1584)
4(1481 1533 1637 1585)
4(1482 1534 1638 1586)
4(1483 1535 1639 1587)
4(1484 1536 1640 1588)
4(1485 1537 1641 1589)
4(1486 1538 1642 1590)
4(1487 1539 1643 1591)
4(1488 1540 1644 1592)
4(1489 1541 1645 1593)
4(1490 1542 1646 1594)
4(1491 1543 1647 1595)
4(1492 1544 1648 1596)
4(1493 1545 1649 1597)
4(1494 1546 1650 1598)
4(1495 1547 1651 1599)
4(1496 1548 1652 1600)
4(1497 1549 1653 1601)
4(1498 1550 1654 1602)
4(1499 1551 1655 1603)
4(1500 1552 1656 1604)
4(1501 1553 1657 1605)
4(1502 1554 1658 1606)
4(1503 1555 1659 1607)
4(1504 1556 1660 1608)
4(1505 1557 1661 1609)
4(1506 1558 1662 1610)
4(1560 1561 1613 1612)
4(1561 1562 1614 1613)
4(1562 1563 1615 1614)
4(1563 1564 1616 1615)
4(1564 1565 1617 1616)
4(1565 1566 1618 1617)
4(1566 1567 1619 1618)
4(1567 1568 1620 1619)
4(1568 1569 1621 1620)
4(1569 1570 1622 1621)
4(1570 1571 1623 1622)
4(1571 1572 1624 1623)
4(1572 1573 1625 1624)
4(1573 1574 1626 1625)
4(1574 1575 1627 1626)
4(1575 1576 1628 1627)
4(1576 1577 1629 1628)
4(1577 1578 1630 1629)
4(1578 1579 1631 1630)
4(1579 1580 1632 1631)
4(1580 1581 1633 1632)
4(1581 1582 1634 1633)
4(1582 1583 1635 1634)
4(1583 1584 1636 1635)
4(1584 1585 1637 1636)
4(1585 1586 1638 1637)
4(1586 1587 1639 1638)
4(1587 1588 1640 1639)
4(1588 1589 1641 1640)
4(1589 1590 1642 1641)
4(1590 1591 1643 1642)
4(1591 1592 1644 1643)
4(1592 1593 1645 1644)
4(1593 1594 1646 1645)
4(1594 1595 1647 1646)
4(1595 1596 1648 1647)
4(1596 1597 1649 1648)
4(1597 1598 1650 1649)
4(1598 1599 1651 1650)
4(1599 1600 1652 1651)
4(1600 1601 1653 1652)
4(1601 1602 1654 1653)
4(1602 1603 1655 1654)
4(1603 1604 1656 1655)
4(1604 1605 1657 1656)
4(1605 1606 1658 1657)
4(1606 1607 1659 1658)
4(1607 1608 1660 1659)
4(1608 1609 1661 1660)
4(1609 1610 1662 1661)
4(1610 1611 1663 1662)
4(0 52 53 1)
4(1 53 54 2)
4(2 54 55 3)
4(3 55 56 4)
4(4 56 57 5)
4(5 57 58 6)
4(6 58 59 7)
4(7 59 60 8)
4(8 60 61 9)
4(9 61 62 10)
4(10 62 63 11)
4(11 63 64 12)
4(12 64 65 13)
4(13 65 66 14)
4(14 66 67 15)
4(15 67 68 16)
4(16 68 69 17)
4(17 69 70 18)
4(18 70 71 19)
4(19 71 72 20)
4(20 72 73 21)
4(21 73 74 22)
4(22 74 75 23)
4(23 75 76 24)
4(24 76 77 25)
4(25 77 78 26)
4(26 78 79 27)
4(27 79 80 28)
4(28 80 81 29)
4(29 81 82 30)
4(30 82 83 31)
4(31 83 84 32)
4(32 84 85 33)
4(33 85 86 34)
4(34 86 87 35)
4(35 87 88 36)
4(36 88 89 37)
4(37 89 90 38)
4(38 90 91 39)
4(39 91 92 40)
4(40 92 93 41)
4(41 93 94 42)
4(42 94 95 43)
4(43 95 96 44)
4(44 96 97 45)
4(45 97 98 46)
4(46 98 99 47)
4(47 99 100 48)
4(48 100 101 49)
4(49 101 102 50)
4(50 102 103 51)
4(0 1 105 104)
4(104 105 209 208)
4(208 209 313 312)
4(312 313 417 416)
4(416 417 521 520)
4(520 521 625 624)
4(624 625 729 728)
4(728 729 833 832)
4(832 833 937 936)
4(936 937 1041 1040)
4(1040 1041 1145 1144)
4(1144 1145 1249 1248)
4(1248 1249 1353 1352)
4(1352 1353 1457 1456)
4(1456 1457 1561 1560)
4(1 2 106 105)
4(105 106 210 209)
4(209 210 314 313)
4(313 314 418 417)
4(417 418 522 521)
4(521 522 626 625)
4(625 626 730 729)
4(729 730 834 833)
4(833 834 938 937)
4(937 938 1042 1041)
4(1041 1042 1146 1145)
4(1145 1146 1250 1249)
4(1249 1250 1354 1353)
4(1353 1354 1458 1457)
4(1457 1458 1562 1561)
4(2 3 107 106)
4(106 107 211 210)
4(210 211 315 314)
4(314 315 419 418)
4(418 419 523 522)
4(522 523 627 626)
4(626 627 731 730)
4(730 731 835 834)
4(834 835 939 938)
4(938 939 1043 1042)
4(1042 1043 1147 1146)
4(1146 1147 1251 1250)
4(1250 1251 1355 1354)
4(1354 1355 1459 1458)
4(1458 1459 1563 1562)
4(3 4 108 107)
4(107 108 212 211)
4(211 212 316 315)
4(315 316 420 419)
4(419 420 524 523)
4(523 524 628 627)
4(627 628 732 731)
4(731 732 836 835)
4(835 836 940 939)
4(939 940 1044 1043)
4(1043 1044 1148 1147)
4(1147 1148 1252 1251)
4(1251 1252 1356 1355)
4(1355 1356 1460 1459)
4(1459 1460 1564 1563)
4(4 5 109 108)
4(108 109 213 212)
4(212 213 317 316)
4(316 317 421 420)
4(420 421 525 524)
4(524 525 629 628)
4(628 629 733 732)
4(732 733 837 836)
4(836 837 941 940)
4(940 941 1045 1044)
4(1044 1045 1149 1148)
4(1148 1149 1253 1252)
4(1252 1253 1357 1356)
4(1356 1357 1461 1460)
4(1460 1461 1565 1564)
4(5 6 110 109)
4(109 110 214 213)
4(213 214 318 317)
4(317 318 422 421)
4(421 422 526 525)
4(525 526 630 629)
4(629 630 734 733)
4(733 734 838 837)
4(837 838 942 941)
4(941 942 1046 1045)
4(1045 1046 1150 1149)
4(1149 1150 1254 1253)
4(1253 1254 1358 1357)
4(1357 1358 1462 1461)
4(1461 1462 1566 1565)
4(6 7 111 110)
4(110 111 215 214)
4(214 215 319 318)
4(318 319 423 422)
4(422 423 527 526)
4(526 527 631 630)
4(630 631 735 734)
4(734 735 839 838)
4(838 839 943 942)
4(942 943 1047 1046)
4(1046 1047 1151 1150)
4(1150 1151 1255 1254)
4(1254 1255 1359 1358)
4(1358 1359 1463 1462)
4(1462 1463 1567 1566)
4(7 8 112 111)
4(111 112 216 215)
4(215 216 320 319)
4(319 320 424 423)
4(423 424 528 527)
4(527 528 632 631)
4(631 632 736 735)
4(735 736 840 839)
4(839 840 944 943)
4(943 944 1048 1047)
4(1047 1048 1152 1151)
4(1151 1152 1256 1255)
4(1255 1256 1360 1359)
4(1359 1360 1464 1463)
4(1463 1464 1568 1567)
4(8 9 113 112)
4(112 113 217 216)
4(216 217 321 320)
4(320 321 425 424)
4(424 425 529 528)
4(528 529 633 632)
4(632 633 737 736)
4(736 737 841 840)
4(840 841 945 944)
4(944 945 1049 1048)
4(1048 1049 1153 1152)
4(1152 1153 1257 1256)
4(1256 1257 1361 1360)
4(1360 1361 1465 1464)
4(1464 1465 1569 1568)
4(9 10 114 113)
4(113 114 218 217)
4(217 218 322 321)
4(321 322 426 425)
4(425 426 530 529)
4(529 530 634 633)
4(633 634 738 737)
4(737 738 842 841)
4(841 842 946 945)
4(945 946 1050 1049)
4(1049 1050 1154 1153)
4(1153 1154 1258 1257)
4(1257 1258 1362 1361)
4(1361 1362 1466 1465)
4(1465 1466 1570 1569)
4(10 11 115 114)
4(114 115 219 218)
4(218 219 323 322)
4(322 323 427 426)
4(426 427 531 530)
4(530 531 635 634)
4(634 635 739 738)
4(738 739 843 842)
4(842 843 947 946)
4(946 947 1051 1050)
4(1050 1051 1155 1154)
4(1154 1155 1259 1258)
4(1258 1259 1363 1362)
4(1362 1363 1467 1466)
4(1466 1467 1571 1570)
4(11 12 116 115)
4(115 116 220 219)
4(219 220 324 323)
4(323 324 428 427)
4(427 428 532 531)
4(531 532 636 635)
4(635 636 740 739)
4(739 740 844 843)
4(843 844 948 947)
4(947 948 1052 1051)
4(1051 1052 1156 1155)
4(1155 1156 1260 1259)
4(1259 1260 1364 1363)
4(1363 1364 1468 1467)
4(1467 1468 1572 1571)
4(12 13 117 116)
4(116 117 221 220)
4(220 221 325 324)
4(324 325 429 428)
4(428 429 533 532)
4(532 533 637 636)
4(636 637 741 740)
4(740 741 845 844)
4(844 845 949 948)
4(948 949 1053 1052)
4(1052 1053 1157 1156)
4(1156 1157 1261 1260)
4(1260 1261 1365 1364)
4(1364 1365 1469 1468)
4(1468 1469 1573 1572)
4(13 14 118 117)
4(117 118 222 221)
4(221 222 326 325)
4(325 326 430 429)
4(429 430 534 533)
4(533 534 638 637)
4(637 638 742 741)
4(741 742 846 845)
4(845 846 950 949)
4(949 950 1054 1053)
4(1053 1054 1158 1157)
4(1157 1158 1262 1261)
4(1261 1262 1366 1365)
4(1365 1366 1470 1469)
4(1469 1470 1574 1573)
4(14 15 119 118)
4(118 119 223 222)
4(222 223 327 326)
4(326 327 431 430)
4(430 431 535 534)
4(534 535 639 638)
4(638 639 743 742)
4(742 743 847 846)
4(846 847 951 950)
4(950 951 1055 1054)
4(1054 1055 1159 1158)
4(1158 1159 1263 1262)
4(1262 1263 1367 1366)
4(1366 1367 1471 1470)
4(1470 1471 1575 1574)
4(15 16 120 119)
4(119 120 224 223)
4(223 224 328 327)
4(327 328 432 431)
4(431 432 536 535)
4(535 536 640 639)
4(639 640 744 743)
4(743 744 848 847)
4(847 848 952 951)
4(951 952 1056 1055)
4(1055 1056 1160 1159)
4(1159 1160 1264 1263)
4(1263 1264 1368 1367)
4(1367 1368 1472 1471)
4(1471 1472 1576 1575)
4(16 17 121 120)
4(120 121 225 224)
4(224 225 329 328)
4(328 329 433 432)
4(432 433 537 536)
4(536 537 641 640)
4(640 641 745 744)
4(744 745 849 848)
4(848 849 953 952)
4(952 953 1057 1056)
4(1056 1057 1161 1160)
4(1160 1161 1265 1264)
4(1264 1265 1369 1368)
4(1368 1369 1473 1472)
4(1472 1473 1577 1576)
4(17 18 122 121)
4(121 122 226 225)
4(225 226 330 329)
4(329 330 434 433)
4(433 434 538 537)
4(537 538 642 641)
4(641 642 746 745)
4(745 746 850 849)
4(849 850 954 953)
4(953 954 1058 1057)
4(1057 1058 1162 1161)
4(1161 1162 1266 1265)
4(1265 1266 1370 1369)
4(1369 1370 1474 1473)
4(1473 1474 1578 1577)
4(18 19 123 122)
4(122 123 227 226)
4(226 227 331 330)
4(330 331 435 434)
4(434 435 539 538)
4(538 539 643 642)
4(642 643 747 746)
4(746 747 851 850)
4(850 851 955 954)
4(954 955 1059 1058)
4(1058 1059 1163 1162)
4(1162 1163 1267 1266)
4(1266 1267 1371 1370)
4(1370 1371 1475 1474)
4(1474 1475 1579 1578)
4(19 20 124 123)
4(123 124 228 227)
4(227 228 332 331)
4(331 332 436 435)
4(435 436 540 539)
4(539 540 644 643)
4(643 644 748 747)
4(747 748 852 851)
4(851 852 956 955)
4(955 956 1060 1059)
4(1059 1060 1164 1163)
4(1163 1164 1268 1267)
4(1267 1268 1372 1371)
4(1371 1372 1476 1475)
4(1475 1476 1580 1579)
4(20 21 125 124)
4(124 125 229 228)
4(228 229 333 332)
4(332 333 437 436)
4(436 437 541 540)
4(540 541 645 644)
4(644 645 749 748)
4(748 749 853 852)
4(852 853 957 956)
4(956 957 1061 1060)
4(1060 1061 1165 1164)
4(1164 1165 1269 1268)
4(1268 1269 1373 1372)
4(1372 1373 1477 1476)
4(1476 1477 1581 1580)
4(21 22 126 125)
4(125 126 230 229)
4(229 230 334 333)
4(333 334 438 437)
4(437 438 542 541)
4(541 542 646 645)
4(645 646 750 749)
4(749 750 854 853)
4(853 854 958 957)
4(957 958 1062 1061)
4(1061 1062 1166 1165)
4(1165 1166 1270 1269)
4(1269 1270 1374 1373)
4(1373 1374 1478 1477)
4(1477 1478 1582 1581)
4(22 23 127 126)
4(126 127 231 230)
4(230 231 335 334)
4(334 335 439 438)
4(438 439 543 542)
4(542 543 647 646)
4(646 647 751 750)
4(750 751 855 854)
4(854 855 959 958)
4(958 959 1063 1062)
4(1062 1063 1167 1166)
4(1166 1167 1271 1270)
4(1270 1271 1375 1374)
4(1374 1375 1479 1478)
4(1478 1479 1583 1582)
4(23 24 128 127)
4(127 128 232 231)
4(231 232 336 335)
4(335 336 440 439)
4(439 440 544 543)
4(543 544 648 647)
4(647 648 752 751)
4(751 752 856 855)
4(855 856 960 959)
4(959 960 1064 1063)
4(1063 1064 1168 1167)
4(1167 1168 1272 1271)
4(1271 1272 1376 1375)
4(1375 1376 1480 1479)
4(1479 1480 1584 1583)
4(24 25 129 128)
4(128 129 233 232)
4(232 233 337 336)
4(336 337 441 440)
4(440 441 545 544)
4(544 545 649 648)
4(648 649 753 752)
4(752 753 857 856)
4(856 857 961 960)
4(960 961 1065 1064)
4(1064 1065 1169 1168)
4(1168 1169 1273 1272)
4(1272 1273 1377 1376)
4(1376 1377 1481 1480)
4(1480 1481 1585 1584)
4(25 26 130 129)
4(129 130 234 233)
4(233 234 338 337)
4(337 338 442 441)
4(441 442 546 545)
4(545 546 650 649)
4(649 650 754 753)
4(753 754 858 857)
4(857 858 962 961)
4(961 962 1066 1065)
4(1065 1066 1170 1169)
4(1169 1170 1274 1273)
4(1273 1274 1378 1377)
4(1377 1378 1482 1481)
4(1481 1482 1586 1585)
4(26 27 131 130)
4(130 131 235 234)
4(234 235 339 338)
4(338 339 443 442)
4(442 443 547 546)
4(546 547 651 650)
4(650 651 755 754)
4(754 755 859 858)
4(858 859 963 962)
4(962 963 1067 1066)
4(1066 1067 1171 1170)
4(1170 1171 1275 1274)
4(1274 1275 1379 1378)
4(1378 1379 1483 1482)
4(1482 1483 1587 1586)
4(27 28 132 131)
4(131 132 236 235)
4(235 236 340 339)
4(339 340 444 443)
4(443 444 548 547)
4(547 548 652 651)
4(651 652 756 755)
4(755 756 860 859)
4(859 860 964 963)
4(963 964 1068 1067)
4(1067 1068 1172 1171)
4(1171 1172 1276 1275)
4(1275 1276 1380 1379)
4(1379 1380 1484 1483)
4(1483 1484 1588 1587)
4(28 29 133 132)
4(132 133 237 236)
4(236 237 341 340)
4(340 341 445 444)
4(444 445 549 548)
4(548 549 653 652)
4(652 653 757 756)
4(756 757 861 860)
4(860 861 965 964)
4(964 965 1069 1068)
4(1068 1069 1173 1172)
4(1172 1173 1277 1276)
4(1276 1277 1381 1380)
4(1380 1381 1485 1484)
4(1484 1485 1589 1588)
4(29 30 134 133)
4(133 134 238 237)
4(237 238 342 341)
4(341 342 446 445)
4(445 446 550 549)
4(549 550 654 653)
4(653 654 758 757)
4(757 758 862 861)
4(861 862 966 965)
4(965 966 1070 1069)
4(1069 1070 1174 1173)
4(1173 1174 1278 1277)
4(1277 1278 1382 1381)
4(1381 1382 1486 1485)
4(1485 1486 1590 1589)
4(30 31 135 134)
4(134 135 239 238)
4(238 239 343 342)
4(342 343 447 446)
4(446 447 551 550)
4(550 551 655 654)
4(654 655 759 758)
4(758 759 863 862)
4(862 863 967 966)
4(966 967 1071 1070)
4(1070 1071 1175 1174)
4(1174 1175 1279 1278)
4(1278 1279 1383 1382)
4(1382 1383 1487 1486)
4(1486 1487 1591 1590)
4(31 32 136 135)
4(135 136 240 239)
4(239 240 344 343)
4(343 344 448 447)
4(447 448 552 551)
4(551 552 656 655)
4(655 656 760 759)
4(759 760 864 863)
4(863 864 968 967)
4(967 968 1072 1071)
4(1071 1072 1176 1175)
4(1175 1176 1280 1279)
4(1279 1280 1384 1383)
4(1383 1384 1488 1487)
4(1487 1488 1592 1591)
4(32 33 137 136)
4(136 137 241 240)
4(240 241 345 344)
4(344 345 449 448)
4(448 449 553 552)
4(552 553 657 656)
4(656 657 761 760)
4(760 761 865 864)
4(864 865 969 968)
4(968 969 1073 1072)
4(1072 1073 1177 1176)
4(1176 1177 1281 1280)
4(1280 1281 1385 1384)
4(1384 1385 1489 1488)
4(1488 1489 1593 1592)
4(33 34 138 137)
4(137 138 242 241)
4(241 242 346 345)
4(345 346 450 449)
4(449 450 554 553)
4(553 554 658 657)
4(657 658 762 761)
4(761 762 866 865)
4(865 866 970 969)
4(969 970 1074 1073)
4(1073 1074 1178 1177)
4(1177 1178 1282 1281)
4(1281 1282 1386 1385)
4(1385 1386 1490 1489)
4(1489 1490 1594 1593)
4(34 35 139 138)
4(138 139 243 242)
4(242 243 347 346)
4(346 347 451 450)
4(450 451 555 554)
4(554 555 659 658)
4(658 659 763 762)
4(762 763 867 866)
4(866 867 971 970)
4(970 971 1075 1074)
4(1074 1075 1179 1178)
4(1178 1179 1283 1282)
4(1282 1283 1387 1386)
4(1386 1387 1491 1490)
4(1490 1491 1595 1594)
4(35 36 140 139)
4(139 140 244 243)
4(243 244 348 347)
4(347 348 452 451)
4(451 452 556 555)
4(555 556 660 659)
4(659 660 764 763)
4(763 764 868 867)
4(867 868 972 971)
4(971 972 1076 1075)
4(1075 1076 1180 1179)
4(1179 1180 1284 1283)
4(1283 1284 1388 1387)
4(1387 1388 1492 1491)
4(1491 1492 1596 1595)
4(36 37 141 140)
4(140 141 245 244)
4(244 245 349 348)
4(348 349 453 452)
4(452 453 557 556)
4(556 557 661 660)
4(660 661 765 764)
4(764 765 869 868)
4(868 869 973 972)
4(972 973 1077 1076)
4(1076 1077 1181 1180)
4(1180 1181 1285 1284)
4(1284 1285 1389 1388)
4(1388 1389 1493 1492)
4(1492 1493 1597 1596)
4(37 38 142 141)
4(141 142 246 245)
4(245 246 350 349)
4(349 350 454 453)
4(453 454 558 557)
4(557 558 662 661)
4(661 662 766 765)
4(765 766 870 869)
4(869 870 974 973)
4(973 974 1078 1077)
4(1077 1078 1182 1181)
4(1181 1182 1286 1285)
4(1285 1286 1390 1389)
4(1389 1390 1494 1493)
4(1493 1494 1598 1597)
4(38 39 143 142)
4(142 143 247 246)
4(246 247 351 350)
4(350 351 455 454)
4(454 455 559 558)
4(558 559 663 662)
4(662 663 767 766)
4(766 767 871 870)
4(870 871 975 974)
4(974 975 1079 1078)
4(1078 1079 1183 1182)
4(1182 1183 1287 1286)
4(1286 1287 1391 1390)
4(1390 1391 1495 1494)
4(1494 1495 1599 1598)
4(39 40 144 143)
4(143 144 248 247)
4(247 248 352 351)
4(351 352 456 455)
4(455 456 560 559)
4(559 560 664 663)
4(663 664 768 767)
4(767 768 872 871)
4(871 872 976 975)
4(975 976 1080 1079)
4(1079 1080 1184 1183)
4(1183 1184 1288 1287)
4(1287 1288 1392 1391)
4(1391 1392 1496 1495)
4(1495 1496 1600 1599)
4(40 41 145 144)
4(144 145 249 248)
4(248 249 353 352)
4(352 353 457 456)
4(456 457 561 560)
4(560 561 665 664)
4(664 665 769 768)
4(768 769 873 872)
4(872 873 977 976)
4(976 977 1081 1080)
4(1080 1081 1185 1184)
4(1184 1185 1289 1288)
4(1288 1289 1393 1392)
4(1392 1393 1497 1496)
4(1496 1497 1601 1600)
4(41 42 146 145)
4(145 146 250 249)
4(249 250 354 353)
4(353 354 458 457)
4(457 458 562 561)
4(561 562 666 665)
4(665 666 770 769)
4(769 770 874 873)
4(873 874 978 977)
4(977 978 1082 1081)
4(1081 1082 1186 1185)
4(1185 1186 1290 1289)
4(1289 1290 1394 1393)
4(1393 1394 1498 1497)
4(1497 1498 1602 1601)
4(42 43 147 146)
4(146 147 251 250)
4(250 251 355 354)
4(354 355 459 458)
4(458 459 563 562)
4(562 563 667 666)
4(666 667 771 770)
4(770 771 875 874)
4(874 875 979 978)
4(978 979 1083 1082)
4(1082 1083 1187 1186)
4(1186 1187 1291 1290)
4(1290 1291 1395 1394)
4(1394 1395 1499 1498)
4(1498 1499 1603 1602)
4(43 44 148 147)
4(147 148 252 251)
4(251 252 356 355)
4(355 356 460 459)
4(459 460 564 563)
4(563 564 668 667)
4(667 668 772 771)
4(771 772 876 875)
4(875 876 980 979)
4(979 980 1084 1083)
4(1083 1084 1188 1187)
4(1187 1188 1292 1291)
4(1291 1292 1396 1395)
4(1395 1396 1500 1499)
4(1499 1500 1604 1603)
4(44 45 149 148)
4(148 149 253 252)
4(252 253 357 356)
4(356 357 461 460)
4(460 461 565 564)
4(564 565 669 668)
4(668 669 773 772)
4(772 773 877 876)
4(876 877 981 980)
4(980 981 1085 1084)
4(1084 1085 1189 1188)
4(1188 1189 1293 1292)
4(1292 1293 1397 1396)
4(1396 1397 1501 1500)
4(1500 1501 1605 1604)
4(45 46 150 149)
4(149 150 254 253)
4(253 254 358 357)
4(357 358 462 461)
4(461 462 566 565)
4(565 566 670 669)
4(669 670 774 773)
4(773 774 878 877)
4(877 878 982 981)
4(981 982 1086 1085)
4(1085 1086 1190 1189)
4(1189 1190 1294 1293)
4(1293 1294 1398 1397)
4(1397 1398 1502 1501)
4(1501 1502 1606 1605)
4(46 47 151 150)
4(150 151 255 254)
4(254 255 359 358)
4(358 359 463 462)
4(462 463 567 566)
4(566 567 671 670)
4(670 671 775 774)
4(774 775 879 878)
4(878 879 983 982)
4(982 983 1087 1086)
4(1086 1087 1191 1190)
4(1190 1191 1295 1294)
4(1294 1295 1399 1398)
4(1398 1399 1503 1502)
4(1502 1503 1607 1606)
4(47 48 152 151)
4(151 152 256 255)
4(255 256 360 359)
4(359 360 464 463)
4(463 464 568 567)
4(567 568 672 671)
4(671 672 776 775)
4(775 776 880 879)
4(879 880 984 983)
4(983 984 1088 1087)
4(1087 1088 1192 1191)
4(1191 1192 1296 1295)
4(1295 1296 1400 1399)
4(1399 1400 1504 1503)
4(1503 1504 1608 1607)
4(48 49 153 152)
4(152 153 257 256)
4(256 257 361 360)
4(360 361 465 464)
4(464 465 569 568)
4(568 569 673 672)
4(672 673 777 776)
4(776 777 881 880)
4(880 881 985 984)
4(984 985 1089 1088)
4(1088 1089 1193 1192)
4(1192 1193 1297 1296)
4(1296 1297 1401 1400)
4(1400 1401 1505 1504)
4(1504 1505 1609 1608)
4(49 50 154 153)
4(153 154 258 257)
4(257 258 362 361)
4(361 362 466 465)
4(465 466 570 569)
4(569 570 674 673)
4(673 674 778 777)
4(777 778 882 881)
4(881 882 986 985)
4(985 986 1090 1089)
4(1089 1090 1194 1193)
4(1193 1194 1298 1297)
4(1297 1298 1402 1401)
4(1401 1402 1506 1505)
4(1505 1506 1610 1609)
4(50 51 155 154)
4(154 155 259 258)
4(258 259 363 362)
4(362 363 467 466)
4(466 467 571 570)
4(570 571 675 674)
4(674 675 779 778)
4(778 779 883 882)
4(882 883 987 986)
4(986 987 1091 1090)
4(1090 1091 1195 1194)
4(1194 1195 1299 1298)
4(1298 1299 1403 1402)
4(1402 1403 1507 1506)
4(1506 1507 1611 1610)
4(52 156 157 53)
4(156 260 261 157)
4(260 364 365 261)
4(364 468 469 365)
4(468 572 573 469)
4(572 676 677 573)
4(676 780 781 677)
4(780 884 885 781)
4(884 988 989 885)
4(988 1092 1093 989)
4(1092 1196 1197 1093)
4(1196 1300 1301 1197)
4(1300 1404 1405 1301)
4(1404 1508 1509 1405)
4(1508 1612 1613 1509)
4(53 157 158 54)
4(157 261 262 158)
4(261 365 366 262)
4(365 469 470 366)
4(469 573 574 470)
4(573 677 678 574)
4(677 781 782 678)
4(781 885 886 782)
4(885 989 990 886)
4(989 1093 1094 990)
4(1093 1197 1198 1094)
4(1197 1301 1302 1198)
4(1301 1405 1406 1302)
4(1405 1509 1510 1406)
4(1509 1613 1614 1510)
4(54 158 159 55)
4(158 262 263 159)
4(262 366 367 263)
4(366 470 471 367)
4(470 574 575 471)
4(574 678 679 575)
4(678 782 783 679)
4(782 886 887 783)
4(886 990 991 887)
4(990 1094 1095 991)
4(1094 1198 1199 1095)
4(1198 1302 1303 1199)
4(1302 1406 1407 1303)
4(1406 1510 1511 1407)
4(1510 1614 1615 1511)
4(55 159 160 56)
4(159 263 264 160)
4(263 367 368 264)
4(367 471 472 368)
4(471 575 576 472)
4(575 679 680 576)
4(679 783 784 680)
4(783 887 888 784)
4(887 991 992 888)
4(991 1095 1096 992)
4(1095 1199 1200 1096)
4(1199 1303 1304 1200)
4(1303 1407 1408 1304)
4(1407 1511 1512 1408)
4(1511 1615 1616 1512)
4(56 160 161 57)
4(160 264 265 161)
4(264 368 369 265)
4(368 472 473 369)
4(472 576 577 473)
4(576 680 681 577)
4(680 784 785 681)
4(784 888 889 785)
4(888 992 993 889)
4(992 1096 1097 993)
4(1096 1200 1201 1097)
4(1200 1304 1305 1201)
4(1304 1408 1409 1305)
4(1408 1512 1513 1409)
4(1512 1616 1617 1513)
4(57 161 162 58)
4(161 265 266 162)
4(265 369 370 266)
4(369 473 474 370)
4(473 577 578 474)
4(577 681 682 578)
4(681 785 786 682)
4(785 889 890 786)
4(889 993 994 890)
4(993 1097 1098 994)
4(1097 1201 1202 1098)
4(1201 1305 1306 1202)
4(1305 1409 1410 1306)
4(1409 1513 1514 1410)
4(1513 1617 1618 1514)
4(58 162 163 59)
4(162 266 267 163)
4(266 370 371 267)
4(370 474 475 371)
4(474 578 579 475)
4(578 682 683 579)
4(682 786 787 683)
4(786 890 891 787)
4(890 994 995 891)
4(994 1098 1099 995)
4(1098 1202 1203 1099)
4(1202 1306 1307 1203)
4(1306 1410 1411 1307)
4(1410 1514 1515 1411)
4(1514 1618 1619 1515)
4(59 163 164 60)
4(163 267 268 164)
4(267 371 372 268)
4(371 475 476 372)
4(475 579 580 476)
4(579 683 684 580)
4(683 787 788 684)
4(787 891 892 788)
4(891 995 996 892)
4(995 1099 1100 996)
4(1099 1203 1204 1100)
4(1203 1307 1308 1204)
4(1307 1411 1412 1308)
4(1411 1515 1516 1412)
4(1515 1619 1620 1516)
4(60 164 165 61)
4(164 268 269 165)
4(268 372 373 269)
4(372 476 477 373)
4(476 580 581 477)
4(580 684 685 581)
4(684 788 789 685)
4(788 892 893 789)
4(892 996 997 893)
4(996 1100 1101 997)
4(1100 1204 1205 1101)
4(1204 1308 1309 1205)
4(1308 1412 1413 1309)
4(1412 1516 1517 1413)
4(1516 1620 1621 1517)
4(61 165 166 62)
4(165 269 270 166)
4(269 373 374 270)
4(373 477 478 374)
4(477 581 582 478)
4(581 685 686 582)
4(685 789 790 686)
4(789 893 894 790)
4(893 997 998 894)
4(997 1101 1102 998)
4(1101 1205 1206 1102)
4(1205 1309 1310 1206)
4(1309 1413 1414 1310)
4(1413 1517 1518 1414)
4(1517 1621 1622 1518)
4(62 166 167 63)
4(166 270 271 167)
4(270 374 375 271)
4(374 478 479 375)
4(478 582 583 479)
4(582 686 687 583)
4(686 790 791 687)
4(790 894 895 791)
4(894 998 999 895)
4(998 1102 1103 999)
4(1102 1206 1207 1103)
4(1206 1310 1311 1207)
4(1310 1414 1415 1311)
4(1414 1518 1519 1415)
4(1518 1622 1623 1519)
4(63 167 168 64)
4(167 271 272 168)
4(271 375 376 272)
4(375 479 480 376)
4(479 583 584 480)
4(583 687 688 584)
4(687 791 792 688)
4(791 895 896 792)
4(895 999 1000 896)
4(999 1103 1104 1000)
4(1103 1207 1208 1104)
4(1207 1311 1312 1208)
4(1311 1415 1416 1312)
4(1415 1519 1520 1416)
4(1519 1623 1624 1520)
4(64 168 169 65)
4(168 272 273 169)
4(272 376 377 273)
4(376 480 481 377)
4(480 584 585 481)
4(584 688 689 585)
4(688 792 793 689)
4(792 896 897 793)
4(896 1000 1001 897)
4(1000 1104 1105 1001)
4(1104 1208 1209 1105)
4(1208 1312 1313 1209)
4(1312 1416 1417 1313)
4(1416 1520 1521 1417)
4(1520 1624 1625 1521)
4(65 169 170 66)
4(169 273 274 170)
4(273 377 378 274)
4(377 481 482 378)
4(481 585 586 482)
4(585 689 690 586)
4(689 793 794 690)
4(793 897 898 794)
4(897 1001 1002 898)
4(1001 1105 1106 1002)
4(1105 1209 1210 1106)
4(1209 1313 1314 1210)
4(1313 1417 1418 1314)
4(1417 1521 1522 1418)
4(1521 1625 1626 1522)
4(66 170 171 67)
4(170 274 275 171)
4(274 378 379 275)
4(378 482 483 379)
4(482 586 587 483)
4(586 690 691 587)
4(690 794 795 691)
4(794 898 899 795)
4(898 1002 1003 899)
4(1002 1106 1107 1003)
4(1106 1210 1211 1107)
4(1210 1314 1315 1211)
4(1314 1418 1419 1315)
4(1418 1522 1523 1419)
4(1522 1626 1627 1523)
4(67 171 172 68)
4(171 275 276 172)
4(275 379 380 276)
4(379 483 484 380)
4(483 587 588 484)
4(587 691 692 588)
4(691 795 796 692)
4(795 899 900 796)
4(899 1003 1004 900)
4(1003 1107 1108 1004)
4(1107 1211 1212 1108)
4(1211 1315 1316 1212)
4(1315 1419 1420 1316)
4(1419 1523 1524 1420)
4(1523 1627 1628 1524)
4(68 172 173 69)
4(172 276 277 173)
4(276 380 381 277)
4(380 484 485 381)
4(484 588 589 485)
4(588 692 693 589)
4(692 796 797 693)
4(796 900 901 797)
4(900 1004 1005 901)
4(1004 1108 1109 1005)
4(1108 1212 1213 1109)
4(1212 1316 1317 1213)
4(1316 1420 1421 1317)
4(1420 1524 1525 1421)
4(1524 1628 1629 1525)
4(69 173 174 70)
4(173 277 278 174)
4(277 381 382 278)
4(381 485 486 382)
4(485 589 590 486)
4(589 693 694 590)
4(693 797 798 694)
4(797 901 902 798)
4(901 1005 1006 902)
4(1005 1109 1110 1006)
4(1109 1213 1214 1110)
4(1213 1317 1318 1214)
4(1317 1421 1422 1318)
4(1421 1525 1526 1422)
4(1525 1629 1630 1526)
4(70 174 175 71)
4(174 278 279 175)
4(278 382 383 279)
4(382 486 487 383)
4(486 590 591 487)
4(590 694 695 591)
4(694 798 799 695)
4(798 902 903 799)
4(902 1006 1007 903)
4(1006 1110 1111 1007)
4(1110 1214 1215 1111)
4(1214 1318 1319 1215)
4(1318 1422 1423 1319)
4(1422 1526 1527 1423)
4(1526 1630 1631 1527)
4(71 175 176 72)
4(175 279 280 176)
4(279 383 384 280)
4(383 487 488 384)
4(487 591 592 488)
4(591 695 696 592)
4(695 799 800 696)
4(799 903 904 800)
4(903 1007 1008 904)
4(1007 1111 1112 1008)
4(1111 1215 1216 1112)
4(1215 1319 1320 1216)
4(1319 1423 1424 1320)
4(1423 1527 1528 1424)
4(1527 1631 1632 1528)
4(72 176 177 73)
4(176 280 281 177)
4(280 384 385 281)
4(384 488 489 385)
4(488 592 593 489)
4(592 696 697 593)
4(696 800 801 697)
4(800 904 905 801)
4(904 1008 1009 905)
4(1008 1112 1113 1009)
4(1112 1216 1217 1113)
4(1216 1320 1321 1217)
4(1320 1424 1425 1321)
4(1424 1528 1529 1425)
4(1528 1632 1633 1529)
4(73 177 178 74)
4(177 281 282 178)
4(281 385 386 282)
4(385 489 490 386)
4(489 593 594 490)
4(593 697 698 594)
4(697 801 802 698)
4(801 905 906 802)
4(905 1009 1010 906)
4(1009 1113 1114 1010)
4(1113 1217 1218 1114)
4(1217 1321 1322 1218)
4(1321 1425 1426 1322)
4(1425 1529 1530 1426)
4(1529 1633 1634 1530)
4(74 178 179 75)
4(178 282 283 179)
4(282 386 387 283)
4(386 490 491 387)
4(490 594 595 491)
4(594 698 699 595)
4(698 802 803 699)
4(802 906 907 803)
4(906 1010 1011 907)
4(1010 1114 1115 1011)
4(1114 1218 1219 1115)
4(1218 1322 1323 1219)
4(1322 1426 1427 1323)
4(1426 1530 1531 1427)
4(1530 1634 1635 1531)
4(75 179 180 76)
4(179 283 284 180)
4(283 387 388 284)
4(387 491 492 388)
4(491 595 596 492)
4(595 699 700 596)
4(699 803 804 700)
4(803 907 908 804)
4(907 1011 1012 908)
4(1011 1115 1116 1012)
4(1115 1219 1220 1116)
4(1219 1323 1324 1220)
4(1323 1427 1428 1324)
4(1427 1531 1532 1428)
4(1531 1635 1636 1532)
4(76 180 181 77)
4(180 284 285 181)
4(284 388 389 285)
4(388 492 493 389)
4(492 596 597 493)
4(596 700 701 597)
4(700 804 805 701)
4(804 908 909 805)
4(908 1012 1013 909)
4(1012 1116 1117 1013)
4(1116 1220 1221 1117)
4(1220 1324 1325 1221)
4(1324 1428 1429 1325)
4(1428 1532 1533 1429)
4(1532 1636 1637 1533)
4(77 181 182 78)
4(181 285 286 182)
4(285 389 390 286)
4(389 493 494 390)
4(493 597 598 494)
4(597 701 702 598)
4(701 805 806 702)
4(805 909 910 806)
4(909 1013 1014 910)
4(1013 1117 1118 1014)
4(1117 1221 1222 1118)
4(1221 1325 1326 1222)
4(1325 1429 1430 1326)
4(1429 1533 1534 1430)
4(1533 1637 1638 1534)
4(78 182 183 79)
4(182 286 287 183)
4(286 390 391 287)
4(390 494 495 391)
4(494 598 599 495)
4(598 702 703 599)
4(702 806 807 703)
4(806 910 911 807)
4(910 1014 1015 911)
4(1014 1118 1119 1015)
4(1118 1222 1223 1119)
4(1222 1326 1327 1223)
4(1326 1430 1431 1327)
4(1430 1534 1535 1431)
4(1534 1638 1639 1535)
4(79 183 184 80)
4(183 287 288 184)
4(287 391 392 288)
4(391 495 496 392)
4(495 599 600 496)
4(599 703 704 600)
4(703 807 808 704)
4(807 911 912 808)
4(911 1015 1016 912)
4(1015 1119 1120 1016)
4(1119 1223 1224 1120)
4(1223 1327 1328 1224)
4(1327 1431 1432 1328)
4(1431 1535 1536 1432)
4(1535 1639 1640 1536)
4(80 184 185 81)
4(184 288 289 185)
4(288 392 393 289)
4(392 496 497 393)
4(496 600 601 497)
4(600 704 705 601)
4(704 808 809 705)
4(808 912 913 809)
4(912 1016 1017 913)
4(1016 1120 1121 1017)
4(1120 1224 1225 1121)
4(1224 1328 1329 1225)
4(1328 1432 1433 1329)
4(1432 1536 1537 1433)
4(1536 1640 1641 1537)
4(81 185 186 82)
4(185 289 290 186)
4(289 393 394 290)
4(393 497 498 394)
4(497 601 602 498)
4(601 705 706 602)
4(705 809 810 706)
4(809 913 914 810)
4(913 1017 1018 914)
4(1017 1121 1122 1018)
4(1121 1225 1226 1122)
4(1225 1329 1330 1226)
4(1329 1433 1434 1330)
4(1433 1537 1538 1434)
4(1537 1641 1642 1538)
4(82 186 187 83)
4(186 290 291 187)
4(290 394 395 291)
4(394 498 499 395)
4(498 602 603 499)
4(602 706 707 603)
4(706 810 811 707)
4(810 914 915 811)
4(914 1018 1019 915)
4(1018 1122 1123 1019)
4(1122 1226 1227 1123)
4(1226 1330 1331 1227)
4(1330 1434 1435 1331)
4(1434 1538 1539 1435)
4(1538 1642 1643 1539)
4(83 187 188 84)
4(187 291 292 188)
4(291 395 396 292)
4(395 499 500 396)
4(499 603 604 500)
4(603 707 708 604)
4(707 811 812 708)
4(811 915 916 812)
4(915 1019 1020 916)
4(1019 1123 1124 1020)
4(1123 1227 1228 1124)
4(1227 1331 1332 1228)
4(1331 1435 1436 1332)
4(1435 1539 1540 1436)
4(1539 1643 1644 1540)
4(84 188 189 85)
4(188 292 293 189)
4(292 396 397 293)
4(396 500 501 397)
4(500 604 605 501)
4(604 708 709 605)
4(708 812 813 709)
4(812 916 917 813)
4(916 1020 1021 917)
4(1020 1124 1125 1021)
4(1124 1228 1229 1125)
4(1228 1332 1333 1229)
4(1332 1436 1437 1333)
4(1436 1540 1541 1437)
4(1540 1644 1645 1541)
4(85 189 190 86)
4(189 293 294 190)
4(293 397 398 294)
4(397 501 502 398)
4(501 605 606 502)
4(605 709 710 606)
4(709 813 814 710)
4(813 917 918 814)
4(917 1021 1022 918)
4(1021 1125 1126 1022)
4(1125 1229 1230 1126)
4(1229 1333 1334 1230)
4(1333 1437 1438 1334)
4(1437 1541 1542 1438)
4(1541 1645 1646 1542)
4(86 190 191 87)
4(190 294 295 191)
4(294 398 399 295)
4(398 502 503 399)
4(502 606 607 503)
4(606 710 711 607)
4(710 814 815 711)
4(814 918 919 815)
4(918 1022 1023 919)
4(1022 1126 1127 1023)
4(1126 1230 1231 1127)
4(1230 1334 1335 1231)
4(1334 1438 1439 1335)
4(1438 1542 1543 1439)
4(1542 1646 1647 1543)
4(87 191 192 88)
4(191 295 296 192)
4(295 399 400 296)
4(399 503 504 400)
4(503 607 608 504)
4(607 711 712 608)
4(711 815 816 712)
4(815 919 920 816)
4(919 1023 1024 920)
4(1023 1127 1128 1024)
4(1127 1231 1232 1128)
4(1231 1335 1336 1232)
4(1335 1439 1440 1336)
4(1439 1543 1544 1440)
4(1543 1647 1648 1544)
4(88 192 193 89)
4(192 296 297 193)
4(296 400 401 297)
4(400 504 505 401)
4(504 608 609 505)
4(608 712 713 609)
4(712 816 817 713)
4(816 920 921 817)
4(920 1024 1025 921)
4(1024 1128 1129 1025)
4(1128 1232 1233 1129)
4(1232 1336 1337 1233)
4(1336 1440 1441 1337)
4(1440 1544 1545 1441)
4(1544 1648 1649 1545)
4(89 193 194 90)
4(193 297 298 194)
4(297 401 402 298)
4(401 505 506 402)
4(505 609 610 506)
4(609 713 714 610)
4(713 817 818 714)
4(817 921 922 818)
4(921 1025 1026 922)
4(1025 1129 1130 1026)
4(1129 1233 1234 1130)
4(1233 1337 1338 1234)
4(1337 1441 1442 1338)
4(1441 1545 1546 1442)
4(1545 1649 1650 1546)
4(90 194 195 91)
4(194 298 299 195)
4(298 402 403 299)
4(402 506 507 403)
4(506 610 611 507)
4(610 714 715 611)
4(714 818 819 715)
4(818 922 923 819)
4(922 1026 1027 923)
4(1026 1130 1131 1027)
4(1130 1234 1235 1131)
4(1234 1338 1339 1235)
4(1338 1442 1443 1339)
4(1442 1546 1547 1443)
4(1546 1650 1651 1547)
4(91 195 196 92)
4(195 299 300 196)
4(299 403 404 300)
4(403 507 508 404)
4(507 611 612 508)
4(611 715 716 612)
4(715 819 820 716)
4(819 923 924 820)
4(923 1027 1028 924)
4(1027 1131 1132 1028)
4(1131 1235 1236 1132)
4(1235 1339 1340 1236)
4(1339 1443 1444 1340)
4(1443 1547 1548 1444)
4(1547 1651 1652 1548)
4(92 196 197 93)
4(196 300 301 197)
4(300 404 405 301)
4(404 508 509 405)
4(508 612 613 509)
4(612 716 717 613)
4(716 820 821 717)
4(820 924 925 821)
4(924 1028 1029 925)
4(1028 1132 1133 1029)
4(1132 1236 1237 1133)
4(1236 1340 1341 1237)
4(1340 1444 1445 1341)
4(1444 1548 1549 1445)
4(1548 1652 1653 1549)
4(93 197 198 94)
4(197 301 302 198)
4(301 405 406 302)
4(405 509 510 406)
4(509 613 614 510)
4(613 717 718 614)
4(717 821 822 718)
4(821 925 926 822)
4(925 1029 1030 926)
4(1029 1133 1134 1030)
4(1133 1237 1238 1134)
4(1237 1341 1342 1238)
4(1341 1445 1446 1342)
4(1445 1549 1550 1446)
4(1549 1653 1654 1550)
4(94 198 199 95)
4(198 302 303 199)
4(302 406 407 303)
4(406 510 511 407)
4(510 614 615 511)
4(614 718 719 615)
4(718 822 823 719)
4(822 926 927 823)
4(926 1030 1031 927)
4(1030 1134 1135 1031)
4(1134 1238 1239 1135)
4(1238 1342 1343 1239)
4(1342 1446 1447 1343)
4(1446 1550 1551 1447)
4(1550 1654 1655 1551)
4(95 199 200 96)
4(199 303 304 200)
4(303 407 408 304)
4(407 511 512 408)
4(511 615 616 512)
4(615 719 720 616)
4(719 823 824 720)
4(823 927 928 824)
4(927 1031 1032 928)
4(1031 1135 1136 1032)
4(1135 1239 1240 1136)
4(1239 1343 1344 1240)
4(1343 1447 1448 1344)
4(1447 1551 1552 1448)
4(1551 1655 1656 1552)
4(96 200 201 97)
4(200 304 305 201)
4(304 408 409 305)
4(408 512 513 409)
4(512 616 617 513)
4(616 720 721 617)
4(720 824 825 721)
4(824 928 929 825)
4(928 1032 1033 929)
4(1032 1136 1137 1033)
4(1136 1240 1241 1137)
4(1240 1344 1345 1241)
4(1344 1448 1449 1345)
4(1448 1552 1553 1449)
4(1552 1656 1657 1553)
4(97 201 202 98)
4(201 305 306 202)
4(305 409 410 306)
4(409 513 514 410)
4(513 617 618 514)
4(617 721 722 618)
4(721 825 826 722)
4(825 929 930 826)
4(929 1033 1034 930)
4(1033 1137 1138 1034)
4(1137 1241 1242 1138)
4(1241 1345 1346 1242)
4(1345 1449 1450 1346)
4(1449 1553 1554 1450)
4(1553 1657 1658 1554)
4(98 202 203 99)
4(202 306 307 203)
4(306 410 411 307)
4(410 514 515 411)
4(514 618 619 515)
4(618 722 723 619)
4(722 826 827 723)
4(826 930 931 827)
4(930 1034 1035 931)
4(1034 1138 1139 1035)
4(1138 1242 1243 1139)
4(1242 1346 1347 1243)
4(1346 1450 1451 1347)
4(1450 1554 1555 1451)
4(1554 1658 1659 1555)
4(99 203 204 100)
4(203 307 308 204)
4(307 411 412 308)
4(411 515 516 412)
4(515 619 620 516)
4(619 723 724 620)
4(723 827 828 724)
4(827 931 932 828)
4(931 1035 1036 932)
4(1035 1139 1140 1036)
4(1139 1243 1244 1140)
4(1243 1347 1348 1244)
4(1347 1451 1452 1348)
4(1451 1555 1556 1452)
4(1555 1659 1660 1556)
4(100 204 205 101)
4(204 308 309 205)
4(308 412 413 309)
4(412 516 517 413)
4(516 620 621 517)
4(620 724 725 621)
4(724 828 829 725)
4(828 932 933 829)
4(932 1036 1037 933)
4(1036 1140 1141 1037)
4(1140 1244 1245 1141)
4(1244 1348 1349 1245)
4(1348 1452 1453 1349)
4(1452 1556 1557 1453)
4(1556 1660 1661 1557)
4(101 205 206 102)
4(205 309 310 206)
4(309 413 414 310)
4(413 517 518 414)
4(517 621 622 518)
4(621 725 726 622)
4(725 829 830 726)
4(829 933 934 830)
4(933 1037 1038 934)
4(1037 1141 1142 1038)
4(1141 1245 1246 1142)
4(1245 1349 1350 1246)
4(1349 1453 1454 1350)
4(1453 1557 1558 1454)
4(1557 1661 1662 1558)
4(102 206 207 103)
4(206 310 311 207)
4(310 414 415 311)
4(414 518 519 415)
4(518 622 623 519)
4(622 726 727 623)
4(726 830 831 727)
4(830 934 935 831)
4(934 1038 1039 935)
4(1038 1142 1143 1039)
4(1142 1246 1247 1143)
4(1246 1350 1351 1247)
4(1350 1454 1455 1351)
4(1454 1558 1559 1455)
4(1558 1662 1663 1559)
4(0 104 156 52)
4(104 208 260 156)
4(208 312 364 260)
4(312 416 468 364)
4(416 520 572 468)
4(520 624 676 572)
4(624 728 780 676)
4(728 832 884 780)
4(832 936 988 884)
4(936 1040 1092 988)
4(1040 1144 1196 1092)
4(1144 1248 1300 1196)
4(1248 1352 1404 1300)
4(1352 1456 1508 1404)
4(1456 1560 1612 1508)
4(51 103 207 155)
4(155 207 311 259)
4(259 311 415 363)
4(363 415 519 467)
4(467 519 623 571)
4(571 623 727 675)
4(675 727 831 779)
4(779 831 935 883)
4(883 935 1039 987)
4(987 1039 1143 1091)
4(1091 1143 1247 1195)
4(1195 1247 1351 1299)
4(1299 1351 1455 1403)
4(1403 1455 1559 1507)
4(1507 1559 1663 1611)
)


// ************************************************************************* //
