/*--------------------------------*- C++ -*----------------------------------*\
| =========                 |                                                 |
| \\      /  F ield         | OpenFOAM: The Open Source CFD Toolbox           |
|  \\    /   O peration     | Version:  2.3.0                                 |
|   \\  /    A nd           | Web:      www.OpenFOAM.org                      |
|    \\/     M anipulation  |                                                 |
\*---------------------------------------------------------------------------*/
FoamFile
{
    version     2.0;
    format      ascii;
    class       surfaceScalarField;
    location    "9000";
    object      phi;
}
// * * * * * * * * * * * * * * * * * * * * * * * * * * * * * * * * * * * * * //

dimensions      [0 3 -1 0 0 0 0];

internalField   nonuniform List<scalar> 
354
(
0.510465
-0.0751282
0.527058
-0.0165937
0.501962
0.0250959
0.464834
0.0371285
0.430497
0.034337
0.402101
0.0283961
0.378921
0.0231797
0.359589
0.0193318
0.343148
0.0164417
0.329219
0.0139288
0.318014
0.0112052
0.00758632
0.293231
-0.160626
0.374554
-0.0979167
0.437978
-0.0383274
0.482177
-0.00707044
0.510678
0.00583547
0.52728
0.0117942
0.53544
0.0150194
0.538078
0.0166944
0.537642
0.0168774
0.536287
0.0152835
0.536069
0.0114232
0.00455031
0.184157
-0.200363
0.237243
-0.151002
0.305484
-0.106569
0.373155
-0.0747413
0.42871
-0.0497199
0.469752
-0.0292477
0.498192
-0.01342
0.517435
-0.00254953
0.530929
0.00338382
0.541656
0.00455633
0.552066
0.00101313
-0.0074099
0.132149
-0.229315
0.174097
-0.192949
0.234096
-0.166568
0.298239
-0.138884
0.353427
-0.104908
0.395728
-0.0715493
0.426308
-0.0439996
0.448262
-0.0245038
0.464817
-0.0131716
0.478604
-0.00922989
0.491462
-0.0118453
-0.0203271
0.0705023
-0.281365
0.0937919
-0.252605
0.131197
-0.230355
0.184176
-0.219547
0.23776
-0.192468
0.282929
-0.150077
0.317151
-0.105771
0.341802
-0.0686505
0.359622
-0.0423245
0.373203
-0.0267524
0.384385
-0.0204114
0.394134
-0.0215945
-0.0288135
0.0417108
-0.294309
0.0596427
-0.270537
0.0903551
-0.261067
0.130793
-0.259985
0.168658
-0.230333
0.199123
-0.180541
0.221329
-0.127978
0.236834
-0.0841555
0.247778
-0.0532679
0.255843
-0.0348175
0.261918
-0.0264869
0.266127
-0.0258035
-0.0306993
0.0147266
-0.298762
0.0233523
-0.279162
0.0399528
-0.277667
0.0608997
-0.280931
0.0794492
-0.248883
0.0935771
-0.194669
0.103126
-0.137526
0.109137
-0.0901673
0.112793
-0.0569238
0.114793
-0.0368176
0.115189
-0.0268827
0.113488
-0.0241023
-0.0261127
-0.012203
-0.293732
-0.0187012
-0.272664
-0.0233475
-0.273021
-0.0264926
-0.277786
-0.0290531
-0.246322
-0.0310867
-0.192636
-0.0330236
-0.13559
-0.0351015
-0.0880894
-0.0374602
-0.0545651
-0.0403922
-0.0338857
-0.0444874
-0.0227874
-0.050612
-0.0179778
-0.01704
-0.0397473
-0.279085
-0.0631146
-0.249297
-0.0919194
-0.244216
-0.120975
-0.24873
-0.144927
-0.222371
-0.162297
-0.175266
-0.174292
-0.123595
-0.182722
-0.0796589
-0.18917
-0.0481174
-0.194904
-0.0281514
-0.201083
-0.0166093
-0.208929
-0.0101317
-0.00639545
-0.068665
-0.255807
-0.101238
-0.216724
-0.149365
-0.196089
-0.202794
-0.195301
-0.246761
-0.178403
-0.278337
-0.143689
-0.299567
-0.102365
-0.313396
-0.0658298
-0.322578
-0.0389356
-0.329308
-0.0214208
-0.335376
-0.0105422
-0.342537
-0.00297053
0.00340776
-0.100112
-0.225222
-0.132248
-0.184588
-0.183474
-0.144864
-0.251221
-0.127554
-0.30957
-0.120054
-0.352336
-0.100923
-0.381623
-0.0730779
-0.400439
-0.0470138
-0.412091
-0.0272831
-0.419483
-0.014029
-0.424933
-0.00509215
-0.430683
0.00277947
0.0113619
-0.136715
-0.185686
-0.171541
-0.149762
-0.210068
-0.106336
-0.261309
-0.0763134
-0.315131
-0.0662327
-0.360907
-0.0551468
-0.39498
-0.0390049
-0.417586
-0.0244075
-0.431675
-0.0131949
-0.440579
-0.00512496
-0.44681
0.0011392
-0.452375
0.00834489
0.0177514
-0.175017
-0.13542
-0.216831
-0.107949
-0.247963
-0.0752039
-0.274282
-0.0499951
-0.305997
-0.0345175
-0.337098
-0.0240453
-0.359867
-0.0162366
-0.374574
-0.00970057
-0.384054
-0.00371412
-0.391062
0.00188258
-0.397388
0.00746486
-0.403157
0.0141145
0.0221989
-0.202962
-0.0781427
-0.249728
-0.0611825
-0.283418
-0.0415141
-0.308275
-0.0251375
-0.328708
-0.0140842
-0.34521
-0.0075437
-0.357912
-0.00353487
-0.36716
-0.00045234
-0.3733
0.00242618
-0.376659
0.0052417
-0.377211
0.00801625
-0.374188
0.011092
0.014811
-0.224341
-0.273471
-0.307726
-0.329969
-0.344628
-0.355053
-0.362854
-0.368407
-0.371571
-0.372169
-0.370062
-0.364841
)
;

boundaryField
{
    top
    {
        type            calculated;
        value           nonuniform List<scalar> 
13
(
-0.0161571
-0.0120527
-0.00725971
-0.00289364
0.000574557
0.00288067
0.00426653
0.00510101
0.0055903
0.00583942
0.00590864
0.00587178
0.00580699
)
;
    }
    bottom
    {
        type            calculated;
        value           uniform 0;
    }
    frontAndBack
    {
        type            empty;
        value           nonuniform 0();
    }
    left_cyc
    {
        type            cyclic;
        value           nonuniform 0();
    }
    right_cyc
    {
        type            cyclic;
        value           nonuniform 0();
    }
    procBoundary3to0throughright_cyc
    {
        type            processorCyclic;
        value           nonuniform List<scalar> 
15
(
0.310427
0.539105
0.564027
0.504379
0.40262
0.268013
0.108901
-0.0596847
-0.219573
-0.35234
-0.438637
-0.458765
-0.407605
-0.3668
-0.355837
)
;
    }
    procBoundary3to2
    {
        type            processor;
        value           nonuniform List<scalar> 
16
(
-0.435336
-0.207733
-0.144421
-0.103197
0.260561
-0.0496983
-0.0287674
-0.0102735
0.00717295
0.0251005
0.0453869
0.0695265
0.0971792
0.124751
0.145685
0.162356
)
;
    }
}


// ************************************************************************* //
