/*--------------------------------*- C++ -*----------------------------------*\
| =========                 |                                                 |
| \\      /  F ield         | OpenFOAM: The Open Source CFD Toolbox           |
|  \\    /   O peration     | Version:  2.3.0                                 |
|   \\  /    A nd           | Web:      www.OpenFOAM.org                      |
|    \\/     M anipulation  |                                                 |
\*---------------------------------------------------------------------------*/
FoamFile
{
    version     2.0;
    format      ascii;
    class       volScalarField;
    location    "17000";
    object      p_rgh;
}
// * * * * * * * * * * * * * * * * * * * * * * * * * * * * * * * * * * * * * //

dimensions      [0 2 -2 0 0 0 0];

internalField   nonuniform List<scalar> 
3060
(
-965.902
-969.973
-977.489
-988.044
-1001.07
-1015.92
-1032.2
-1050.14
-1070.99
-1096.34
-1126.95
-1161.98
-1199.77
-1238.61
-1276.74
-1312.53
-1344.67
-1372.36
-1394.7
-1410.83
-1421.14
-1426.64
-1428.76
-1429.02
-1428.66
-1428.42
-1428.56
-1428.81
-1428.41
-1426.12
-1420.4
-1409.84
-1393.44
-1370.81
-1342.87
-1310.48
-1274.5
-1236.28
-1197.5
-1159.94
-1125.31
-1095.22
-1070.36
-1049.86
-1032.2
-1016.25
-1001.82
-989.345
-979.452
-972.681
-969.405
-969.805
-973.859
-981.343
-991.843
-1004.79
-1019.57
-1035.84
-1053.98
-1075.29
-1101.28
-1132.46
-1167.87
-1205.84
-1244.66
-1282.54
-1317.85
-1349.33
-1376.22
-1397.54
-1412.6
-1422.01
-1426.86
-1428.61
-1428.77
-1428.49
-1428.42
-1428.72
-1429.02
-1428.47
-1425.74
-1419.3
-1407.79
-1390.3
-1366.7
-1337.98
-1304.97
-1268.54
-1230.12
-1191.37
-1154.04
-1119.83
-1090.35
-1066.11
-1046.03
-1028.52
-1012.54
-998.035
-985.497
-975.564
-968.774
-965.495
-1084.67
-1084.71
-1084.78
-1084.91
-1085.28
-1086.43
-1089.47
-1096.23
-1108.8
-1128.19
-1153.52
-1182.64
-1213.48
-1244.4
-1273.85
-1301
-1326.9
-1352.26
-1374.76
-1391.61
-1402.88
-1409.71
-1413.42
-1415.2
-1415.92
-1416.08
-1415.83
-1415
-1413.1
-1409.24
-1402.23
-1390.75
-1373.67
-1350.98
-1325.54
-1299.57
-1272.33
-1242.82
-1211.97
-1181.35
-1152.64
-1127.93
-1109.27
-1097.35
-1091.02
-1088.23
-1087.22
-1086.91
-1086.83
-1086.79
-1086.77
-1086.77
-1086.79
-1086.82
-1086.93
-1087.33
-1088.61
-1091.98
-1099.35
-1112.7
-1132.8
-1158.57
-1187.86
-1218.67
-1249.37
-1278.41
-1305.24
-1331.12
-1356.25
-1377.89
-1393.67
-1404.08
-1410.3
-1413.64
-1415.24
-1415.9
-1416.06
-1415.8
-1414.9
-1412.78
-1408.5
-1400.81
-1388.42
-1370.25
-1346.83
-1321.25
-1295.22
-1267.6
-1237.72
-1206.69
-1176.08
-1147.6
-1123.41
-1105.51
-1094.36
-1088.59
-1086.1
-1085.18
-1084.88
-1084.77
-1084.71
-1084.67
-1084.09
-1085.22
-1087.39
-1090.73
-1095.47
-1101.95
-1110.67
-1122.2
-1136.95
-1154.83
-1175.14
-1196.86
-1219.31
-1242.28
-1266.02
-1291.18
-1317.51
-1341.96
-1361.8
-1377.54
-1389.57
-1397.03
-1401.08
-1403.2
-1404.22
-1404.52
-1404.14
-1403.03
-1400.81
-1396.63
-1389.02
-1376.84
-1360.97
-1340.98
-1316.46
-1290.22
-1265.22
-1241.65
-1218.85
-1196.6
-1175.11
-1155.13
-1137.62
-1123.26
-1112.06
-1103.61
-1097.36
-1092.84
-1089.68
-1087.7
-1086.77
-1086.88
-1088.02
-1090.24
-1093.67
-1098.53
-1105.2
-1114.19
-1126.05
-1141.12
-1159.24
-1179.63
-1201.33
-1223.7
-1246.64
-1270.47
-1295.84
-1322.04
-1345.72
-1364.69
-1379.82
-1391.03
-1397.77
-1401.41
-1403.33
-1404.27
-1404.49
-1404.05
-1402.82
-1400.38
-1395.72
-1387.31
-1374.38
-1357.86
-1336.97
-1311.78
-1285.55
-1260.75
-1237.23
-1214.39
-1192.07
-1170.58
-1150.72
-1133.49
-1119.46
-1108.58
-1100.39
-1094.33
-1089.92
-1086.84
-1084.89
-1083.98
-1049.68
-1051.54
-1055.08
-1060.36
-1067.52
-1076.78
-1088.41
-1102.63
-1119.43
-1138.36
-1158.67
-1179.62
-1200.84
-1222.27
-1244.07
-1266.54
-1289.84
-1312.89
-1334.74
-1354.03
-1368.22
-1378.19
-1383.92
-1386.91
-1388.49
-1389
-1388.43
-1386.78
-1383.71
-1377.86
-1367.8
-1353.51
-1334.17
-1312.36
-1289.36
-1266.13
-1243.75
-1222.04
-1200.7
-1179.59
-1158.79
-1138.68
-1120.02
-1103.52
-1089.61
-1078.28
-1069.31
-1062.43
-1057.44
-1054.21
-1052.68
-1052.87
-1054.75
-1058.35
-1063.73
-1071.03
-1080.48
-1092.35
-1106.83
-1123.84
-1142.89
-1163.2
-1184.09
-1205.25
-1226.67
-1248.49
-1271.07
-1294.38
-1317.15
-1338.65
-1357.03
-1370.29
-1379.46
-1384.53
-1387.22
-1388.62
-1388.96
-1388.22
-1386.39
-1382.95
-1376.35
-1365.53
-1350.22
-1330.1
-1307.98
-1284.75
-1261.59
-1239.31
-1217.6
-1196.23
-1175.06
-1154.2
-1134.12
-1115.6
-1099.34
-1085.69
-1074.6
-1065.81
-1059.07
-1054.17
-1051
-1049.5
-1015.86
-1018.06
-1022.21
-1028.31
-1036.41
-1046.59
-1058.95
-1073.56
-1090.36
-1109.13
-1129.46
-1150.89
-1173.05
-1195.67
-1218.53
-1241.32
-1263.81
-1285.96
-1307.95
-1328.25
-1344.59
-1356.41
-1363.51
-1367.54
-1369.86
-1370.69
-1369.81
-1367.44
-1363.36
-1356.21
-1344.34
-1327.99
-1307.66
-1285.68
-1263.52
-1241.01
-1218.21
-1195.38
-1172.83
-1150.78
-1129.49
-1109.36
-1090.83
-1074.29
-1059.97
-1047.91
-1038.03
-1030.25
-1024.49
-1020.71
-1018.91
-1019.12
-1021.34
-1025.55
-1031.73
-1039.95
-1050.29
-1062.83
-1077.63
-1094.62
-1113.54
-1133.96
-1155.43
-1177.62
-1200.26
-1223.11
-1245.86
-1268.3
-1290.4
-1312.28
-1331.85
-1347.3
-1358.09
-1364.42
-1368.06
-1370.12
-1370.63
-1369.46
-1366.82
-1362.27
-1354.27
-1341.39
-1324.16
-1303.22
-1281.18
-1258.98
-1236.41
-1213.59
-1190.75
-1168.21
-1146.19
-1124.97
-1104.94
-1086.56
-1070.22
-1056.1
-1044.22
-1034.5
-1026.83
-1021.15
-1017.42
-1015.65
-981.059
-983.627
-988.446
-995.465
-1004.65
-1015.98
-1029.43
-1044.95
-1062.41
-1081.6
-1102.22
-1123.94
-1146.53
-1169.79
-1193.55
-1217.57
-1241.44
-1264.56
-1286.3
-1306.14
-1323.28
-1335.56
-1342.91
-1346.59
-1349.01
-1350.09
-1348.98
-1346.56
-1342.89
-1335.54
-1323.23
-1306.04
-1286.12
-1264.31
-1241.13
-1217.24
-1193.22
-1169.49
-1146.29
-1123.79
-1102.18
-1081.72
-1062.73
-1045.5
-1030.25
-1017.1
-1006.09
-997.258
-990.626
-986.232
-984.128
-984.38
-986.975
-991.847
-998.949
-1008.24
-1019.71
-1033.32
-1049.01
-1066.63
-1085.97
-1106.69
-1128.52
-1151.18
-1174.51
-1198.34
-1222.37
-1246.17
-1269.11
-1290.55
-1310.02
-1326.31
-1337.48
-1343.9
-1347.11
-1349.36
-1350.02
-1348.54
-1345.96
-1341.67
-1333.35
-1319.93
-1302.02
-1281.74
-1259.66
-1236.32
-1212.38
-1188.4
-1164.72
-1141.6
-1119.18
-1097.67
-1077.33
-1058.49
-1041.44
-1026.36
-1013.36
-1002.49
-993.772
-987.222
-982.882
-980.805
-948.12
-951.026
-956.449
-964.28
-974.409
-986.723
-1001.11
-1017.43
-1035.54
-1055.23
-1076.28
-1098.48
-1121.63
-1145.61
-1170.3
-1195.44
-1220.67
-1245.45
-1269.07
-1290.54
-1308.42
-1320.51
-1326.26
-1328.14
-1328.97
-1329.67
-1329
-1328.24
-1326.42
-1320.66
-1308.47
-1290.46
-1268.89
-1245.19
-1220.35
-1195.09
-1169.93
-1145.27
-1121.33
-1098.23
-1076.13
-1055.2
-1035.67
-1017.77
-1001.69
-987.592
-975.61
-965.861
-958.458
-953.513
-951.135
-951.421
-954.352
-959.826
-967.736
-977.968
-990.409
-1004.94
-1021.42
-1039.69
-1059.54
-1080.73
-1103.06
-1126.35
-1150.46
-1175.26
-1200.48
-1225.71
-1250.38
-1273.72
-1294.68
-1311.62
-1322.38
-1327
-1328.38
-1329.18
-1329.61
-1328.75
-1327.9
-1325.46
-1318.45
-1304.98
-1286.15
-1264.12
-1240.18
-1215.25
-1190
-1164.93
-1140.39
-1116.58
-1093.62
-1071.65
-1050.88
-1031.51
-1013.77
-997.846
-983.897
-972.043
-962.398
-955.074
-950.184
-947.833
-917.778
-921.053
-927.137
-935.857
-947.02
-960.42
-975.854
-993.121
-1012.02
-1032.36
-1053.95
-1076.66
-1100.36
-1125
-1150.52
-1176.72
-1203.21
-1229.47
-1254.78
-1278.13
-1298.09
-1312
-1317.23
-1316.4
-1314.68
-1314.21
-1314.79
-1316.65
-1317.55
-1312.21
-1298.13
-1278.04
-1254.58
-1229.19
-1202.86
-1176.32
-1150.1
-1124.59
-1099.96
-1076.29
-1053.63
-1032.12
-1011.91
-993.177
-976.131
-960.975
-947.914
-937.158
-928.912
-923.365
-920.686
-921.008
-924.307
-930.441
-939.235
-950.495
-964.017
-979.59
-997.01
-1016.07
-1036.58
-1058.34
-1081.22
-1105.11
-1129.93
-1155.63
-1181.96
-1208.51
-1234.71
-1259.79
-1282.67
-1301.76
-1314.06
-1317.66
-1316.17
-1314.52
-1314.2
-1314.95
-1316.8
-1316.79
-1309.7
-1294.18
-1273.33
-1249.46
-1223.87
-1197.51
-1171.04
-1144.97
-1119.64
-1095.19
-1071.7
-1049.22
-1027.88
-1007.84
-989.269
-972.378
-957.362
-944.424
-933.768
-925.599
-920.105
-917.453
-889.983
-893.695
-900.562
-910.338
-922.735
-937.446
-954.167
-972.615
-992.538
-1013.73
-1036.02
-1059.33
-1083.6
-1108.85
-1135.11
-1162.23
-1189.85
-1217.46
-1244.34
-1269.44
-1291.34
-1307.83
-1315.5
-1314.46
-1310.83
-1309.36
-1311.03
-1314.82
-1315.84
-1308
-1291.35
-1269.31
-1244.11
-1217.14
-1189.45
-1161.78
-1134.63
-1108.34
-1083.07
-1058.78
-1035.48
-1013.22
-992.108
-972.313
-954.058
-937.604
-923.244
-911.286
-902.036
-895.776
-892.742
-893.108
-896.842
-903.757
-913.604
-926.095
-940.921
-957.778
-976.378
-996.468
-1017.84
-1040.33
-1063.84
-1088.33
-1113.82
-1140.32
-1167.63
-1195.36
-1222.97
-1249.67
-1274.34
-1295.45
-1310.5
-1316.17
-1313.96
-1310.39
-1309.4
-1311.51
-1315.15
-1314.72
-1304.9
-1286.99
-1264.25
-1238.67
-1211.56
-1183.9
-1156.35
-1129.41
-1103.36
-1078.32
-1054.26
-1031.16
-1009.09
-988.153
-968.525
-950.422
-934.105
-919.863
-908.002
-898.828
-892.62
-889.614
-864.225
-868.47
-876.295
-887.37
-901.295
-917.644
-935.996
-955.967
-977.236
-999.559
-1022.78
-1046.84
-1071.75
-1097.61
-1124.54
-1152.43
-1180.99
-1209.76
-1238.02
-1264.75
-1288.54
-1307.45
-1318.74
-1320.94
-1318.28
-1316.73
-1318.51
-1321.29
-1319.01
-1307.56
-1288.5
-1264.59
-1237.75
-1209.39
-1180.54
-1151.91
-1123.96
-1096.97
-1071.05
-1046.07
-1021.96
-998.71
-976.406
-955.219
-935.41
-917.316
-901.334
-887.888
-877.405
-870.273
-866.807
-867.225
-871.49
-879.361
-890.504
-904.52
-920.982
-939.466
-959.59
-981.029
-1003.54
-1026.97
-1051.26
-1076.43
-1102.57
-1129.8
-1157.94
-1186.67
-1215.5
-1243.63
-1269.98
-1293.04
-1310.73
-1320.19
-1320.85
-1317.87
-1316.77
-1318.93
-1321.11
-1317.1
-1303.92
-1283.76
-1259.2
-1232.04
-1203.6
-1174.84
-1146.39
-1118.7
-1092
-1066.35
-1041.62
-1017.74
-994.701
-972.584
-951.564
-931.906
-913.946
-898.078
-884.728
-874.32
-867.24
-863.803
-839.788
-844.678
-853.671
-866.335
-882.144
-900.529
-920.931
-942.843
-965.852
-989.66
-1014.1
-1039.12
-1064.81
-1091.33
-1118.88
-1147.42
-1176.73
-1206.42
-1235.83
-1263.96
-1289.47
-1310.63
-1325.3
-1331.95
-1332.57
-1331.99
-1332.76
-1332.2
-1325.47
-1310.66
-1289.37
-1263.74
-1235.5
-1206
-1176.21
-1146.8
-1118.17
-1090.52
-1063.88
-1038.07
-1012.92
-988.387
-964.533
-941.554
-919.771
-899.621
-881.623
-866.346
-854.355
-846.161
-842.173
-842.654
-847.562
-856.598
-869.329
-885.228
-903.723
-924.255
-946.319
-969.5
-993.504
-1018.16
-1043.44
-1069.42
-1096.26
-1124.14
-1152.97
-1182.51
-1212.32
-1241.65
-1269.47
-1294.33
-1314.43
-1327.57
-1332.66
-1332.52
-1332
-1332.71
-1331.18
-1322.81
-1306.55
-1284.29
-1258.09
-1229.59
-1200.06
-1170.41
-1141.25
-1112.92
-1085.59
-1059.27
-1033.73
-1008.83
-984.51
-960.847
-938.036
-916.403
-896.384
-878.5
-863.317
-851.401
-843.26
-839.301
-815.939
-821.594
-831.979
-846.547
-864.625
-885.479
-908.388
-932.701
-957.891
-983.583
-1009.57
-1035.83
-1062.48
-1089.76
-1117.91
-1146.98
-1176.87
-1207.23
-1237.49
-1266.7
-1293.62
-1316.66
-1334.08
-1344.53
-1348.69
-1349.49
-1348.82
-1344.68
-1334.14
-1316.61
-1293.44
-1266.42
-1237.09
-1206.73
-1176.25
-1146.25
-1117.04
-1088.72
-1061.27
-1034.43
-1007.97
-981.8
-955.991
-930.775
-906.557
-883.894
-863.456
-845.975
-832.178
-822.72
-818.111
-818.667
-824.34
-834.767
-849.401
-867.567
-888.531
-911.569
-936.032
-961.394
-987.285
-1013.51
-1040.04
-1066.99
-1094.61
-1123.12
-1152.53
-1182.68
-1213.21
-1243.45
-1272.41
-1298.76
-1320.87
-1336.98
-1346
-1349.11
-1349.44
-1348.2
-1342.89
-1330.9
-1312.13
-1288.11
-1260.59
-1231.06
-1200.73
-1170.43
-1140.71
-1111.83
-1083.87
-1056.76
-1030.21
-1004
-978.056
-952.438
-927.389
-903.319
-880.787
-860.462
-843.077
-829.356
-819.952
-815.375
-792.027
-798.568
-810.567
-827.352
-848.083
-871.842
-897.721
-924.904
-952.728
-980.725
-1008.64
-1036.44
-1064.26
-1092.42
-1121.19
-1150.72
-1181
-1211.79
-1242.58
-1272.5
-1300.37
-1324.78
-1344.16
-1357.31
-1364.15
-1366.09
-1364.21
-1357.35
-1344.12
-1324.64
-1300.12
-1272.13
-1242.1
-1211.2
-1180.27
-1149.83
-1120.11
-1091.12
-1062.72
-1034.61
-1006.53
-978.349
-950.157
-922.245
-895.122
-869.487
-846.181
-826.124
-810.226
-799.3
-793.974
-794.617
-801.175
-813.216
-830.068
-850.888
-874.756
-900.765
-928.098
-956.094
-984.29
-1012.44
-1040.51
-1068.65
-1097.17
-1126.31
-1156.2
-1186.78
-1217.77
-1248.59
-1278.3
-1305.68
-1329.25
-1347.48
-1359.3
-1364.95
-1365.99
-1363.15
-1355.04
-1340.49
-1319.91
-1294.64
-1266.22
-1236.03
-1205.2
-1174.49
-1144.36
-1115
-1086.37
-1058.32
-1030.51
-1002.69
-974.731
-946.729
-918.983
-892.007
-866.502
-843.312
-823.353
-807.534
-796.666
-791.374
-767.521
-775.06
-788.882
-808.175
-831.915
-858.981
-888.265
-918.764
-949.662
-980.379
-1010.59
-1040.24
-1069.49
-1098.66
-1128.09
-1158.04
-1188.58
-1219.56
-1250.54
-1280.74
-1309.1
-1334.28
-1354.82
-1369.61
-1378.15
-1380.85
-1378.15
-1369.57
-1354.7
-1334.05
-1308.77
-1280.29
-1249.97
-1218.86
-1187.71
-1156.98
-1126.79
-1097.07
-1067.56
-1037.94
-1007.9
-977.33
-946.335
-915.286
-884.812
-855.773
-829.202
-806.223
-787.947
-775.365
-769.232
-769.973
-777.528
-791.394
-810.756
-834.588
-861.767
-891.183
-921.832
-952.901
-983.816
-1014.26
-1044.18
-1073.74
-1103.28
-1133.09
-1163.41
-1194.27
-1225.46
-1256.5
-1286.54
-1314.46
-1338.87
-1358.37
-1371.91
-1379.18
-1380.72
-1376.83
-1366.96
-1350.87
-1329.23
-1303.24
-1274.4
-1243.96
-1212.93
-1182.03
-1151.62
-1121.8
-1092.45
-1063.28
-1033.96
-1004.18
-973.827
-943.019
-912.134
-881.808
-852.902
-826.451
-803.575
-785.384
-772.865
-766.769
-742.012
-750.647
-766.472
-788.52
-815.571
-846.287
-879.348
-913.553
-947.918
-981.739
-1014.61
-1046.43
-1077.35
-1107.7
-1137.87
-1168.23
-1198.94
-1229.88
-1260.72
-1290.78
-1319.07
-1344.39
-1365.44
-1381.07
-1390.54
-1393.67
-1390.5
-1380.96
-1365.24
-1344.09
-1318.65
-1290.23
-1260.04
-1229.04
-1197.9
-1166.95
-1136.29
-1105.75
-1074.97
-1043.58
-1011.27
-977.945
-943.76
-909.179
-874.966
-842.153
-811.982
-785.788
-764.899
-750.496
-743.476
-744.324
-752.976
-768.847
-790.969
-818.116
-848.95
-882.149
-916.505
-951.041
-985.057
-1018.16
-1050.24
-1081.46
-1112.17
-1142.71
-1173.44
-1204.46
-1235.62
-1266.53
-1296.45
-1324.35
-1348.98
-1369.06
-1383.51
-1391.69
-1393.52
-1389.04
-1378.21
-1361.35
-1339.29
-1313.23
-1284.47
-1254.18
-1223.28
-1192.38
-1161.74
-1131.46
-1101.28
-1070.82
-1039.72
-1007.66
-974.544
-940.542
-906.125
-872.061
-839.388
-809.343
-783.26
-762.463
-748.129
-741.15
-715.192
-725.007
-742.978
-767.967
-798.546
-833.156
-870.273
-908.481
-946.627
-983.877
-1019.73
-1054.02
-1086.86
-1118.57
-1149.56
-1180.28
-1211
-1241.71
-1272.15
-1301.73
-1329.58
-1354.6
-1375.6
-1391.46
-1401.3
-1404.62
-1401.22
-1391.29
-1375.32
-1354.21
-1329.07
-1301.08
-1271.34
-1240.71
-1209.76
-1178.75
-1147.66
-1116.22
-1083.97
-1050.56
-1015.68
-979.277
-941.579
-903.155
-864.908
-828.046
-794.032
-764.41
-740.729
-724.374
-716.398
-717.362
-727.195
-745.215
-770.283
-800.966
-835.703
-872.967
-911.329
-949.647
-987.089
-1023.16
-1057.7
-1090.83
-1122.86
-1154.2
-1185.27
-1216.29
-1247.22
-1277.73
-1307.19
-1334.68
-1359.07
-1379.18
-1393.92
-1402.49
-1404.45
-1399.72
-1388.54
-1371.5
-1349.55
-1323.83
-1295.53
-1265.71
-1235.18
-1204.47
-1173.76
-1143.01
-1111.91
-1079.96
-1046.81
-1012.17
-975.964
-938.446
-900.186
-862.092
-825.38
-791.502
-762.001
-738.421
-722.142
-714.212
-686.836
-697.901
-718.112
-746.146
-780.36
-818.974
-860.241
-902.577
-944.671
-985.555
-1024.62
-1061.62
-1096.61
-1129.86
-1161.81
-1192.98
-1223.72
-1254.12
-1283.99
-1312.87
-1339.97
-1364.33
-1384.86
-1400.51
-1410.33
-1413.66
-1410.22
-1400.28
-1384.52
-1363.85
-1339.35
-1312.09
-1283.03
-1252.93
-1222.25
-1191.16
-1159.54
-1127.05
-1093.17
-1057.51
-1019.82
-980.108
-938.699
-896.27
-853.866
-812.862
-774.896
-741.739
-715.162
-696.761
-687.767
-688.857
-699.942
-720.207
-748.328
-782.656
-821.406
-862.826
-905.325
-947.596
-988.671
-1027.95
-1065.18
-1100.43
-1133.97
-1166.23
-1197.72
-1228.74
-1259.33
-1289.28
-1318.04
-1344.81
-1368.59
-1388.3
-1402.9
-1411.49
-1413.5
-1408.74
-1397.61
-1380.84
-1359.41
-1334.38
-1306.83
-1277.7
-1247.68
-1217.21
-1186.4
-1155.1
-1122.9
-1089.29
-1053.86
-1016.39
-976.872
-935.641
-893.381
-851.139
-810.294
-772.475
-739.451
-712.986
-694.67
-685.728
-656.727
-669.047
-691.482
-722.52
-760.31
-802.869
-848.261
-894.737
-940.841
-985.474
-1027.92
-1067.83
-1105.17
-1140.14
-1173.23
-1205
-1235.84
-1265.94
-1295.2
-1323.23
-1349.4
-1372.86
-1392.65
-1407.77
-1417.31
-1420.55
-1417.17
-1407.49
-1392.23
-1372.3
-1348.67
-1322.31
-1294.06
-1264.53
-1234.1
-1202.83
-1170.55
-1136.83
-1101.13
-1063.01
-1022.32
-979.156
-933.93
-887.445
-840.879
-795.763
-753.902
-717.264
-687.826
-667.39
-657.371
-658.59
-670.931
-693.427
-724.561
-762.476
-805.184
-850.74
-897.391
-943.677
-988.501
-1031.15
-1071.27
-1108.85
-1144.07
-1177.43
-1209.48
-1240.57
-1270.83
-1300.14
-1328.06
-1353.93
-1376.86
-1395.89
-1410.03
-1418.42
-1420.4
-1415.76
-1404.97
-1388.78
-1368.13
-1344.01
-1317.39
-1289.06
-1259.6
-1229.35
-1198.33
-1166.31
-1132.85
-1097.37
-1059.46
-1018.97
-975.989
-930.941
-884.632
-838.24
-793.295
-751.596
-715.104
-685.79
-665.448
-655.488
-624.694
-638.202
-662.727
-696.575
-737.71
-783.977
-833.281
-883.734
-933.753
-982.119
-1028
-1070.94
-1110.81
-1147.7
-1182.13
-1214.69
-1245.8
-1275.7
-1304.39
-1331.57
-1356.75
-1379.2
-1398.08
-1412.5
-1421.6
-1424.7
-1421.44
-1412.17
-1397.59
-1378.53
-1355.88
-1330.49
-1303.04
-1274.04
-1243.74
-1212.14
-1178.99
-1143.85
-1106.13
-1065.4
-1021.6
-974.93
-925.918
-875.484
-824.93
-775.918
-730.4
-690.505
-658.388
-636.037
-625.046
-626.388
-639.919
-664.511
-698.465
-739.739
-786.169
-835.652
-886.292
-936.502
-985.061
-1031.14
-1074.28
-1114.35
-1151.45
-1186.11
-1218.9
-1250.21
-1280.25
-1308.97
-1336.04
-1360.93
-1382.89
-1401.07
-1414.6
-1422.64
-1424.55
-1420.13
-1409.83
-1394.39
-1374.67
-1351.58
-1325.93
-1298.39
-1269.44
-1239.28
-1207.88
-1174.95
-1140.02
-1102.49
-1061.94
-1018.32
-971.825
-922.996
-872.748
-822.383
-773.558
-728.217
-688.484
-656.503
-634.255
-623.329
-590.62
-605.173
-631.521
-667.809
-711.854
-761.368
-814.143
-868.187
-921.818
-973.717
-1022.94
-1068.93
-1111.41
-1150.37
-1186.36
-1219.93
-1251.53
-1281.44
-1309.71
-1336.16
-1360.4
-1381.85
-1399.79
-1413.44
-1422.05
-1424.98
-1421.86
-1413.06
-1399.21
-1381.06
-1359.38
-1334.88
-1308.12
-1279.48
-1249.11
-1216.95
-1182.72
-1145.94
-1106.07
-1062.66
-1015.76
-965.69
-913.113
-859.049
-804.906
-752.445
-703.726
-660.998
-626.552
-602.527
-590.679
-592.131
-606.709
-633.131
-669.535
-713.733
-763.427
-816.398
-870.645
-924.479
-976.576
-1025.99
-1072.16
-1114.82
-1153.95
-1190.13
-1223.88
-1255.65
-1285.65
-1313.92
-1340.25
-1364.22
-1385.21
-1402.52
-1415.36
-1423
-1424.84
-1420.66
-1410.91
-1396.28
-1377.53
-1355.44
-1330.69
-1303.83
-1275.2
-1244.94
-1212.93
-1178.87
-1142.26
-1102.53
-1059.27
-1012.53
-962.647
-910.26
-856.396
-802.459
-750.204
-701.681
-659.13
-624.833
-600.921
-589.144
-554.438
-569.808
-597.563
-635.725
-682.009
-734.05
-789.58
-846.552
-903.225
-958.205
-1010.46
-1059.31
-1104.36
-1145.48
-1183.18
-1217.99
-1250.34
-1280.5
-1308.6
-1334.53
-1358.01
-1378.57
-1395.65
-1408.59
-1416.71
-1419.46
-1416.49
-1408.14
-1394.98
-1377.65
-1356.81
-1333.03
-1306.74
-1278.21
-1247.53
-1214.56
-1179.02
-1140.46
-1098.38
-1052.34
-1002.54
-949.42
-893.752
-836.65
-779.592
-724.403
-673.198
-628.289
-592.051
-566.73
-554.209
-555.749
-571.147
-598.983
-637.272
-683.723
-735.961
-791.705
-848.898
-905.788
-960.975
-1013.42
-1062.44
-1107.64
-1148.9
-1186.76
-1221.71
-1254.18
-1284.4
-1312.47
-1338.27
-1361.47
-1381.62
-1398.12
-1410.32
-1417.57
-1419.33
-1415.4
-1406.19
-1392.32
-1374.45
-1353.22
-1329.19
-1302.78
-1274.24
-1243.61
-1210.75
-1175.33
-1136.91
-1094.93
-1049.03
-999.382
-946.447
-890.981
-834.096
-777.264
-722.301
-671.31
-626.594
-590.517
-565.317
-552.872
-516.121
-531.991
-560.581
-599.834
-647.427
-700.982
-758.234
-817.139
-875.946
-933.229
-987.893
-1039.16
-1086.51
-1129.68
-1169.15
-1205.35
-1238.66
-1269.34
-1297.54
-1323.22
-1346.18
-1366.08
-1382.46
-1394.78
-1402.49
-1405.08
-1402.23
-1394.26
-1381.67
-1365
-1344.79
-1321.47
-1295.38
-1266.69
-1235.43
-1201.45
-1164.47
-1124.11
-1079.94
-1031.57
-979.344
-923.825
-865.871
-806.657
-747.693
-690.81
-638.12
-591.935
-554.649
-528.554
-515.618
-517.213
-533.114
-561.79
-601.181
-648.955
-702.723
-760.207
-819.351
-878.393
-935.894
-990.75
-1042.17
-1089.65
-1132.96
-1172.56
-1208.87
-1242.25
-1272.96
-1301.1
-1326.63
-1349.32
-1368.83
-1384.68
-1396.34
-1403.26
-1404.96
-1401.24
-1392.5
-1379.27
-1362.1
-1341.51
-1317.94
-1291.71
-1262.98
-1231.74
-1197.82
-1160.93
-1120.66
-1076.57
-1028.33
-976.268
-920.942
-863.206
-804.229
-745.512
-688.874
-636.415
-590.437
-553.321
-527.355
-514.498
-475.689
-491.649
-520.335
-559.676
-607.375
-661.113
-718.699
-778.158
-837.791
-896.187
-952.23
-1005.07
-1054.12
-1098.97
-1140.01
-1177.55
-1211.89
-1243.26
-1271.77
-1297.44
-1320.14
-1339.61
-1355.49
-1367.35
-1374.73
-1377.19
-1374.43
-1366.74
-1354.57
-1338.36
-1318.53
-1295.43
-1269.29
-1240.24
-1208.25
-1173.2
-1134.85
-1092.9
-1047.06
-997.019
-943.236
-886.377
-827.352
-767.355
-707.872
-650.679
-597.816
-551.525
-514.144
-487.948
-474.931
-476.541
-492.534
-521.311
-560.798
-608.688
-662.653
-720.487
-780.204
-840.089
-898.718
-954.963
-1007.97
-1057.12
-1102.11
-1143.27
-1180.89
-1215.27
-1246.63
-1275.06
-1300.57
-1323.01
-1342.1
-1357.49
-1368.75
-1375.41
-1377.07
-1373.53
-1365.15
-1352.4
-1335.72
-1315.53
-1292.18
-1265.89
-1236.76
-1204.76
-1169.74
-1131.44
-1089.58
-1043.8
-993.887
-940.274
-883.623
-824.836
-765.096
-705.877
-648.945
-596.327
-550.252
-513.05
-486.987
-474.051
-433.197
-448.746
-476.634
-514.84
-561.168
-613.437
-669.598
-727.819
-786.512
-844.345
-900.235
-953.323
-1002.94
-1048.68
-1090.71
-1129.2
-1164.34
-1196.29
-1225.14
-1250.9
-1273.47
-1292.66
-1308.18
-1319.7
-1326.84
-1329.19
-1326.49
-1319.02
-1307.14
-1291.24
-1271.65
-1248.63
-1222.36
-1192.94
-1160.34
-1124.47
-1085.17
-1042.27
-995.617
-945.032
-891.064
-834.425
-776.031
-717.03
-658.824
-603.067
-551.659
-506.694
-470.382
-444.902
-432.212
-433.787
-449.37
-477.351
-515.706
-562.232
-614.735
-671.157
-729.649
-788.61
-846.695
-902.805
-956.072
-1005.82
-1051.69
-1093.81
-1132.37
-1167.53
-1199.44
-1228.2
-1253.78
-1276.09
-1294.92
-1309.99
-1320.96
-1327.45
-1329.08
-1325.67
-1317.57
-1305.16
-1288.82
-1268.89
-1245.62
-1219.19
-1189.67
-1157.03
-1121.17
-1081.91
-1039.08
-992.504
-942.057
-888.276
-831.863
-773.724
-714.997
-657.069
-601.584
-550.427
-505.683
-469.551
-444.205
-431.596
-388.793
-403.35
-429.402
-465.052
-508.285
-557.124
-609.741
-664.506
-720.013
-775.072
-828.699
-880.09
-928.591
-973.779
-1015.61
-1054.1
-1089.31
-1121.3
-1150.1
-1175.7
-1198
-1216.85
-1232.01
-1243.19
-1250.09
-1252.35
-1249.71
-1242.43
-1230.85
-1215.29
-1196
-1173.23
-1147.1
-1117.71
-1085.07
-1049.15
-1009.89
-967.25
-921.247
-871.877
-819.707
-765.429
-709.895
-654.145
-599.426
-547.208
-499.178
-457.214
-423.319
-399.504
-387.615
-389.095
-403.686
-429.831
-465.628
-509.057
-558.131
-611.01
-666.053
-721.838
-777.163
-831.03
-882.624
-931.279
-976.601
-1018.53
-1057.07
-1092.29
-1124.23
-1152.93
-1178.35
-1200.4
-1218.91
-1233.64
-1244.33
-1250.64
-1252.25
-1248.96
-1241.12
-1229.05
-1213.08
-1193.47
-1170.45
-1144.15
-1114.65
-1081.96
-1046.04
-1006.82
-964.261
-918.359
-869.149
-817.185
-763.15
-707.884
-652.415
-597.979
-546.033
-498.252
-456.504
-422.785
-399.1
-387.289
-342.539
-355.464
-378.538
-410.067
-448.288
-491.502
-538.158
-586.891
-636.532
-686.098
-734.772
-781.878
-826.858
-869.335
-909.051
-945.865
-979.707
-1010.54
-1038.32
-1062.99
-1084.43
-1102.49
-1116.97
-1127.62
-1134.17
-1136.3
-1133.76
-1126.81
-1115.76
-1100.85
-1082.35
-1060.43
-1035.24
-1006.89
-975.446
-940.946
-903.438
-863.015
-819.854
-774.153
-726.406
-677.204
-627.261
-577.438
-528.769
-482.477
-439.978
-402.869
-372.879
-351.773
-341.21
-342.528
-355.486
-378.647
-410.316
-448.722
-492.158
-539.066
-588.069
-637.986
-687.822
-736.748
-784.079
-829.245
-871.871
-911.693
-948.566
-982.416
-1013.2
-1040.88
-1065.37
-1086.58
-1104.33
-1118.43
-1128.63
-1134.66
-1136.21
-1133.09
-1125.64
-1114.14
-1098.87
-1080.06
-1057.91
-1032.56
-1004.11
-972.616
-938.121
-900.667
-860.342
-817.32
-771.804
-724.28
-675.329
-625.655
-576.107
-527.711
-481.677
-439.412
-402.505
-372.678
-351.691
-341.199
-294.415
-305.039
-323.946
-349.722
-380.923
-416.186
-454.291
-494.184
-534.978
-575.943
-616.486
-656.133
-694.507
-731.349
-766.216
-798.835
-829.036
-856.697
-881.712
-903.968
-923.331
-939.641
-952.708
-962.314
-968.216
-970.132
-967.822
-961.532
-951.535
-938.066
-921.335
-901.528
-878.799
-853.279
-825.082
-794.317
-761.119
-725.679
-688.308
-649.401
-609.277
-568.34
-527.094
-486.167
-446.331
-408.518
-373.825
-343.516
-318.981
-301.673
-292.983
-294.071
-304.724
-323.708
-349.605
-380.968
-416.429
-454.759
-494.896
-535.945
-577.165
-617.958
-657.841
-696.43
-733.437
-768.423
-801.114
-831.338
-858.968
-883.898
-906.011
-925.171
-941.217
-953.958
-963.179
-968.636
-970.047
-967.245
-960.522
-950.148
-936.363
-919.377
-899.373
-876.505
-850.904
-822.679
-791.938
-758.813
-723.499
-686.307
-647.604
-607.707
-567.012
-526.016
-485.34
-445.748
-408.162
-373.674
-343.54
-319.146
-301.939
-293.309
-249.787
-257.349
-270.729
-288.87
-310.719
-335.308
-361.795
-389.475
-417.782
-446.275
-474.631
-502.633
-530.165
-557.17
-583.093
-607.607
-630.501
-651.623
-670.843
-688.029
-703.043
-715.732
-725.925
-733.438
-738.064
-739.565
-737.734
-732.785
-724.949
-714.426
-701.397
-686.029
-668.47
-648.86
-627.329
-604.014
-579.077
-552.745
-525.371
-497.518
-469.208
-440.582
-411.881
-383.459
-355.788
-329.469
-305.242
-283.984
-266.69
-254.422
-248.227
-249.007
-256.593
-270.033
-288.269
-310.245
-334.989
-361.655
-389.532
-418.048
-446.759
-475.339
-503.568
-531.33
-558.509
-584.564
-609.167
-632.11
-653.238
-672.417
-689.515
-704.392
-716.895
-726.854
-734.084
-738.381
-739.502
-737.301
-732.032
-723.922
-713.172
-699.964
-684.465
-666.823
-647.176
-625.654
-602.392
-577.553
-551.37
-524.216
-496.565
-468.462
-440.045
-411.552
-383.333
-355.855
-329.714
-305.646
-284.522
-267.335
-255.144
-248.995
-169.873
-174.414
-182.408
-193.189
-206.112
-220.591
-236.131
-252.331
-268.888
-285.586
-302.302
-319.016
-335.832
-352.9
-369.611
-385.641
-400.792
-414.912
-427.872
-439.545
-449.803
-458.512
-465.532
-470.72
-473.92
-474.958
-473.684
-470.255
-464.839
-457.589
-448.647
-438.15
-426.23
-413.017
-398.638
-383.227
-366.941
-349.992
-332.725
-315.782
-298.918
-282.052
-265.228
-248.592
-232.379
-216.918
-202.632
-190.042
-179.748
-172.409
-168.684
-169.155
-173.712
-181.744
-192.587
-205.591
-220.169
-235.824
-252.153
-268.849
-285.696
-302.573
-319.464
-336.484
-353.698
-370.518
-386.628
-401.828
-415.966
-428.91
-440.533
-450.705
-459.293
-466.158
-471.157
-474.135
-474.915
-473.391
-469.746
-464.148
-456.748
-447.69
-437.112
-425.146
-411.921
-397.564
-382.207
-366.01
-349.194
-332.131
-315.355
-298.644
-281.923
-265.238
-248.734
-232.645
-217.298
-203.114
-190.608
-180.382
-173.091
-169.395
-254.249
-252.06
-247.781
-241.371
-232.866
-222.376
-210.081
-196.217
-181.062
-164.933
-148.177
-131.194
-114.508
-98.7484
-83.6966
-69.4373
-56.1169
-43.8833
-32.8686
-23.1839
-14.9169
-8.13221
-2.87113
0.847956
3.0307
3.71178
2.93968
0.663614
-3.14902
-8.50213
-15.3755
-23.7259
-33.4865
-44.5668
-56.8529
-70.2097
-84.4867
-99.5366
-115.28
-131.969
-148.856
-165.446
-181.346
-196.212
-209.736
-221.643
-231.707
-239.761
-245.709
-249.532
-251.283
-251.082
-248.899
-244.628
-238.228
-229.737
-219.265
-206.995
-193.164
-178.053
-161.982
-145.305
-128.434
-111.924
-96.3119
-81.4123
-67.3184
-54.1781
-42.1387
-31.3311
-21.8642
-13.8234
-7.27058
-2.24409
1.24088
3.1938
3.65482
2.65982
0.152302
-3.89536
-9.48339
-16.5885
-25.1644
-35.1415
-46.4272
-58.9056
-72.4409
-86.884
-102.096
-118.029
-134.854
-151.832
-168.486
-184.433
-199.334
-212.881
-224.803
-234.876
-242.935
-248.884
-252.705
-254.454
)
;

boundaryField
{
    top
    {
        type            fixedValue;
        value           uniform 0;
    }
    bottom
    {
        type            fixedFluxPressure;
        gradient        nonuniform List<scalar> 
102
(
0
0
0
0
0
0
0
0
0
0
0
0
0
0
0
0
0
0
0
0
0
0
0
0
0
0
0
0
0
0
0
0
0
0
0
0
0
0
0
0
0
0
0
0
0
0
0
0
0
0
0
0
0
0
0
0
0
0
0
0
0
0
0
0
0
0
0
0
0
0
0
0
0
0
0
0
0
0
0
0
0
0
0
0
0
0
0
0
0
0
0
0
0
0
0
0
0
0
0
0
0
-2.07985e-14
)
;
        value           nonuniform List<scalar> 
102
(
-965.902
-969.973
-977.489
-988.044
-1001.07
-1015.92
-1032.2
-1050.14
-1070.99
-1096.34
-1126.95
-1161.98
-1199.77
-1238.61
-1276.74
-1312.53
-1344.67
-1372.36
-1394.7
-1410.83
-1421.14
-1426.64
-1428.76
-1429.02
-1428.66
-1428.42
-1428.56
-1428.81
-1428.41
-1426.12
-1420.4
-1409.84
-1393.44
-1370.81
-1342.87
-1310.48
-1274.5
-1236.28
-1197.5
-1159.94
-1125.31
-1095.22
-1070.36
-1049.86
-1032.2
-1016.25
-1001.82
-989.345
-979.452
-972.681
-969.405
-969.805
-973.859
-981.343
-991.843
-1004.79
-1019.57
-1035.84
-1053.98
-1075.29
-1101.28
-1132.46
-1167.87
-1205.84
-1244.66
-1282.54
-1317.85
-1349.33
-1376.22
-1397.54
-1412.6
-1422.01
-1426.86
-1428.61
-1428.77
-1428.49
-1428.42
-1428.72
-1429.02
-1428.47
-1425.74
-1419.3
-1407.79
-1390.3
-1366.7
-1337.98
-1304.97
-1268.54
-1230.12
-1191.37
-1154.04
-1119.83
-1090.35
-1066.11
-1046.03
-1028.52
-1012.54
-998.035
-985.497
-975.564
-968.774
-965.495
)
;
    }
    frontAndBack
    {
        type            empty;
    }
    left_cyc
    {
        type            cyclic;
    }
    right_cyc
    {
        type            cyclic;
    }
}


// ************************************************************************* //
