/*--------------------------------*- C++ -*----------------------------------*\
| =========                 |                                                 |
| \\      /  F ield         | OpenFOAM: The Open Source CFD Toolbox           |
|  \\    /   O peration     | Version:  2.3.0                                 |
|   \\  /    A nd           | Web:      www.OpenFOAM.org                      |
|    \\/     M anipulation  |                                                 |
\*---------------------------------------------------------------------------*/
FoamFile
{
    version     2.0;
    format      ascii;
    class       faceList;
    location    "constant/polyMesh";
    object      faces;
}
// * * * * * * * * * * * * * * * * * * * * * * * * * * * * * * * * * * * * * //


792
(
4(1 14 40 27)
4(26 27 40 39)
4(2 15 41 28)
4(27 28 41 40)
4(3 16 42 29)
4(28 29 42 41)
4(4 17 43 30)
4(29 30 43 42)
4(5 18 44 31)
4(30 31 44 43)
4(6 19 45 32)
4(31 32 45 44)
4(7 20 46 33)
4(32 33 46 45)
4(8 21 47 34)
4(33 34 47 46)
4(9 22 48 35)
4(34 35 48 47)
4(10 23 49 36)
4(35 36 49 48)
4(11 24 50 37)
4(36 37 50 49)
4(37 38 51 50)
4(27 40 66 53)
4(52 53 66 65)
4(28 41 67 54)
4(53 54 67 66)
4(29 42 68 55)
4(54 55 68 67)
4(30 43 69 56)
4(55 56 69 68)
4(31 44 70 57)
4(56 57 70 69)
4(32 45 71 58)
4(57 58 71 70)
4(33 46 72 59)
4(58 59 72 71)
4(34 47 73 60)
4(59 60 73 72)
4(35 48 74 61)
4(60 61 74 73)
4(36 49 75 62)
4(61 62 75 74)
4(37 50 76 63)
4(62 63 76 75)
4(63 64 77 76)
4(53 66 92 79)
4(78 79 92 91)
4(54 67 93 80)
4(79 80 93 92)
4(55 68 94 81)
4(80 81 94 93)
4(56 69 95 82)
4(81 82 95 94)
4(57 70 96 83)
4(82 83 96 95)
4(58 71 97 84)
4(83 84 97 96)
4(59 72 98 85)
4(84 85 98 97)
4(60 73 99 86)
4(85 86 99 98)
4(61 74 100 87)
4(86 87 100 99)
4(62 75 101 88)
4(87 88 101 100)
4(63 76 102 89)
4(88 89 102 101)
4(89 90 103 102)
4(79 92 120 106)
4(105 106 120 119)
4(80 93 121 107)
4(106 107 121 120)
4(81 94 122 108)
4(107 108 122 121)
4(82 95 123 109)
4(108 109 123 122)
4(83 96 124 110)
4(109 110 124 123)
4(84 97 125 111)
4(110 111 125 124)
4(85 98 126 112)
4(111 112 126 125)
4(86 99 127 113)
4(112 113 127 126)
4(87 100 128 114)
4(113 114 128 127)
4(88 101 129 115)
4(114 115 129 128)
4(89 102 130 116)
4(115 116 130 129)
4(116 117 131 130)
4(105 119 147 133)
4(132 133 147 146)
4(106 120 148 134)
4(133 134 148 147)
4(107 121 149 135)
4(134 135 149 148)
4(108 122 150 136)
4(135 136 150 149)
4(109 123 151 137)
4(136 137 151 150)
4(110 124 152 138)
4(137 138 152 151)
4(111 125 153 139)
4(138 139 153 152)
4(112 126 154 140)
4(139 140 154 153)
4(113 127 155 141)
4(140 141 155 154)
4(114 128 156 142)
4(141 142 156 155)
4(115 129 157 143)
4(142 143 157 156)
4(116 130 158 144)
4(143 144 158 157)
4(144 145 159 158)
4(133 147 175 161)
4(160 161 175 174)
4(134 148 176 162)
4(161 162 176 175)
4(135 149 177 163)
4(162 163 177 176)
4(136 150 178 164)
4(163 164 178 177)
4(137 151 179 165)
4(164 165 179 178)
4(138 152 180 166)
4(165 166 180 179)
4(139 153 181 167)
4(166 167 181 180)
4(140 154 182 168)
4(167 168 182 181)
4(141 155 183 169)
4(168 169 183 182)
4(142 156 184 170)
4(169 170 184 183)
4(143 157 185 171)
4(170 171 185 184)
4(144 158 186 172)
4(171 172 186 185)
4(172 173 187 186)
4(161 175 203 189)
4(188 189 203 202)
4(162 176 204 190)
4(189 190 204 203)
4(163 177 205 191)
4(190 191 205 204)
4(164 178 206 192)
4(191 192 206 205)
4(165 179 207 193)
4(192 193 207 206)
4(166 180 208 194)
4(193 194 208 207)
4(167 181 209 195)
4(194 195 209 208)
4(168 182 210 196)
4(195 196 210 209)
4(169 183 211 197)
4(196 197 211 210)
4(170 184 212 198)
4(197 198 212 211)
4(171 185 213 199)
4(198 199 213 212)
4(172 186 214 200)
4(199 200 214 213)
4(200 201 215 214)
4(189 203 231 217)
4(216 217 231 230)
4(190 204 232 218)
4(217 218 232 231)
4(191 205 233 219)
4(218 219 233 232)
4(192 206 234 220)
4(219 220 234 233)
4(193 207 235 221)
4(220 221 235 234)
4(194 208 236 222)
4(221 222 236 235)
4(195 209 237 223)
4(222 223 237 236)
4(196 210 238 224)
4(223 224 238 237)
4(197 211 239 225)
4(224 225 239 238)
4(198 212 240 226)
4(225 226 240 239)
4(199 213 241 227)
4(226 227 241 240)
4(200 214 242 228)
4(227 228 242 241)
4(228 229 243 242)
4(217 231 259 245)
4(244 245 259 258)
4(218 232 260 246)
4(245 246 260 259)
4(219 233 261 247)
4(246 247 261 260)
4(220 234 262 248)
4(247 248 262 261)
4(221 235 263 249)
4(248 249 263 262)
4(222 236 264 250)
4(249 250 264 263)
4(223 237 265 251)
4(250 251 265 264)
4(224 238 266 252)
4(251 252 266 265)
4(225 239 267 253)
4(252 253 267 266)
4(226 240 268 254)
4(253 254 268 267)
4(227 241 269 255)
4(254 255 269 268)
4(228 242 270 256)
4(255 256 270 269)
4(256 257 271 270)
4(245 259 287 273)
4(272 273 287 286)
4(246 260 288 274)
4(273 274 288 287)
4(247 261 289 275)
4(274 275 289 288)
4(248 262 290 276)
4(275 276 290 289)
4(249 263 291 277)
4(276 277 291 290)
4(250 264 292 278)
4(277 278 292 291)
4(251 265 293 279)
4(278 279 293 292)
4(252 266 294 280)
4(279 280 294 293)
4(253 267 295 281)
4(280 281 295 294)
4(254 268 296 282)
4(281 282 296 295)
4(255 269 297 283)
4(282 283 297 296)
4(256 270 298 284)
4(283 284 298 297)
4(284 285 299 298)
4(273 287 315 301)
4(300 301 315 314)
4(274 288 316 302)
4(301 302 316 315)
4(275 289 317 303)
4(302 303 317 316)
4(276 290 318 304)
4(303 304 318 317)
4(277 291 319 305)
4(304 305 319 318)
4(278 292 320 306)
4(305 306 320 319)
4(279 293 321 307)
4(306 307 321 320)
4(280 294 322 308)
4(307 308 322 321)
4(281 295 323 309)
4(308 309 323 322)
4(282 296 324 310)
4(309 310 324 323)
4(283 297 325 311)
4(310 311 325 324)
4(284 298 326 312)
4(311 312 326 325)
4(312 313 327 326)
4(301 315 343 329)
4(328 329 343 342)
4(302 316 344 330)
4(329 330 344 343)
4(303 317 345 331)
4(330 331 345 344)
4(304 318 346 332)
4(331 332 346 345)
4(305 319 347 333)
4(332 333 347 346)
4(306 320 348 334)
4(333 334 348 347)
4(307 321 349 335)
4(334 335 349 348)
4(308 322 350 336)
4(335 336 350 349)
4(309 323 351 337)
4(336 337 351 350)
4(310 324 352 338)
4(337 338 352 351)
4(311 325 353 339)
4(338 339 353 352)
4(312 326 354 340)
4(339 340 354 353)
4(340 341 355 354)
4(329 343 371 357)
4(356 357 371 370)
4(330 344 372 358)
4(357 358 372 371)
4(331 345 373 359)
4(358 359 373 372)
4(332 346 374 360)
4(359 360 374 373)
4(333 347 375 361)
4(360 361 375 374)
4(334 348 376 362)
4(361 362 376 375)
4(335 349 377 363)
4(362 363 377 376)
4(336 350 378 364)
4(363 364 378 377)
4(337 351 379 365)
4(364 365 379 378)
4(338 352 380 366)
4(365 366 380 379)
4(339 353 381 367)
4(366 367 381 380)
4(340 354 382 368)
4(367 368 382 381)
4(368 369 383 382)
4(357 371 399 385)
4(384 385 399 398)
4(358 372 400 386)
4(385 386 400 399)
4(359 373 401 387)
4(386 387 401 400)
4(360 374 402 388)
4(387 388 402 401)
4(361 375 403 389)
4(388 389 403 402)
4(362 376 404 390)
4(389 390 404 403)
4(363 377 405 391)
4(390 391 405 404)
4(364 378 406 392)
4(391 392 406 405)
4(365 379 407 393)
4(392 393 407 406)
4(366 380 408 394)
4(393 394 408 407)
4(367 381 409 395)
4(394 395 409 408)
4(368 382 410 396)
4(395 396 410 409)
4(396 397 411 410)
4(385 399 427 413)
4(386 400 428 414)
4(387 401 429 415)
4(388 402 430 416)
4(389 403 431 417)
4(390 404 432 418)
4(391 405 433 419)
4(392 406 434 420)
4(393 407 435 421)
4(394 408 436 422)
4(395 409 437 423)
4(396 410 438 424)
4(412 413 427 426)
4(413 414 428 427)
4(414 415 429 428)
4(415 416 430 429)
4(416 417 431 430)
4(417 418 432 431)
4(418 419 433 432)
4(419 420 434 433)
4(420 421 435 434)
4(421 422 436 435)
4(422 423 437 436)
4(423 424 438 437)
4(424 425 439 438)
4(0 13 14 1)
4(1 14 15 2)
4(2 15 16 3)
4(3 16 17 4)
4(4 17 18 5)
4(5 18 19 6)
4(6 19 20 7)
4(7 20 21 8)
4(8 21 22 9)
4(9 22 23 10)
4(10 23 24 11)
4(11 24 25 12)
4(104 105 133 132)
4(132 133 161 160)
4(160 161 189 188)
4(188 189 217 216)
4(216 217 245 244)
4(244 245 273 272)
4(272 273 301 300)
4(300 301 329 328)
4(328 329 357 356)
4(356 357 385 384)
4(384 385 413 412)
4(0 1 27 26)
4(26 27 53 52)
4(52 53 79 78)
4(78 79 106 105)
4(105 106 134 133)
4(133 134 162 161)
4(161 162 190 189)
4(189 190 218 217)
4(217 218 246 245)
4(245 246 274 273)
4(273 274 302 301)
4(301 302 330 329)
4(329 330 358 357)
4(357 358 386 385)
4(385 386 414 413)
4(1 2 28 27)
4(27 28 54 53)
4(53 54 80 79)
4(79 80 107 106)
4(106 107 135 134)
4(134 135 163 162)
4(162 163 191 190)
4(190 191 219 218)
4(218 219 247 246)
4(246 247 275 274)
4(274 275 303 302)
4(302 303 331 330)
4(330 331 359 358)
4(358 359 387 386)
4(386 387 415 414)
4(2 3 29 28)
4(28 29 55 54)
4(54 55 81 80)
4(80 81 108 107)
4(107 108 136 135)
4(135 136 164 163)
4(163 164 192 191)
4(191 192 220 219)
4(219 220 248 247)
4(247 248 276 275)
4(275 276 304 303)
4(303 304 332 331)
4(331 332 360 359)
4(359 360 388 387)
4(387 388 416 415)
4(3 4 30 29)
4(29 30 56 55)
4(55 56 82 81)
4(81 82 109 108)
4(108 109 137 136)
4(136 137 165 164)
4(164 165 193 192)
4(192 193 221 220)
4(220 221 249 248)
4(248 249 277 276)
4(276 277 305 304)
4(304 305 333 332)
4(332 333 361 360)
4(360 361 389 388)
4(388 389 417 416)
4(4 5 31 30)
4(30 31 57 56)
4(56 57 83 82)
4(82 83 110 109)
4(109 110 138 137)
4(137 138 166 165)
4(165 166 194 193)
4(193 194 222 221)
4(221 222 250 249)
4(249 250 278 277)
4(277 278 306 305)
4(305 306 334 333)
4(333 334 362 361)
4(361 362 390 389)
4(389 390 418 417)
4(5 6 32 31)
4(31 32 58 57)
4(57 58 84 83)
4(83 84 111 110)
4(110 111 139 138)
4(138 139 167 166)
4(166 167 195 194)
4(194 195 223 222)
4(222 223 251 250)
4(250 251 279 278)
4(278 279 307 306)
4(306 307 335 334)
4(334 335 363 362)
4(362 363 391 390)
4(390 391 419 418)
4(6 7 33 32)
4(32 33 59 58)
4(58 59 85 84)
4(84 85 112 111)
4(111 112 140 139)
4(139 140 168 167)
4(167 168 196 195)
4(195 196 224 223)
4(223 224 252 251)
4(251 252 280 279)
4(279 280 308 307)
4(307 308 336 335)
4(335 336 364 363)
4(363 364 392 391)
4(391 392 420 419)
4(7 8 34 33)
4(33 34 60 59)
4(59 60 86 85)
4(85 86 113 112)
4(112 113 141 140)
4(140 141 169 168)
4(168 169 197 196)
4(196 197 225 224)
4(224 225 253 252)
4(252 253 281 280)
4(280 281 309 308)
4(308 309 337 336)
4(336 337 365 364)
4(364 365 393 392)
4(392 393 421 420)
4(8 9 35 34)
4(34 35 61 60)
4(60 61 87 86)
4(86 87 114 113)
4(113 114 142 141)
4(141 142 170 169)
4(169 170 198 197)
4(197 198 226 225)
4(225 226 254 253)
4(253 254 282 281)
4(281 282 310 309)
4(309 310 338 337)
4(337 338 366 365)
4(365 366 394 393)
4(393 394 422 421)
4(9 10 36 35)
4(35 36 62 61)
4(61 62 88 87)
4(87 88 115 114)
4(114 115 143 142)
4(142 143 171 170)
4(170 171 199 198)
4(198 199 227 226)
4(226 227 255 254)
4(254 255 283 282)
4(282 283 311 310)
4(310 311 339 338)
4(338 339 367 366)
4(366 367 395 394)
4(394 395 423 422)
4(10 11 37 36)
4(36 37 63 62)
4(62 63 89 88)
4(88 89 116 115)
4(115 116 144 143)
4(143 144 172 171)
4(171 172 200 199)
4(199 200 228 227)
4(227 228 256 255)
4(255 256 284 283)
4(283 284 312 311)
4(311 312 340 339)
4(339 340 368 367)
4(367 368 396 395)
4(395 396 424 423)
4(11 12 38 37)
4(37 38 64 63)
4(63 64 90 89)
4(89 90 117 116)
4(116 117 145 144)
4(144 145 173 172)
4(172 173 201 200)
4(200 201 229 228)
4(228 229 257 256)
4(256 257 285 284)
4(284 285 313 312)
4(312 313 341 340)
4(340 341 369 368)
4(368 369 397 396)
4(396 397 425 424)
4(118 146 147 119)
4(146 174 175 147)
4(174 202 203 175)
4(202 230 231 203)
4(230 258 259 231)
4(258 286 287 259)
4(286 314 315 287)
4(314 342 343 315)
4(342 370 371 343)
4(370 398 399 371)
4(398 426 427 399)
4(13 39 40 14)
4(39 65 66 40)
4(65 91 92 66)
4(91 119 120 92)
4(119 147 148 120)
4(147 175 176 148)
4(175 203 204 176)
4(203 231 232 204)
4(231 259 260 232)
4(259 287 288 260)
4(287 315 316 288)
4(315 343 344 316)
4(343 371 372 344)
4(371 399 400 372)
4(399 427 428 400)
4(14 40 41 15)
4(40 66 67 41)
4(66 92 93 67)
4(92 120 121 93)
4(120 148 149 121)
4(148 176 177 149)
4(176 204 205 177)
4(204 232 233 205)
4(232 260 261 233)
4(260 288 289 261)
4(288 316 317 289)
4(316 344 345 317)
4(344 372 373 345)
4(372 400 401 373)
4(400 428 429 401)
4(15 41 42 16)
4(41 67 68 42)
4(67 93 94 68)
4(93 121 122 94)
4(121 149 150 122)
4(149 177 178 150)
4(177 205 206 178)
4(205 233 234 206)
4(233 261 262 234)
4(261 289 290 262)
4(289 317 318 290)
4(317 345 346 318)
4(345 373 374 346)
4(373 401 402 374)
4(401 429 430 402)
4(16 42 43 17)
4(42 68 69 43)
4(68 94 95 69)
4(94 122 123 95)
4(122 150 151 123)
4(150 178 179 151)
4(178 206 207 179)
4(206 234 235 207)
4(234 262 263 235)
4(262 290 291 263)
4(290 318 319 291)
4(318 346 347 319)
4(346 374 375 347)
4(374 402 403 375)
4(402 430 431 403)
4(17 43 44 18)
4(43 69 70 44)
4(69 95 96 70)
4(95 123 124 96)
4(123 151 152 124)
4(151 179 180 152)
4(179 207 208 180)
4(207 235 236 208)
4(235 263 264 236)
4(263 291 292 264)
4(291 319 320 292)
4(319 347 348 320)
4(347 375 376 348)
4(375 403 404 376)
4(403 431 432 404)
4(18 44 45 19)
4(44 70 71 45)
4(70 96 97 71)
4(96 124 125 97)
4(124 152 153 125)
4(152 180 181 153)
4(180 208 209 181)
4(208 236 237 209)
4(236 264 265 237)
4(264 292 293 265)
4(292 320 321 293)
4(320 348 349 321)
4(348 376 377 349)
4(376 404 405 377)
4(404 432 433 405)
4(19 45 46 20)
4(45 71 72 46)
4(71 97 98 72)
4(97 125 126 98)
4(125 153 154 126)
4(153 181 182 154)
4(181 209 210 182)
4(209 237 238 210)
4(237 265 266 238)
4(265 293 294 266)
4(293 321 322 294)
4(321 349 350 322)
4(349 377 378 350)
4(377 405 406 378)
4(405 433 434 406)
4(20 46 47 21)
4(46 72 73 47)
4(72 98 99 73)
4(98 126 127 99)
4(126 154 155 127)
4(154 182 183 155)
4(182 210 211 183)
4(210 238 239 211)
4(238 266 267 239)
4(266 294 295 267)
4(294 322 323 295)
4(322 350 351 323)
4(350 378 379 351)
4(378 406 407 379)
4(406 434 435 407)
4(21 47 48 22)
4(47 73 74 48)
4(73 99 100 74)
4(99 127 128 100)
4(127 155 156 128)
4(155 183 184 156)
4(183 211 212 184)
4(211 239 240 212)
4(239 267 268 240)
4(267 295 296 268)
4(295 323 324 296)
4(323 351 352 324)
4(351 379 380 352)
4(379 407 408 380)
4(407 435 436 408)
4(22 48 49 23)
4(48 74 75 49)
4(74 100 101 75)
4(100 128 129 101)
4(128 156 157 129)
4(156 184 185 157)
4(184 212 213 185)
4(212 240 241 213)
4(240 268 269 241)
4(268 296 297 269)
4(296 324 325 297)
4(324 352 353 325)
4(352 380 381 353)
4(380 408 409 381)
4(408 436 437 409)
4(23 49 50 24)
4(49 75 76 50)
4(75 101 102 76)
4(101 129 130 102)
4(129 157 158 130)
4(157 185 186 158)
4(185 213 214 186)
4(213 241 242 214)
4(241 269 270 242)
4(269 297 298 270)
4(297 325 326 298)
4(325 353 354 326)
4(353 381 382 354)
4(381 409 410 382)
4(409 437 438 410)
4(24 50 51 25)
4(50 76 77 51)
4(76 102 103 77)
4(102 130 131 103)
4(130 158 159 131)
4(158 186 187 159)
4(186 214 215 187)
4(214 242 243 215)
4(242 270 271 243)
4(270 298 299 271)
4(298 326 327 299)
4(326 354 355 327)
4(354 382 383 355)
4(382 410 411 383)
4(410 438 439 411)
4(12 25 51 38)
4(38 51 77 64)
4(64 77 103 90)
4(90 103 131 117)
4(117 131 159 145)
4(145 159 187 173)
4(173 187 215 201)
4(201 215 243 229)
4(229 243 271 257)
4(257 271 299 285)
4(285 299 327 313)
4(313 327 355 341)
4(341 355 383 369)
4(369 383 411 397)
4(397 411 439 425)
4(0 26 39 13)
4(26 52 65 39)
4(52 78 91 65)
4(78 105 119 91)
4(104 118 119 105)
4(104 132 146 118)
4(132 160 174 146)
4(160 188 202 174)
4(188 216 230 202)
4(216 244 258 230)
4(244 272 286 258)
4(272 300 314 286)
4(300 328 342 314)
4(328 356 370 342)
4(356 384 398 370)
4(384 412 426 398)
)


// ************************************************************************* //
