/*--------------------------------*- C++ -*----------------------------------*\
| =========                 |                                                 |
| \\      /  F ield         | OpenFOAM: The Open Source CFD Toolbox           |
|  \\    /   O peration     | Version:  2.3.0                                 |
|   \\  /    A nd           | Web:      www.OpenFOAM.org                      |
|    \\/     M anipulation  |                                                 |
\*---------------------------------------------------------------------------*/
FoamFile
{
    version     2.0;
    format      ascii;
    class       labelList;
    note        "nPoints: 440 nCells: 191 nFaces: 792 nInternalFaces: 354";
    location    "constant/polyMesh";
    object      neighbour;
}
// * * * * * * * * * * * * * * * * * * * * * * * * * * * * * * * * * * * * * //


354
(
1
12
2
13
3
14
4
15
5
16
6
17
7
18
8
19
9
20
10
21
11
22
23
13
24
14
25
15
26
16
27
17
28
18
29
19
30
20
31
21
32
22
33
23
34
35
25
36
26
37
27
38
28
39
29
40
30
41
31
42
32
43
33
44
34
45
35
46
47
37
49
38
50
39
51
40
52
41
53
42
54
43
55
44
56
45
57
46
58
47
59
60
49
61
50
62
51
63
52
64
53
65
54
66
55
67
56
68
57
69
58
70
59
71
60
72
73
62
74
63
75
64
76
65
77
66
78
67
79
68
80
69
81
70
82
71
83
72
84
73
85
86
75
87
76
88
77
89
78
90
79
91
80
92
81
93
82
94
83
95
84
96
85
97
86
98
99
88
100
89
101
90
102
91
103
92
104
93
105
94
106
95
107
96
108
97
109
98
110
99
111
112
101
113
102
114
103
115
104
116
105
117
106
118
107
119
108
120
109
121
110
122
111
123
112
124
125
114
126
115
127
116
128
117
129
118
130
119
131
120
132
121
133
122
134
123
135
124
136
125
137
138
127
139
128
140
129
141
130
142
131
143
132
144
133
145
134
146
135
147
136
148
137
149
138
150
151
140
152
141
153
142
154
143
155
144
156
145
157
146
158
147
159
148
160
149
161
150
162
151
163
164
153
165
154
166
155
167
156
168
157
169
158
170
159
171
160
172
161
173
162
174
163
175
164
176
177
166
178
167
179
168
180
169
181
170
182
171
183
172
184
173
185
174
186
175
187
176
188
177
189
190
179
180
181
182
183
184
185
186
187
188
189
190
)


// ************************************************************************* //
