/*--------------------------------*- C++ -*----------------------------------*\
| =========                 |                                                 |
| \\      /  F ield         | OpenFOAM: The Open Source CFD Toolbox           |
|  \\    /   O peration     | Version:  2.3.0                                 |
|   \\  /    A nd           | Web:      www.OpenFOAM.org                      |
|    \\/     M anipulation  |                                                 |
\*---------------------------------------------------------------------------*/
FoamFile
{
    version     2.0;
    format      ascii;
    class       labelList;
    note        "nPoints: 440 nCells: 191 nFaces: 792 nInternalFaces: 354";
    location    "constant/polyMesh";
    object      owner;
}
// * * * * * * * * * * * * * * * * * * * * * * * * * * * * * * * * * * * * * //


792
(
0
0
1
1
2
2
3
3
4
4
5
5
6
6
7
7
8
8
9
9
10
10
11
12
12
13
13
14
14
15
15
16
16
17
17
18
18
19
19
20
20
21
21
22
22
23
24
24
25
25
26
26
27
27
28
28
29
29
30
30
31
31
32
32
33
33
34
34
35
36
36
37
37
38
38
39
39
40
40
41
41
42
42
43
43
44
44
45
45
46
46
47
48
48
49
49
50
50
51
51
52
52
53
53
54
54
55
55
56
56
57
57
58
58
59
59
60
61
61
62
62
63
63
64
64
65
65
66
66
67
67
68
68
69
69
70
70
71
71
72
72
73
74
74
75
75
76
76
77
77
78
78
79
79
80
80
81
81
82
82
83
83
84
84
85
85
86
87
87
88
88
89
89
90
90
91
91
92
92
93
93
94
94
95
95
96
96
97
97
98
98
99
100
100
101
101
102
102
103
103
104
104
105
105
106
106
107
107
108
108
109
109
110
110
111
111
112
113
113
114
114
115
115
116
116
117
117
118
118
119
119
120
120
121
121
122
122
123
123
124
124
125
126
126
127
127
128
128
129
129
130
130
131
131
132
132
133
133
134
134
135
135
136
136
137
137
138
139
139
140
140
141
141
142
142
143
143
144
144
145
145
146
146
147
147
148
148
149
149
150
150
151
152
152
153
153
154
154
155
155
156
156
157
157
158
158
159
159
160
160
161
161
162
162
163
163
164
165
165
166
166
167
167
168
168
169
169
170
170
171
171
172
172
173
173
174
174
175
175
176
176
177
178
179
180
181
182
183
184
185
186
187
188
189
178
179
180
181
182
183
184
185
186
187
188
189
190
0
1
2
3
4
5
6
7
8
9
10
11
48
61
74
87
100
113
126
139
152
165
178
0
12
24
36
49
62
75
88
101
114
127
140
153
166
179
1
13
25
37
50
63
76
89
102
115
128
141
154
167
180
2
14
26
38
51
64
77
90
103
116
129
142
155
168
181
3
15
27
39
52
65
78
91
104
117
130
143
156
169
182
4
16
28
40
53
66
79
92
105
118
131
144
157
170
183
5
17
29
41
54
67
80
93
106
119
132
145
158
171
184
6
18
30
42
55
68
81
94
107
120
133
146
159
172
185
7
19
31
43
56
69
82
95
108
121
134
147
160
173
186
8
20
32
44
57
70
83
96
109
122
135
148
161
174
187
9
21
33
45
58
71
84
97
110
123
136
149
162
175
188
10
22
34
46
59
72
85
98
111
124
137
150
163
176
189
11
23
35
47
60
73
86
99
112
125
138
151
164
177
190
48
61
74
87
100
113
126
139
152
165
178
0
12
24
36
49
62
75
88
101
114
127
140
153
166
179
1
13
25
37
50
63
76
89
102
115
128
141
154
167
180
2
14
26
38
51
64
77
90
103
116
129
142
155
168
181
3
15
27
39
52
65
78
91
104
117
130
143
156
169
182
4
16
28
40
53
66
79
92
105
118
131
144
157
170
183
5
17
29
41
54
67
80
93
106
119
132
145
158
171
184
6
18
30
42
55
68
81
94
107
120
133
146
159
172
185
7
19
31
43
56
69
82
95
108
121
134
147
160
173
186
8
20
32
44
57
70
83
96
109
122
135
148
161
174
187
9
21
33
45
58
71
84
97
110
123
136
149
162
175
188
10
22
34
46
59
72
85
98
111
124
137
150
163
176
189
11
23
35
47
60
73
86
99
112
125
138
151
164
177
190
11
23
35
47
60
73
86
99
112
125
138
151
164
177
190
0
12
24
36
48
48
61
74
87
100
113
126
139
152
165
178
)


// ************************************************************************* //
