/*--------------------------------*- C++ -*----------------------------------*\
| =========                 |                                                 |
| \\      /  F ield         | OpenFOAM: The Open Source CFD Toolbox           |
|  \\    /   O peration     | Version:  2.3.0                                 |
|   \\  /    A nd           | Web:      www.OpenFOAM.org                      |
|    \\/     M anipulation  |                                                 |
\*---------------------------------------------------------------------------*/
FoamFile
{
    version     2.0;
    format      ascii;
    class       labelList;
    location    "constant/polyMesh";
    object      pointProcAddressing;
}
// * * * * * * * * * * * * * * * * * * * * * * * * * * * * * * * * * * * * * //


440
(
39
40
41
42
43
44
45
46
47
48
49
50
51
91
92
93
94
95
96
97
98
99
100
101
102
103
143
144
145
146
147
148
149
150
151
152
153
154
155
195
196
197
198
199
200
201
202
203
204
205
206
207
247
248
249
250
251
252
253
254
255
256
257
258
259
299
300
301
302
303
304
305
306
307
308
309
310
311
351
352
353
354
355
356
357
358
359
360
361
362
363
403
404
405
406
407
408
409
410
411
412
413
414
415
454
455
456
457
458
459
460
461
462
463
464
465
466
467
506
507
508
509
510
511
512
513
514
515
516
517
518
519
558
559
560
561
562
563
564
565
566
567
568
569
570
571
610
611
612
613
614
615
616
617
618
619
620
621
622
623
662
663
664
665
666
667
668
669
670
671
672
673
674
675
714
715
716
717
718
719
720
721
722
723
724
725
726
727
766
767
768
769
770
771
772
773
774
775
776
777
778
779
818
819
820
821
822
823
824
825
826
827
828
829
830
831
870
871
872
873
874
875
876
877
878
879
880
881
882
883
922
923
924
925
926
927
928
929
930
931
932
933
934
935
974
975
976
977
978
979
980
981
982
983
984
985
986
987
1026
1027
1028
1029
1030
1031
1032
1033
1034
1035
1036
1037
1038
1039
1078
1079
1080
1081
1082
1083
1084
1085
1086
1087
1088
1089
1090
1091
1130
1131
1132
1133
1134
1135
1136
1137
1138
1139
1140
1141
1142
1143
1182
1183
1184
1185
1186
1187
1188
1189
1190
1191
1192
1193
1194
1195
1234
1235
1236
1237
1238
1239
1240
1241
1242
1243
1244
1245
1246
1247
1286
1287
1288
1289
1290
1291
1292
1293
1294
1295
1296
1297
1298
1299
1338
1339
1340
1341
1342
1343
1344
1345
1346
1347
1348
1349
1350
1351
1390
1391
1392
1393
1394
1395
1396
1397
1398
1399
1400
1401
1402
1403
1442
1443
1444
1445
1446
1447
1448
1449
1450
1451
1452
1453
1454
1455
1494
1495
1496
1497
1498
1499
1500
1501
1502
1503
1504
1505
1506
1507
1546
1547
1548
1549
1550
1551
1552
1553
1554
1555
1556
1557
1558
1559
1598
1599
1600
1601
1602
1603
1604
1605
1606
1607
1608
1609
1610
1611
1650
1651
1652
1653
1654
1655
1656
1657
1658
1659
1660
1661
1662
1663
)


// ************************************************************************* //
