/*--------------------------------*- C++ -*----------------------------------*\
| =========                 |                                                 |
| \\      /  F ield         | OpenFOAM: The Open Source CFD Toolbox           |
|  \\    /   O peration     | Version:  2.3.0                                 |
|   \\  /    A nd           | Web:      www.OpenFOAM.org                      |
|    \\/     M anipulation  |                                                 |
\*---------------------------------------------------------------------------*/
FoamFile
{
    version     2.0;
    format      ascii;
    class       vectorField;
    location    "constant/polyMesh";
    object      points;
}
// * * * * * * * * * * * * * * * * * * * * * * * * * * * * * * * * * * * * * //


440
(
(2.6 0 0)
(2.666666667 0 0)
(2.733333333 0 0)
(2.8 0 0)
(2.866666667 0 0)
(2.933333333 0 0)
(3 0 0)
(3.066666667 0 0)
(3.133333333 0 0)
(3.2 0 0)
(3.266666667 0 0)
(3.333333333 0 0)
(3.4 0 0)
(2.6 0.1 0)
(2.666666667 0.1 0)
(2.733333333 0.1 0)
(2.8 0.1 0)
(2.866666667 0.1 0)
(2.933333333 0.1 0)
(3 0.1 0)
(3.066666667 0.1 0)
(3.133333333 0.1 0)
(3.2 0.1 0)
(3.266666667 0.1 0)
(3.333333333 0.1 0)
(3.4 0.1 0)
(2.6 0 0.06666666667)
(2.666666667 0 0.06666666667)
(2.733333333 0 0.06666666667)
(2.8 0 0.06666666667)
(2.866666667 0 0.06666666667)
(2.933333333 0 0.06666666667)
(3 0 0.06666666667)
(3.066666667 0 0.06666666667)
(3.133333333 0 0.06666666667)
(3.2 0 0.06666666667)
(3.266666667 0 0.06666666667)
(3.333333333 0 0.06666666667)
(3.4 0 0.06666666667)
(2.6 0.1 0.06666666667)
(2.666666667 0.1 0.06666666667)
(2.733333333 0.1 0.06666666667)
(2.8 0.1 0.06666666667)
(2.866666667 0.1 0.06666666667)
(2.933333333 0.1 0.06666666667)
(3 0.1 0.06666666667)
(3.066666667 0.1 0.06666666667)
(3.133333333 0.1 0.06666666667)
(3.2 0.1 0.06666666667)
(3.266666667 0.1 0.06666666667)
(3.333333333 0.1 0.06666666667)
(3.4 0.1 0.06666666667)
(2.6 0 0.1333333333)
(2.666666667 0 0.1333333333)
(2.733333333 0 0.1333333333)
(2.8 0 0.1333333333)
(2.866666667 0 0.1333333333)
(2.933333333 0 0.1333333333)
(3 0 0.1333333333)
(3.066666667 0 0.1333333333)
(3.133333333 0 0.1333333333)
(3.2 0 0.1333333333)
(3.266666667 0 0.1333333333)
(3.333333333 0 0.1333333333)
(3.4 0 0.1333333333)
(2.6 0.1 0.1333333333)
(2.666666667 0.1 0.1333333333)
(2.733333333 0.1 0.1333333333)
(2.8 0.1 0.1333333333)
(2.866666667 0.1 0.1333333333)
(2.933333333 0.1 0.1333333333)
(3 0.1 0.1333333333)
(3.066666667 0.1 0.1333333333)
(3.133333333 0.1 0.1333333333)
(3.2 0.1 0.1333333333)
(3.266666667 0.1 0.1333333333)
(3.333333333 0.1 0.1333333333)
(3.4 0.1 0.1333333333)
(2.6 0 0.2)
(2.666666667 0 0.2)
(2.733333333 0 0.2)
(2.8 0 0.2)
(2.866666667 0 0.2)
(2.933333333 0 0.2)
(3 0 0.2)
(3.066666667 0 0.2)
(3.133333333 0 0.2)
(3.2 0 0.2)
(3.266666667 0 0.2)
(3.333333333 0 0.2)
(3.4 0 0.2)
(2.6 0.1 0.2)
(2.666666667 0.1 0.2)
(2.733333333 0.1 0.2)
(2.8 0.1 0.2)
(2.866666667 0.1 0.2)
(2.933333333 0.1 0.2)
(3 0.1 0.2)
(3.066666667 0.1 0.2)
(3.133333333 0.1 0.2)
(3.2 0.1 0.2)
(3.266666667 0.1 0.2)
(3.333333333 0.1 0.2)
(3.4 0.1 0.2)
(2.533333333 0 0.2666666667)
(2.6 0 0.2666666667)
(2.666666667 0 0.2666666667)
(2.733333333 0 0.2666666667)
(2.8 0 0.2666666667)
(2.866666667 0 0.2666666667)
(2.933333333 0 0.2666666667)
(3 0 0.2666666667)
(3.066666667 0 0.2666666667)
(3.133333333 0 0.2666666667)
(3.2 0 0.2666666667)
(3.266666667 0 0.2666666667)
(3.333333333 0 0.2666666667)
(3.4 0 0.2666666667)
(2.533333333 0.1 0.2666666667)
(2.6 0.1 0.2666666667)
(2.666666667 0.1 0.2666666667)
(2.733333333 0.1 0.2666666667)
(2.8 0.1 0.2666666667)
(2.866666667 0.1 0.2666666667)
(2.933333333 0.1 0.2666666667)
(3 0.1 0.2666666667)
(3.066666667 0.1 0.2666666667)
(3.133333333 0.1 0.2666666667)
(3.2 0.1 0.2666666667)
(3.266666667 0.1 0.2666666667)
(3.333333333 0.1 0.2666666667)
(3.4 0.1 0.2666666667)
(2.533333333 0 0.3333333333)
(2.6 0 0.3333333333)
(2.666666667 0 0.3333333333)
(2.733333333 0 0.3333333333)
(2.8 0 0.3333333333)
(2.866666667 0 0.3333333333)
(2.933333333 0 0.3333333333)
(3 0 0.3333333333)
(3.066666667 0 0.3333333333)
(3.133333333 0 0.3333333333)
(3.2 0 0.3333333333)
(3.266666667 0 0.3333333333)
(3.333333333 0 0.3333333333)
(3.4 0 0.3333333333)
(2.533333333 0.1 0.3333333333)
(2.6 0.1 0.3333333333)
(2.666666667 0.1 0.3333333333)
(2.733333333 0.1 0.3333333333)
(2.8 0.1 0.3333333333)
(2.866666667 0.1 0.3333333333)
(2.933333333 0.1 0.3333333333)
(3 0.1 0.3333333333)
(3.066666667 0.1 0.3333333333)
(3.133333333 0.1 0.3333333333)
(3.2 0.1 0.3333333333)
(3.266666667 0.1 0.3333333333)
(3.333333333 0.1 0.3333333333)
(3.4 0.1 0.3333333333)
(2.533333333 0 0.4)
(2.6 0 0.4)
(2.666666667 0 0.4)
(2.733333333 0 0.4)
(2.8 0 0.4)
(2.866666667 0 0.4)
(2.933333333 0 0.4)
(3 0 0.4)
(3.066666667 0 0.4)
(3.133333333 0 0.4)
(3.2 0 0.4)
(3.266666667 0 0.4)
(3.333333333 0 0.4)
(3.4 0 0.4)
(2.533333333 0.1 0.4)
(2.6 0.1 0.4)
(2.666666667 0.1 0.4)
(2.733333333 0.1 0.4)
(2.8 0.1 0.4)
(2.866666667 0.1 0.4)
(2.933333333 0.1 0.4)
(3 0.1 0.4)
(3.066666667 0.1 0.4)
(3.133333333 0.1 0.4)
(3.2 0.1 0.4)
(3.266666667 0.1 0.4)
(3.333333333 0.1 0.4)
(3.4 0.1 0.4)
(2.533333333 0 0.4666666667)
(2.6 0 0.4666666667)
(2.666666667 0 0.4666666667)
(2.733333333 0 0.4666666667)
(2.8 0 0.4666666667)
(2.866666667 0 0.4666666667)
(2.933333333 0 0.4666666667)
(3 0 0.4666666667)
(3.066666667 0 0.4666666667)
(3.133333333 0 0.4666666667)
(3.2 0 0.4666666667)
(3.266666667 0 0.4666666667)
(3.333333333 0 0.4666666667)
(3.4 0 0.4666666667)
(2.533333333 0.1 0.4666666667)
(2.6 0.1 0.4666666667)
(2.666666667 0.1 0.4666666667)
(2.733333333 0.1 0.4666666667)
(2.8 0.1 0.4666666667)
(2.866666667 0.1 0.4666666667)
(2.933333333 0.1 0.4666666667)
(3 0.1 0.4666666667)
(3.066666667 0.1 0.4666666667)
(3.133333333 0.1 0.4666666667)
(3.2 0.1 0.4666666667)
(3.266666667 0.1 0.4666666667)
(3.333333333 0.1 0.4666666667)
(3.4 0.1 0.4666666667)
(2.533333333 0 0.5333333333)
(2.6 0 0.5333333333)
(2.666666667 0 0.5333333333)
(2.733333333 0 0.5333333333)
(2.8 0 0.5333333333)
(2.866666667 0 0.5333333333)
(2.933333333 0 0.5333333333)
(3 0 0.5333333333)
(3.066666667 0 0.5333333333)
(3.133333333 0 0.5333333333)
(3.2 0 0.5333333333)
(3.266666667 0 0.5333333333)
(3.333333333 0 0.5333333333)
(3.4 0 0.5333333333)
(2.533333333 0.1 0.5333333333)
(2.6 0.1 0.5333333333)
(2.666666667 0.1 0.5333333333)
(2.733333333 0.1 0.5333333333)
(2.8 0.1 0.5333333333)
(2.866666667 0.1 0.5333333333)
(2.933333333 0.1 0.5333333333)
(3 0.1 0.5333333333)
(3.066666667 0.1 0.5333333333)
(3.133333333 0.1 0.5333333333)
(3.2 0.1 0.5333333333)
(3.266666667 0.1 0.5333333333)
(3.333333333 0.1 0.5333333333)
(3.4 0.1 0.5333333333)
(2.533333333 0 0.6)
(2.6 0 0.6)
(2.666666667 0 0.6)
(2.733333333 0 0.6)
(2.8 0 0.6)
(2.866666667 0 0.6)
(2.933333333 0 0.6)
(3 0 0.6)
(3.066666667 0 0.6)
(3.133333333 0 0.6)
(3.2 0 0.6)
(3.266666667 0 0.6)
(3.333333333 0 0.6)
(3.4 0 0.6)
(2.533333333 0.1 0.6)
(2.6 0.1 0.6)
(2.666666667 0.1 0.6)
(2.733333333 0.1 0.6)
(2.8 0.1 0.6)
(2.866666667 0.1 0.6)
(2.933333333 0.1 0.6)
(3 0.1 0.6)
(3.066666667 0.1 0.6)
(3.133333333 0.1 0.6)
(3.2 0.1 0.6)
(3.266666667 0.1 0.6)
(3.333333333 0.1 0.6)
(3.4 0.1 0.6)
(2.533333333 0 0.6666666667)
(2.6 0 0.6666666667)
(2.666666667 0 0.6666666667)
(2.733333333 0 0.6666666667)
(2.8 0 0.6666666667)
(2.866666667 0 0.6666666667)
(2.933333333 0 0.6666666667)
(3 0 0.6666666667)
(3.066666667 0 0.6666666667)
(3.133333333 0 0.6666666667)
(3.2 0 0.6666666667)
(3.266666667 0 0.6666666667)
(3.333333333 0 0.6666666667)
(3.4 0 0.6666666667)
(2.533333333 0.1 0.6666666667)
(2.6 0.1 0.6666666667)
(2.666666667 0.1 0.6666666667)
(2.733333333 0.1 0.6666666667)
(2.8 0.1 0.6666666667)
(2.866666667 0.1 0.6666666667)
(2.933333333 0.1 0.6666666667)
(3 0.1 0.6666666667)
(3.066666667 0.1 0.6666666667)
(3.133333333 0.1 0.6666666667)
(3.2 0.1 0.6666666667)
(3.266666667 0.1 0.6666666667)
(3.333333333 0.1 0.6666666667)
(3.4 0.1 0.6666666667)
(2.533333333 0 0.7333333333)
(2.6 0 0.7333333333)
(2.666666667 0 0.7333333333)
(2.733333333 0 0.7333333333)
(2.8 0 0.7333333333)
(2.866666667 0 0.7333333333)
(2.933333333 0 0.7333333333)
(3 0 0.7333333333)
(3.066666667 0 0.7333333333)
(3.133333333 0 0.7333333333)
(3.2 0 0.7333333333)
(3.266666667 0 0.7333333333)
(3.333333333 0 0.7333333333)
(3.4 0 0.7333333333)
(2.533333333 0.1 0.7333333333)
(2.6 0.1 0.7333333333)
(2.666666667 0.1 0.7333333333)
(2.733333333 0.1 0.7333333333)
(2.8 0.1 0.7333333333)
(2.866666667 0.1 0.7333333333)
(2.933333333 0.1 0.7333333333)
(3 0.1 0.7333333333)
(3.066666667 0.1 0.7333333333)
(3.133333333 0.1 0.7333333333)
(3.2 0.1 0.7333333333)
(3.266666667 0.1 0.7333333333)
(3.333333333 0.1 0.7333333333)
(3.4 0.1 0.7333333333)
(2.533333333 0 0.8)
(2.6 0 0.8)
(2.666666667 0 0.8)
(2.733333333 0 0.8)
(2.8 0 0.8)
(2.866666667 0 0.8)
(2.933333333 0 0.8)
(3 0 0.8)
(3.066666667 0 0.8)
(3.133333333 0 0.8)
(3.2 0 0.8)
(3.266666667 0 0.8)
(3.333333333 0 0.8)
(3.4 0 0.8)
(2.533333333 0.1 0.8)
(2.6 0.1 0.8)
(2.666666667 0.1 0.8)
(2.733333333 0.1 0.8)
(2.8 0.1 0.8)
(2.866666667 0.1 0.8)
(2.933333333 0.1 0.8)
(3 0.1 0.8)
(3.066666667 0.1 0.8)
(3.133333333 0.1 0.8)
(3.2 0.1 0.8)
(3.266666667 0.1 0.8)
(3.333333333 0.1 0.8)
(3.4 0.1 0.8)
(2.533333333 0 0.8666666667)
(2.6 0 0.8666666667)
(2.666666667 0 0.8666666667)
(2.733333333 0 0.8666666667)
(2.8 0 0.8666666667)
(2.866666667 0 0.8666666667)
(2.933333333 0 0.8666666667)
(3 0 0.8666666667)
(3.066666667 0 0.8666666667)
(3.133333333 0 0.8666666667)
(3.2 0 0.8666666667)
(3.266666667 0 0.8666666667)
(3.333333333 0 0.8666666667)
(3.4 0 0.8666666667)
(2.533333333 0.1 0.8666666667)
(2.6 0.1 0.8666666667)
(2.666666667 0.1 0.8666666667)
(2.733333333 0.1 0.8666666667)
(2.8 0.1 0.8666666667)
(2.866666667 0.1 0.8666666667)
(2.933333333 0.1 0.8666666667)
(3 0.1 0.8666666667)
(3.066666667 0.1 0.8666666667)
(3.133333333 0.1 0.8666666667)
(3.2 0.1 0.8666666667)
(3.266666667 0.1 0.8666666667)
(3.333333333 0.1 0.8666666667)
(3.4 0.1 0.8666666667)
(2.533333333 0 0.9333333333)
(2.6 0 0.9333333333)
(2.666666667 0 0.9333333333)
(2.733333333 0 0.9333333333)
(2.8 0 0.9333333333)
(2.866666667 0 0.9333333333)
(2.933333333 0 0.9333333333)
(3 0 0.9333333333)
(3.066666667 0 0.9333333333)
(3.133333333 0 0.9333333333)
(3.2 0 0.9333333333)
(3.266666667 0 0.9333333333)
(3.333333333 0 0.9333333333)
(3.4 0 0.9333333333)
(2.533333333 0.1 0.9333333333)
(2.6 0.1 0.9333333333)
(2.666666667 0.1 0.9333333333)
(2.733333333 0.1 0.9333333333)
(2.8 0.1 0.9333333333)
(2.866666667 0.1 0.9333333333)
(2.933333333 0.1 0.9333333333)
(3 0.1 0.9333333333)
(3.066666667 0.1 0.9333333333)
(3.133333333 0.1 0.9333333333)
(3.2 0.1 0.9333333333)
(3.266666667 0.1 0.9333333333)
(3.333333333 0.1 0.9333333333)
(3.4 0.1 0.9333333333)
(2.533333333 0 1)
(2.6 0 1)
(2.666666667 0 1)
(2.733333333 0 1)
(2.8 0 1)
(2.866666667 0 1)
(2.933333333 0 1)
(3 0 1)
(3.066666667 0 1)
(3.133333333 0 1)
(3.2 0 1)
(3.266666667 0 1)
(3.333333333 0 1)
(3.4 0 1)
(2.533333333 0.1 1)
(2.6 0.1 1)
(2.666666667 0.1 1)
(2.733333333 0.1 1)
(2.8 0.1 1)
(2.866666667 0.1 1)
(2.933333333 0.1 1)
(3 0.1 1)
(3.066666667 0.1 1)
(3.133333333 0.1 1)
(3.2 0.1 1)
(3.266666667 0.1 1)
(3.333333333 0.1 1)
(3.4 0.1 1)
)


// ************************************************************************* //
