/*--------------------------------*- C++ -*----------------------------------*\
| =========                 |                                                 |
| \\      /  F ield         | OpenFOAM: The Open Source CFD Toolbox           |
|  \\    /   O peration     | Version:  2.3.0                                 |
|   \\  /    A nd           | Web:      www.OpenFOAM.org                      |
|    \\/     M anipulation  |                                                 |
\*---------------------------------------------------------------------------*/
FoamFile
{
    version     2.0;
    format      ascii;
    class       volVectorField;
    location    "5000";
    object      U;
}
// * * * * * * * * * * * * * * * * * * * * * * * * * * * * * * * * * * * * * //

dimensions      [0 1 -1 0 0 0 0];

internalField   nonuniform List<vector> 
191
(
(70.0544 0 -8.06795)
(78.8912 0 1.07839)
(78.5764 0 6.34071)
(73.4267 0 7.09859)
(67.8019 0 5.82715)
(62.9998 0 4.36538)
(59.0592 0 3.23346)
(55.8009 0 2.46277)
(53.0341 0 1.95104)
(50.657 0 1.59354)
(48.6524 0 1.30615)
(47.0905 0 1.01005)
(33.2911 0 -22.2557)
(47.2284 0 -12.7213)
(59.3197 0 -2.43755)
(68.1351 0 2.66878)
(74.0409 0 4.0347)
(77.7534 0 4.09643)
(79.7662 0 3.82681)
(80.6254 0 3.51859)
(80.7591 0 3.20138)
(80.5316 0 2.82105)
(80.269 0 2.2929)
(80.2916 0 1.49674)
(21.9094 0 -29.3816)
(27.9957 0 -21.2657)
(37.4739 0 -12.7787)
(49.0652 0 -7.26792)
(58.9896 0 -3.8811)
(66.7671 0 -1.54478)
(72.2634 0 0.125671)
(75.9569 0 1.2388)
(78.4203 0 1.82023)
(80.1719 0 1.87131)
(81.6453 0 1.36223)
(83.189 0 0.222698)
(15.2746 0 -34.4639)
(19.5847 0 -28.2986)
(27.2255 0 -22.6392)
(37.8261 0 -17.8452)
(47.4211 0 -13.0764)
(55.2978 0 -8.64015)
(61.0718 0 -4.98678)
(65.1461 0 -2.35916)
(68.0626 0 -0.792621)
(70.3075 0 -0.220824)
(72.2496 0 -0.568954)
(74.1283 0 -1.78512)
(7.12668 0 -42.4507)
(10.1883 0 -38.3899)
(13.5538 0 -33.7212)
(20.7688 0 -31.0471)
(29.4719 0 -27.337)
(37.45 0 -21.4474)
(43.9224 0 -15.1134)
(48.6296 0 -9.6725)
(51.9599 0 -5.71673)
(54.3722 0 -3.30934)
(56.2471 0 -2.27783)
(57.829 0 -2.40973)
(59.223 0 -3.51661)
(3.8329 0 -44.9226)
(5.77376 0 -41.2958)
(8.16052 0 -38.6251)
(14.1002 0 -38.3772)
(20.3488 0 -34.8385)
(25.9708 0 -27.8133)
(30.3529 0 -19.9311)
(33.4422 0 -13.1067)
(35.5763 0 -8.15601)
(37.0913 0 -5.12209)
(38.2221 0 -3.71244)
(39.0709 0 -3.5751)
(39.6243 0 -4.40048)
(0.945761 0 -46.2081)
(1.62529 0 -43.047)
(2.59647 0 -41.7832)
(5.5942 0 -43.1583)
(8.79886 0 -39.4433)
(11.562 0 -31.5588)
(13.6386 0 -22.6406)
(15.0118 0 -14.9487)
(15.8794 0 -9.40169)
(16.4163 0 -5.98206)
(16.7086 0 -4.28081)
(16.7391 0 -3.83517)
(16.4137 0 -4.25906)
(-1.77553 0 -46.1865)
(-2.56913 0 -43.0949)
(-3.68238 0 -42.4076)
(-4.76713 0 -44.5448)
(-5.10171 0 -40.7985)
(-5.48916 0 -32.6398)
(-5.69372 0 -23.3574)
(-5.88741 0 -15.3436)
(-6.11057 0 -9.56235)
(-6.38929 0 -5.95546)
(-6.7795 0 -4.03965)
(-7.38632 0 -3.28462)
(-8.35172 0 -3.27223)
(-4.57986 0 -44.7644)
(-6.85359 0 -40.9387)
(-10.0063 0 -39.7859)
(-15.789 0 -41.836)
(-19.8644 0 -38.5553)
(-23.4355 0 -31.0152)
(-25.8085 0 -22.2364)
(-27.3751 0 -14.5306)
(-28.448 0 -8.89974)
(-29.2655 0 -5.31508)
(-30.0209 0 -3.29017)
(-30.8998 0 -2.27245)
(-32.0982 0 -1.84422)
(-7.74043 0 -42.0433)
(-11.1999 0 -37.1981)
(-15.2752 0 -34.2061)
(-25.3351 0 -34.9384)
(-32.8723 0 -32.6519)
(-39.2418 0 -26.71)
(-43.5939 0 -19.3759)
(-46.4084 0 -12.6858)
(-48.1852 0 -7.6685)
(-49.3337 0 -4.38587)
(-50.1786 0 -2.41569)
(-51.0011 0 -1.21816)
(-52.0837 0 -0.40017)
(-11.5472 0 -38.1209)
(-16.013 0 -32.6233)
(-20.5533 0 -26.0831)
(-30.5709 0 -25.459)
(-40.7822 0 -24.5779)
(-49.0635 0 -20.6077)
(-55.0176 0 -15.1265)
(-58.9505 0 -9.91634)
(-61.3912 0 -5.93654)
(-62.8485 0 -3.27745)
(-63.7498 0 -1.58833)
(-64.4559 0 -0.343293)
(-65.3244 0 0.818748)
(-15.9536 0 -32.7987)
(-21.8383 0 -27.5017)
(-26.7664 0 -20.1188)
(-32.5128 0 -14.4315)
(-41.6223 0 -13.3783)
(-49.5911 0 -12.6614)
(-56.313 0 -9.8348)
(-61.0473 0 -6.56367)
(-64.0593 0 -3.96154)
(-65.8937 0 -2.19174)
(-67.0516 0 -0.999957)
(-67.909 0 0.168443)
(-68.7524 0 1.60849)
(-20.3875 0 -25.8969)
(-27.8826 0 -21.5031)
(-33.7983 0 -15.5968)
(-38.0681 0 -10.5065)
(-42.1807 0 -7.28629)
(-47.4902 0 -4.97898)
(-52.088 0 -3.25681)
(-55.1647 0 -2.00697)
(-57.1519 0 -0.977583)
(-58.4772 0 -0.0515291)
(-59.5522 0 0.837802)
(-60.6278 0 1.91584)
(-61.5462 0 3.36207)
(-23.7959 0 -16.3111)
(-32.2969 0 -13.3917)
(-38.9956 0 -9.68768)
(-43.6875 0 -6.33985)
(-47.2889 0 -3.98586)
(-50.2996 0 -2.62841)
(-52.6904 0 -1.78326)
(-54.5038 0 -1.12721)
(-55.8166 0 -0.521689)
(-56.6754 0 0.0562734)
(-57.1361 0 0.618874)
(-57.1725 0 1.25841)
(-56.6166 0 2.05892)
(-26.5169 0 -10.7108)
(-35.6585 0 -8.47201)
(-42.7009 0 -5.73074)
(-47.437 0 -3.12858)
(-50.4545 0 -1.14908)
(-52.47 0 0.138384)
(-53.9479 0 0.918896)
(-55.0729 0 1.42054)
(-55.8678 0 1.79998)
(-56.2999 0 2.11825)
(-56.3524 0 2.38843)
(-56.0005 0 2.62029)
(-55.1508 0 2.83987)
)
;

boundaryField
{
    top
    {
        type            directionMixed;
        refValue        uniform (0 0 0);
        refGradient     uniform (0 0 0);
        valueFraction   uniform (0 0 0 0 0 1);
        value           nonuniform List<vector> 
13
(
(-26.5169 0 0)
(-35.6585 0 0)
(-42.7009 0 0)
(-47.437 0 0)
(-50.4545 0 0)
(-52.47 0 0)
(-53.9479 0 0)
(-55.0729 0 0)
(-55.8678 0 0)
(-56.2999 0 0)
(-56.3524 0 0)
(-56.0005 0 0)
(-55.1508 0 0)
)
;
    }
    bottom
    {
        type            fixedValue;
        value           uniform (0 0 0);
    }
    frontAndBack
    {
        type            empty;
    }
    left_cyc
    {
        type            cyclic;
    }
    right_cyc
    {
        type            cyclic;
    }
    procBoundary3to0throughright_cyc
    {
        type            processorCyclic;
        value           nonuniform List<vector> 
15
(
(46.1529 0 0.61801)
(80.9293 0 0.290928)
(85.0558 0 -1.6078)
(76.0497 0 -3.79931)
(60.4144 0 -5.40233)
(39.7881 0 -5.90127)
(15.6051 0 -5.22778)
(-9.81089 0 -3.68701)
(-33.777 0 -1.73009)
(-53.6412 0 0.239946)
(-66.6118 0 1.9753)
(-69.7752 0 3.1792)
(-62.1982 0 5.03252)
(-55.3761 0 2.91058)
(-53.699 0 3.04517)
)
;
    }
    procBoundary3to2
    {
        type            processor;
        value           nonuniform List<vector> 
16
(
(53.7102 0 -17.4998)
(21.1161 0 -24.6433)
(15.5779 0 -33.5195)
(10.9915 0 -38.5218)
(10.9915 0 -38.5218)
(3.88375 0 -45.1782)
(1.95576 0 -47.7471)
(0.331863 0 -49.0387)
(-1.16417 0 -49.1188)
(-2.72746 0 -47.999)
(-4.54905 0 -45.6104)
(-6.79962 0 -41.7556)
(-9.44994 0 -36.1183)
(-12.1167 0 -28.706)
(-14.2135 0 -18.2439)
(-15.938 0 -12.2735)
)
;
    }
}


// ************************************************************************* //
