/*--------------------------------*- C++ -*----------------------------------*\
| =========                 |                                                 |
| \\      /  F ield         | OpenFOAM: The Open Source CFD Toolbox           |
|  \\    /   O peration     | Version:  2.3.0                                 |
|   \\  /    A nd           | Web:      www.OpenFOAM.org                      |
|    \\/     M anipulation  |                                                 |
\*---------------------------------------------------------------------------*/
FoamFile
{
    version     2.0;
    format      ascii;
    class       volScalarField;
    location    "20000";
    object      NUEff;
}
// * * * * * * * * * * * * * * * * * * * * * * * * * * * * * * * * * * * * * //

dimensions      [0 2 -1 0 0 0 0];

internalField   nonuniform List<scalar> 
765
(
0.016528
0.0164886
0.0165219
0.0165922
0.0166455
0.0166095
0.0164299
0.0162412
0.0159932
0.0156747
0.015504
0.0157913
0.0160966
0.0163258
0.0165174
0.0166448
0.0166407
0.0165731
0.0165097
0.0164974
0.016568
0.0166986
0.0168717
0.0170898
0.017365
0.0177177
0.0181795
0.0187955
0.0196276
0.0207582
0.0223108
0.0245912
0.0271431
0.0294269
0.0312705
0.0321445
0.0319
0.0306494
0.028585
0.0262016
0.0235929
0.0216491
0.020278
0.0192742
0.0185345
0.0179847
0.0175698
0.0172501
0.0169988
0.0167987
0.0166411
0.0233182
0.0230628
0.0229647
0.0229556
0.0229159
0.0226794
0.0221428
0.0211574
0.0197179
0.0181029
0.017347
0.0186413
0.0202551
0.0215433
0.0223464
0.0228234
0.0229746
0.0229864
0.0230154
0.023163
0.0234818
0.0240584
0.0248581
0.0258823
0.0271756
0.0288301
0.0310202
0.0341009
0.0388625
0.0473074
0.0641519
0.0962982
0.160858
0.31881
0.589348
0.717135
0.686777
0.487098
0.238831
0.12957
0.081678
0.0559951
0.0433503
0.0367289
0.0327634
0.0300888
0.0281342
0.0266335
0.0254509
0.0245144
0.0237945
0.0331415
0.0322441
0.0315835
0.0310607
0.0305341
0.0297928
0.028538
0.0262327
0.0231208
0.0200325
0.0187294
0.0210203
0.0242685
0.027192
0.0291585
0.0301558
0.030792
0.0313029
0.0318674
0.0326108
0.0336213
0.034959
0.0368428
0.0393851
0.0427464
0.0472703
0.0535268
0.0626875
0.0774761
0.104838
0.173541
0.436876
0.806268
0.906347
0.938753
0.949869
0.947155
0.929588
0.880762
0.70565
0.285748
0.136639
0.0914813
0.070597
0.0585816
0.0507876
0.0453088
0.041298
0.0382845
0.0360022
0.0343431
0.0406449
0.0390721
0.0377394
0.0366028
0.0356002
0.0345475
0.0328197
0.0297084
0.0254568
0.0213569
0.0197134
0.0226402
0.027026
0.0310137
0.0336469
0.0350009
0.0359991
0.0370438
0.038253
0.0396757
0.0413566
0.043349
0.0457209
0.048582
0.0520429
0.0562306
0.0616004
0.0692255
0.0817071
0.106618
0.175715
0.489126
0.850804
0.930907
0.956527
0.965199
0.963141
0.949368
0.910737
0.766783
0.303664
0.1377
0.0941484
0.0758083
0.0657765
0.0592565
0.0544537
0.0505818
0.0473702
0.0447232
0.042508
0.0407354
0.0393132
0.0380116
0.036904
0.036036
0.0352529
0.0338578
0.0310004
0.026564
0.0221171
0.0203689
0.0234965
0.0282366
0.032241
0.0345051
0.0355806
0.0363408
0.037292
0.0384786
0.0398341
0.0412886
0.0427947
0.0443304
0.0459038
0.0475706
0.049491
0.0520419
0.0560098
0.0631074
0.077783
0.116329
0.292916
0.817423
0.93228
0.96122
0.970183
0.968138
0.953563
0.907297
0.66403
0.183627
0.0958838
0.0705697
0.0597611
0.0542039
0.0509307
0.0486969
0.0469099
0.0452952
0.0437445
0.0422228
0.0370811
0.0361067
0.0352108
0.0345132
0.0340869
0.0337433
0.0330053
0.0307786
0.0267079
0.0224366
0.0207763
0.0237511
0.0282754
0.031808
0.0333973
0.033884
0.0342103
0.034731
0.0355093
0.0364446
0.0374194
0.0383449
0.039175
0.0399153
0.0406376
0.0415122
0.0428653
0.0452971
0.0499923
0.0597651
0.0838663
0.178173
0.749346
0.930351
0.963883
0.973356
0.971263
0.955509
0.898017
0.475112
0.122547
0.0716258
0.0551095
0.047825
0.0442028
0.0422831
0.0411672
0.0403813
0.0396682
0.0389001
0.038033
0.033379
0.0327634
0.0322563
0.0319552
0.0318902
0.031873
0.031414
0.0295804
0.0261903
0.0225546
0.0210834
0.0236728
0.0274828
0.0304216
0.0316977
0.0318642
0.0318876
0.0320285
0.032408
0.0329619
0.0335883
0.0341964
0.034729
0.0351776
0.0355988
0.0361417
0.0370898
0.0389425
0.0426273
0.0502236
0.0681859
0.131584
0.665517
0.929429
0.966419
0.976166
0.974056
0.957598
0.890235
0.330048
0.0954632
0.0592936
0.0466854
0.0409621
0.0381254
0.0366925
0.0359415
0.0354693
0.0350493
0.0345713
0.0340053
0.0305959
0.0302461
0.0300164
0.0299244
0.0298958
0.0298653
0.0293926
0.0279657
0.0254432
0.0226166
0.021357
0.0234922
0.0263928
0.0285875
0.0296413
0.0299004
0.0299063
0.0299377
0.0300731
0.0303463
0.0307232
0.0311472
0.0315679
0.0319635
0.0323637
0.0328842
0.033773
0.0354756
0.0387933
0.0454667
0.0608054
0.112137
0.604767
0.930925
0.969154
0.978892
0.976794
0.960277
0.888074
0.265992
0.0832355
0.0532629
0.042398
0.0373246
0.0347454
0.0334142
0.0326998
0.0322424
0.0318496
0.0314423
0.031013
0.0287338
0.0284953
0.0283237
0.0282066
0.0281273
0.0279667
0.0274942
0.0264381
0.0246844
0.0226369
0.0216045
0.0232682
0.025328
0.026867
0.0277006
0.0280369
0.0281477
0.0282348
0.028367
0.028558
0.0288179
0.0291399
0.0295121
0.0299336
0.030435
0.031114
0.0321842
0.0340437
0.0374215
0.0439194
0.0585318
0.107724
0.617826
0.936112
0.972272
0.98162
0.979586
0.963872
0.895848
0.261704
0.079972
0.0514084
0.0409883
0.0359684
0.0332742
0.0317655
0.0308701
0.0302702
0.0298016
0.0293962
0.029038
0.0275875
0.0272957
0.0270573
0.026858
0.0266631
0.0264039
0.0259654
0.025203
0.024033
0.0226366
0.0218352
0.023052
0.0244398
0.0254835
0.0261248
0.0264883
0.0267152
0.0269059
0.0271145
0.0273697
0.0276803
0.0280517
0.0284942
0.0290328
0.0297191
0.0306654
0.0320911
0.0343975
0.0383315
0.0456079
0.0619893
0.121947
0.726798
0.945535
0.975991
0.984425
0.982549
0.968674
0.914584
0.353763
0.0876709
0.0540673
0.0423972
0.03669
0.0334731
0.0315458
0.0303242
0.0294864
0.0288589
0.0283559
0.0279384
0.0275153
0.0270227
0.0265875
0.0261955
0.0258261
0.0254448
0.0249945
0.0244004
0.0236077
0.0226875
0.0221016
0.0229373
0.0238543
0.0245871
0.0251281
0.025549
0.0259217
0.0262959
0.0267004
0.0271532
0.0276676
0.0282575
0.0289412
0.0297815
0.0308505
0.0322999
0.0344095
0.0376863
0.0430974
0.0530469
0.0770169
0.191303
0.850997
0.95747
0.9802
0.987281
0.985657
0.974404
0.937879
0.662232
0.12158
0.0651865
0.0486923
0.0408862
0.0364029
0.0336186
0.0317824
0.030488
0.0295097
0.0287288
0.0280784
0.0298266
0.0288409
0.0279703
0.0271887
0.0264761
0.0258138
0.0251774
0.0245348
0.0238599
0.023183
0.0227538
0.0233391
0.0240365
0.0247052
0.0253449
0.0259881
0.0266655
0.0273991
0.0282077
0.0291128
0.0301433
0.0313353
0.0327263
0.0343453
0.0363789
0.0390839
0.0429434
0.0489211
0.0591267
0.0798134
0.145259
0.636185
0.925639
0.969781
0.984734
0.99016
0.988869
0.980617
0.959133
0.882668
0.340245
0.109871
0.0704918
0.0549407
0.0465981
0.0415151
0.0381263
0.0356859
0.0338083
0.0322809
0.0309612
0.0403141
0.0376972
0.0355005
0.0336096
0.0319507
0.0304798
0.0291725
0.0280156
0.0270097
0.0261955
0.0257745
0.026362
0.0272511
0.0283107
0.0295177
0.0308772
0.0324057
0.0341331
0.0361121
0.0384285
0.0412125
0.0446399
0.048908
0.0542039
0.0607881
0.0700965
0.0843301
0.109393
0.16634
0.371488
0.796579
0.924534
0.963849
0.980911
0.989387
0.993033
0.992126
0.986852
0.975903
0.953274
0.895947
0.678743
0.263713
0.140449
0.0992047
0.0789517
0.0667641
0.0585287
0.0524333
0.0474858
0.0435125
0.152304
0.119078
0.0980094
0.0834789
0.0728543
0.0647813
0.0585126
0.0536238
0.0498975
0.0473202
0.0462873
0.0478358
0.0507783
0.0548545
0.0601404
0.0669096
0.0756681
0.0873104
0.103489
0.127507
0.16666
0.238568
0.380911
0.595982
0.757979
0.839296
0.885117
0.914878
0.936173
0.952664
0.96593
0.976421
0.984344
0.99005
0.993881
0.995844
0.995332
0.992643
0.988148
0.981692
0.972907
0.96155
0.947377
0.929632
0.906167
0.872242
0.818177
0.716399
0.527094
0.326043
0.210947
0.982514
0.980825
0.979001
0.977019
0.974862
0.972531
0.970069
0.967583
0.965276
0.963494
0.962804
0.963875
0.965868
0.968275
0.970788
0.973232
0.975523
0.977634
0.979571
0.981356
0.983012
0.984551
0.98596
0.98723
0.988382
0.989422
0.990339
0.991158
0.991958
0.992802
0.993734
0.994768
0.99587
0.996965
0.997926
0.998517
0.998355
0.997591
0.996564
0.995461
0.994384
0.993395
0.992504
0.991688
0.990894
0.990058
0.989095
0.988024
0.986841
0.985532
0.984085
)
;

boundaryField
{
    top
    {
        type            calculated;
        value           uniform 1;
    }
    bottom
    {
        type            calculated;
        value           uniform 0.0143123;
    }
    frontAndBack
    {
        type            empty;
    }
    left_cyc
    {
        type            cyclic;
    }
    right_cyc
    {
        type            cyclic;
    }
}


// ************************************************************************* //
