/*--------------------------------*- C++ -*----------------------------------*\
| =========                 |                                                 |
| \\      /  F ield         | OpenFOAM: The Open Source CFD Toolbox           |
|  \\    /   O peration     | Version:  2.3.0                                 |
|   \\  /    A nd           | Web:      www.OpenFOAM.org                      |
|    \\/     M anipulation  |                                                 |
\*---------------------------------------------------------------------------*/
FoamFile
{
    version     2.0;
    format      ascii;
    class       volScalarField;
    location    "20000";
    object      p;
}
// * * * * * * * * * * * * * * * * * * * * * * * * * * * * * * * * * * * * * //

dimensions      [0 2 -2 0 0 0 0];

internalField   nonuniform List<scalar> 
765
(
0
-13.6384
-38.6384
-73.8219
-117.539
-167.335
-219.412
-268.839
-311.765
-346.117
-367.332
-375.645
-377.693
-376.472
-370.08
-352.456
-320.318
-279.296
-231.048
-179.116
-128.368
-82.9454
-45.5556
-17.9894
-1.51486
3.01063
-4.70357
-24.1871
-54.4646
-94.1531
-141.274
-192.796
-244.209
-290.922
-329.738
-358.83
-372.792
-377.364
-377.758
-374.627
-363.808
-338.523
-301.949
-257.043
-206.507
-154.551
-105.978
-64.1978
-31.4163
-9.14571
1.53205
43.718
34.946
19.1243
-2.75658
-29.5873
-60.0917
-93.0714
-128.243
-161.205
-184.044
-197.946
-204.275
-205.202
-204.706
-200.181
-187.809
-167.337
-136.276
-100.8
-67.2573
-36.0502
-8.20105
14.9887
32.377
42.9476
45.8778
40.8854
28.4348
9.42284
-15.1061
-43.9682
-75.8531
-110.007
-145.356
-173.844
-191.851
-202.407
-205.238
-205.383
-203.744
-195.279
-179.505
-153.889
-119.395
-84.6953
-52.2515
-22.5317
3.1825
23.6576
37.8163
44.7073
134.062
127.071
114.488
97.2009
76.193
52.4425
26.8608
0.00452056
-24.6839
-39.8498
-46.5725
-45.7547
-43.2809
-44.9127
-47.0269
-41.9178
-28.993
-5.9315
20.9935
46.9245
71.2065
92.9754
111.263
125.082
133.509
135.847
131.86
121.933
106.842
87.5396
65.0115
40.2165
13.9098
-12.7613
-33.4617
-44.1359
-47.2926
-44.2927
-43.7228
-46.8056
-45.7608
-37.1606
-19.2579
6.67866
33.304
58.5118
81.6788
101.862
118.078
129.353
134.85
221.75
215.866
205.308
190.949
173.843
155.138
136.108
118.12
103.636
94.6631
94.7105
104.198
110.775
106.402
96.355
93.7252
101.238
114.505
132.003
150.931
169.852
187.465
202.599
214.175
221.268
223.233
219.874
211.52
198.903
183
164.913
145.842
127.105
110.361
98.5022
93.0361
98.4773
108.276
109.826
101.266
93.3411
96.1738
106.599
122.31
140.723
159.814
178.246
194.784
208.301
217.779
222.411
295.517
290.85
282.562
271.501
258.686
245.191
232.119
220.607
212.382
209.231
214.667
229.189
237.964
232.286
217.476
209.492
211.237
218.433
229.402
242.235
255.753
268.847
280.441
289.499
295.117
296.678
294.004
287.397
277.567
265.464
252.14
238.675
226.183
215.96
210.008
210.178
220.915
234.881
236.85
225.055
211.94
209.287
213.865
223.146
235.181
248.48
261.921
274.411
284.886
292.358
296.04
366.741
363.119
356.779
348.534
339.355
330.237
322.149
315.997
312.782
313.358
319.09
331.156
339.253
333.894
321.358
314.113
312.589
314.993
320.58
328.316
337.297
346.571
355.148
362.044
366.395
367.611
365.524
360.421
352.98
344.111
334.807
326.049
318.773
313.888
312.436
315.156
324.204
336.344
338.232
327.662
316.842
312.685
313.12
317.192
323.923
332.369
341.607
350.661
358.533
364.279
367.147
435.945
433.371
428.966
423.457
417.691
412.519
408.726
406.973
407.713
411.141
417.247
425.775
431.359
427.629
419.016
412.274
408.256
406.9
408.124
411.508
416.439
422.155
427.82
432.576
435.657
436.528
435.031
431.434
426.346
420.573
414.973
410.368
407.49
406.885
408.934
413.62
421.072
429.32
430.641
423.427
415.32
409.921
407.163
407.097
409.415
413.632
419.039
424.835
430.16
434.184
436.234
503.856
502.425
500.109
497.473
495.157
493.788
493.918
495.933
499.886
505.518
512.177
518.905
522.664
520.181
513.733
506.945
501.012
496.633
494.172
493.634
494.706
496.865
499.495
501.954
503.651
504.146
503.294
501.335
498.759
496.18
494.24
493.536
494.556
497.517
502.348
508.57
515.443
521.328
522.201
517.235
510.367
503.898
498.639
495.169
493.645
493.942
495.612
498.08
500.708
502.865
504.02
569.981
569.88
569.954
570.525
571.928
574.48
578.441
583.904
590.654
598.155
605.482
611.498
614.368
612.503
606.989
599.843
592.283
585.292
579.503
575.193
572.335
570.695
569.963
569.806
569.897
569.954
569.857
569.792
570.058
570.988
572.912
576.127
580.832
586.969
594.184
601.741
608.604
613.41
614.058
610.159
603.679
596.204
588.816
582.354
577.256
573.672
571.443
570.287
569.88
569.888
569.998
633.13
634.591
637.424
641.627
647.148
653.913
661.83
670.702
680.127
689.423
697.602
703.561
706.115
704.476
699.169
691.388
682.241
672.765
663.716
655.551
648.508
642.689
638.168
635.006
633.218
632.753
633.551
635.693
639.212
644.075
650.218
657.564
665.991
675.205
684.685
693.588
700.843
705.326
705.891
702.352
695.721
687.151
677.737
668.398
659.734
652.097
645.639
640.444
636.582
634.096
632.973
691.534
694.763
700.68
708.905
718.95
730.303
742.468
754.947
767.181
778.414
787.688
794.022
796.585
794.953
789.401
780.704
769.819
757.731
745.245
732.959
721.37
710.969
702.262
695.748
691.841
690.779
692.598
697.222
704.358
713.56
724.321
736.139
748.526
760.975
772.841
783.262
791.239
795.852
796.411
792.821
785.653
775.784
764.213
751.855
739.41
727.4
716.324
706.68
698.983
693.702
691.177
742.976
748.073
757.23
769.677
784.487
800.706
817.422
833.816
849.163
862.639
873.337
880.396
883.182
881.417
875.277
865.332
852.403
837.401
821.174
804.463
788.045
772.811
759.707
749.675
743.533
741.835
744.739
751.976
762.908
776.67
792.31
808.893
825.545
841.529
856.082
868.331
877.371
882.433
883.035
879.116
871.061
859.572
845.541
829.859
813.324
796.643
780.679
766.357
754.636
746.416
742.406
785.001
791.876
804.107
820.571
839.962
860.943
882.236
902.714
921.442
937.496
949.971
958.074
961.245
959.241
952.221
940.678
925.362
907.163
887.002
865.805
844.633
824.737
807.443
794.072
785.807
783.501
787.441
797.158
811.693
829.81
850.176
871.481
892.497
912.238
929.781
944.207
954.652
960.424
961.105
956.641
947.364
933.901
917.086
897.832
877.064
855.724
835.004
816.202
800.658
789.65
784.226
814.891
823.214
837.938
857.662
880.81
905.789
931.085
955.329
977.341
996.043
1010.46
1019.78
1023.43
1021.13
1013.06
999.746
981.947
960.605
936.774
911.606
886.412
862.677
841.976
825.9
815.907
813.102
817.888
829.62
847.074
868.738
893.015
918.351
943.291
966.585
987.109
1003.84
1015.87
1022.5
1023.28
1018.15
1007.47
991.88
972.246
949.565
924.939
899.576
874.895
852.435
833.794
820.525
813.948
830.727
839.862
855.963
877.476
902.685
929.898
957.534
984.125
1008.27
1028.76
1044.54
1054.73
1058.72
1056.2
1047.39
1032.83
1013.33
989.931
963.791
936.261
908.803
882.956
860.389
842.82
831.863
828.776
834.04
846.891
865.95
889.555
915.99
943.616
970.935
996.493
1018.99
1037.31
1050.46
1057.71
1058.56
1052.95
1041.27
1024.21
1002.68
977.796
950.791
923.115
896.239
871.776
851.436
836.914
829.687
)
;

boundaryField
{
    top
    {
        type            calculated;
        value           nonuniform List<scalar> 
51
(
832.594
842.221
859.089
881.515
907.705
935.936
964.656
992.403
1017.64
1039.08
1055.61
1066.32
1070.53
1067.87
1058.6
1043.33
1022.94
998.474
971.189
942.547
914.061
887.225
863.724
845.343
833.814
830.544
836.11
849.611
869.524
894.081
921.513
950.174
978.638
1005.33
1028.85
1048.02
1061.82
1069.45
1070.35
1064.43
1052.17
1034.3
1011.79
985.79
957.62
928.892
901.011
875.581
854.355
839.121
831.491
)
;
    }
    bottom
    {
        type            calculated;
        value           nonuniform List<scalar> 
51
(
-71.5686
-85.4901
-110.986
-146.852
-191.416
-242.202
-295.364
-345.786
-389.681
-424.966
-447.016
-455.96
-458.293
-456.886
-449.929
-431.507
-398.453
-356.468
-307.23
-254.225
-202.46
-156.156
-118.044
-89.9348
-73.123
-68.4983
-76.3781
-96.2555
-127.125
-167.579
-215.619
-268.181
-320.643
-368.342
-408.114
-438.101
-452.815
-457.869
-458.328
-454.81
-443.295
-417.141
-379.621
-333.736
-282.178
-229.157
-179.629
-137.041
-103.622
-80.9052
-70.0022
)
;
    }
    frontAndBack
    {
        type            empty;
    }
    left_cyc
    {
        type            cyclic;
    }
    right_cyc
    {
        type            cyclic;
    }
}


// ************************************************************************* //
