/*--------------------------------*- C++ -*----------------------------------*\
| =========                 |                                                 |
| \\      /  F ield         | OpenFOAM: The Open Source CFD Toolbox           |
|  \\    /   O peration     | Version:  2.3.0                                 |
|   \\  /    A nd           | Web:      www.OpenFOAM.org                      |
|    \\/     M anipulation  |                                                 |
\*---------------------------------------------------------------------------*/
FoamFile
{
    version     2.0;
    format      ascii;
    class       volVectorField;
    location    "5000";
    object      U;
}
// * * * * * * * * * * * * * * * * * * * * * * * * * * * * * * * * * * * * * //

dimensions      [0 1 -1 0 0 0 0];

internalField   nonuniform List<vector> 
191
(
(-61.3732 0 0.860784)
(-61.7895 0 -1.57094)
(-58.3475 0 -2.47354)
(-53.8061 0 -2.23527)
(-49.9117 0 -1.46413)
(-47.3831 0 -0.599624)
(-46.2929 0 0.130016)
(-46.3974 0 0.660404)
(-47.3622 0 1.02165)
(-48.9022 0 1.29964)
(-50.8581 0 1.58168)
(-53.1837 0 1.94928)
(-55.9263 0 2.49198)
(-94.9464 0 7.52727)
(-98.9755 0 -1.7272)
(-97.3327 0 -5.97644)
(-93.3157 0 -6.60926)
(-88.9417 0 -5.26761)
(-85.2768 0 -3.21797)
(-82.702 0 -1.2205)
(-81.1987 0 0.376393)
(-80.5532 0 1.49368)
(-80.4711 0 2.22962)
(-80.6382 0 2.73186)
(-80.7575 0 3.1278)
(-80.5318 0 3.51096)
(-91.3217 0 18.1812)
(-97.4761 0 0.878381)
(-98.39 0 -7.71583)
(-96.5648 0 -10.1894)
(-93.615 0 -9.1645)
(-90.4937 0 -6.64739)
(-87.6717 0 -3.89437)
(-85.3122 0 -1.54639)
(-83.395 0 0.155986)
(-81.7719 0 1.19344)
(-80.1913 0 1.64873)
(-78.3177 0 1.60688)
(-75.739 0 1.11387)
(-71.8877 0 28.8251)
(-79.174 0 5.40923)
(-82.3582 0 -6.88581)
(-82.9674 0 -11.391)
(-82.0961 0 -11.3215)
(-80.4623 0 -9.11601)
(-78.506 0 -6.32798)
(-76.4785 0 -3.80098)
(-74.4922 0 -1.91813)
(-72.5477 0 -0.819721)
(-70.5313 0 -0.538769)
(-68.207 0 -1.10121)
(-65.2218 0 -2.55259)
(-46.4497 0 38.802)
(-53.8321 0 11.2449)
(-58.5461 0 -3.968)
(-61.2242 0 -10.4239)
(-62.4384 0 -11.6)
(-62.6274 0 -10.1527)
(-62.119 0 -7.79174)
(-61.1586 0 -5.48001)
(-59.9185 0 -3.70493)
(-58.4958 0 -2.70891)
(-56.8964 0 -2.64222)
(-55.0153 0 -3.65567)
(-52.6207 0 -5.91687)
(-19.428 0 46.9435)
(-25.7574 0 17.3945)
(-30.9369 0 0.375739)
(-34.8737 0 -7.59944)
(-37.6651 0 -9.99092)
(-39.4696 0 -9.4882)
(-40.4536 0 -7.83623)
(-40.7823 0 -6.03332)
(-40.6124 0 -4.61151)
(-40.0791 0 -3.8741)
(-39.2733 0 -4.05757)
(-38.2104 0 -5.42432)
(-36.7995 0 -8.26961)
(6.6852 0 52.2643)
(2.32626 0 22.7222)
(-2.31682 0 5.09355)
(-6.59349 0 -3.75327)
(-10.2038 0 -7.05679)
(-13.0651 0 -7.40907)
(-15.1887 0 -6.51662)
(-16.6347 0 -5.35297)
(-17.498 0 -4.43617)
(-17.9009 0 -4.07402)
(-17.9725 0 -4.53768)
(-17.8112 0 -6.16066)
(-17.4424 0 -9.3425)
(30.1554 0 54.1165)
(28.3854 0 26.4031)
(24.9247 0 9.30729)
(20.9612 0 0.290008)
(17.154 0 -3.52703)
(13.8186 0 -4.51645)
(11.0703 0 -4.27889)
(8.92981 0 -3.73298)
(7.35782 0 -3.35096)
(6.26015 0 -3.40327)
(5.49927 0 -4.15046)
(4.93238 0 -5.95734)
(4.45549 0 -9.29118)
(49.4438 0 52.1313)
(50.5957 0 27.9532)
(48.6914 0 12.5256)
(45.4078 0 4.03326)
(41.7774 0 0.0970424)
(38.3687 0 -1.32061)
(35.4386 0 -1.63098)
(33.0708 0 -1.64897)
(31.2515 0 -1.77688)
(29.8906 0 -2.22477)
(28.8286 0 -3.21504)
(27.8795 0 -5.11749)
(62.9872 0 46.3988)
(66.9265 0 27.164)
(66.711 0 14.4921)
(64.3388 0 7.20394)
(61.1654 0 3.51419)
(57.9883 0 1.82908)
(55.2061 0 1.02582)
(52.9697 0 0.45649)
(51.2853 0 -0.175142)
(50.0512 0 -0.990305)
(49.0567 0 -2.14698)
(48.0438 0 -4.00515)
(68.912 0 37.7816)
(74.9115 0 24.3359)
(76.2203 0 15.1882)
(74.9181 0 9.63077)
(72.5088 0 6.4837)
(69.9091 0 4.66486)
(67.589 0 3.40968)
(65.7345 0 2.2937)
(64.3725 0 1.16278)
(63.4082 0 0.0218441)
(62.5933 0 -1.18227)
(61.6055 0 -2.79724)
(64.656 0 26.9532)
(71.4481 0 19.4249)
(73.8955 0 14.0925)
(73.849 0 10.5771)
(72.6605 0 8.25145)
(71.1427 0 6.54111)
(69.6929 0 5.04155)
(68.4527 0 3.54129)
(67.4447 0 2.01828)
(66.6109 0 0.635269)
(65.7718 0 -0.479151)
(64.6698 0 -1.6477)
(37.2278 0 23.6241)
(47.8073 0 20.3792)
(54.1932 0 17.417)
(57.6833 0 14.8525)
(59.44 0 12.6349)
(60.2703 0 10.6621)
(60.6185 0 8.83451)
(60.6614 0 7.07778)
(60.4247 0 5.3534)
(59.9084 0 3.68222)
(59.1452 0 2.21374)
(58.2745 0 1.09611)
(57.4206 0 0.16897)
(17.4232 0 8.88557)
(24.9189 0 8.40966)
(31.3597 0 7.75464)
(36.8763 0 7.00043)
(41.589 0 6.2103)
(45.5893 0 5.42015)
(48.9334 0 4.64001)
(51.6457 0 3.85911)
(53.7232 0 3.05352)
(55.1449 0 2.21676)
(55.8771 0 1.43317)
(56.011 0 0.792678)
(55.7172 0 0.212127)
(14.7485 0 3.99163)
(21.9147 0 3.89241)
(28.3724 0 3.7658)
(34.0746 0 3.62078)
(39.0269 0 3.46498)
(43.2606 0 3.30238)
(46.8118 0 3.13339)
(49.7101 0 2.95526)
(51.9725 0 2.76363)
(53.6077 0 2.55743)
(54.648 0 2.34337)
(55.1884 0 2.11618)
(55.3088 0 1.84503)
)
;

boundaryField
{
    top
    {
        type            directionMixed;
        refValue        uniform (0 0 0);
        refGradient     uniform (0 0 0);
        valueFraction   uniform (0 0 0 0 0 1);
        value           nonuniform List<vector> 
13
(
(14.7485 0 0)
(21.9147 0 0)
(28.3724 0 0)
(34.0746 0 0)
(39.0269 0 0)
(43.2606 0 0)
(46.8118 0 0)
(49.7101 0 0)
(51.9725 0 0)
(53.6077 0 0)
(54.648 0 0)
(55.1884 0 0)
(55.3088 0 0)
)
;
    }
    bottom
    {
        type            fixedValue;
        value           uniform (0 0 0);
    }
    frontAndBack
    {
        type            empty;
    }
    left_cyc
    {
        type            cyclic;
    }
    right_cyc
    {
        type            cyclic;
    }
    procBoundary1to0
    {
        type            processor;
        value           nonuniform List<vector> 
16
(
(-53.6216 0 4.89621)
(-80.9245 0 22.1683)
(-76.4505 0 45.1609)
(-58.4458 0 64.844)
(-35.6973 0 80.3266)
(-12.3167 0 90.3921)
(9.48717 0 94.4935)
(28.2338 0 92.4383)
(42.8417 0 84.4369)
(52.4238 0 71.3258)
(55.9027 0 54.7783)
(51.5355 0 36.2764)
(51.5355 0 36.2764)
(21.683 0 26.6807)
(8.82533 0 9.12616)
(7.01064 0 4.05716)
)
;
    }
    procBoundary1to2
    {
        type            processor;
        value           nonuniform List<vector> 
16
(
(-59.2263 0 3.32051)
(-79.6316 0 3.94146)
(-71.9691 0 0.185471)
(-61.1212 0 -4.92427)
(-49.3607 0 -9.54266)
(-34.8269 0 -12.8213)
(-16.7902 0 -14.4273)
(4.01875 0 -14.5789)
(26.876 0 -8.42745)
(26.876 0 -8.42745)
(46.7688 0 -7.05594)
(60.1308 0 -5.30568)
(62.963 0 -3.37513)
(56.3082 0 -0.770876)
(55.0272 0 -0.380169)
(55.0339 0 1.52546)
)
;
    }
}


// ************************************************************************* //
