/*--------------------------------*- C++ -*----------------------------------*\
| =========                 |                                                 |
| \\      /  F ield         | OpenFOAM: The Open Source CFD Toolbox           |
|  \\    /   O peration     | Version:  2.3.0                                 |
|   \\  /    A nd           | Web:      www.OpenFOAM.org                      |
|    \\/     M anipulation  |                                                 |
\*---------------------------------------------------------------------------*/
FoamFile
{
    version     2.0;
    format      ascii;
    class       volVectorField;
    location    "23000";
    object      U;
}
// * * * * * * * * * * * * * * * * * * * * * * * * * * * * * * * * * * * * * //

dimensions      [0 1 -1 0 0 0 0];

internalField   nonuniform List<vector> 
191
(
(-60.7002 0 0.822261)
(-61.0579 0 -1.56741)
(-57.6466 0 -2.42404)
(-53.2146 0 -2.15621)
(-49.4754 0 -1.37502)
(-47.1152 0 -0.515235)
(-46.1838 0 0.202026)
(-46.4261 0 0.720538)
(-47.5058 0 1.07446)
(-49.1447 0 1.35616)
(-51.1972 0 1.65106)
(-53.6221 0 2.03952)
(-56.4682 0 2.61281)
(-94.0945 0 7.38483)
(-98.035 0 -1.75414)
(-96.3917 0 -5.87472)
(-92.4518 0 -6.41082)
(-88.2089 0 -5.02052)
(-84.7003 0 -2.96458)
(-82.2842 0 -0.988004)
(-80.9279 0 0.57555)
(-80.4082 0 1.65772)
(-80.4218 0 2.36997)
(-80.6446 0 2.85568)
(-80.7682 0 3.23245)
(-80.4749 0 3.58531)
(-90.6545 0 17.9052)
(-96.7047 0 0.7875)
(-97.5764 0 -7.60251)
(-95.7661 0 -9.91752)
(-92.8734 0 -8.80389)
(-89.8342 0 -6.2618)
(-87.1056 0 -3.52781)
(-84.8398 0 -1.22256)
(-83.0076 0 0.424311)
(-81.4466 0 1.39774)
(-79.8837 0 1.7778)
(-77.96 0 1.6367)
(-75.236 0 1.00668)
(-71.5005 0 28.4161)
(-78.6732 0 5.23285)
(-81.7853 0 -6.81017)
(-82.3592 0 -11.1177)
(-81.4805 0 -10.9313)
(-79.8595 0 -8.68234)
(-77.9304 0 -5.90329)
(-75.9383 0 -3.41828)
(-73.9876 0 -1.60103)
(-72.0677 0 -0.593975)
(-70.0449 0 -0.4405)
(-67.6574 0 -1.18264)
(-64.5211 0 -2.88134)
(-46.3594 0 38.259)
(-53.6288 0 10.9684)
(-58.2515 0 -3.96233)
(-60.8558 0 -10.1966)
(-62.0096 0 -11.2376)
(-62.1503 0 -9.73191)
(-61.6058 0 -7.36783)
(-60.6203 0 -5.09096)
(-59.3621 0 -3.3827)
(-57.9197 0 -2.49289)
(-56.2847 0 -2.58988)
(-54.3287 0 -3.8474)
(-51.7884 0 -6.45467)
(-19.6215 0 46.279)
(-25.853 0 17.0141)
(-30.9384 0 0.289107)
(-34.7805 0 -7.4574)
(-37.4751 0 -9.70726)
(-39.1833 0 -9.13771)
(-40.0762 0 -7.47216)
(-40.3227 0 -5.69378)
(-40.081 0 -4.33236)
(-39.4833 0 -3.70362)
(-38.6117 0 -4.06975)
(-37.4638 0 -5.72574)
(-35.9209 0 -8.9946)
(6.25506 0 51.5099)
(1.96256 0 22.2519)
(-2.60225 0 4.9112)
(-6.78393 0 -3.71567)
(-10.2835 0 -6.88469)
(-13.0228 0 -7.17287)
(-15.0195 0 -6.26342)
(-16.3409 0 -5.11571)
(-17.0885 0 -4.24847)
(-17.388 0 -3.98681)
(-17.3664 0 -4.63505)
(-17.1108 0 -6.569)
(-16.626 0 -10.2241)
(29.5773 0 53.3259)
(27.8241 0 25.8753)
(24.4142 0 9.04444)
(20.5336 0 0.224797)
(16.8354 0 -3.47596)
(13.6284 0 -4.41392)
(11.0217 0 -4.16505)
(9.02835 0 -3.63277)
(7.59979 0 -3.29053)
(6.63283 0 -3.42962)
(5.98544 0 -4.35081)
(5.51763 0 -6.4693)
(5.13302 0 -10.2935)
(48.8514 0 51.3755)
(49.9599 0 27.4139)
(48.07 0 12.2077)
(44.8502 0 3.87755)
(41.3206 0 0.0304216)
(38.0384 0 -1.35555)
(35.2524 0 -1.66697)
(33.0386 0 -1.70218)
(31.3736 0 -1.86315)
(30.1542 0 -2.38142)
(29.2095 0 -3.52478)
(28.3471 0 -5.71712)
(62.5542 0 45.749)
(66.3949 0 26.6644)
(66.1558 0 14.15)
(63.8242 0 6.9736)
(60.7376 0 3.33728)
(57.6773 0 1.66005)
(55.0311 0 0.840163)
(52.9416 0 0.246873)
(51.4054 0 -0.412151)
(50.3034 0 -1.27617)
(49.4057 0 -2.55186)
(48.439 0 -4.65206)
(68.847 0 37.2852)
(74.7158 0 23.915)
(75.972 0 14.8495)
(74.6845 0 9.34418)
(72.3367 0 6.21042)
(69.8265 0 4.37505)
(67.6111 0 3.08955)
(65.8693 0 1.9454)
(64.6207 0 0.796921)
(63.7507 0 -0.359906)
(62.9817 0 -1.62817)
(61.9683 0 -3.41112)
(65.1954 0 26.6356)
(71.8593 0 19.1187)
(74.2396 0 13.8003)
(74.177 0 10.2835)
(73.0039 0 7.93601)
(71.5152 0 6.18781)
(70.0973 0 4.64339)
(68.8873 0 3.10342)
(67.906 0 1.56065)
(67.0799 0 0.187469)
(66.2034 0 -0.928982)
(64.9888 0 -2.17455)
(38.7169 0 23.4448)
(49.1757 0 20.1448)
(55.4568 0 17.1398)
(58.8637 0 14.5394)
(60.5514 0 12.2891)
(61.3143 0 10.2853)
(61.5857 0 8.42952)
(61.5358 0 6.65045)
(61.1908 0 4.91659)
(60.5594 0 3.26445)
(59.6777 0 1.85904)
(58.7006 0 0.809566)
(57.7139 0 -0.0943846)
(19.58 0 8.83135)
(26.9908 0 8.32922)
(33.3272 0 7.6507)
(38.7234 0 6.87596)
(43.3013 0 6.06779)
(47.1527 0 5.26115)
(50.3338 0 4.46513)
(52.8689 0 3.66802)
(54.756 0 2.84626)
(55.977 0 2.00038)
(56.5116 0 1.22922)
(56.48 0 0.608438)
(56.0366 0 0.0374032)
(16.9846 0 4.02905)
(24.0733 0 3.9466)
(30.4289 0 3.83437)
(36.0081 0 3.70145)
(40.82 0 3.55553)
(44.8982 0 3.40064)
(48.2808 0 3.23707)
(50.9996 0 3.06186)
(53.0738 0 2.87044)
(54.5165 0 2.66202)
(55.3718 0 2.44393)
(55.7458 0 2.20959)
(55.7145 0 1.93104)
)
;

boundaryField
{
    top
    {
        type            directionMixed;
        refValue        uniform (0 0 0);
        refGradient     uniform (0 0 0);
        valueFraction   uniform (0 0 0 0 0 1);
        value           nonuniform List<vector> 
13
(
(16.9846 0 0)
(24.0733 0 0)
(30.4289 0 0)
(36.0081 0 0)
(40.82 0 0)
(44.8982 0 0)
(48.2808 0 0)
(50.9996 0 0)
(53.0738 0 0)
(54.5165 0 0)
(55.3718 0 0)
(55.7458 0 0)
(55.7145 0 0)
)
;
    }
    bottom
    {
        type            fixedValue;
        value           uniform (0 0 0);
    }
    frontAndBack
    {
        type            empty;
    }
    left_cyc
    {
        type            cyclic;
    }
    right_cyc
    {
        type            cyclic;
    }
    procBoundary1to0
    {
        type            processor;
        value           nonuniform List<vector> 
16
(
(-53.0664 0 4.84225)
(-80.2229 0 21.9864)
(-75.9396 0 44.8139)
(-58.2121 0 64.3316)
(-35.7475 0 79.6497)
(-12.6211 0 89.5741)
(8.99823 0 93.5831)
(27.6723 0 91.5123)
(42.3477 0 83.5848)
(52.1552 0 70.6257)
(56.0321 0 54.275)
(52.2515 0 35.9809)
(52.2515 0 35.9809)
(23.2838 0 26.573)
(11.0414 0 9.09941)
(9.29557 0 4.07546)
)
;
    }
    procBoundary1to2
    {
        type            processor;
        value           nonuniform List<vector> 
16
(
(-59.8761 0 3.48336)
(-79.4072 0 3.96338)
(-71.1944 0 -0.107404)
(-60.1488 0 -5.57308)
(-48.2782 0 -10.5289)
(-33.7369 0 -14.0991)
(-15.8121 0 -15.9378)
(4.78654 0 -16.2406)
(27.3916 0 -9.49214)
(27.3916 0 -9.49214)
(47.1387 0 -8.09611)
(60.3693 0 -6.20841)
(63.0576 0 -4.06011)
(56.4115 0 -1.04174)
(55.1888 0 -0.552484)
(55.2977 0 1.60399)
)
;
    }
}


// ************************************************************************* //
