/*--------------------------------*- C++ -*----------------------------------*\
| =========                 |                                                 |
| \\      /  F ield         | OpenFOAM: The Open Source CFD Toolbox           |
|  \\    /   O peration     | Version:  2.3.0                                 |
|   \\  /    A nd           | Web:      www.OpenFOAM.org                      |
|    \\/     M anipulation  |                                                 |
\*---------------------------------------------------------------------------*/
FoamFile
{
    version     2.0;
    format      ascii;
    class       volScalarField;
    location    "18000";
    object      NUEff;
}
// * * * * * * * * * * * * * * * * * * * * * * * * * * * * * * * * * * * * * //

dimensions      [0 2 -1 0 0 0 0];

internalField   nonuniform List<scalar> 
3060
(
0.174915
0.174726
0.174381
0.173893
0.173274
0.172539
0.171699
0.170766
0.16975
0.168658
0.167496
0.166272
0.165
0.163713
0.162444
0.161193
0.159965
0.158768
0.157621
0.156546
0.155566
0.154707
0.153997
0.153463
0.153134
0.153032
0.153171
0.153534
0.154097
0.154833
0.155713
0.156711
0.1578
0.158958
0.160163
0.161398
0.162654
0.163931
0.165224
0.166492
0.167708
0.168859
0.169939
0.170939
0.171853
0.172671
0.17338
0.173968
0.174421
0.174726
0.174872
0.174849
0.174659
0.174312
0.173822
0.1732
0.17246
0.171616
0.170677
0.169654
0.168555
0.167386
0.166154
0.164875
0.163585
0.162315
0.161063
0.159835
0.158641
0.157499
0.156431
0.155463
0.154619
0.153927
0.153415
0.15311
0.153036
0.153201
0.153588
0.154172
0.154926
0.15582
0.156828
0.157925
0.159087
0.160294
0.161528
0.162783
0.164058
0.165347
0.166609
0.167817
0.16896
0.170033
0.171027
0.171936
0.172748
0.173454
0.174039
0.174489
0.174793
0.174938
0.626394
0.618727
0.604424
0.583524
0.556211
0.523096
0.485453
0.445256
0.404855
0.366424
0.331485
0.300779
0.274421
0.252152
0.233907
0.219037
0.206749
0.196551
0.188105
0.181157
0.175508
0.171012
0.16757
0.165129
0.163676
0.163235
0.163837
0.165445
0.168042
0.171647
0.17632
0.182168
0.189349
0.198068
0.208595
0.221288
0.236684
0.255675
0.278673
0.305836
0.337362
0.373028
0.411938
0.452407
0.492172
0.528908
0.560763
0.586603
0.60592
0.618568
0.624497
0.623558
0.615806
0.601352
0.580248
0.55271
0.519393
0.481629
0.441437
0.401183
0.363018
0.328417
0.298075
0.272076
0.250142
0.232244
0.217636
0.205564
0.195552
0.187269
0.180466
0.174947
0.170571
0.167243
0.164913
0.163574
0.163251
0.16397
0.165691
0.1684
0.17212
0.176916
0.182899
0.19023
0.19912
0.209842
0.222763
0.238434
0.257786
0.281125
0.30865
0.340538
0.376529
0.415678
0.456258
0.49599
0.532576
0.564216
0.589831
0.608953
0.621463
0.627323
0.939742
0.938987
0.937562
0.935419
0.93247
0.928569
0.923489
0.916881
0.908195
0.896543
0.880433
0.857231
0.822046
0.765696
0.673797
0.544872
0.416657
0.32642
0.270704
0.23601
0.21351
0.198459
0.188328
0.181761
0.178063
0.176966
0.178464
0.182584
0.189652
0.200448
0.216475
0.240532
0.277888
0.338246
0.435312
0.567474
0.691869
0.777257
0.82925
0.861934
0.883665
0.898855
0.909896
0.918153
0.924441
0.929268
0.93296
0.935725
0.937699
0.938959
0.939543
0.939451
0.938685
0.937238
0.93506
0.93206
0.928086
0.922902
0.916142
0.907231
0.895234
0.878574
0.854445
0.817621
0.758329
0.662015
0.530368
0.404945
0.318926
0.266043
0.233006
0.211503
0.197096
0.187418
0.181201
0.177808
0.177007
0.1788
0.183232
0.190673
0.201963
0.21871
0.243908
0.283191
0.346809
0.448241
0.581894
0.702523
0.783712
0.833153
0.864428
0.885354
0.900059
0.910794
0.918848
0.924998
0.92973
0.933355
0.936074
0.938016
0.939257
0.939833
0.971503
0.971196
0.970622
0.969769
0.968615
0.967123
0.965235
0.962869
0.959902
0.956148
0.95133
0.94501
0.93647
0.924464
0.906673
0.878644
0.830131
0.737854
0.573923
0.402225
0.301889
0.250326
0.222198
0.206354
0.19815
0.1958
0.199016
0.208243
0.225601
0.256425
0.313541
0.424962
0.604019
0.757142
0.840145
0.884268
0.910175
0.926802
0.938123
0.946228
0.952255
0.956864
0.960463
0.96331
0.965577
0.967381
0.968799
0.969885
0.970672
0.97118
0.971417
0.97138
0.971069
0.970487
0.969622
0.968451
0.966934
0.965014
0.962603
0.959573
0.955731
0.950787
0.944279
0.935448
0.922968
0.904347
0.874731
0.822864
0.723532
0.552792
0.387402
0.29426
0.246247
0.219892
0.205079
0.197599
0.195887
0.199747
0.209756
0.228288
0.261226
0.322697
0.44228
0.624417
0.76916
0.846266
0.887672
0.912272
0.928157
0.939057
0.946903
0.952761
0.957255
0.960774
0.963563
0.965789
0.967563
0.968959
0.970029
0.970805
0.971306
0.97154
0.982391
0.982198
0.981837
0.981304
0.980589
0.979672
0.978526
0.977112
0.975372
0.97322
0.970536
0.967137
0.962742
0.956907
0.948887
0.937357
0.919754
0.890582
0.836549
0.724698
0.527779
0.362717
0.282366
0.244624
0.227219
0.222483
0.228986
0.248825
0.291188
0.381957
0.56105
0.748324
0.847826
0.896436
0.923187
0.939565
0.950405
0.958007
0.963569
0.967776
0.971039
0.973622
0.975693
0.97737
0.978729
0.979827
0.9807
0.981374
0.981866
0.982186
0.982335
0.982311
0.982116
0.98175
0.98121
0.980484
0.979553
0.978389
0.97695
0.975176
0.97298
0.970233
0.966745
0.962222
0.956192
0.947867
0.935824
0.917285
0.886218
0.827834
0.706303
0.504482
0.350091
0.276508
0.241818
0.226096
0.222656
0.230499
0.25226
0.298368
0.397472
0.585252
0.763561
0.854974
0.900141
0.925344
0.940934
0.95133
0.958662
0.964051
0.968142
0.971325
0.973849
0.975879
0.977525
0.978861
0.979941
0.980801
0.981466
0.981952
0.982267
0.982415
0.987649
0.987502
0.987228
0.986824
0.986285
0.985598
0.984748
0.983708
0.982442
0.9809
0.979005
0.97665
0.973672
0.969824
0.964713
0.957656
0.947489
0.931986
0.906436
0.859533
0.762174
0.575012
0.395132
0.307379
0.27111
0.261823
0.274635
0.31659
0.416521
0.608642
0.782821
0.869207
0.911497
0.934972
0.949412
0.958977
0.965663
0.970537
0.974223
0.977085
0.979354
0.981183
0.982673
0.983894
0.984896
0.985713
0.986367
0.986876
0.987249
0.987492
0.987605
0.987587
0.987439
0.987161
0.986752
0.986205
0.985509
0.984645
0.983587
0.982299
0.980725
0.978789
0.976377
0.973319
0.969353
0.964066
0.956733
0.946105
0.929775
0.902566
0.851892
0.74563
0.550494
0.380942
0.301298
0.26888
0.262159
0.277692
0.324278
0.43399
0.632863
0.796293
0.875484
0.914789
0.936905
0.950644
0.959808
0.966248
0.97097
0.974552
0.977341
0.979558
0.981349
0.98281
0.98401
0.984996
0.9858
0.986445
0.986947
0.987315
0.987554
0.987667
0.990603
0.990479
0.990246
0.989905
0.989451
0.988876
0.988169
0.987311
0.986277
0.985029
0.983515
0.981656
0.979338
0.976391
0.972548
0.967361
0.960118
0.949551
0.933215
0.905886
0.855116
0.750926
0.567874
0.410589
0.339572
0.321968
0.346336
0.428663
0.598744
0.772526
0.865534
0.911284
0.936347
0.951538
0.961464
0.968319
0.973257
0.976931
0.979762
0.981995
0.983791
0.985256
0.986464
0.987464
0.988292
0.988972
0.98952
0.989949
0.990264
0.99047
0.990567
0.990552
0.990425
0.99019
0.989844
0.989384
0.988801
0.988083
0.987211
0.986159
0.984888
0.983341
0.981439
0.979062
0.976029
0.972062
0.966686
0.959145
0.948078
0.930831
0.901664
0.846742
0.733557
0.545519
0.398564
0.3353
0.3226
0.352259
0.443672
0.621725
0.786969
0.872417
0.914864
0.938424
0.952846
0.962339
0.968932
0.973701
0.977265
0.98002
0.982199
0.983955
0.985391
0.986576
0.987559
0.988374
0.989044
0.989585
0.990008
0.99032
0.990523
0.990619
0.992407
0.992293
0.99208
0.991769
0.991357
0.990838
0.990204
0.989441
0.988529
0.987439
0.986128
0.984537
0.982574
0.980106
0.976926
0.972698
0.966912
0.958699
0.946486
0.927188
0.894206
0.832542
0.714659
0.551904
0.442992
0.413367
0.454191
0.57588
0.737515
0.845041
0.900719
0.930891
0.94878
0.96022
0.967974
0.973471
0.977507
0.980555
0.98293
0.984825
0.986366
0.987636
0.988693
0.989577
0.990315
0.990926
0.991422
0.991811
0.992099
0.992287
0.992375
0.992361
0.992246
0.992031
0.991716
0.991298
0.990772
0.990129
0.989353
0.988426
0.987315
0.985979
0.984351
0.98234
0.979803
0.976524
0.97215
0.966141
0.957569
0.944742
0.924307
0.889019
0.822427
0.696715
0.535015
0.435844
0.41444
0.463911
0.594629
0.753448
0.853454
0.905104
0.933387
0.950322
0.961234
0.968674
0.973973
0.977878
0.980836
0.98315
0.985001
0.986508
0.987754
0.988792
0.989661
0.990388
0.99099
0.991479
0.991864
0.992148
0.992333
0.992421
0.993567
0.993457
0.993252
0.992953
0.992558
0.992063
0.991461
0.990743
0.989893
0.988885
0.987686
0.986244
0.984483
0.982288
0.979486
0.975806
0.970843
0.963936
0.953938
0.938744
0.91424
0.872057
0.796896
0.680178
0.571149
0.534502
0.584161
0.699822
0.811423
0.88031
0.918943
0.941601
0.955789
0.965201
0.971746
0.976473
0.979995
0.982685
0.984801
0.986505
0.987904
0.989069
0.990047
0.990873
0.991568
0.992148
0.992622
0.992995
0.993272
0.993454
0.993539
0.993526
0.993414
0.993207
0.992904
0.992504
0.992002
0.991392
0.990663
0.989799
0.988773
0.987551
0.986077
0.984273
0.98202
0.979133
0.97533
0.970186
0.962994
0.952531
0.936528
0.910523
0.865439
0.785328
0.665534
0.562589
0.535887
0.5951
0.714413
0.821507
0.88595
0.922154
0.94355
0.957045
0.966052
0.972346
0.976911
0.980322
0.982935
0.984997
0.986663
0.988033
0.989175
0.990137
0.99095
0.991635
0.992207
0.992674
0.993043
0.993317
0.993496
0.993581
0.994345
0.994234
0.994029
0.993728
0.993333
0.992841
0.992246
0.991541
0.990712
0.989741
0.988595
0.987231
0.98558
0.983542
0.980962
0.977609
0.973146
0.967031
0.958364
0.945581
0.925857
0.894047
0.841884
0.764138
0.683911
0.652972
0.694313
0.777431
0.851663
0.900085
0.929562
0.947948
0.959951
0.968142
0.973953
0.978214
0.981428
0.98391
0.985879
0.987479
0.988805
0.98992
0.990866
0.991671
0.992355
0.992929
0.993401
0.993775
0.994052
0.994235
0.99432
0.994307
0.994195
0.993987
0.993683
0.993283
0.992784
0.992181
0.991466
0.990625
0.989636
0.988469
0.987076
0.985386
0.983295
0.980639
0.977179
0.972559
0.966204
0.957159
0.943751
0.92295
0.889257
0.834156
0.754075
0.676908
0.65419
0.702844
0.787192
0.858521
0.904264
0.932116
0.949576
0.961035
0.968893
0.974492
0.978611
0.981728
0.984141
0.986061
0.987626
0.988925
0.99002
0.99095
0.991743
0.992418
0.992984
0.99345
0.993819
0.994094
0.994274
0.994359
0.994889
0.994774
0.994562
0.994252
0.993844
0.993339
0.992731
0.992015
0.991181
0.990211
0.989079
0.987743
0.986143
0.984187
0.981731
0.978576
0.974425
0.968818
0.961014
0.949794
0.93311
0.907619
0.868809
0.815167
0.761118
0.739746
0.76821
0.824143
0.875859
0.912338
0.936189
0.951848
0.962431
0.96983
0.975172
0.979144
0.982174
0.98454
0.986434
0.987988
0.989288
0.990393
0.991339
0.992151
0.992846
0.993433
0.993918
0.994303
0.99459
0.994778
0.994867
0.994853
0.994737
0.994522
0.994209
0.993797
0.993285
0.992669
0.991944
0.991097
0.990111
0.988958
0.987595
0.985959
0.983953
0.981428
0.978175
0.973884
0.968067
0.959942
0.948216
0.930712
0.903917
0.863308
0.808408
0.756327
0.740598
0.773984
0.830759
0.880854
0.915632
0.938326
0.953265
0.963402
0.970516
0.975671
0.979515
0.982457
0.984759
0.986608
0.988128
0.989404
0.990489
0.99142
0.99222
0.992906
0.993485
0.993964
0.994345
0.994629
0.994815
0.994903
0.995287
0.995167
0.994943
0.994617
0.994188
0.993658
0.993022
0.992278
0.991416
0.990422
0.989271
0.987928
0.986336
0.984407
0.982011
0.978969
0.975014
0.969743
0.962535
0.95241
0.937846
0.916629
0.886366
0.847576
0.810698
0.796445
0.81547
0.853888
0.891711
0.920475
0.940496
0.954246
0.963836
0.970692
0.975725
0.979517
0.982445
0.984758
0.986628
0.988178
0.989489
0.990612
0.991584
0.992424
0.993148
0.993762
0.99427
0.994675
0.994977
0.995176
0.995268
0.995254
0.995132
0.994906
0.994576
0.994143
0.993606
0.992963
0.992209
0.991334
0.990324
0.989154
0.987785
0.986158
0.984182
0.981721
0.978588
0.974504
0.969046
0.961559
0.951011
0.935804
0.913649
0.882254
0.842883
0.807497
0.797011
0.819353
0.858565
0.895525
0.923173
0.942339
0.955513
0.964725
0.971331
0.976196
0.979871
0.982716
0.98497
0.986796
0.988314
0.9896
0.990705
0.991662
0.992491
0.993205
0.993812
0.994315
0.994715
0.995014
0.99521
0.995302
0.995598
0.99547
0.995232
0.994885
0.994429
0.993864
0.99319
0.992403
0.991496
0.990456
0.989263
0.987883
0.986263
0.984323
0.981941
0.978953
0.975118
0.970077
0.963302
0.954002
0.941039
0.922961
0.898638
0.869534
0.843506
0.833785
0.846812
0.874148
0.902832
0.926179
0.943369
0.955676
0.96452
0.970983
0.975808
0.979493
0.982375
0.98468
0.986565
0.988145
0.989493
0.990661
0.991677
0.992563
0.993328
0.99398
0.994521
0.994952
0.995273
0.995483
0.995582
0.995566
0.995437
0.995197
0.994846
0.994385
0.993815
0.993133
0.992335
0.991416
0.990361
0.989148
0.987742
0.986089
0.984103
0.981659
0.978586
0.974631
0.969421
0.9624
0.952742
0.939265
0.920503
0.895463
0.866156
0.841315
0.834166
0.849498
0.877576
0.905834
0.92844
0.944988
0.956827
0.965347
0.971588
0.976258
0.979835
0.982639
0.984887
0.98673
0.988278
0.989603
0.990752
0.991754
0.992628
0.993384
0.994028
0.994563
0.994989
0.995307
0.995516
0.995613
0.995856
0.99572
0.995466
0.995095
0.994607
0.994004
0.993283
0.992443
0.991477
0.990376
0.98912
0.987679
0.986005
0.984022
0.98162
0.978646
0.974879
0.970001
0.963564
0.954933
0.943269
0.927665
0.907757
0.885364
0.866427
0.859579
0.868794
0.888836
0.911121
0.930401
0.945346
0.956478
0.964719
0.970878
0.97556
0.979188
0.982062
0.984393
0.986323
0.987958
0.989368
0.990598
0.991676
0.992619
0.993436
0.994132
0.99471
0.995171
0.995514
0.995738
0.995843
0.995826
0.995689
0.995433
0.995058
0.994566
0.993956
0.993227
0.992377
0.991399
0.990281
0.989006
0.98754
0.985833
0.983806
0.981345
0.97829
0.974411
0.969379
0.962724
0.95379
0.941716
0.925611
0.905256
0.882867
0.864882
0.859844
0.870708
0.891411
0.913526
0.932317
0.946779
0.95753
0.965493
0.971455
0.975994
0.97952
0.982321
0.984597
0.986486
0.988091
0.989477
0.990688
0.991752
0.992682
0.99349
0.994179
0.994751
0.995207
0.995547
0.995769
0.995873
0.996086
0.995941
0.995671
0.995275
0.994754
0.994109
0.993337
0.992438
0.991405
0.99023
0.988897
0.987378
0.985628
0.98358
0.981134
0.978146
0.974415
0.969658
0.96351
0.955469
0.944942
0.931416
0.914996
0.897492
0.883369
0.878398
0.885115
0.900161
0.917727
0.933759
0.946801
0.956903
0.964613
0.970516
0.975094
0.978695
0.981589
0.983969
0.985967
0.987679
0.989167
0.990474
0.991624
0.992632
0.993506
0.994251
0.994869
0.99536
0.995725
0.995964
0.996075
0.996058
0.995912
0.995639
0.99524
0.994714
0.994062
0.993283
0.992373
0.991328
0.990137
0.988784
0.987239
0.985458
0.983367
0.980863
0.977799
0.973964
0.969067
0.962728
0.954432
0.943581
0.929696
0.913011
0.895611
0.88225
0.878588
0.886513
0.902128
0.919665
0.935385
0.94807
0.957866
0.965339
0.971066
0.975514
0.979019
0.981843
0.98417
0.986129
0.98781
0.989275
0.990563
0.991699
0.992694
0.993559
0.994296
0.994907
0.995394
0.995756
0.995993
0.996103
0.996301
0.996148
0.995862
0.995442
0.99489
0.994203
0.993381
0.992422
0.991319
0.990065
0.988645
0.987036
0.985198
0.98307
0.980564
0.97755
0.973847
0.969217
0.963352
0.955875
0.94639
0.934668
0.921074
0.907256
0.896551
0.892868
0.897865
0.909338
0.923308
0.936681
0.948057
0.957207
0.964407
0.970058
0.974527
0.978111
0.981039
0.983481
0.985562
0.987362
0.98894
0.990332
0.991559
0.992634
0.993566
0.994359
0.995015
0.995537
0.995924
0.996176
0.996293
0.996275
0.996121
0.995832
0.995409
0.994851
0.994158
0.993328
0.992358
0.991243
0.989972
0.988532
0.986899
0.985029
0.98286
0.9803
0.977214
0.973416
0.968659
0.962629
0.95494
0.945204
0.93323
0.919491
0.905823
0.895726
0.893007
0.898903
0.910854
0.924874
0.938057
0.949174
0.958082
0.965083
0.970579
0.974931
0.978426
0.981287
0.98368
0.985722
0.987492
0.989047
0.99042
0.991632
0.992695
0.993617
0.994402
0.995053
0.995569
0.995953
0.996203
0.996319
0.996512
0.996352
0.996051
0.995611
0.995029
0.994306
0.993438
0.992423
0.991255
0.989926
0.988423
0.986726
0.984799
0.982592
0.980027
0.976988
0.973319
0.968823
0.963253
0.956339
0.947844
0.937735
0.926498
0.915555
0.907373
0.904612
0.908374
0.917191
0.92833
0.939461
0.949334
0.957573
0.964261
0.969647
0.974001
0.977562
0.980521
0.983027
0.985189
0.987078
0.988744
0.990216
0.991516
0.992654
0.993639
0.994475
0.995166
0.995713
0.996119
0.996384
0.996507
0.996488
0.996326
0.996024
0.995579
0.994993
0.994263
0.993387
0.992361
0.99118
0.989835
0.988313
0.986591
0.984633
0.982387
0.979771
0.976665
0.97291
0.968302
0.962591
0.955506
0.946821
0.936542
0.92524
0.914461
0.90676
0.904716
0.90915
0.918361
0.92959
0.940616
0.950308
0.958359
0.964883
0.970135
0.974386
0.977866
0.980763
0.983221
0.985347
0.987207
0.988849
0.990303
0.991587
0.992713
0.993688
0.994516
0.995201
0.995744
0.996146
0.996409
0.996531
0.996725
0.996559
0.996247
0.995791
0.995188
0.994437
0.993534
0.992475
0.991254
0.989863
0.98829
0.986515
0.984513
0.982239
0.97963
0.976584
0.972973
0.968638
0.963396
0.957067
0.949539
0.940906
0.931684
0.923047
0.916789
0.914714
0.917556
0.924335
0.933182
0.942377
0.950861
0.958202
0.964352
0.969442
0.973654
0.97717
0.980143
0.982697
0.984927
0.986892
0.988632
0.990173
0.991532
0.99272
0.993746
0.994616
0.995333
0.9959
0.996321
0.996595
0.996723
0.996703
0.996535
0.996222
0.995761
0.995154
0.994396
0.993485
0.992415
0.991182
0.989775
0.988182
0.986384
0.984351
0.982041
0.979384
0.976278
0.97259
0.968159
0.9628
0.956336
0.94867
0.939929
0.930694
0.922216
0.916334
0.914791
0.918135
0.925232
0.934184
0.943332
0.951696
0.958896
0.964916
0.969894
0.974015
0.977459
0.980375
0.982885
0.98508
0.987018
0.988735
0.990257
0.991601
0.992777
0.993794
0.994655
0.995366
0.995929
0.996346
0.996618
0.996745
0.996944
0.996775
0.996457
0.995992
0.995377
0.99461
0.993687
0.992603
0.991349
0.989919
0.988299
0.986475
0.984424
0.982116
0.979495
0.97648
0.972971
0.968848
0.963986
0.958283
0.951719
0.944459
0.936994
0.930248
0.925495
0.923943
0.92608
0.931255
0.938207
0.945699
0.952877
0.959314
0.964883
0.969623
0.973645
0.977072
0.980021
0.982591
0.984858
0.986871
0.988659
0.990244
0.99164
0.992859
0.993908
0.994796
0.995527
0.996106
0.996534
0.996814
0.996945
0.996924
0.996753
0.996433
0.995964
0.995345
0.994572
0.993641
0.992546
0.99128
0.989834
0.988196
0.986349
0.98427
0.981928
0.979264
0.976196
0.97262
0.968417
0.963461
0.957657
0.950998
0.943677
0.936228
0.929624
0.92516
0.923999
0.926508
0.931933
0.93899
0.946473
0.953576
0.959913
0.965382
0.970032
0.973977
0.977341
0.98024
0.98277
0.985005
0.986991
0.988758
0.990324
0.991706
0.992913
0.993953
0.994833
0.995558
0.996132
0.996558
0.996835
0.996965
0.997173
0.997003
0.996685
0.996219
0.995605
0.994838
0.993914
0.992828
0.99157
0.990133
0.988505
0.986672
0.98462
0.982327
0.97975
0.976827
0.973486
0.969646
0.965234
0.960211
0.954617
0.948648
0.942727
0.937551
0.933995
0.932851
0.934438
0.938329
0.943694
0.949673
0.955612
0.961128
0.966059
0.97038
0.974139
0.977412
0.980278
0.982809
0.985063
0.987077
0.988873
0.990465
0.991866
0.993088
0.994139
0.995027
0.995757
0.996335
0.996764
0.997044
0.997175
0.997155
0.996983
0.996663
0.996194
0.995575
0.994802
0.993871
0.992775
0.991505
0.990053
0.988407
0.986554
0.984476
0.982153
0.979538
0.976569
0.973173
0.969269
0.964786
0.95969
0.954036
0.948038
0.94215
0.937094
0.933755
0.932892
0.934747
0.938829
0.94429
0.950282
0.95618
0.961631
0.966488
0.97074
0.974437
0.977657
0.98048
0.982975
0.9852
0.987191
0.988966
0.990541
0.991928
0.993139
0.99418
0.995061
0.995786
0.99636
0.996785
0.997063
0.997194
0.997412
0.997244
0.996932
0.996476
0.995876
0.995127
0.994226
0.993165
0.991938
0.990535
0.988947
0.987163
0.985172
0.982963
0.980505
0.977755
0.974668
0.971198
0.967315
0.963026
0.958405
0.953642
0.949077
0.945206
0.942609
0.941784
0.942937
0.945794
0.949829
0.954467
0.959235
0.963819
0.968052
0.971872
0.975282
0.978316
0.981018
0.983436
0.985609
0.987563
0.989311
0.990864
0.992231
0.993422
0.994447
0.995314
0.996027
0.996592
0.997012
0.997287
0.997416
0.997395
0.997227
0.996913
0.996454
0.995849
0.995095
0.994186
0.993117
0.991879
0.990462
0.988858
0.987055
0.985041
0.982806
0.980316
0.977529
0.974398
0.97088
0.966947
0.962609
0.957954
0.953183
0.948656
0.944882
0.94244
0.941813
0.943154
0.946153
0.950267
0.954929
0.95968
0.964225
0.968408
0.972178
0.97554
0.978532
0.981199
0.983586
0.985734
0.987667
0.989397
0.990933
0.992288
0.993469
0.994485
0.995345
0.996053
0.996614
0.997031
0.997304
0.997432
0.99766
0.997499
0.9972
0.996765
0.996193
0.995481
0.994627
0.993623
0.992464
0.991141
0.989648
0.987976
0.986119
0.984075
0.981821
0.979336
0.976596
0.973585
0.970303
0.966784
0.963114
0.959455
0.956061
0.953262
0.951423
0.950847
0.95166
0.953693
0.956627
0.960097
0.963781
0.967443
0.970935
0.974179
0.97715
0.979851
0.982299
0.984519
0.986532
0.988356
0.989994
0.991454
0.992743
0.993868
0.994839
0.99566
0.996338
0.996877
0.997278
0.997542
0.997665
0.997646
0.997484
0.997183
0.996745
0.996169
0.995452
0.994591
0.99358
0.992411
0.991077
0.989569
0.98788
0.986004
0.983939
0.98166
0.979146
0.976373
0.973328
0.970013
0.966465
0.962779
0.959126
0.955766
0.953041
0.95131
0.950866
0.951807
0.95394
0.956936
0.960432
0.964114
0.967756
0.971217
0.974427
0.977365
0.980034
0.982455
0.98465
0.986642
0.988448
0.99007
0.991516
0.992794
0.99391
0.994873
0.995688
0.996361
0.996896
0.997295
0.997557
0.99768
0.997919
0.997768
0.997489
0.997084
0.996555
0.995899
0.995115
0.994198
0.993144
0.991947
0.990601
0.989103
0.987451
0.985648
0.983682
0.981545
0.979231
0.976746
0.974106
0.971357
0.968577
0.965892
0.963473
0.96153
0.960276
0.959888
0.96044
0.961834
0.963882
0.966369
0.969089
0.971879
0.974621
0.977243
0.979705
0.981993
0.984104
0.986044
0.987823
0.989447
0.990916
0.992232
0.993399
0.994424
0.995311
0.996065
0.99669
0.997189
0.997562
0.997808
0.997924
0.997906
0.997755
0.997474
0.997067
0.996534
0.995874
0.995084
0.994161
0.993098
0.991891
0.990534
0.989023
0.987356
0.985535
0.98355
0.981392
0.979056
0.976548
0.973889
0.971125
0.968341
0.965666
0.963277
0.961384
0.960202
0.9599
0.960536
0.961996
0.96409
0.9666
0.969326
0.972108
0.974834
0.977435
0.979875
0.982141
0.984232
0.986154
0.987915
0.989525
0.990981
0.992286
0.993443
0.99446
0.99534
0.996089
0.996711
0.997206
0.997577
0.997822
0.997937
0.998185
0.998048
0.997796
0.997432
0.996958
0.996375
0.995682
0.994878
0.99396
0.992925
0.991771
0.990497
0.989104
0.987599
0.985978
0.984243
0.982401
0.980464
0.97846
0.976428
0.974432
0.972559
0.970916
0.969625
0.968806
0.968555
0.968915
0.96983
0.971198
0.972896
0.974804
0.976818
0.978855
0.980856
0.982782
0.98461
0.986329
0.987932
0.989419
0.990791
0.992042
0.993172
0.994183
0.995076
0.995856
0.996523
0.99708
0.997527
0.997863
0.998086
0.998191
0.998175
0.998037
0.997783
0.997417
0.996941
0.996354
0.995656
0.994846
0.993921
0.992879
0.991716
0.990432
0.989029
0.98751
0.985876
0.984127
0.98227
0.980321
0.978306
0.976269
0.974274
0.972412
0.970791
0.969534
0.96876
0.968562
0.968974
0.969932
0.971331
0.973048
0.974964
0.976977
0.979007
0.980997
0.98291
0.984724
0.986429
0.988019
0.989494
0.990854
0.992095
0.993217
0.99422
0.995107
0.995881
0.996544
0.997097
0.997542
0.997876
0.998097
0.998202
0.998459
0.998339
0.998119
0.997804
0.997396
0.996899
0.996314
0.99564
0.994879
0.99403
0.993094
0.992072
0.990967
0.989786
0.988531
0.987209
0.985833
0.984418
0.982987
0.981574
0.980221
0.978983
0.977922
0.977104
0.976592
0.976437
0.976662
0.977236
0.978106
0.979208
0.980476
0.981848
0.983271
0.984706
0.98612
0.98749
0.988803
0.990048
0.991217
0.992308
0.993314
0.994233
0.995064
0.995806
0.99646
0.997026
0.997502
0.997886
0.998178
0.998372
0.998465
0.99845
0.998329
0.998109
0.997792
0.997382
0.996882
0.996293
0.995615
0.994849
0.993994
0.993051
0.992022
0.99091
0.989719
0.988455
0.987125
0.985741
0.984319
0.982884
0.98147
0.980121
0.978892
0.977846
0.97705
0.976565
0.976441
0.976697
0.977298
0.978188
0.979303
0.980578
0.981952
0.983374
0.984804
0.98621
0.987573
0.988877
0.990113
0.991274
0.992357
0.993356
0.994269
0.995094
0.995831
0.996481
0.997042
0.997516
0.997898
0.998188
0.998381
0.998473
0.998737
0.998637
0.998454
0.998194
0.997861
0.997458
0.996989
0.996456
0.995861
0.995207
0.994494
0.993727
0.992908
0.992041
0.991135
0.990196
0.989237
0.988272
0.987317
0.986395
0.985532
0.98476
0.98411
0.983618
0.983313
0.983221
0.983355
0.983698
0.984224
0.984901
0.985696
0.986574
0.987507
0.988469
0.989437
0.990396
0.991332
0.992234
0.993093
0.993904
0.994662
0.995363
0.996006
0.996588
0.997106
0.99756
0.997947
0.998262
0.998503
0.998665
0.998742
0.99873
0.998629
0.998446
0.998184
0.997849
0.997445
0.996973
0.996437
0.995838
0.99518
0.994463
0.99369
0.992866
0.991994
0.991082
0.990139
0.989176
0.988208
0.987252
0.986331
0.985472
0.984706
0.984066
0.983586
0.983297
0.983223
0.983375
0.983734
0.984272
0.984958
0.985758
0.98664
0.987573
0.988533
0.989498
0.990453
0.991383
0.99228
0.993134
0.99394
0.994693
0.99539
0.996028
0.996606
0.997122
0.997574
0.997958
0.998272
0.998512
0.998672
0.998749
0.999018
0.99894
0.998798
0.998596
0.998341
0.998036
0.997686
0.997294
0.996862
0.996395
0.995894
0.995362
0.994801
0.994215
0.99361
0.992995
0.992378
0.991768
0.991178
0.990618
0.990105
0.989654
0.98928
0.989001
0.988829
0.988778
0.988853
0.989047
0.989346
0.989737
0.990203
0.990727
0.991296
0.991893
0.992507
0.993126
0.993742
0.994345
0.994928
0.995484
0.996011
0.996506
0.996967
0.99739
0.997774
0.998114
0.998407
0.998649
0.998836
0.998962
0.999023
0.999013
0.998934
0.998791
0.998589
0.998333
0.998027
0.997674
0.99728
0.996846
0.996376
0.995872
0.995337
0.994773
0.994184
0.993577
0.992959
0.99234
0.991729
0.991139
0.990581
0.990071
0.989624
0.989256
0.988984
0.988821
0.988779
0.988864
0.989066
0.989373
0.989769
0.990239
0.990766
0.991335
0.991932
0.992545
0.993162
0.993775
0.994375
0.994955
0.995508
0.996032
0.996525
0.996983
0.997404
0.997785
0.998124
0.998415
0.998656
0.998842
0.998968
0.999028
0.999301
0.999245
0.999144
0.999003
0.998827
0.998619
0.998383
0.998123
0.997841
0.997542
0.997226
0.996896
0.996552
0.996196
0.995834
0.995471
0.995113
0.994766
0.994435
0.994128
0.99385
0.993609
0.993413
0.993267
0.993178
0.993152
0.993191
0.993291
0.993448
0.993654
0.993903
0.994188
0.994501
0.994837
0.995188
0.995548
0.995912
0.996275
0.996629
0.996971
0.997299
0.997613
0.997909
0.998186
0.998441
0.998671
0.998872
0.99904
0.999171
0.999261
0.999304
0.999297
0.999241
0.99914
0.998999
0.998821
0.998612
0.998375
0.998114
0.997831
0.99753
0.997212
0.99688
0.996535
0.996178
0.995814
0.99545
0.995092
0.994745
0.994414
0.994108
0.993832
0.993594
0.9934
0.993258
0.993174
0.993152
0.993196
0.993301
0.993461
0.99367
0.993922
0.994208
0.994523
0.994859
0.995209
0.995569
0.995932
0.996293
0.996646
0.996986
0.997312
0.997624
0.997919
0.998195
0.998449
0.998678
0.998878
0.999045
0.999176
0.999265
0.999308
0.999582
0.999549
0.99949
0.999408
0.999307
0.999189
0.999058
0.998916
0.998765
0.998607
0.998443
0.998275
0.998101
0.997922
0.997743
0.997565
0.997393
0.997228
0.997073
0.996931
0.996805
0.996697
0.996609
0.996545
0.996506
0.996494
0.996512
0.996556
0.996625
0.996717
0.996829
0.996959
0.997104
0.997261
0.997428
0.997603
0.997781
0.997962
0.99814
0.998313
0.998481
0.998644
0.998801
0.998951
0.999091
0.999219
0.999333
0.99943
0.999506
0.999559
0.999584
0.99958
0.999547
0.999488
0.999406
0.999304
0.999186
0.999054
0.998911
0.998759
0.998601
0.998436
0.998267
0.998093
0.997913
0.997733
0.997555
0.997383
0.997218
0.997064
0.996922
0.996797
0.99669
0.996604
0.996541
0.996504
0.996495
0.996514
0.99656
0.996631
0.996724
0.996838
0.996968
0.997114
0.997272
0.997439
0.997613
0.997791
0.997971
0.998148
0.99832
0.998488
0.99865
0.998806
0.998955
0.999095
0.999223
0.999336
0.999433
0.999509
0.999561
0.999586
0.999861
0.99985
0.999831
0.999805
0.999773
0.999737
0.999697
0.999654
0.99961
0.999564
0.999518
0.999472
0.999424
0.999374
0.999325
0.999276
0.99923
0.999186
0.999145
0.999108
0.999076
0.999048
0.999026
0.99901
0.999
0.998997
0.999002
0.999013
0.99903
0.999053
0.999082
0.999116
0.999153
0.999195
0.999239
0.999286
0.999335
0.999385
0.999435
0.999482
0.999529
0.999575
0.99962
0.999664
0.999706
0.999746
0.999781
0.999812
0.999836
0.999853
0.999861
0.99986
0.999849
0.99983
0.999804
0.999772
0.999735
0.999695
0.999653
0.999608
0.999563
0.999516
0.99947
0.999422
0.999372
0.999322
0.999274
0.999227
0.999183
0.999143
0.999106
0.999074
0.999047
0.999025
0.999009
0.999
0.998997
0.999002
0.999014
0.999032
0.999055
0.999084
0.999118
0.999156
0.999198
0.999242
0.999289
0.999338
0.999388
0.999437
0.999484
0.999531
0.999577
0.999622
0.999666
0.999708
0.999747
0.999782
0.999813
0.999837
0.999854
0.999862
)
;

boundaryField
{
    top
    {
        type            calculated;
        value           uniform 1;
    }
    bottom
    {
        type            calculated;
        value           uniform 0.148957;
    }
    frontAndBack
    {
        type            empty;
    }
    left_cyc
    {
        type            cyclic;
    }
    right_cyc
    {
        type            cyclic;
    }
}


// ************************************************************************* //
