/*--------------------------------*- C++ -*----------------------------------*\
| =========                 |                                                 |
| \\      /  F ield         | OpenFOAM: The Open Source CFD Toolbox           |
|  \\    /   O peration     | Version:  2.3.0                                 |
|   \\  /    A nd           | Web:      www.OpenFOAM.org                      |
|    \\/     M anipulation  |                                                 |
\*---------------------------------------------------------------------------*/
FoamFile
{
    version     2.0;
    format      ascii;
    class       volScalarField;
    location    "18000";
    object      p;
}
// * * * * * * * * * * * * * * * * * * * * * * * * * * * * * * * * * * * * * //

dimensions      [0 2 -2 0 0 0 0];

internalField   nonuniform List<scalar> 
3060
(
-928.031
-932.037
-939.466
-949.913
-962.811
-977.533
-993.664
-1011.47
-1032.18
-1057.4
-1087.89
-1122.8
-1160.46
-1199.16
-1237.15
-1272.8
-1304.78
-1332.3
-1354.48
-1370.43
-1380.59
-1385.95
-1387.96
-1388.15
-1387.74
-1387.5
-1387.66
-1387.97
-1387.65
-1385.45
-1379.83
-1369.36
-1353.06
-1330.55
-1302.72
-1270.46
-1234.61
-1196.51
-1157.87
-1120.44
-1085.94
-1055.98
-1031.26
-1010.9
-993.37
-977.525
-963.183
-950.78
-940.931
-934.179
-930.894
-931.259
-935.251
-942.653
-953.054
-965.889
-980.548
-996.679
-1014.64
-1035.74
-1061.49
-1092.45
-1127.67
-1165.49
-1204.18
-1241.96
-1277.2
-1308.64
-1335.5
-1356.82
-1371.89
-1381.3
-1386.12
-1387.82
-1387.93
-1387.59
-1387.49
-1387.8
-1388.15
-1387.71
-1385.15
-1378.93
-1367.69
-1350.48
-1327.15
-1298.68
-1265.9
-1229.67
-1191.4
-1152.78
-1115.54
-1081.39
-1051.94
-1027.74
-1007.73
-990.322
-974.46
-960.056
-947.597
-937.715
-930.947
-927.66
-988.744
-988.554
-988.204
-987.749
-987.392
-987.685
-989.775
-995.533
-1007.05
-1025.36
-1049.56
-1077.53
-1107.19
-1136.91
-1165.15
-1191.06
-1215.71
-1239.8
-1261.03
-1276.63
-1286.72
-1292.49
-1295.31
-1296.39
-1296.66
-1296.67
-1296.58
-1296.22
-1295.01
-1292.04
-1286.05
-1275.69
-1259.79
-1238.34
-1214.16
-1189.45
-1163.42
-1135.1
-1105.44
-1075.98
-1048.41
-1024.82
-1007.24
-996.36
-991.039
-989.185
-988.996
-989.389
-989.85
-990.188
-990.352
-990.33
-990.125
-989.749
-989.274
-988.936
-989.341
-991.713
-997.973
-1010.14
-1029.05
-1053.61
-1081.71
-1111.35
-1140.87
-1168.77
-1194.4
-1219.03
-1242.93
-1263.44
-1278.16
-1287.55
-1292.83
-1295.36
-1296.33
-1296.6
-1296.65
-1296.61
-1296.23
-1294.88
-1291.58
-1285.05
-1273.95
-1257.15
-1235.08
-1210.79
-1186.01
-1159.67
-1131.03
-1101.2
-1071.75
-1044.37
-1021.19
-1004.25
-994.023
-989.17
-987.564
-987.465
-987.865
-988.303
-988.616
-988.765
-950.922
-951.523
-952.744
-954.739
-957.778
-962.271
-968.771
-977.892
-990.087
-1005.3
-1022.81
-1041.62
-1061.02
-1080.78
-1101.24
-1123.05
-1145.95
-1166.92
-1183.31
-1195.73
-1204.61
-1209.22
-1210.84
-1211.04
-1210.83
-1210.68
-1210.77
-1210.92
-1210.63
-1208.87
-1204.07
-1194.99
-1182.42
-1165.84
-1144.75
-1121.94
-1100.31
-1080.02
-1060.41
-1041.19
-1022.59
-1005.37
-990.508
-978.66
-969.834
-963.564
-959.243
-956.335
-954.444
-953.315
-952.805
-952.857
-953.475
-954.733
-956.793
-959.939
-964.593
-971.317
-980.712
-993.179
-1008.58
-1026.16
-1044.93
-1064.24
-1083.94
-1104.45
-1126.41
-1149.19
-1169.51
-1185.18
-1197.1
-1205.35
-1209.41
-1210.76
-1210.9
-1210.73
-1210.68
-1210.85
-1211.03
-1210.64
-1208.56
-1203.15
-1193.48
-1180.38
-1163.05
-1141.39
-1118.57
-1097.07
-1076.81
-1057.13
-1037.83
-1019.21
-1002.08
-987.44
-975.876
-967.322
-961.269
-957.101
-954.293
-952.463
-951.367
-950.871
-894.231
-895.242
-897.232
-900.324
-904.725
-910.725
-918.673
-928.86
-941.321
-955.648
-971.084
-986.894
-1002.68
-1018.39
-1034.18
-1050.43
-1067.33
-1083.86
-1099.21
-1112.18
-1120.4
-1124.96
-1126.04
-1125.37
-1124.55
-1124.21
-1124.52
-1125.31
-1125.92
-1124.71
-1120.03
-1111.65
-1098.6
-1083.28
-1066.78
-1049.97
-1033.82
-1018.11
-1002.49
-986.79
-971.093
-955.817
-941.712
-929.501
-919.559
-911.83
-906.018
-901.784
-898.846
-897.008
-896.157
-896.246
-897.279
-899.316
-902.485
-907
-913.158
-921.301
-931.696
-944.326
-958.729
-974.14
-989.862
-1005.55
-1021.17
-1036.93
-1053.23
-1070.1
-1086.38
-1101.44
-1113.69
-1121.2
-1125.2
-1125.86
-1125.13
-1124.4
-1124.2
-1124.66
-1125.52
-1126.01
-1124.31
-1119.09
-1109.93
-1096.24
-1080.66
-1063.95
-1047.15
-1031.03
-1015.28
-999.573
-983.769
-967.993
-952.711
-938.707
-926.682
-916.953
-909.417
-903.758
-899.633
-896.768
-894.975
-894.143
-847.524
-848.554
-850.564
-853.639
-857.91
-863.547
-870.738
-879.631
-890.241
-902.367
-915.607
-929.49
-943.625
-957.722
-971.547
-984.869
-997.525
-1009.6
-1021.47
-1031.83
-1038.74
-1041.97
-1041.68
-1039.87
-1038.36
-1037.82
-1038.37
-1039.89
-1041.67
-1041.9
-1038.58
-1031.63
-1021.21
-1009.36
-997.292
-984.622
-971.298
-957.498
-943.453
-929.399
-915.629
-902.539
-890.597
-880.187
-871.492
-864.486
-859.018
-854.907
-851.986
-850.132
-849.267
-849.358
-850.407
-852.458
-855.597
-859.957
-865.709
-873.036
-882.07
-892.804
-905.009
-918.27
-932.126
-946.2
-960.216
-973.943
-987.149
-999.687
-1011.68
-1023.46
-1033.26
-1039.53
-1042.07
-1041.36
-1039.52
-1038.16
-1037.82
-1038.57
-1040.23
-1041.91
-1041.64
-1037.63
-1030.03
-1019.14
-1007.23
-995.074
-982.284
-968.847
-954.952
-940.831
-926.723
-912.935
-899.88
-888.03
-877.753
-869.205
-862.335
-856.98
-852.956
-850.096
-848.281
-847.434
-804.64
-805.722
-807.815
-810.971
-815.261
-820.773
-827.589
-835.743
-845.18
-855.713
-867.047
-878.847
-890.822
-902.739
-914.402
-925.602
-936.052
-945.329
-953.053
-959.062
-962.966
-963.117
-959.984
-955.396
-952.386
-951.528
-952.439
-955.533
-960.162
-963.291
-963.083
-959.105
-953.034
-945.243
-935.915
-925.441
-914.241
-902.599
-890.723
-878.81
-867.095
-855.875
-845.479
-836.197
-828.203
-821.548
-816.193
-812.06
-809.063
-807.135
-806.228
-806.324
-807.424
-809.553
-812.762
-817.125
-822.726
-829.641
-837.895
-847.414
-857.997
-869.341
-881.116
-893.04
-904.886
-916.46
-927.545
-937.832
-946.881
-954.339
-960.084
-963.416
-962.863
-959.269
-954.709
-952.094
-951.541
-952.771
-956.254
-960.777
-963.387
-962.461
-957.997
-951.661
-943.611
-934.066
-923.44
-912.131
-900.405
-888.462
-876.503
-864.772
-853.572
-843.236
-834.043
-826.153
-819.599
-814.333
-810.272
-807.328
-805.434
-804.545
-765.198
-766.275
-768.344
-771.424
-775.541
-780.724
-786.984
-794.298
-802.584
-811.679
-821.358
-831.365
-841.462
-851.43
-861.068
-870.167
-878.482
-885.701
-891.436
-895.135
-895.916
-892.232
-884.309
-875.413
-869.185
-867.384
-869.331
-875.741
-884.761
-892.665
-896.214
-895.295
-891.498
-885.691
-878.422
-870.076
-860.966
-851.334
-841.39
-831.336
-821.392
-811.799
-802.809
-794.644
-787.461
-781.339
-776.3
-772.332
-769.409
-767.506
-766.606
-766.701
-767.793
-769.89
-773.012
-777.186
-782.434
-788.765
-796.148
-804.488
-813.616
-823.298
-833.282
-843.33
-853.229
-862.777
-871.758
-879.92
-886.934
-892.395
-895.719
-895.87
-891.363
-882.906
-874.142
-868.601
-867.424
-870.039
-877.054
-886.086
-893.345
-896.079
-894.598
-890.447
-884.383
-876.92
-868.429
-859.207
-849.489
-839.481
-829.385
-819.424
-809.841
-800.89
-792.787
-785.676
-779.627
-774.656
-770.743
-767.862
-765.988
-765.103
-728.04
-729.091
-731.097
-734.051
-737.946
-742.763
-748.468
-754.999
-762.252
-770.081
-778.296
-786.694
-795.072
-803.238
-811.004
-818.167
-824.5
-829.722
-833.495
-835.342
-834.519
-829.181
-817.667
-803.646
-793.334
-789.86
-793.621
-804.214
-818.352
-829.734
-834.871
-835.56
-833.617
-829.77
-824.492
-818.121
-810.936
-803.163
-795.006
-786.653
-778.297
-770.142
-762.392
-755.232
-748.809
-743.224
-738.537
-734.783
-731.98
-730.139
-729.263
-729.356
-730.418
-732.445
-735.432
-739.368
-744.232
-749.985
-756.56
-763.848
-771.692
-779.902
-788.272
-796.602
-804.698
-812.372
-819.417
-825.596
-830.622
-834.136
-835.634
-834.262
-827.925
-815.548
-801.657
-792.284
-789.958
-794.862
-806.289
-820.335
-830.737
-834.965
-835.164
-832.891
-828.8
-823.334
-816.818
-809.52
-801.66
-793.438
-785.041
-776.664
-768.509
-760.78
-753.659
-747.284
-741.75
-737.111
-733.4
-730.63
-728.811
-727.947
-692.3
-693.309
-695.223
-698.018
-701.658
-706.092
-711.254
-717.055
-723.38
-730.086
-737.009
-743.975
-750.81
-757.345
-763.409
-768.823
-773.383
-776.845
-778.904
-779.137
-776.935
-771.054
-759.238
-742.861
-729.307
-724.408
-729.722
-743.587
-759.987
-771.603
-777.31
-779.39
-779.062
-776.928
-773.407
-768.803
-763.357
-757.274
-750.734
-743.907
-736.964
-730.079
-723.429
-717.176
-711.462
-706.403
-702.087
-698.579
-695.93
-694.174
-693.336
-693.425
-694.442
-696.372
-699.19
-702.858
-707.324
-712.517
-718.344
-724.685
-731.394
-738.303
-745.236
-752.019
-758.482
-764.455
-769.752
-774.164
-777.438
-779.253
-779.162
-776.498
-769.813
-756.922
-740.371
-727.879
-724.559
-731.403
-746.134
-762.099
-772.623
-777.614
-779.269
-778.635
-776.27
-772.569
-767.823
-762.266
-756.095
-749.488
-742.614
-735.642
-728.748
-722.104
-715.872
-710.188
-705.163
-700.88
-697.402
-694.777
-693.039
-692.21
-657.376
-658.331
-660.134
-662.746
-666.11
-670.155
-674.791
-679.911
-685.393
-691.097
-696.873
-702.566
-708.026
-713.104
-717.65
-721.509
-724.51
-726.452
-727.085
-726.066
-722.908
-716.818
-706.343
-691.451
-677.785
-672.454
-678.241
-692.164
-707.016
-717.325
-723.279
-726.328
-727.258
-726.552
-724.549
-721.498
-717.599
-713.023
-707.927
-702.46
-696.772
-691.017
-685.35
-679.922
-674.872
-670.324
-666.385
-663.143
-660.669
-659.018
-658.226
-658.311
-659.271
-661.084
-663.711
-667.094
-671.158
-675.811
-680.944
-686.429
-692.124
-697.877
-703.532
-708.937
-713.942
-718.397
-722.143
-725.004
-726.773
-727.187
-725.882
-722.338
-715.661
-704.339
-689.067
-676.27
-672.625
-680.003
-694.552
-708.833
-718.322
-723.741
-726.427
-727.087
-726.172
-724.002
-720.817
-716.809
-712.146
-706.981
-701.463
-695.74
-689.966
-684.293
-678.872
-673.837
-669.31
-665.392
-662.17
-659.713
-658.075
-657.29
-622.873
-623.763
-625.436
-627.844
-630.916
-634.564
-638.685
-643.161
-647.865
-652.661
-657.407
-661.966
-666.202
-669.987
-673.193
-675.692
-677.35
-678.013
-677.494
-675.55
-671.851
-665.925
-657.084
-645.333
-634.159
-629.552
-634.559
-645.923
-657.641
-666.373
-672.194
-675.803
-677.666
-678.116
-677.392
-675.68
-673.134
-669.889
-666.074
-661.817
-657.25
-652.509
-647.734
-643.068
-638.647
-634.601
-631.047
-628.087
-625.808
-624.278
-623.541
-623.621
-624.514
-626.193
-628.61
-631.692
-635.35
-639.477
-643.955
-648.652
-653.429
-658.146
-662.661
-666.84
-670.553
-673.669
-676.062
-677.591
-678.099
-677.392
-675.214
-671.212
-664.879
-655.504
-643.454
-632.88
-629.704
-636.028
-647.787
-659.099
-667.31
-672.749
-676.069
-677.708
-677.977
-677.104
-675.268
-672.618
-669.286
-665.402
-661.091
-656.483
-651.715
-646.926
-642.256
-637.839
-633.802
-630.26
-627.313
-625.045
-623.524
-622.792
-588.561
-589.375
-590.9
-593.08
-595.837
-599.074
-602.68
-606.532
-610.501
-614.455
-618.263
-621.798
-624.94
-627.579
-629.608
-630.929
-631.443
-631.045
-629.616
-627.01
-623.049
-617.52
-610.215
-601.415
-593.289
-589.904
-593.595
-601.865
-610.659
-617.899
-623.354
-627.241
-629.777
-631.141
-631.478
-630.907
-629.534
-627.459
-624.78
-621.607
-618.052
-614.237
-610.29
-606.345
-602.536
-598.992
-595.836
-593.18
-591.118
-589.725
-589.053
-589.126
-589.941
-591.469
-593.653
-596.414
-599.653
-603.258
-607.103
-611.057
-614.987
-618.76
-622.248
-625.331
-627.898
-629.842
-631.064
-631.464
-630.934
-629.351
-626.564
-622.386
-616.595
-608.999
-600.065
-592.363
-590.016
-594.655
-603.21
-611.808
-618.754
-623.956
-627.633
-629.993
-631.208
-631.416
-630.733
-629.264
-627.105
-624.357
-621.127
-617.528
-613.68
-609.712
-605.755
-601.941
-598.399
-595.248
-592.598
-590.543
-589.156
-588.487
-554.336
-555.062
-556.416
-558.341
-560.754
-563.555
-566.631
-569.859
-573.113
-576.268
-579.2
-581.794
-583.947
-585.562
-586.555
-586.856
-586.4
-585.127
-582.982
-579.906
-575.847
-570.779
-564.769
-558.232
-552.571
-550.269
-552.791
-558.565
-565.117
-571.092
-576.108
-580.109
-583.124
-585.21
-586.423
-586.821
-586.465
-585.42
-583.758
-581.566
-578.942
-575.992
-572.833
-569.591
-566.394
-563.367
-560.636
-558.311
-556.491
-555.255
-554.657
-554.722
-555.448
-556.803
-558.728
-561.14
-563.938
-567.007
-570.222
-573.457
-576.582
-579.476
-582.023
-584.116
-585.662
-586.576
-586.787
-586.232
-584.85
-582.586
-579.38
-575.18
-569.967
-563.83
-557.285
-551.945
-550.343
-553.508
-559.521
-566.025
-571.865
-576.734
-580.595
-583.482
-585.45
-586.555
-586.856
-586.412
-585.289
-583.559
-581.31
-578.639
-575.653
-572.468
-569.208
-566
-562.969
-560.237
-557.914
-556.098
-554.865
-554.269
-520.182
-520.806
-521.964
-523.6
-525.631
-527.959
-530.476
-533.062
-535.599
-537.971
-540.064
-541.776
-543.015
-543.703
-543.775
-543.185
-541.9
-539.902
-537.187
-533.77
-529.692
-525.051
-520.05
-515.119
-511.171
-509.633
-511.326
-515.363
-520.319
-525.306
-529.913
-533.944
-537.31
-539.97
-541.911
-543.138
-543.671
-543.543
-542.804
-541.519
-539.77
-537.651
-535.267
-532.731
-530.164
-527.685
-525.412
-523.454
-521.909
-520.852
-520.339
-520.396
-521.018
-522.176
-523.809
-525.836
-528.158
-530.663
-533.233
-535.748
-538.088
-540.141
-541.805
-542.987
-543.609
-543.608
-542.94
-541.572
-539.488
-536.687
-533.185
-529.03
-524.33
-519.307
-514.444
-510.753
-509.68
-511.808
-516.056
-521.055
-526.009
-530.55
-534.502
-537.782
-540.355
-542.21
-543.353
-543.809
-543.61
-542.806
-541.465
-539.669
-537.511
-535.098
-532.541
-529.959
-527.472
-525.194
-523.236
-521.69
-520.635
-520.124
-486.15
-486.656
-487.591
-488.897
-490.5
-492.308
-494.221
-496.13
-497.927
-499.509
-500.775
-501.635
-502.012
-501.842
-501.078
-499.697
-497.693
-495.082
-491.903
-488.225
-484.155
-479.862
-475.602
-471.76
-468.924
-467.874
-469.034
-471.94
-475.81
-480.068
-484.34
-488.374
-492.008
-495.137
-497.694
-499.642
-500.965
-501.672
-501.789
-501.363
-500.461
-499.162
-497.56
-495.755
-493.854
-491.966
-490.198
-488.652
-487.418
-486.567
-486.152
-486.198
-486.702
-487.634
-488.936
-490.534
-492.333
-494.232
-496.122
-497.895
-499.445
-500.672
-501.485
-501.808
-501.577
-500.749
-499.301
-497.23
-494.555
-491.32
-487.596
-483.499
-479.208
-474.992
-471.26
-468.637
-467.905
-469.369
-472.464
-476.427
-480.719
-484.985
-488.987
-492.573
-495.643
-498.134
-500.014
-501.27
-501.913
-501.969
-501.49
-500.542
-499.205
-497.573
-495.744
-493.827
-491.928
-490.154
-488.604
-487.368
-486.517
-486.103
-452.344
-452.714
-453.391
-454.323
-455.444
-456.674
-457.925
-459.105
-460.122
-460.886
-461.314
-461.33
-460.869
-459.883
-458.342
-456.242
-453.599
-450.456
-446.884
-442.991
-438.924
-434.887
-431.144
-428.014
-425.868
-425.111
-425.947
-428.148
-431.307
-435.056
-439.08
-443.12
-446.976
-450.503
-453.596
-456.186
-458.23
-459.714
-460.646
-461.056
-460.996
-460.532
-459.74
-458.708
-457.524
-456.284
-455.079
-453.997
-453.115
-452.5
-452.197
-452.231
-452.599
-453.272
-454.2
-455.314
-456.534
-457.771
-458.932
-459.924
-460.657
-461.048
-461.019
-460.509
-459.469
-457.873
-455.718
-453.023
-449.837
-446.234
-442.327
-438.272
-434.28
-430.621
-427.621
-425.659
-425.134
-426.195
-428.568
-431.847
-435.671
-439.732
-443.777
-447.616
-451.108
-454.155
-456.692
-458.68
-460.108
-460.986
-461.347
-461.244
-460.743
-459.922
-458.866
-457.665
-456.413
-455.199
-454.112
-453.228
-452.611
-452.309
-418.904
-419.118
-419.5
-420.008
-420.587
-421.172
-421.695
-422.082
-422.263
-422.165
-421.724
-420.879
-419.581
-417.797
-415.514
-412.74
-409.51
-405.888
-401.967
-397.877
-393.79
-389.92
-386.514
-383.827
-382.091
-381.503
-382.149
-383.931
-386.646
-390.062
-393.926
-397.993
-402.053
-405.935
-409.513
-412.693
-415.414
-417.644
-419.376
-420.623
-421.423
-421.825
-421.89
-421.686
-421.284
-420.758
-420.18
-419.619
-419.138
-418.791
-418.617
-418.638
-418.85
-419.228
-419.731
-420.302
-420.877
-421.385
-421.754
-421.911
-421.785
-421.309
-420.425
-419.084
-417.253
-414.924
-412.107
-408.841
-405.193
-401.263
-397.186
-393.14
-389.343
-386.045
-383.497
-381.925
-381.521
-382.349
-384.29
-387.138
-390.655
-394.586
-398.687
-402.753
-406.622
-410.171
-413.313
-415.99
-418.173
-419.857
-421.061
-421.822
-422.19
-422.228
-422.002
-421.583
-421.044
-420.457
-419.89
-419.406
-419.057
-418.883
-386.009
-386.045
-386.094
-386.123
-386.094
-385.964
-385.684
-385.207
-384.484
-383.466
-382.107
-380.367
-378.213
-375.626
-372.606
-369.178
-365.387
-361.312
-357.059
-352.773
-348.633
-344.848
-341.64
-339.209
-337.701
-337.204
-337.747
-339.293
-341.752
-344.974
-348.759
-352.886
-357.149
-361.369
-365.406
-369.153
-372.534
-375.505
-378.043
-380.15
-381.845
-383.163
-384.145
-384.837
-385.289
-385.549
-385.667
-385.69
-385.661
-385.618
-385.591
-385.595
-385.63
-385.675
-385.699
-385.663
-385.522
-385.23
-384.735
-383.991
-382.947
-381.558
-379.784
-377.593
-374.968
-371.913
-368.453
-364.641
-360.556
-356.314
-352.061
-347.982
-344.289
-341.202
-338.914
-337.559
-337.221
-337.922
-339.62
-342.217
-345.555
-349.426
-353.608
-357.898
-362.124
-366.148
-369.87
-373.219
-376.152
-378.652
-380.721
-382.383
-383.671
-384.628
-385.3
-385.736
-385.984
-386.093
-386.11
-386.077
-386.032
-386.004
-353.869
-353.706
-353.382
-352.879
-352.177
-351.257
-350.097
-348.676
-346.972
-344.963
-342.624
-339.937
-336.887
-333.47
-329.7
-325.611
-321.261
-316.735
-312.149
-307.651
-303.418
-299.647
-296.531
-294.229
-292.834
-292.381
-292.873
-294.304
-296.634
-299.767
-303.544
-307.771
-312.253
-316.814
-321.309
-325.623
-329.671
-333.399
-336.773
-339.781
-342.425
-344.722
-346.692
-348.358
-349.741
-350.866
-351.752
-352.422
-352.895
-353.192
-353.329
-353.316
-353.151
-352.824
-352.316
-351.607
-350.678
-349.506
-348.07
-346.348
-344.316
-341.953
-339.238
-336.158
-332.712
-328.917
-324.809
-320.45
-315.931
-311.37
-306.922
-302.766
-299.099
-296.112
-293.952
-292.705
-292.398
-293.037
-294.614
-297.086
-300.343
-304.219
-308.517
-313.042
-317.624
-322.121
-326.423
-330.451
-334.152
-337.496
-340.474
-343.091
-345.363
-347.312
-348.959
-350.328
-351.441
-352.319
-352.983
-353.452
-353.746
-353.882
-322.726
-322.344
-321.61
-320.522
-319.084
-317.302
-315.183
-312.737
-309.971
-306.89
-303.499
-299.799
-295.796
-291.503
-286.947
-282.172
-277.242
-272.249
-267.311
-262.574
-258.208
-254.389
-251.287
-249.026
-247.672
-247.235
-247.709
-249.098
-251.389
-254.513
-258.343
-262.712
-267.441
-272.364
-277.335
-282.237
-286.981
-291.504
-295.761
-299.726
-303.387
-306.738
-309.775
-312.495
-314.891
-316.957
-318.683
-320.061
-321.086
-321.756
-322.074
-322.041
-321.657
-320.92
-319.828
-318.384
-316.593
-314.464
-312.005
-309.224
-306.126
-302.714
-298.993
-294.969
-290.657
-286.086
-281.304
-276.378
-271.405
-266.506
-261.832
-257.553
-253.847
-250.877
-248.759
-247.548
-247.253
-247.869
-249.403
-251.835
-255.088
-259.026
-263.477
-268.263
-273.22
-278.207
-283.11
-287.845
-292.351
-296.588
-300.531
-304.171
-307.502
-310.522
-313.227
-315.611
-317.666
-319.384
-320.755
-321.776
-322.443
-322.759
-292.848
-292.229
-291.052
-289.335
-287.103
-284.392
-281.241
-277.69
-273.781
-269.548
-265.024
-260.237
-255.214
-249.985
-244.591
-239.085
-233.539
-228.046
-222.723
-217.712
-213.168
-209.251
-206.103
-203.825
-202.466
-202.028
-202.504
-203.9
-206.211
-209.387
-213.324
-217.878
-222.892
-228.21
-233.692
-239.222
-244.707
-250.077
-255.279
-260.271
-265.024
-269.508
-273.694
-277.549
-281.037
-284.116
-286.745
-288.887
-290.507
-291.58
-292.093
-292.039
-291.419
-290.239
-288.518
-286.28
-283.562
-280.402
-276.841
-272.92
-268.674
-264.135
-259.334
-254.297
-249.059
-243.662
-238.16
-232.63
-227.169
-221.897
-216.959
-212.511
-208.711
-205.697
-203.562
-202.345
-202.048
-202.665
-204.204
-206.656
-209.963
-214.013
-218.659
-223.741
-229.105
-234.616
-240.159
-245.646
-251.01
-256.201
-261.181
-265.919
-270.389
-274.561
-278.404
-281.881
-284.951
-287.572
-289.707
-291.322
-292.393
-292.903
-264.524
-263.655
-262.01
-259.627
-256.557
-252.863
-248.618
-243.896
-238.771
-233.31
-227.576
-221.625
-215.507
-209.275
-202.981
-196.688
-190.474
-184.435
-178.684
-173.355
-168.589
-164.525
-161.284
-158.948
-157.555
-157.107
-157.597
-159.032
-161.407
-164.682
-168.774
-173.562
-178.905
-184.662
-190.703
-196.913
-203.197
-209.478
-215.694
-221.788
-227.709
-233.404
-238.815
-243.878
-248.523
-252.675
-256.261
-259.209
-261.457
-262.957
-263.676
-263.599
-262.729
-261.082
-258.695
-255.62
-251.92
-247.667
-242.937
-237.802
-232.332
-226.59
-220.631
-214.509
-208.276
-201.989
-195.712
-189.526
-183.53
-177.841
-172.593
-167.929
-163.987
-160.88
-158.686
-157.436
-157.128
-157.76
-159.337
-161.853
-165.261
-169.471
-174.357
-179.778
-185.593
-191.673
-197.908
-204.206
-210.492
-216.706
-222.795
-228.709
-234.395
-239.796
-244.849
-249.484
-253.628
-257.206
-260.147
-262.39
-263.886
-264.602
-238.061
-236.933
-234.807
-231.738
-227.803
-223.094
-217.715
-211.774
-205.378
-198.628
-191.619
-184.436
-177.155
-169.85
-162.59
-155.448
-148.507
-141.866
-135.634
-129.935
-124.896
-120.637
-117.259
-114.83
-113.381
-112.916
-113.43
-114.927
-117.402
-120.824
-125.121
-130.192
-135.918
-142.17
-148.826
-155.777
-162.924
-170.184
-177.483
-184.748
-191.906
-198.876
-205.572
-211.895
-217.744
-223.009
-227.583
-231.364
-234.259
-236.198
-237.129
-237.029
-235.901
-233.773
-230.701
-226.76
-222.045
-216.659
-210.711
-204.309
-197.554
-190.542
-183.357
-176.08
-168.784
-161.54
-154.424
-147.522
-140.934
-134.774
-129.164
-124.233
-120.098
-116.856
-114.568
-113.263
-112.939
-113.595
-115.235
-117.852
-121.407
-125.826
-131.002
-136.814
-143.133
-149.841
-156.827
-163.999
-171.274
-178.58
-185.848
-193.004
-199.97
-206.659
-212.975
-218.815
-224.072
-228.638
-232.411
-235.301
-237.234
-238.162
-213.765
-212.38
-209.773
-206.019
-201.218
-195.489
-188.968
-181.793
-174.105
-166.037
-157.715
-149.254
-140.759
-132.325
-124.039
-115.986
-108.257
-100.952
-94.179
-88.0509
-82.6811
-78.1733
-74.612
-72.0542
-70.5281
-70.0389
-70.585
-72.1678
-74.7812
-78.3959
-82.9535
-88.3687
-94.537
-101.345
-108.68
-116.433
-124.505
-132.803
-141.241
-149.729
-158.169
-166.452
-174.461
-182.066
-189.132
-195.518
-201.084
-205.698
-209.24
-211.617
-212.76
-212.637
-211.251
-208.643
-204.885
-200.078
-194.344
-187.816
-180.636
-172.943
-164.873
-156.552
-148.096
-139.611
-131.194
-122.933
-114.916
-107.236
-99.9942
-93.3005
-87.2689
-82.0118
-77.6307
-74.2063
-71.7912
-70.4094
-70.0643
-70.7547
-72.482
-75.2376
-78.9879
-83.6701
-89.1953
-95.4573
-102.342
-109.738
-117.537
-125.643
-133.966
-142.42
-150.917
-159.361
-167.644
-175.648
-183.248
-190.306
-196.683
-202.24
-206.845
-210.38
-212.751
-213.89
-191.99
-190.357
-187.288
-182.873
-177.234
-170.517
-162.884
-154.502
-145.54
-136.164
-126.528
-116.777
-107.043
-97.4463
-88.0898
-79.0741
-70.4994
-62.4688
-55.088
-48.4633
-42.6966
-37.8786
-34.082
-31.3567
-29.7299
-29.2099
-29.7971
-31.4911
-34.2829
-38.1445
-43.025
-48.8506
-55.5301
-62.9609
-71.0363
-79.65
-88.6979
-98.0784
-107.689
-117.422
-127.155
-136.751
-146.062
-154.93
-163.187
-170.664
-177.191
-182.609
-186.776
-189.574
-190.922
-190.776
-189.142
-186.071
-181.652
-176.007
-169.284
-161.644
-153.257
-144.292
-134.915
-125.283
-115.542
-105.825
-96.2517
-86.9285
-77.9572
-69.4399
-61.481
-54.1873
-47.6653
-42.0159
-37.3277
-33.6701
-31.0896
-29.61
-29.2376
-29.9726
-31.8138
-34.7498
-38.7494
-43.758
-49.6989
-56.4788
-63.9945
-72.1396
-80.8089
-89.9
-99.3128
-108.947
-118.695
-128.435
-138.033
-147.342
-156.204
-164.453
-171.92
-178.437
-183.846
-188.004
-190.796
-192.138
-172.942
-171.083
-167.594
-162.578
-156.177
-148.556
-139.9
-130.402
-120.256
-109.652
-98.772
-87.7869
-76.8538
-66.1154
-55.6945
-45.7066
-36.2626
-27.471
-19.4382
-12.2661
-6.04933
-0.870175
3.20545
6.1308
7.87795
8.43482
7.79872
5.9724
2.96832
-1.18491
-6.43971
-12.7293
-19.9706
-28.068
-36.9187
-46.4152
-56.4475
-66.9025
-77.6619
-88.5996
-99.5677
-110.405
-120.937
-130.978
-140.336
-148.814
-156.22
-162.372
-167.106
-170.287
-171.82
-171.654
-169.795
-166.303
-161.283
-154.875
-147.247
-138.584
-129.08
-118.93
-108.327
-97.4537
-86.4815
-75.5692
-64.8602
-54.479
-44.5425
-35.1631
-26.4505
-18.5113
-11.4475
-5.35244
-0.306583
3.62689
6.40417
8.00011
8.40465
7.61621
5.63882
2.48717
-1.80729
-7.19403
-13.6037
-20.9513
-29.1406
-38.0684
-47.628
-57.7106
-68.2044
-78.9926
-89.9492
-100.928
-111.769
-122.299
-132.334
-141.683
-150.15
-157.545
-163.686
-168.41
-171.583
-173.11
-156.671
-154.627
-150.792
-145.28
-138.246
-129.874
-120.365
-109.929
-98.78
-87.1282
-75.1752
-63.1121
-51.117
-39.3521
-27.9588
-17.0679
-6.80217
2.72258
11.3971
19.1199
25.7993
31.3566
35.728
38.8668
40.7422
41.3384
40.6503
38.6831
35.4531
30.9913
25.3456
18.5802
10.7751
2.02298
-7.57335
-17.9029
-28.8478
-40.2828
-52.0737
-64.076
-76.1216
-88.0283
-99.601
-110.634
-120.915
-130.23
-138.366
-145.125
-150.327
-153.824
-155.509
-155.326
-153.282
-149.444
-143.927
-136.886
-128.505
-118.988
-108.546
-97.3934
-85.7425
-73.7964
-61.7479
-49.7762
-38.0444
-26.6952
-15.8609
-5.66526
3.7752
12.351
19.9609
26.5147
31.935
36.1608
39.1476
40.8672
41.3058
40.4603
38.3375
34.956
30.3495
24.5681
17.6785
9.7622
0.912973
-8.76606
-19.1643
-30.1646
-41.6427
-53.4656
-65.4894
-77.5471
-89.4581
-101.029
-112.055
-122.326
-131.628
-139.752
-146.498
-151.69
-155.178
-156.857
-148.52
-146.246
-141.98
-135.848
-128.022
-118.702
-108.109
-96.4764
-84.0384
-71.0277
-57.6688
-44.1756
-30.7493
-17.5755
-4.82008
7.36403
18.8356
29.4643
39.1303
47.725
55.1521
61.329
66.1885
69.6792
71.7657
72.4272
71.6567
69.4615
65.8628
60.8965
54.6149
47.086
38.3936
28.6354
17.9218
6.37484
-5.87252
-18.6759
-31.8786
-45.3115
-58.783
-72.0876
-85.0074
-97.314
-108.772
-119.146
-128.202
-135.722
-141.509
-145.398
-147.272
-147.069
-144.795
-140.526
-134.388
-126.554
-117.224
-106.623
-94.9828
-82.5409
-69.5311
-56.1799
-42.7027
-29.3024
-16.1656
-3.45951
8.66169
20.0559
30.5924
40.1512
48.6244
55.9168
61.9475
66.6514
69.9795
71.8988
72.3909
71.4511
69.0891
65.3284
60.2075
53.7808
46.1186
37.3063
27.4426
16.6384
5.01574
-7.29296
-20.1442
-33.3823
-46.839
-60.3239
-73.6334
-86.551
-98.8501
-110.297
-120.657
-129.699
-137.206
-142.98
-146.86
-148.727
-109.642
-107.851
-104.493
-99.6706
-93.5182
-86.1946
-77.8734
-68.7362
-58.9665
-48.7449
-38.2465
-27.6374
-17.0746
-6.70385
3.34106
12.9372
21.9718
30.3416
37.9525
44.7197
50.5684
55.4341
59.264
62.0169
63.6631
64.1846
63.5747
61.8404
59.0001
55.0838
50.1333
44.2022
37.3558
29.6701
21.2314
12.1357
2.48818
-7.59563
-17.9898
-28.558
-39.1503
-49.6065
-59.7571
-69.4245
-78.4256
-86.5757
-93.6932
-99.6057
-104.158
-107.22
-108.696
-108.535
-106.745
-103.384
-98.5564
-92.3971
-85.0657
-76.7367
-67.593
-57.819
-47.5971
-37.1033
-26.5053
-15.9612
-5.61806
4.38949
13.9376
22.9129
31.2119
38.7404
45.4143
51.1593
55.9125
59.6224
62.2495
63.7662
64.1561
63.4148
61.5513
58.5858
54.5503
49.4881
43.4544
36.5158
28.7491
20.2409
11.0872
1.39305
-8.72671
-19.1469
-29.7323
-40.3338
-50.7926
-60.9404
-70.6009
-79.5923
-87.7312
-94.8368
-100.738
-105.28
-108.334
-109.805
-239.171
-234.766
-226.493
-214.588
-199.371
-181.221
-160.556
-137.817
-113.454
-87.9106
-61.6193
-34.9921
-8.41875
17.7325
43.1064
67.3755
90.2408
111.431
130.704
147.84
162.652
174.976
184.677
191.651
195.821
197.139
195.588
191.186
183.983
174.055
161.51
146.485
129.145
109.682
88.3184
65.3023
40.9105
15.4486
-10.7485
-37.3181
-63.8857
-90.054
-115.403
-139.496
-161.881
-182.108
-199.737
-214.351
-225.581
-233.121
-236.751
-236.357
-231.952
-223.673
-211.758
-196.527
-178.361
-157.681
-134.93
-110.562
-85.0228
-58.748
-32.153
-5.63057
20.4473
45.7231
69.8676
92.5808
113.591
132.656
149.559
164.113
176.157
185.562
192.225
196.073
197.066
195.189
190.468
182.955
172.732
159.91
144.63
127.058
107.391
85.8511
62.6866
38.1744
12.619
-13.6465
-40.2628
-66.8581
-93.0381
-118.386
-142.466
-164.832
-185.035
-202.638
-217.227
-228.434
-235.955
-239.572
)
;

boundaryField
{
    top
    {
        type            calculated;
        value           nonuniform List<scalar> 
102
(
-9.81
-9.81
-9.81
-9.81
-9.81
-9.81
-9.81
-9.81
-9.81
-9.81
-9.81
-9.81
-9.81
-9.81
-9.81
-9.81
-9.81
-9.81
-9.81
-9.81
-9.81
-9.81
-9.81
-9.81
-9.81
-9.81
-9.81
-9.81
-9.81
-9.81
-9.81
-9.81
-9.81
-9.81
-9.81
-9.81
-9.81
-9.81
-9.81
-9.81
-9.81
-9.81
-9.81
-9.81
-9.81
-9.81
-9.81
-9.81
-9.81
-9.81
-9.81
-9.81
-9.81
-9.81
-9.81
-9.81
-9.81
-9.81
-9.81
-9.81
-9.81
-9.81
-9.81
-9.81
-9.81
-9.81
-9.81
-9.81
-9.81
-9.81
-9.81
-9.81
-9.81
-9.81
-9.81
-9.81
-9.81
-9.81
-9.81
-9.81
-9.81
-9.81
-9.81
-9.81
-9.81
-9.81
-9.81
-9.81
-9.81
-9.81
-9.81
-9.81
-9.81
-9.81
-9.81
-9.81
-9.81
-9.81
-9.81
-9.81
-9.81
-9.81
)
;
    }
    bottom
    {
        type            calculated;
        value           nonuniform List<scalar> 
102
(
-966.208
-970.245
-977.729
-988.255
-1001.25
-1016.09
-1032.35
-1050.29
-1071.13
-1096.49
-1127.11
-1162.14
-1199.93
-1238.77
-1276.9
-1312.68
-1344.8
-1372.46
-1394.78
-1410.87
-1421.15
-1426.64
-1428.75
-1429.01
-1428.65
-1428.42
-1428.57
-1428.83
-1428.43
-1426.13
-1420.39
-1409.8
-1393.36
-1370.71
-1342.74
-1310.34
-1274.35
-1236.11
-1197.34
-1159.78
-1125.14
-1095.06
-1070.2
-1049.71
-1032.05
-1016.08
-1001.62
-989.125
-979.202
-972.399
-969.089
-969.457
-973.479
-980.936
-991.417
-1004.35
-1019.12
-1035.38
-1053.48
-1074.71
-1100.6
-1131.69
-1167.03
-1204.98
-1243.8
-1281.72
-1317.1
-1348.68
-1375.68
-1397.15
-1412.35
-1421.89
-1426.82
-1428.62
-1428.79
-1428.51
-1428.42
-1428.7
-1429
-1428.48
-1425.81
-1419.47
-1408.1
-1390.76
-1367.28
-1338.68
-1305.75
-1269.39
-1230.98
-1192.23
-1154.86
-1120.58
-1091
-1066.66
-1046.52
-1028.98
-1012.99
-998.475
-985.922
-975.965
-969.147
-965.835
)
;
    }
    frontAndBack
    {
        type            empty;
    }
    left_cyc
    {
        type            cyclic;
    }
    right_cyc
    {
        type            cyclic;
    }
}


// ************************************************************************* //
