/*--------------------------------*- C++ -*----------------------------------*\
| =========                 |                                                 |
| \\      /  F ield         | OpenFOAM: The Open Source CFD Toolbox           |
|  \\    /   O peration     | Version:  2.3.0                                 |
|   \\  /    A nd           | Web:      www.OpenFOAM.org                      |
|    \\/     M anipulation  |                                                 |
\*---------------------------------------------------------------------------*/
FoamFile
{
    version     2.0;
    format      ascii;
    class       volScalarField;
    location    "18000";
    object      p_rgh;
}
// * * * * * * * * * * * * * * * * * * * * * * * * * * * * * * * * * * * * * //

dimensions      [0 2 -2 0 0 0 0];

internalField   nonuniform List<scalar> 
3060
(
-966.208
-970.245
-977.729
-988.255
-1001.25
-1016.09
-1032.35
-1050.29
-1071.13
-1096.49
-1127.11
-1162.14
-1199.93
-1238.77
-1276.9
-1312.68
-1344.8
-1372.46
-1394.78
-1410.87
-1421.15
-1426.64
-1428.75
-1429.01
-1428.65
-1428.42
-1428.57
-1428.83
-1428.43
-1426.13
-1420.39
-1409.8
-1393.36
-1370.71
-1342.74
-1310.34
-1274.35
-1236.11
-1197.34
-1159.78
-1125.14
-1095.06
-1070.2
-1049.71
-1032.05
-1016.08
-1001.62
-989.125
-979.202
-972.399
-969.089
-969.457
-973.479
-980.936
-991.417
-1004.35
-1019.12
-1035.38
-1053.48
-1074.71
-1100.6
-1131.69
-1167.03
-1204.98
-1243.8
-1281.72
-1317.1
-1348.68
-1375.68
-1397.15
-1412.35
-1421.89
-1426.82
-1428.62
-1428.79
-1428.51
-1428.42
-1428.7
-1429
-1428.48
-1425.81
-1419.47
-1408.1
-1390.76
-1367.28
-1338.68
-1305.75
-1269.39
-1230.98
-1192.23
-1154.86
-1120.58
-1091
-1066.66
-1046.52
-1028.98
-1012.99
-998.475
-985.922
-975.965
-969.147
-965.835
-1084.85
-1084.88
-1084.95
-1085.07
-1085.45
-1086.59
-1089.63
-1096.4
-1108.97
-1128.37
-1153.69
-1182.8
-1213.64
-1244.54
-1273.98
-1301.12
-1327.02
-1352.37
-1374.86
-1391.67
-1402.91
-1409.72
-1413.42
-1415.2
-1415.92
-1416.08
-1415.83
-1415.01
-1413.1
-1409.23
-1402.2
-1390.69
-1373.57
-1350.86
-1325.42
-1299.45
-1272.19
-1242.67
-1211.81
-1181.18
-1152.46
-1127.75
-1109.1
-1097.18
-1090.86
-1088.07
-1087.06
-1086.75
-1086.66
-1086.62
-1086.6
-1086.6
-1086.61
-1086.65
-1086.76
-1087.15
-1088.41
-1091.72
-1098.99
-1112.21
-1132.2
-1157.89
-1187.14
-1217.96
-1248.68
-1277.78
-1304.65
-1330.53
-1355.7
-1377.47
-1393.39
-1403.91
-1410.21
-1413.6
-1415.23
-1415.9
-1416.06
-1415.8
-1414.92
-1412.84
-1408.61
-1401.02
-1388.76
-1370.73
-1347.4
-1321.85
-1295.83
-1268.26
-1238.43
-1207.42
-1176.8
-1148.27
-1123.98
-1105.96
-1094.69
-1088.83
-1086.29
-1085.36
-1085.06
-1084.95
-1084.88
-1084.85
-1084.32
-1085.44
-1087.6
-1090.94
-1095.67
-1102.15
-1110.87
-1122.4
-1137.14
-1155.02
-1175.32
-1197.03
-1219.47
-1242.44
-1266.17
-1291.34
-1317.65
-1342.08
-1361.89
-1377.61
-1389.61
-1397.04
-1401.09
-1403.2
-1404.22
-1404.52
-1404.14
-1403.03
-1400.81
-1396.61
-1388.97
-1376.77
-1360.87
-1340.86
-1316.31
-1290.07
-1265.07
-1241.5
-1218.69
-1196.42
-1174.93
-1154.94
-1137.43
-1123.06
-1111.86
-1103.41
-1097.16
-1092.63
-1089.47
-1087.48
-1086.54
-1086.64
-1087.77
-1089.98
-1093.38
-1098.21
-1104.85
-1113.79
-1125.59
-1140.61
-1158.68
-1179.06
-1200.75
-1223.13
-1246.06
-1269.87
-1295.21
-1321.43
-1345.21
-1364.3
-1379.51
-1390.83
-1397.66
-1401.36
-1403.31
-1404.26
-1404.49
-1404.06
-1402.86
-1400.45
-1395.85
-1387.56
-1374.73
-1358.3
-1337.52
-1312.42
-1286.18
-1261.34
-1237.82
-1214.97
-1192.66
-1171.16
-1151.26
-1133.98
-1119.89
-1108.96
-1100.73
-1094.63
-1090.2
-1087.1
-1085.14
-1084.22
-1049.94
-1051.78
-1055.31
-1060.58
-1067.73
-1076.99
-1088.62
-1102.84
-1119.63
-1138.56
-1158.85
-1179.79
-1201.01
-1222.44
-1244.24
-1266.7
-1290.01
-1313.04
-1334.87
-1354.14
-1368.29
-1378.23
-1383.94
-1386.92
-1388.49
-1389
-1388.42
-1386.77
-1383.69
-1377.82
-1367.73
-1353.4
-1334.03
-1312.21
-1289.19
-1265.97
-1243.59
-1221.87
-1200.52
-1179.41
-1158.6
-1138.49
-1119.82
-1103.32
-1089.4
-1078.07
-1069.09
-1062.21
-1057.21
-1053.96
-1052.42
-1052.59
-1054.46
-1058.03
-1063.38
-1070.65
-1080.07
-1091.89
-1106.33
-1123.3
-1142.32
-1162.62
-1183.52
-1204.68
-1226.1
-1247.91
-1270.47
-1293.78
-1316.59
-1338.13
-1356.64
-1370.01
-1379.29
-1384.44
-1387.18
-1388.6
-1388.97
-1388.25
-1386.44
-1383.06
-1376.57
-1365.85
-1350.67
-1330.64
-1308.56
-1285.35
-1262.18
-1239.88
-1218.18
-1196.8
-1175.63
-1154.78
-1134.69
-1116.14
-1099.84
-1086.14
-1075
-1066.18
-1059.41
-1054.49
-1051.29
-1049.77
-1016.13
-1018.31
-1022.44
-1028.53
-1036.62
-1046.79
-1059.15
-1073.75
-1090.55
-1109.32
-1129.64
-1151.07
-1173.22
-1195.84
-1218.7
-1241.49
-1263.98
-1286.12
-1308.12
-1328.39
-1344.69
-1356.47
-1363.54
-1367.56
-1369.87
-1370.69
-1369.8
-1367.42
-1363.33
-1356.14
-1344.24
-1327.85
-1307.5
-1285.51
-1263.35
-1240.84
-1218.04
-1195.21
-1172.65
-1150.6
-1129.31
-1109.17
-1090.64
-1074.1
-1059.77
-1047.7
-1037.82
-1030.03
-1024.25
-1020.46
-1018.64
-1018.84
-1021.04
-1025.21
-1031.37
-1039.57
-1049.87
-1062.37
-1077.13
-1094.09
-1112.98
-1133.38
-1154.85
-1177.02
-1199.66
-1222.51
-1245.27
-1267.71
-1289.82
-1311.72
-1331.39
-1346.95
-1357.87
-1364.3
-1367.99
-1370.09
-1370.64
-1369.51
-1366.91
-1362.42
-1354.53
-1341.79
-1324.67
-1303.8
-1281.77
-1259.57
-1237.01
-1214.19
-1191.36
-1168.81
-1146.78
-1125.54
-1105.49
-1087.08
-1070.7
-1056.55
-1044.63
-1034.88
-1027.18
-1021.48
-1017.73
-1015.93
-981.324
-983.872
-988.674
-995.679
-1004.85
-1016.17
-1029.61
-1045.13
-1062.59
-1081.77
-1102.39
-1124.11
-1146.7
-1169.96
-1193.73
-1217.75
-1241.61
-1264.73
-1286.46
-1306.29
-1323.4
-1335.64
-1342.95
-1346.61
-1349.02
-1350.09
-1348.97
-1346.54
-1342.84
-1335.46
-1323.11
-1305.88
-1285.95
-1264.14
-1240.95
-1217.06
-1193.04
-1169.31
-1146.11
-1123.61
-1102
-1081.54
-1062.55
-1045.32
-1030.06
-1016.9
-1005.88
-997.039
-990.393
-985.982
-983.858
-984.087
-986.658
-991.504
-998.577
-1007.84
-1019.28
-1032.85
-1048.5
-1066.1
-1085.41
-1106.11
-1127.92
-1150.57
-1173.89
-1197.71
-1221.74
-1245.56
-1268.52
-1290
-1309.53
-1325.93
-1337.25
-1343.78
-1347.04
-1349.32
-1350.03
-1348.6
-1346.04
-1341.84
-1333.64
-1320.36
-1302.54
-1282.31
-1260.27
-1236.95
-1213.02
-1189.03
-1165.34
-1142.21
-1119.77
-1098.25
-1077.89
-1059.02
-1041.93
-1026.82
-1013.79
-1002.89
-994.137
-987.559
-983.194
-981.093
-948.381
-951.264
-956.668
-964.483
-974.599
-986.903
-1001.28
-1017.6
-1035.7
-1055.4
-1076.45
-1098.64
-1121.8
-1145.79
-1170.47
-1195.63
-1220.86
-1245.64
-1269.25
-1290.71
-1308.56
-1320.59
-1326.3
-1328.16
-1328.98
-1329.67
-1328.99
-1328.22
-1326.39
-1320.58
-1308.34
-1290.3
-1268.71
-1245
-1220.16
-1194.9
-1169.75
-1145.09
-1121.15
-1098.06
-1075.96
-1055.03
-1035.5
-1017.6
-1001.51
-987.408
-975.416
-965.653
-958.233
-953.269
-950.868
-951.128
-954.032
-959.477
-967.357
-977.559
-989.968
-1004.47
-1020.92
-1039.16
-1058.98
-1080.15
-1102.46
-1125.73
-1149.82
-1174.61
-1199.82
-1225.05
-1249.74
-1273.12
-1294.15
-1311.22
-1322.16
-1326.92
-1328.35
-1329.16
-1329.62
-1328.78
-1327.94
-1325.59
-1318.75
-1305.44
-1286.71
-1264.74
-1240.83
-1215.92
-1190.67
-1165.59
-1141.03
-1117.2
-1094.22
-1072.23
-1051.43
-1032.03
-1014.26
-998.312
-984.331
-972.445
-962.77
-955.417
-950.498
-948.119
-918.031
-921.281
-927.343
-936.044
-947.192
-960.582
-976.009
-993.271
-1012.17
-1032.51
-1054.11
-1076.81
-1100.53
-1125.17
-1150.7
-1176.9
-1203.4
-1229.67
-1254.97
-1278.31
-1298.24
-1312.09
-1317.26
-1316.4
-1314.67
-1314.21
-1314.79
-1316.65
-1317.51
-1312.11
-1297.98
-1277.86
-1254.39
-1228.99
-1202.66
-1176.13
-1149.92
-1124.41
-1099.79
-1076.12
-1053.48
-1031.97
-1011.75
-993.023
-975.972
-960.808
-947.737
-936.966
-928.7
-923.131
-920.426
-920.719
-923.988
-930.091
-938.854
-950.083
-963.573
-979.115
-996.505
-1015.54
-1036.02
-1057.76
-1080.61
-1104.47
-1129.27
-1154.95
-1181.26
-1207.81
-1234.03
-1259.14
-1282.09
-1301.3
-1313.83
-1317.63
-1316.2
-1314.54
-1314.2
-1314.92
-1316.78
-1316.89
-1310.04
-1294.7
-1273.94
-1250.13
-1224.57
-1198.21
-1171.74
-1145.65
-1120.29
-1095.82
-1072.3
-1049.8
-1028.44
-1008.36
-989.768
-972.847
-957.8
-944.83
-934.143
-925.942
-920.417
-917.736
-890.225
-893.908
-900.75
-910.505
-922.885
-937.584
-954.299
-972.743
-992.667
-1013.86
-1036.16
-1059.47
-1083.75
-1109.02
-1135.29
-1162.41
-1190.04
-1217.66
-1244.54
-1269.62
-1291.51
-1307.94
-1315.55
-1314.45
-1310.82
-1309.36
-1311.04
-1314.82
-1315.79
-1307.88
-1291.18
-1269.12
-1243.9
-1216.94
-1189.25
-1161.59
-1134.45
-1108.17
-1082.91
-1058.64
-1035.34
-1013.09
-991.976
-972.181
-953.922
-937.461
-923.089
-911.114
-901.843
-895.557
-892.493
-892.826
-896.526
-903.407
-913.221
-925.679
-940.475
-957.301
-975.873
-995.935
-1017.28
-1039.74
-1063.22
-1087.69
-1113.15
-1139.62
-1166.91
-1194.63
-1222.25
-1248.98
-1273.71
-1294.94
-1310.19
-1316.12
-1314.04
-1310.45
-1309.39
-1311.44
-1315.1
-1314.87
-1305.31
-1287.56
-1264.91
-1239.38
-1212.29
-1184.63
-1157.07
-1130.1
-1104.02
-1078.96
-1054.86
-1031.74
-1009.64
-988.682
-969.025
-950.894
-934.546
-920.273
-908.379
-899.171
-892.929
-889.889
-864.455
-868.665
-876.461
-887.512
-901.419
-917.756
-936.1
-956.07
-977.341
-999.669
-1022.9
-1046.97
-1071.89
-1097.77
-1124.72
-1152.62
-1181.19
-1209.96
-1238.23
-1264.95
-1288.71
-1307.59
-1318.82
-1320.95
-1318.27
-1316.73
-1318.52
-1321.27
-1318.94
-1307.42
-1288.32
-1264.38
-1237.54
-1209.18
-1180.34
-1151.72
-1123.79
-1096.81
-1070.9
-1045.93
-1021.84
-998.597
-976.299
-955.113
-935.301
-917.2
-901.204
-887.739
-877.232
-870.07
-866.57
-866.951
-871.178
-879.011
-890.118
-904.101
-920.531
-938.986
-959.081
-980.494
-1002.98
-1026.39
-1050.65
-1075.79
-1101.89
-1129.09
-1157.2
-1185.92
-1214.74
-1242.9
-1269.31
-1292.47
-1310.33
-1320.04
-1320.88
-1317.93
-1316.76
-1318.87
-1321.14
-1317.36
-1304.4
-1284.38
-1259.91
-1232.79
-1204.36
-1175.59
-1147.13
-1119.41
-1092.67
-1066.99
-1042.23
-1018.33
-995.258
-973.114
-952.069
-932.383
-914.393
-898.493
-885.108
-874.663
-867.545
-864.07
-840.003
-844.853
-853.813
-866.449
-882.238
-900.61
-921.004
-942.916
-965.929
-989.745
-1014.19
-1039.23
-1064.94
-1091.47
-1119.05
-1147.6
-1176.93
-1206.63
-1236.04
-1264.16
-1289.66
-1310.78
-1325.4
-1331.99
-1332.58
-1331.99
-1332.76
-1332.16
-1325.37
-1310.5
-1289.18
-1263.53
-1235.28
-1205.79
-1176.01
-1146.62
-1118.01
-1090.37
-1063.75
-1037.95
-1012.82
-988.299
-964.454
-941.478
-919.694
-899.535
-881.523
-866.224
-854.205
-845.977
-841.949
-842.388
-847.253
-856.248
-868.939
-884.802
-903.265
-923.768
-945.805
-968.962
-992.941
-1017.58
-1042.83
-1068.77
-1095.57
-1123.42
-1152.22
-1181.74
-1211.53
-1240.89
-1268.75
-1293.71
-1313.95
-1327.3
-1332.59
-1332.54
-1331.99
-1332.71
-1331.32
-1323.16
-1307.09
-1284.96
-1258.83
-1230.37
-1200.84
-1171.18
-1141.99
-1113.63
-1086.27
-1059.91
-1034.34
-1009.41
-985.07
-961.383
-938.547
-916.887
-896.839
-878.921
-863.702
-851.745
-843.562
-839.559
-816.139
-821.748
-832.094
-846.63
-864.685
-885.524
-908.426
-932.74
-957.936
-983.639
-1009.65
-1035.92
-1062.59
-1089.89
-1118.07
-1147.16
-1177.06
-1207.44
-1237.7
-1266.91
-1293.81
-1316.82
-1334.2
-1344.6
-1348.72
-1349.49
-1348.79
-1344.61
-1334.02
-1316.44
-1293.25
-1266.21
-1236.88
-1206.53
-1176.06
-1146.07
-1116.88
-1088.59
-1061.16
-1034.34
-1007.89
-981.741
-955.943
-930.733
-906.514
-883.843
-863.389
-845.883
-832.054
-822.556
-817.901
-818.409
-824.032
-834.412
-849.003
-867.131
-888.061
-911.071
-935.509
-960.848
-986.717
-1012.92
-1039.42
-1066.34
-1093.93
-1122.4
-1151.77
-1181.9
-1212.41
-1242.66
-1271.67
-1298.09
-1320.33
-1336.62
-1345.83
-1349.07
-1349.45
-1348.28
-1343.13
-1331.33
-1312.72
-1288.82
-1261.36
-1231.86
-1201.52
-1171.21
-1141.46
-1112.55
-1084.55
-1057.4
-1030.82
-1004.59
-978.622
-952.983
-927.912
-903.817
-881.254
-860.895
-843.469
-829.704
-820.252
-815.624
-792.211
-798.699
-810.653
-827.402
-848.106
-871.848
-897.721
-924.906
-952.739
-980.75
-1008.68
-1036.5
-1064.35
-1092.53
-1121.33
-1150.88
-1181.18
-1211.99
-1242.79
-1272.7
-1300.57
-1324.95
-1344.29
-1357.39
-1364.19
-1366.09
-1364.17
-1357.27
-1343.99
-1324.46
-1299.92
-1271.92
-1241.89
-1211
-1180.09
-1149.67
-1119.97
-1091.01
-1062.63
-1034.55
-1006.48
-978.322
-950.144
-922.24
-895.118
-869.474
-846.15
-826.065
-810.129
-799.158
-793.779
-794.366
-800.867
-812.856
-829.66
-850.438
-874.271
-900.251
-927.56
-955.536
-983.713
-1011.84
-1039.89
-1068
-1096.48
-1125.59
-1155.44
-1185.99
-1216.97
-1247.79
-1277.54
-1304.99
-1328.68
-1347.07
-1359.06
-1364.86
-1366.01
-1363.3
-1355.35
-1340.98
-1320.54
-1295.37
-1267
-1236.84
-1206
-1175.27
-1145.11
-1115.71
-1087.05
-1058.96
-1031.13
-1003.28
-975.307
-947.287
-919.522
-892.522
-866.987
-843.76
-823.757
-807.887
-796.965
-791.615
-767.688
-775.167
-788.937
-808.188
-831.898
-858.946
-888.224
-918.726
-949.635
-980.37
-1010.61
-1040.28
-1069.55
-1098.76
-1128.22
-1158.19
-1188.75
-1219.75
-1250.74
-1280.94
-1309.29
-1334.45
-1354.96
-1369.71
-1378.2
-1380.85
-1378.11
-1369.48
-1354.56
-1333.88
-1308.57
-1280.09
-1249.77
-1218.67
-1187.54
-1156.83
-1126.67
-1096.97
-1067.49
-1037.9
-1007.89
-977.339
-946.36
-915.321
-884.849
-855.801
-829.21
-806.199
-787.881
-775.246
-769.052
-769.728
-777.219
-791.025
-810.333
-834.119
-861.261
-890.648
-921.275
-952.326
-983.226
-1013.66
-1043.56
-1073.09
-1102.6
-1132.37
-1162.65
-1193.48
-1224.66
-1255.7
-1285.77
-1313.76
-1338.28
-1357.92
-1371.63
-1379.06
-1380.75
-1377.02
-1367.32
-1351.38
-1329.87
-1303.98
-1275.18
-1244.76
-1213.74
-1182.81
-1152.36
-1122.51
-1093.12
-1063.93
-1034.59
-1004.79
-974.419
-943.596
-912.694
-882.344
-853.408
-826.917
-803.993
-785.745
-773.163
-767.002
-742.162
-750.728
-766.494
-788.495
-815.512
-846.208
-879.263
-913.472
-947.851
-981.694
-1014.59
-1046.44
-1077.39
-1107.78
-1137.98
-1168.36
-1199.09
-1230.05
-1260.91
-1290.97
-1319.26
-1344.56
-1365.57
-1381.16
-1390.59
-1393.67
-1390.45
-1380.86
-1365.1
-1343.92
-1318.47
-1290.04
-1259.85
-1228.86
-1197.75
-1166.82
-1136.19
-1105.68
-1074.93
-1043.57
-1011.29
-977.99
-943.825
-909.256
-875.046
-842.224
-812.031
-785.802
-764.864
-750.401
-743.311
-744.086
-752.665
-768.468
-790.529
-817.627
-848.421
-881.589
-915.924
-950.446
-984.451
-1017.54
-1049.61
-1080.81
-1111.49
-1141.99
-1172.69
-1203.68
-1234.83
-1265.74
-1295.69
-1323.65
-1348.38
-1368.6
-1383.21
-1391.56
-1393.55
-1389.24
-1378.59
-1361.87
-1339.93
-1313.95
-1285.24
-1254.97
-1224.07
-1193.15
-1162.48
-1132.16
-1101.96
-1071.48
-1040.36
-1008.28
-975.155
-941.142
-906.71
-872.624
-839.919
-809.831
-783.695
-762.834
-748.429
-741.375
-715.325
-725.062
-742.965
-767.902
-798.443
-833.032
-870.143
-908.357
-946.519
-983.794
-1019.68
-1054
-1086.87
-1118.62
-1149.64
-1180.39
-1211.13
-1241.87
-1272.32
-1301.91
-1329.76
-1354.76
-1375.73
-1391.55
-1401.35
-1404.62
-1401.17
-1391.2
-1375.19
-1354.05
-1328.89
-1300.9
-1271.17
-1240.55
-1209.63
-1178.64
-1147.58
-1116.17
-1083.96
-1050.58
-1015.74
-979.36
-941.685
-903.276
-865.033
-828.162
-794.123
-764.462
-740.727
-724.303
-716.249
-717.13
-726.88
-744.824
-769.825
-800.453
-835.147
-872.379
-910.722
-949.028
-986.462
-1022.53
-1057.06
-1090.17
-1122.19
-1153.5
-1184.54
-1215.54
-1246.45
-1276.97
-1306.46
-1334
-1358.48
-1378.71
-1393.61
-1402.35
-1404.49
-1399.93
-1388.91
-1372.01
-1350.18
-1324.54
-1296.29
-1266.48
-1235.95
-1205.21
-1174.48
-1143.71
-1112.58
-1080.62
-1047.46
-1012.81
-976.598
-939.072
-900.8
-862.684
-825.938
-792.014
-762.454
-738.803
-722.444
-714.429
-686.95
-697.928
-718.063
-746.04
-780.213
-818.804
-860.065
-902.409
-944.522
-985.434
-1024.53
-1061.57
-1096.59
-1129.88
-1161.87
-1193.07
-1223.83
-1254.25
-1284.15
-1313.03
-1340.13
-1364.47
-1384.99
-1400.59
-1410.37
-1413.66
-1410.17
-1400.2
-1384.4
-1363.71
-1339.19
-1311.93
-1282.88
-1252.79
-1222.13
-1191.07
-1159.49
-1127.03
-1093.19
-1057.56
-1019.91
-980.23
-938.847
-896.435
-854.036
-813.023
-775.031
-741.83
-715.193
-696.717
-687.635
-688.631
-699.623
-719.804
-747.851
-782.119
-820.823
-862.21
-904.69
-946.951
-988.021
-1027.3
-1064.53
-1099.77
-1133.29
-1165.55
-1197.01
-1228.01
-1258.59
-1288.54
-1317.33
-1344.16
-1368.03
-1387.85
-1402.59
-1411.35
-1413.53
-1408.95
-1397.98
-1381.35
-1360.01
-1335.06
-1307.55
-1278.44
-1248.42
-1217.94
-1187.11
-1155.78
-1123.58
-1089.95
-1054.52
-1017.05
-977.532
-936.297
-894.025
-851.761
-810.88
-773.011
-739.922
-713.379
-694.974
-685.937
-656.821
-669.044
-691.398
-722.372
-760.119
-802.654
-848.04
-894.525
-940.651
-985.314
-1027.8
-1067.74
-1105.12
-1140.14
-1173.27
-1205.06
-1235.94
-1266.06
-1295.33
-1323.37
-1349.54
-1372.99
-1392.76
-1407.85
-1417.35
-1420.55
-1417.13
-1407.42
-1392.12
-1372.17
-1348.53
-1322.17
-1293.93
-1264.42
-1234.01
-1202.77
-1170.52
-1136.84
-1101.18
-1063.1
-1022.45
-979.317
-934.12
-887.654
-841.094
-795.968
-754.08
-717.395
-687.892
-667.372
-657.256
-658.371
-670.61
-693.013
-724.066
-761.916
-804.574
-850.097
-896.727
-943.005
-987.827
-1030.48
-1070.61
-1108.18
-1143.4
-1176.76
-1208.79
-1239.86
-1270.13
-1299.44
-1327.39
-1353.31
-1376.32
-1395.46
-1409.74
-1418.28
-1420.43
-1415.97
-1405.32
-1389.25
-1368.7
-1344.66
-1318.07
-1289.76
-1260.31
-1230.05
-1199.02
-1166.99
-1133.53
-1098.04
-1060.14
-1019.66
-976.675
-931.626
-885.306
-838.892
-793.908
-752.155
-715.593
-686.193
-665.753
-655.688
-624.768
-638.171
-662.608
-696.387
-737.476
-783.718
-833.017
-883.48
-933.522
-981.922
-1027.84
-1070.83
-1110.73
-1147.67
-1182.14
-1214.72
-1245.87
-1275.8
-1304.5
-1331.69
-1356.87
-1379.31
-1398.18
-1412.57
-1421.64
-1424.7
-1421.4
-1412.1
-1397.49
-1378.42
-1355.77
-1330.37
-1302.93
-1273.95
-1243.67
-1212.1
-1178.99
-1143.88
-1106.21
-1065.52
-1021.77
-975.129
-926.148
-875.735
-825.188
-776.167
-730.619
-690.674
-658.487
-636.045
-624.949
-626.177
-639.597
-664.088
-697.955
-739.158
-785.535
-834.983
-885.602
-935.804
-984.364
-1030.45
-1073.6
-1113.67
-1150.78
-1185.44
-1218.23
-1249.54
-1279.58
-1308.31
-1335.41
-1360.35
-1382.38
-1400.67
-1414.32
-1422.51
-1424.59
-1420.32
-1410.16
-1394.83
-1375.21
-1352.19
-1326.58
-1299.06
-1270.12
-1239.96
-1208.55
-1175.62
-1140.7
-1103.17
-1062.64
-1019.03
-972.538
-923.709
-873.45
-823.061
-774.195
-728.797
-688.987
-656.914
-634.56
-623.519
-590.674
-605.114
-631.368
-667.585
-711.581
-761.069
-813.839
-867.894
-921.55
-973.484
-1022.75
-1068.78
-1111.3
-1150.31
-1186.34
-1219.94
-1251.57
-1281.51
-1309.79
-1336.26
-1360.5
-1381.94
-1399.87
-1413.5
-1422.09
-1424.98
-1421.83
-1413
-1399.13
-1380.97
-1359.29
-1334.79
-1308.04
-1279.41
-1249.07
-1216.95
-1182.74
-1146.01
-1106.18
-1062.81
-1015.95
-965.925
-913.381
-859.339
-805.203
-752.733
-703.984
-661.204
-626.682
-602.562
-590.601
-591.93
-606.39
-632.703
-669.016
-713.138
-762.775
-815.708
-869.932
-923.757
-975.856
-1025.28
-1071.46
-1114.13
-1153.28
-1189.47
-1223.23
-1255
-1285.01
-1313.3
-1339.66
-1363.68
-1384.74
-1402.14
-1415.1
-1422.88
-1424.87
-1420.84
-1411.22
-1396.7
-1378.04
-1356.01
-1331.3
-1304.46
-1275.85
-1245.6
-1213.59
-1179.54
-1142.94
-1103.23
-1059.99
-1013.26
-963.386
-910.999
-857.123
-803.159
-750.861
-702.276
-659.644
-625.248
-601.222
-589.322
-554.47
-569.723
-597.381
-635.468
-681.702
-733.717
-789.241
-846.225
-902.923
-957.939
-1010.24
-1059.13
-1104.23
-1145.39
-1183.13
-1217.98
-1250.35
-1280.55
-1308.66
-1334.6
-1358.08
-1378.65
-1395.72
-1408.64
-1416.74
-1419.46
-1416.46
-1408.09
-1394.91
-1377.58
-1356.74
-1332.96
-1306.68
-1278.17
-1247.51
-1214.58
-1179.07
-1140.56
-1098.52
-1052.52
-1002.77
-949.688
-894.053
-836.973
-779.924
-724.725
-673.489
-628.526
-592.211
-566.79
-554.151
-555.561
-570.834
-598.557
-636.749
-683.122
-735.299
-791.002
-848.169
-905.049
-960.237
-1012.69
-1061.73
-1106.96
-1148.23
-1186.1
-1221.07
-1253.55
-1283.79
-1311.88
-1337.71
-1360.97
-1381.19
-1397.78
-1410.08
-1417.46
-1419.36
-1415.56
-1406.48
-1392.71
-1374.91
-1353.75
-1329.76
-1303.38
-1274.86
-1244.25
-1211.4
-1176
-1137.59
-1095.64
-1049.76
-1000.13
-947.206
-891.739
-834.84
-777.979
-722.968
-671.91
-627.109
-590.929
-565.611
-553.037
-516.133
-531.882
-560.373
-599.551
-647.094
-700.622
-757.868
-816.784
-875.617
-932.936
-987.642
-1038.95
-1086.35
-1129.57
-1169.08
-1205.31
-1238.65
-1269.36
-1297.58
-1323.27
-1346.24
-1366.14
-1382.51
-1394.82
-1402.51
-1405.08
-1402.21
-1394.22
-1381.62
-1364.95
-1344.73
-1321.42
-1295.34
-1266.68
-1235.44
-1201.49
-1164.55
-1124.23
-1080.1
-1031.78
-979.599
-924.121
-866.199
-807.008
-748.052
-691.159
-638.438
-592.199
-554.833
-528.636
-515.579
-517.041
-532.814
-561.374
-600.665
-648.357
-702.062
-759.501
-818.617
-877.645
-935.146
-990.013
-1041.45
-1088.96
-1132.29
-1171.91
-1208.24
-1241.64
-1272.37
-1300.54
-1326.11
-1348.86
-1368.43
-1384.36
-1396.12
-1403.16
-1404.98
-1401.39
-1392.76
-1379.63
-1362.53
-1342
-1318.49
-1292.29
-1263.59
-1232.37
-1198.47
-1161.6
-1121.36
-1077.3
-1029.08
-977.031
-921.713
-863.973
-804.979
-746.228
-689.539
-637.011
-590.945
-553.724
-527.635
-514.646
-475.68
-491.52
-520.108
-559.375
-607.024
-660.736
-718.315
-777.786
-837.443
-895.874
-951.958
-1004.85
-1053.94
-1098.83
-1139.91
-1177.49
-1211.86
-1243.25
-1271.79
-1297.47
-1320.18
-1339.65
-1355.53
-1367.38
-1374.75
-1377.19
-1374.41
-1366.72
-1354.54
-1338.32
-1318.49
-1295.4
-1269.28
-1240.25
-1208.29
-1173.27
-1134.95
-1093.05
-1047.25
-997.251
-943.512
-886.691
-827.699
-767.724
-708.248
-651.045
-598.152
-551.807
-514.348
-488.051
-474.912
-476.388
-492.253
-520.915
-560.301
-608.108
-662.008
-719.794
-779.48
-839.347
-897.972
-954.225
-1007.25
-1056.42
-1101.44
-1142.62
-1180.27
-1214.67
-1246.06
-1274.53
-1300.08
-1322.57
-1341.73
-1357.2
-1368.55
-1375.32
-1377.1
-1373.67
-1365.4
-1352.73
-1336.12
-1316
-1292.7
-1266.45
-1237.35
-1205.38
-1170.38
-1132.11
-1090.27
-1044.53
-994.637
-941.039
-884.391
-825.596
-765.835
-706.579
-649.594
-596.905
-550.742
-513.433
-487.248
-474.179
-433.168
-448.601
-476.394
-514.529
-560.81
-613.054
-669.209
-727.441
-786.156
-844.022
-899.951
-953.082
-1002.75
-1048.53
-1090.59
-1129.12
-1164.29
-1196.27
-1225.14
-1250.91
-1273.49
-1292.68
-1308.21
-1319.73
-1326.85
-1329.19
-1326.48
-1318.99
-1307.12
-1291.21
-1271.63
-1248.62
-1222.37
-1192.97
-1160.39
-1124.55
-1085.29
-1042.43
-995.82
-945.278
-891.351
-834.749
-776.385
-717.405
-659.206
-603.44
-552.002
-506.986
-470.599
-445.022
-432.214
-433.658
-449.117
-476.986
-515.243
-561.688
-614.126
-670.498
-728.954
-787.894
-845.969
-902.082
-955.361
-1005.13
-1051.02
-1093.17
-1131.75
-1166.94
-1198.89
-1227.68
-1253.31
-1275.67
-1294.57
-1309.72
-1320.78
-1327.37
-1329.11
-1325.8
-1317.8
-1305.47
-1289.2
-1269.33
-1246.11
-1219.73
-1190.24
-1157.64
-1121.8
-1082.58
-1039.77
-993.223
-942.795
-889.023
-832.609
-774.457
-715.704
-657.737
-602.197
-550.969
-506.138
-469.903
-444.439
-431.7
-388.745
-403.194
-429.158
-464.744
-507.933
-556.749
-609.361
-664.136
-719.663
-774.752
-828.416
-879.846
-928.387
-973.615
-1015.48
-1054.01
-1089.24
-1121.26
-1150.09
-1175.7
-1198.01
-1216.86
-1232.02
-1243.21
-1250.1
-1252.35
-1249.7
-1242.42
-1230.84
-1215.27
-1196
-1173.23
-1147.12
-1117.75
-1085.14
-1049.25
-1010.02
-967.42
-921.457
-872.126
-819.994
-765.75
-710.244
-654.512
-599.8
-547.573
-499.516
-457.505
-423.541
-399.637
-387.639
-388.995
-403.471
-429.51
-465.217
-508.568
-557.579
-610.409
-665.414
-721.173
-776.484
-830.347
-881.946
-930.617
-975.957
-1017.91
-1056.48
-1091.72
-1123.7
-1152.44
-1177.9
-1200
-1218.58
-1233.39
-1244.16
-1250.56
-1252.27
-1249.08
-1241.33
-1229.34
-1213.44
-1193.89
-1170.92
-1144.66
-1115.2
-1082.55
-1046.66
-1007.46
-964.927
-919.047
-869.849
-817.888
-763.846
-708.562
-653.065
-598.588
-546.587
-498.738
-456.909
-423.093
-399.298
-387.366
-342.473
-355.303
-378.3
-409.773
-447.957
-491.151
-537.803
-586.545
-636.205
-685.797
-734.502
-781.642
-826.659
-869.171
-908.921
-945.766
-979.635
-1010.49
-1038.29
-1062.97
-1084.42
-1102.49
-1116.97
-1127.63
-1134.17
-1136.3
-1133.76
-1126.81
-1115.75
-1100.85
-1082.35
-1060.44
-1035.27
-1006.94
-975.523
-941.05
-903.574
-863.184
-820.059
-774.392
-726.679
-677.507
-627.588
-577.782
-529.119
-482.819
-440.298
-403.148
-373.098
-351.914
-341.254
-342.463
-355.318
-378.387
-409.974
-448.311
-491.69
-538.551
-587.517
-637.406
-687.223
-736.139
-783.467
-828.639
-871.276
-911.115
-948.01
-981.887
-1012.71
-1040.42
-1064.96
-1086.22
-1104.03
-1118.19
-1128.47
-1134.59
-1136.23
-1133.2
-1125.83
-1114.4
-1099.2
-1080.45
-1058.35
-1033.04
-1004.63
-973.165
-938.696
-901.264
-860.955
-817.945
-772.432
-724.903
-675.94
-626.244
-576.667
-528.23
-482.146
-439.82
-402.84
-372.927
-351.843
-341.244
-294.333
-304.879
-323.725
-349.456
-380.627
-415.876
-453.98
-493.88
-534.69
-575.676
-616.245
-655.921
-694.325
-731.196
-766.092
-798.739
-828.964
-856.646
-881.679
-903.949
-923.323
-939.64
-952.711
-962.32
-968.22
-970.133
-967.82
-961.53
-951.534
-938.07
-921.347
-901.551
-878.836
-853.334
-825.158
-794.418
-761.247
-725.836
-688.494
-649.616
-609.521
-568.608
-527.382
-486.47
-446.64
-408.821
-374.111
-343.77
-319.188
-301.817
-293.047
-294.046
-304.615
-323.523
-349.354
-380.66
-416.073
-454.362
-494.466
-535.487
-576.687
-617.464
-657.336
-695.92
-732.93
-767.925
-800.632
-830.877
-858.535
-883.497
-905.649
-924.854
-940.952
-953.753
-963.041
-968.572
-970.065
-967.342
-960.691
-950.381
-936.653
-919.717
-899.756
-876.926
-851.356
-823.156
-792.435
-759.324
-724.017
-686.825
-648.117
-608.209
-567.497
-526.479
-485.775
-446.148
-408.519
-373.981
-343.786
-319.322
-302.036
-293.318
-249.684
-257.192
-270.53
-288.64
-310.471
-335.053
-361.541
-389.229
-417.549
-446.06
-474.435
-502.459
-530.014
-557.042
-582.988
-607.522
-630.436
-651.576
-670.81
-688.008
-703.032
-715.727
-725.925
-733.44
-738.066
-739.566
-737.734
-732.786
-724.952
-714.434
-701.413
-686.054
-668.507
-648.912
-627.399
-604.103
-579.187
-552.877
-525.526
-497.695
-469.407
-440.799
-412.115
-383.705
-356.04
-329.721
-305.484
-284.206
-266.88
-254.568
-248.318
-249.034
-256.56
-269.948
-288.137
-310.073
-334.783
-361.419
-389.271
-417.766
-446.458
-475.02
-503.233
-530.979
-558.153
-584.208
-608.818
-631.773
-652.917
-672.118
-689.244
-704.154
-716.695
-726.699
-733.979
-738.332
-739.516
-737.376
-732.16
-724.098
-713.391
-700.22
-684.751
-667.135
-647.509
-626.002
-602.75
-577.916
-551.73
-524.564
-496.9
-468.782
-440.349
-411.837
-383.596
-356.092
-329.921
-305.817
-284.651
-267.415
-255.168
-248.956
-169.79
-174.299
-182.268
-193.033
-205.946
-220.422
-235.963
-252.17
-268.736
-285.445
-302.174
-318.901
-335.732
-352.814
-369.539
-385.584
-400.747
-414.878
-427.848
-439.53
-449.794
-458.508
-465.532
-470.721
-473.921
-474.959
-473.685
-470.256
-464.843
-457.596
-448.659
-438.168
-426.257
-413.054
-398.686
-383.288
-367.016
-350.081
-332.828
-315.899
-299.048
-282.194
-265.381
-248.753
-232.545
-217.085
-202.796
-190.194
-179.882
-172.518
-168.76
-169.193
-173.714
-181.715
-192.53
-205.51
-220.068
-235.706
-252.019
-268.701
-285.534
-302.397
-319.271
-336.271
-353.475
-370.292
-386.403
-401.607
-415.754
-428.711
-440.351
-450.545
-459.158
-466.053
-471.085
-474.101
-474.925
-473.442
-469.833
-464.268
-456.896
-447.862
-437.304
-425.354
-412.141
-397.791
-382.438
-366.239
-349.415
-332.332
-315.542
-298.818
-282.085
-265.387
-248.869
-232.765
-217.4
-203.194
-190.663
-180.408
-173.084
-169.351
-253.996
-251.827
-247.569
-241.18
-232.695
-222.225
-209.948
-196.1
-180.96
-164.843
-148.097
-131.123
-114.445
-98.6917
-83.646
-69.3924
-56.0774
-43.849
-32.8394
-23.1596
-14.8975
-8.11762
-2.86129
0.853162
3.03146
3.70843
2.93217
0.65162
-3.1657
-8.52361
-15.4019
-23.7573
-33.5229
-44.6083
-56.8998
-70.2621
-84.5449
-99.6011
-115.352
-132.048
-148.945
-165.545
-181.457
-196.339
-209.878
-221.803
-231.887
-239.961
-245.93
-249.772
-251.543
-251.36
-249.196
-244.945
-238.565
-230.091
-219.637
-207.381
-193.56
-178.457
-162.388
-145.708
-128.828
-112.295
-96.6644
-81.7453
-67.6292
-54.464
-42.3971
-31.5596
-22.061
-13.9871
-7.40013
-2.33901
1.1806
3.1676
3.66133
2.69965
0.226512
-3.7864
-9.33986
-16.411
-24.9542
-34.9002
-46.1566
-58.6082
-72.1192
-86.5405
-101.731
-117.639
-134.449
-151.422
-168.076
-184.028
-198.938
-212.497
-224.435
-234.525
-242.603
-248.573
-252.414
-254.182
)
;

boundaryField
{
    top
    {
        type            fixedValue;
        value           uniform 0;
    }
    bottom
    {
        type            fixedFluxPressure;
        gradient        nonuniform List<scalar> 
102
(
0
0
0
0
0
0
0
0
0
0
0
0
0
0
0
0
0
0
0
0
0
0
0
0
0
0
0
0
0
0
0
0
0
0
0
0
0
0
0
0
0
0
0
0
0
0
0
0
0
0
0
0
0
0
0
0
0
0
0
0
0
0
0
0
0
0
0
0
0
0
0
0
0
0
0
0
0
0
0
0
0
0
0
0
0
0
0
0
0
0
0
0
0
0
0
0
0
0
0
0
0
-2.07852e-14
)
;
        value           nonuniform List<scalar> 
102
(
-966.208
-970.245
-977.729
-988.255
-1001.25
-1016.09
-1032.35
-1050.29
-1071.13
-1096.49
-1127.11
-1162.14
-1199.93
-1238.77
-1276.9
-1312.68
-1344.8
-1372.46
-1394.78
-1410.87
-1421.15
-1426.64
-1428.75
-1429.01
-1428.65
-1428.42
-1428.57
-1428.83
-1428.43
-1426.13
-1420.39
-1409.8
-1393.36
-1370.71
-1342.74
-1310.34
-1274.35
-1236.11
-1197.34
-1159.78
-1125.14
-1095.06
-1070.2
-1049.71
-1032.05
-1016.08
-1001.62
-989.125
-979.202
-972.399
-969.089
-969.457
-973.479
-980.936
-991.417
-1004.35
-1019.12
-1035.38
-1053.48
-1074.71
-1100.6
-1131.69
-1167.03
-1204.98
-1243.8
-1281.72
-1317.1
-1348.68
-1375.68
-1397.15
-1412.35
-1421.89
-1426.82
-1428.62
-1428.79
-1428.51
-1428.42
-1428.7
-1429
-1428.48
-1425.81
-1419.47
-1408.1
-1390.76
-1367.28
-1338.68
-1305.75
-1269.39
-1230.98
-1192.23
-1154.86
-1120.58
-1091
-1066.66
-1046.52
-1028.98
-1012.99
-998.475
-985.922
-975.965
-969.147
-965.835
)
;
    }
    frontAndBack
    {
        type            empty;
    }
    left_cyc
    {
        type            cyclic;
    }
    right_cyc
    {
        type            cyclic;
    }
}


// ************************************************************************* //
