/*--------------------------------*- C++ -*----------------------------------*\
| =========                 |                                                 |
| \\      /  F ield         | OpenFOAM: The Open Source CFD Toolbox           |
|  \\    /   O peration     | Version:  2.3.0                                 |
|   \\  /    A nd           | Web:      www.OpenFOAM.org                      |
|    \\/     M anipulation  |                                                 |
\*---------------------------------------------------------------------------*/
FoamFile
{
    version     2.0;
    format      ascii;
    class       surfaceScalarField;
    location    "18000";
    object      phi;
}
// * * * * * * * * * * * * * * * * * * * * * * * * * * * * * * * * * * * * * //

dimensions      [0 3 -1 0 0 0 0];

internalField   nonuniform List<scalar> 
5988
(
3.61095e-08
-3.17968e-08
6.73596e-08
-3.12501e-08
9.76032e-08
-3.02436e-08
1.26413e-07
-2.88102e-08
1.53405e-07
-2.6992e-08
1.78244e-07
-2.48388e-08
2.00648e-07
-2.24041e-08
2.20386e-07
-1.97373e-08
2.37254e-07
-1.68683e-08
2.51042e-07
-1.37879e-08
2.61472e-07
-1.04302e-08
2.68144e-07
-6.67219e-09
2.70501e-07
-2.35679e-09
2.67854e-07
2.64737e-09
2.59515e-07
8.33837e-09
2.45069e-07
1.44461e-08
2.24648e-07
2.04215e-08
1.99049e-07
2.55983e-08
1.69829e-07
2.92205e-08
1.39019e-07
3.081e-08
1.08563e-07
3.04564e-08
8.0005e-08
2.85576e-08
5.40886e-08
2.59164e-08
3.06649e-08
2.34237e-08
8.92544e-09
2.17395e-08
-1.22841e-08
2.12096e-08
-3.42111e-08
2.1927e-08
-5.79744e-08
2.37633e-08
-8.42995e-08
2.63251e-08
-1.13204e-07
2.8904e-08
-1.43801e-07
3.05976e-08
-1.74448e-07
3.06468e-08
-2.03164e-07
2.87162e-08
-2.27947e-07
2.47832e-08
-2.47356e-07
1.94082e-08
-2.60699e-07
1.33437e-08
-2.67943e-07
7.24401e-09
-2.6957e-07
1.62666e-09
-2.66286e-07
-3.28425e-09
-2.58766e-07
-7.51972e-09
-2.47544e-07
-1.12217e-08
-2.33001e-07
-1.45436e-08
-2.15402e-07
-1.75982e-08
-1.94963e-07
-2.04396e-08
-1.71895e-07
-2.3068e-08
-1.46447e-07
-2.54482e-08
-1.18917e-07
-2.75295e-08
-8.9658e-08
-2.92591e-08
-5.90689e-08
-3.05891e-08
-2.75893e-08
-3.14796e-08
4.31115e-09
-3.19005e-08
3.61455e-08
-3.18343e-08
6.74298e-08
-3.12843e-08
9.77017e-08
-3.02719e-08
1.26532e-07
-2.88298e-08
1.53532e-07
-2.70003e-08
1.78365e-07
-2.4833e-08
2.00746e-07
-2.23812e-08
2.20439e-07
-1.96929e-08
2.37235e-07
-1.67958e-08
2.50912e-07
-1.36769e-08
2.61177e-07
-1.02655e-08
2.67612e-07
-6.43523e-09
2.69641e-07
-2.02865e-09
2.66563e-07
3.07764e-09
2.57704e-07
8.85921e-09
2.42693e-07
1.50114e-08
2.21734e-07
2.09585e-08
1.95715e-07
2.60198e-08
1.6627e-07
2.94449e-08
1.35449e-07
3.08208e-08
1.05174e-07
3.02747e-08
7.69178e-08
2.82563e-08
5.13211e-08
2.55967e-08
2.81468e-08
2.31743e-08
6.53246e-09
2.16143e-08
-1.46975e-08
2.123e-08
-3.67871e-08
2.20896e-08
-6.0826e-08
2.40389e-08
-8.7476e-08
2.665e-08
-1.16658e-07
2.91821e-08
-1.4739e-07
3.07323e-08
-1.77972e-07
3.05811e-08
-2.06405e-07
2.84333e-08
-2.30726e-07
2.43212e-08
-2.49581e-07
1.88553e-08
-2.62364e-07
1.27828e-08
-2.69108e-07
6.74365e-09
-2.70331e-07
1.2231e-09
-2.66744e-07
-3.58723e-09
-2.59007e-07
-7.73634e-09
-2.47636e-07
-1.13714e-08
-2.32992e-07
-1.46443e-08
-2.15328e-07
-1.76636e-08
-1.94849e-07
-2.0479e-08
-1.71762e-07
-2.30872e-08
-1.46311e-07
-2.54511e-08
-1.18792e-07
-2.7519e-08
-8.9554e-08
-2.92378e-08
-5.89945e-08
-3.05595e-08
-2.755e-08
-3.14445e-08
-3.18627e-08
5.45692e-08
-7.9861e-08
1.0225e-07
-7.89311e-08
1.49226e-07
-7.72189e-08
1.95199e-07
-7.47836e-08
2.39899e-07
-7.16916e-08
2.83055e-07
-6.79948e-08
3.24355e-07
-6.37051e-08
3.63394e-07
-5.87756e-08
3.99618e-07
-5.30923e-08
4.32305e-07
-4.64746e-08
4.60552e-07
-3.86777e-08
4.83273e-07
-2.93933e-08
4.99176e-07
-1.82594e-08
5.06735e-07
-4.91218e-09
5.04256e-07
1.08173e-08
4.90161e-07
2.85413e-08
4.63418e-07
4.71652e-08
4.24017e-07
6.49986e-08
3.73637e-07
7.96011e-08
3.15661e-07
8.87856e-08
2.54004e-07
9.21135e-08
1.92282e-07
9.02796e-08
1.32888e-07
8.531e-08
7.65315e-08
7.97803e-08
2.24919e-08
7.57791e-08
-3.07808e-08
7.44823e-08
-8.50737e-08
7.62199e-08
-1.41848e-07
8.05375e-08
-2.01634e-07
8.61115e-08
-2.63459e-07
9.07286e-08
-3.24685e-07
9.18235e-08
-3.81574e-07
8.75358e-08
-4.30232e-07
7.73741e-08
-4.67473e-07
6.20246e-08
-4.91931e-07
4.38658e-08
-5.03822e-07
2.52347e-08
-5.04299e-07
7.72192e-09
-4.94997e-07
-7.67539e-09
-4.77601e-07
-2.06801e-08
-4.53604e-07
-3.15171e-08
-4.24269e-07
-4.05569e-08
-3.90658e-07
-4.81544e-08
-3.53649e-07
-5.46076e-08
-3.13938e-07
-6.01506e-08
-2.72053e-07
-6.49531e-08
-2.28384e-07
-6.91171e-08
-1.83236e-07
-7.26779e-08
-1.3688e-07
-7.56148e-08
-8.95968e-08
-7.78722e-08
-4.16917e-08
-7.93847e-08
6.50674e-09
-8.00989e-08
5.46594e-08
-7.9987e-08
1.02428e-07
-7.90534e-08
1.4949e-07
-7.73338e-08
1.95547e-07
-7.48866e-08
2.40324e-07
-7.17769e-08
2.83544e-07
-6.80533e-08
3.24886e-07
-6.3723e-08
3.63926e-07
-5.87335e-08
4.00094e-07
-5.29638e-08
4.32645e-07
-4.6227e-08
4.60651e-07
-3.82715e-08
4.82998e-07
-2.87828e-08
4.98365e-07
-1.73958e-08
5.05197e-07
-3.75413e-09
5.01785e-07
1.22713e-08
4.86584e-07
3.02127e-08
4.58641e-07
4.8901e-08
4.18099e-07
6.6562e-08
3.66848e-07
8.06956e-08
3.08397e-07
8.92722e-08
2.46675e-07
9.19967e-08
1.85206e-07
8.97246e-08
1.26208e-07
8.45948e-08
7.02062e-08
7.91764e-08
1.63554e-08
7.54652e-08
-3.69486e-08
7.45339e-08
-9.14842e-08
7.66252e-08
-1.4864e-07
8.11948e-08
-2.08803e-07
8.68132e-08
-2.70809e-07
9.11883e-08
-3.31864e-07
9.17864e-08
-3.88168e-07
8.68853e-08
-4.35862e-07
7.6127e-08
-4.71925e-07
6.03847e-08
-4.95196e-07
4.21263e-08
-5.0602e-07
2.36063e-08
-5.05616e-07
6.34022e-09
-4.95638e-07
-8.7549e-09
-4.77752e-07
-2.14737e-08
-4.53417e-07
-3.20704e-08
-4.2387e-07
-4.09187e-08
-3.90146e-07
-4.83689e-08
-3.53097e-07
-5.47124e-08
-3.13399e-07
-6.01767e-08
-2.71561e-07
-6.49247e-08
-2.2796e-07
-6.90523e-08
-1.8289e-07
-7.25889e-08
-1.36619e-07
-7.55095e-08
-8.94222e-08
-7.7756e-08
-4.1605e-08
-7.92617e-08
-7.99727e-08
6.11491e-08
-1.33719e-07
1.14506e-07
-1.32288e-07
1.66924e-07
-1.29637e-07
2.17965e-07
-1.25824e-07
2.67186e-07
-1.20913e-07
3.14134e-07
-1.14942e-07
3.5833e-07
-1.07901e-07
3.99268e-07
-9.97142e-08
4.36421e-07
-9.02452e-08
4.6925e-07
-7.93039e-08
4.97235e-07
-6.66622e-08
5.19906e-07
-5.20649e-08
5.36891e-07
-3.52441e-08
5.47906e-07
-1.59274e-08
5.52519e-07
6.20469e-09
5.49459e-07
3.16018e-08
5.36104e-07
6.05199e-08
5.0924e-07
9.18625e-08
4.66564e-07
1.22277e-07
4.08276e-07
1.47073e-07
3.38141e-07
1.62248e-07
2.61852e-07
1.66569e-07
1.84065e-07
1.63097e-07
1.07226e-07
1.5662e-07
3.17359e-08
1.51269e-07
-4.32337e-08
1.49452e-07
-1.18864e-07
1.5185e-07
-1.95852e-07
1.57525e-07
-2.7352e-07
1.63779e-07
-3.49059e-07
1.66268e-07
-4.1753e-07
1.60294e-07
-4.73308e-07
1.43315e-07
-5.1319e-07
1.17256e-07
-5.37478e-07
8.63122e-08
-5.48736e-07
5.51236e-08
-5.50185e-07
2.66842e-08
-5.44243e-07
1.78001e-09
-5.31984e-07
-1.99344e-08
-5.1378e-07
-3.8884e-08
-4.89925e-07
-5.53719e-08
-4.60816e-07
-6.96664e-08
-4.26938e-07
-8.20329e-08
-3.88823e-07
-9.27224e-08
-3.47016e-07
-1.01958e-07
-3.02048e-07
-1.09921e-07
-2.54425e-07
-1.1674e-07
-2.04627e-07
-1.22476e-07
-1.53112e-07
-1.2713e-07
-1.00326e-07
-1.30659e-07
-4.67103e-08
-1.33e-07
7.29046e-09
-1.341e-07
6.12311e-08
-1.33928e-07
1.14666e-07
-1.32489e-07
1.67153e-07
-1.29821e-07
2.18249e-07
-1.25983e-07
2.67506e-07
-1.21034e-07
3.14461e-07
-1.15008e-07
3.58627e-07
-1.07889e-07
3.9949e-07
-9.95969e-08
4.36515e-07
-8.99883e-08
4.69156e-07
-7.88687e-08
4.96891e-07
-6.60064e-08
5.19253e-07
-5.11451e-08
5.35876e-07
-3.40181e-08
5.46476e-07
-1.43546e-08
5.50576e-07
8.17176e-09
5.46771e-07
3.40173e-08
5.32314e-07
6.3358e-08
5.04003e-07
9.48734e-08
4.59726e-07
1.24972e-07
4.0005e-07
1.48949e-07
3.29104e-07
1.62943e-07
2.5258e-07
1.66248e-07
1.74917e-07
1.62258e-07
9.83025e-08
1.55791e-07
2.29535e-08
1.50814e-07
-5.20404e-08
1.49528e-07
-1.27848e-07
1.52432e-07
-2.05056e-07
1.58403e-07
-2.82777e-07
1.64534e-07
-3.57941e-07
1.66352e-07
-4.25426e-07
1.59272e-07
-4.79715e-07
1.41174e-07
-5.18006e-07
1.14418e-07
-5.40926e-07
8.33042e-08
-5.51181e-07
5.2382e-08
-5.51964e-07
2.43892e-08
-5.45545e-07
-7.89917e-11
-5.32886e-07
-2.14133e-08
-5.14333e-07
-4.00273e-08
-4.90183e-07
-5.62203e-08
-4.60839e-07
-7.02625e-08
-4.26788e-07
-8.242e-08
-3.88559e-07
-9.29419e-08
-3.46688e-07
-1.02047e-07
-3.017e-07
-1.09913e-07
-2.54092e-07
-1.16661e-07
-2.04334e-07
-1.22346e-07
-1.52878e-07
-1.26966e-07
-1.00163e-07
-1.30471e-07
-4.66271e-08
-1.32798e-07
-1.33891e-07
6.39577e-08
-1.90049e-07
1.19644e-07
-1.87974e-07
1.74123e-07
-1.84116e-07
2.26838e-07
-1.78538e-07
2.77231e-07
-1.71307e-07
3.24754e-07
-1.62466e-07
3.68871e-07
-1.52018e-07
4.09066e-07
-1.3991e-07
4.44858e-07
-1.26036e-07
4.75805e-07
-1.10251e-07
5.01521e-07
-9.23789e-08
5.21685e-07
-7.22282e-08
5.36033e-07
-4.95927e-08
5.44337e-07
-2.42307e-08
5.4634e-07
4.20138e-09
5.41758e-07
3.61837e-08
5.30281e-07
7.19965e-08
5.11045e-07
1.11099e-07
4.81258e-07
1.52065e-07
4.36395e-07
1.91936e-07
3.74196e-07
2.24448e-07
2.97584e-07
2.43181e-07
2.1299e-07
2.47691e-07
1.25483e-07
2.44126e-07
3.73879e-08
2.39365e-07
-5.07174e-08
2.37557e-07
-1.3874e-07
2.39873e-07
-2.25916e-07
2.44702e-07
-3.09536e-07
2.47399e-07
-3.84128e-07
2.4086e-07
-4.43469e-07
2.19635e-07
-4.85507e-07
1.85353e-07
-5.13145e-07
1.44893e-07
-5.30835e-07
1.04002e-07
-5.40973e-07
6.52614e-08
-5.44253e-07
2.9965e-08
-5.40972e-07
-1.50144e-09
-5.31413e-07
-2.94935e-08
-5.15825e-07
-5.44722e-08
-4.94442e-07
-7.67547e-08
-4.67538e-07
-9.65699e-08
-4.35453e-07
-1.14118e-07
-3.98587e-07
-1.29588e-07
-3.57396e-07
-1.43148e-07
-3.12377e-07
-1.5494e-07
-2.64057e-07
-1.6506e-07
-2.12983e-07
-1.7355e-07
-1.59713e-07
-1.804e-07
-1.0481e-07
-1.85562e-07
-4.88407e-08
-1.88969e-07
7.62404e-09
-1.90564e-07
6.40113e-08
-1.90315e-07
1.19749e-07
-1.88226e-07
1.74267e-07
-1.84339e-07
2.27e-07
-1.78715e-07
2.77385e-07
-1.71419e-07
3.24868e-07
-1.6249e-07
3.68904e-07
-1.51926e-07
4.08975e-07
-1.39667e-07
4.44592e-07
-1.25606e-07
4.75315e-07
-1.09592e-07
5.00758e-07
-9.14492e-08
5.206e-07
-7.09869e-08
5.34582e-07
-4.79997e-08
5.42471e-07
-2.22436e-08
5.44007e-07
6.6354e-09
5.38905e-07
3.91193e-08
5.26838e-07
7.54253e-08
5.06804e-07
1.14907e-07
4.75742e-07
1.56035e-07
4.29146e-07
1.95545e-07
3.65244e-07
2.26845e-07
2.87549e-07
2.43943e-07
2.02543e-07
2.47264e-07
1.14977e-07
2.43357e-07
2.69062e-08
2.38885e-07
-6.12055e-08
2.37639e-07
-1.49248e-07
2.40475e-07
-2.36302e-07
2.45458e-07
-3.19355e-07
2.47587e-07
-3.92659e-07
2.39657e-07
-4.50225e-07
2.16837e-07
-4.90617e-07
1.81566e-07
-5.17128e-07
1.4093e-07
-5.34099e-07
1.00275e-07
-5.43671e-07
6.19536e-08
-5.46445e-07
2.71634e-08
-5.42711e-07
-3.81332e-09
-5.3275e-07
-3.13741e-08
-5.16806e-07
-5.59712e-08
-4.95113e-07
-7.79132e-08
-4.67948e-07
-9.7428e-08
-4.3565e-07
-1.14717e-07
-3.98623e-07
-1.29969e-07
-3.57318e-07
-1.43352e-07
-3.12228e-07
-1.55003e-07
-2.63876e-07
-1.65013e-07
-2.12801e-07
-1.73421e-07
-1.59555e-07
-1.80212e-07
-1.04693e-07
-1.85332e-07
-4.87777e-08
-1.88713e-07
-1.90297e-07
6.4511e-08
-2.46863e-07
1.20577e-07
-2.4404e-07
1.75241e-07
-2.38781e-07
2.27865e-07
-2.31162e-07
2.77826e-07
-2.21267e-07
3.24527e-07
-2.09167e-07
3.67409e-07
-1.949e-07
4.05956e-07
-1.78457e-07
4.39709e-07
-1.59789e-07
4.68263e-07
-1.38805e-07
4.91271e-07
-1.15387e-07
5.08439e-07
-8.93962e-08
5.19518e-07
-6.06713e-08
5.24304e-07
-2.90169e-08
5.22686e-07
5.81995e-09
5.14746e-07
4.41233e-08
5.0075e-07
8.59926e-08
4.8077e-07
1.31079e-07
4.54215e-07
1.7862e-07
4.19078e-07
2.27073e-07
3.70697e-07
2.72828e-07
3.048e-07
3.09079e-07
2.23532e-07
3.28959e-07
1.33603e-07
3.34055e-07
4.0112e-08
3.32856e-07
-5.42006e-08
3.3187e-07
-1.47307e-07
3.32979e-07
-2.362e-07
3.33595e-07
-3.15355e-07
3.26555e-07
-3.78315e-07
3.0382e-07
-4.24078e-07
2.65398e-07
-4.57478e-07
2.18752e-07
-4.82745e-07
1.70161e-07
-5.01575e-07
1.22831e-07
-5.14417e-07
7.81038e-08
-5.21133e-07
3.66813e-08
-5.21473e-07
-1.16212e-09
-5.15391e-07
-3.55749e-08
-5.03024e-07
-6.6839e-08
-4.84587e-07
-9.51926e-08
-4.60337e-07
-1.20819e-07
-4.30584e-07
-1.43872e-07
-3.95689e-07
-1.64483e-07
-3.56073e-07
-1.82764e-07
-3.12215e-07
-1.98799e-07
-2.64646e-07
-2.12629e-07
-2.13943e-07
-2.24253e-07
-1.60716e-07
-2.33627e-07
-1.056e-07
-2.40678e-07
-4.92447e-08
-2.45324e-07
7.6877e-09
-2.47497e-07
6.453e-08
-2.47157e-07
1.20616e-07
-2.44312e-07
1.75285e-07
-2.39009e-07
2.27893e-07
-2.31323e-07
2.77809e-07
-2.21335e-07
3.24431e-07
-2.09113e-07
3.67195e-07
-1.94689e-07
4.05581e-07
-1.78054e-07
4.39126e-07
-1.59152e-07
4.67427e-07
-1.37892e-07
4.90135e-07
-1.14157e-07
5.06957e-07
-8.78089e-08
5.17645e-07
-5.86878e-08
5.22e-07
-2.65987e-08
5.19923e-07
8.71228e-09
5.11522e-07
4.75199e-08
4.97066e-07
8.98818e-08
4.76577e-07
1.35396e-07
4.49361e-07
1.8325e-07
4.1317e-07
2.31736e-07
3.63078e-07
2.76936e-07
2.95326e-07
3.11695e-07
2.12847e-07
3.29744e-07
1.22396e-07
3.33808e-07
2.87408e-08
3.3254e-07
-6.55491e-08
3.31929e-07
-1.5842e-07
3.33346e-07
-2.46637e-07
3.33675e-07
-3.2436e-07
3.2531e-07
-3.85421e-07
3.00717e-07
-4.29637e-07
2.61053e-07
-4.62121e-07
2.14051e-07
-4.86785e-07
1.65593e-07
-5.05125e-07
1.18615e-07
-5.17509e-07
7.43375e-08
-5.23762e-07
3.34168e-08
-5.23648e-07
-3.92779e-09
-5.17144e-07
-3.78775e-08
-5.04398e-07
-6.87181e-08
-4.85624e-07
-9.66863e-08
-4.61086e-07
-1.21967e-07
-4.3109e-07
-1.44713e-07
-3.95999e-07
-1.6506e-07
-3.56232e-07
-1.83119e-07
-3.12265e-07
-1.9897e-07
-2.64625e-07
-2.12653e-07
-2.13885e-07
-2.24162e-07
-1.60647e-07
-2.33449e-07
-1.0554e-07
-2.40439e-07
-4.92075e-08
-2.45046e-07
-2.47201e-07
6.32946e-08
-3.02605e-07
1.18215e-07
-2.9896e-07
1.71602e-07
-2.92168e-07
2.22765e-07
-2.82325e-07
2.71044e-07
-2.69546e-07
3.1582e-07
-2.53943e-07
3.56526e-07
-2.35605e-07
3.92656e-07
-2.14587e-07
4.23769e-07
-1.90902e-07
4.49492e-07
-1.64528e-07
4.69515e-07
-1.3541e-07
4.83582e-07
-1.03464e-07
4.91493e-07
-6.85825e-08
4.93112e-07
-3.06358e-08
4.8841e-07
1.05224e-08
4.77529e-07
5.50042e-08
4.60778e-07
1.02743e-07
4.38503e-07
1.53354e-07
4.10965e-07
2.06157e-07
3.77926e-07
2.60112e-07
3.37392e-07
3.13362e-07
2.84636e-07
3.61834e-07
2.15215e-07
3.9838e-07
1.31412e-07
4.17857e-07
3.98823e-08
4.24386e-07
-5.36838e-08
4.25436e-07
-1.44381e-07
4.23675e-07
-2.26273e-07
4.15488e-07
-2.92946e-07
3.93228e-07
-3.4328e-07
3.54153e-07
-3.82273e-07
3.04391e-07
-4.14238e-07
2.50717e-07
-4.40794e-07
1.96717e-07
-4.62034e-07
1.44071e-07
-4.77671e-07
9.37404e-08
-4.87356e-07
4.6366e-08
-4.908e-07
2.2823e-09
-4.87894e-07
-3.84809e-08
-4.7869e-07
-7.6043e-08
-4.63339e-07
-1.10543e-07
-4.42055e-07
-1.42103e-07
-4.15106e-07
-1.70821e-07
-3.82819e-07
-1.9677e-07
-3.45585e-07
-2.19998e-07
-3.03866e-07
-2.40518e-07
-2.58187e-07
-2.58308e-07
-2.09136e-07
-2.73304e-07
-1.57348e-07
-2.85414e-07
-1.03501e-07
-2.94526e-07
-4.82968e-08
-3.00528e-07
7.53999e-09
-3.03334e-07
6.32779e-08
-3.02895e-07
1.18186e-07
-2.9922e-07
1.71546e-07
-2.92369e-07
2.2266e-07
-2.82437e-07
2.70862e-07
-2.69537e-07
3.15528e-07
-2.53778e-07
3.56086e-07
-2.35247e-07
3.92026e-07
-2.13994e-07
4.22908e-07
-1.90034e-07
4.48358e-07
-1.63342e-07
4.68064e-07
-1.33864e-07
4.81774e-07
-1.01519e-07
4.89289e-07
-6.62028e-08
4.90479e-07
-2.77892e-08
4.8533e-07
1.38617e-08
4.74003e-07
5.88465e-08
4.5682e-07
1.07066e-07
4.34121e-07
1.58095e-07
4.06151e-07
2.11221e-07
3.72546e-07
2.6534e-07
3.31035e-07
3.18448e-07
2.76625e-07
3.66104e-07
2.05406e-07
4.00963e-07
1.20452e-07
4.18762e-07
2.84696e-08
4.24522e-07
-6.50288e-08
4.25428e-07
-1.55106e-07
4.23423e-07
-2.35632e-07
4.142e-07
-3.00453e-07
3.90132e-07
-3.4931e-07
3.49574e-07
-3.8747e-07
2.99213e-07
-4.18926e-07
2.45507e-07
-4.45057e-07
1.91723e-07
-4.65871e-07
1.3943e-07
-4.81071e-07
8.9537e-08
-4.90307e-07
4.2653e-08
-4.93306e-07
-9.28046e-10
-4.89979e-07
-4.12054e-08
-4.80387e-07
-7.83096e-08
-4.64688e-07
-1.12385e-07
-4.43097e-07
-1.43557e-07
-4.15884e-07
-1.71926e-07
-3.83375e-07
-1.97569e-07
-3.45963e-07
-2.20532e-07
-3.04104e-07
-2.40829e-07
-2.58323e-07
-2.58434e-07
-2.09201e-07
-2.73284e-07
-1.5737e-07
-2.8528e-07
-1.035e-07
-2.9431e-07
-4.82866e-08
-3.00259e-07
-3.0304e-07
6.06286e-08
-3.55997e-07
1.13157e-07
-3.51489e-07
1.64077e-07
-3.43088e-07
2.12672e-07
-3.3092e-07
2.58266e-07
-3.15141e-07
3.00238e-07
-2.95915e-07
3.38028e-07
-2.73395e-07
3.71147e-07
-2.47706e-07
3.99182e-07
-2.18937e-07
4.21792e-07
-1.87138e-07
4.38704e-07
-1.52322e-07
4.49711e-07
-1.1447e-07
4.54667e-07
-7.35387e-08
4.53505e-07
-2.94738e-08
4.46263e-07
1.77645e-08
4.33119e-07
6.81482e-08
4.14381e-07
1.21481e-07
3.90418e-07
1.77318e-07
3.61608e-07
2.34967e-07
3.28248e-07
2.93473e-07
2.9011e-07
3.51499e-07
2.4514e-07
4.06804e-07
1.88757e-07
4.54764e-07
1.17934e-07
4.8868e-07
3.62998e-08
5.0602e-07
-4.8651e-08
5.10387e-07
-1.29024e-07
5.04048e-07
-1.97607e-07
4.84071e-07
-2.51797e-07
4.47418e-07
-2.95355e-07
3.97711e-07
-3.32566e-07
3.41602e-07
-3.65086e-07
2.83238e-07
-3.93003e-07
2.24634e-07
-4.15988e-07
1.67057e-07
-4.33663e-07
1.11415e-07
-4.45663e-07
5.83659e-08
-4.51697e-07
8.3165e-09
-4.51613e-07
-3.85653e-08
-4.45393e-07
-8.22624e-08
-4.33123e-07
-1.22813e-07
-4.14961e-07
-1.60265e-07
-3.91131e-07
-1.94651e-07
-3.61923e-07
-2.25979e-07
-3.27696e-07
-2.54224e-07
-2.88887e-07
-2.79327e-07
-2.46006e-07
-3.01188e-07
-1.99634e-07
-3.19676e-07
-1.50415e-07
-3.34634e-07
-9.90404e-08
-3.459e-07
-4.62433e-08
-3.53325e-07
7.21943e-09
-3.56796e-07
6.05781e-08
-3.56254e-07
1.13065e-07
-3.51707e-07
1.63929e-07
-3.43232e-07
2.12446e-07
-3.30954e-07
2.57936e-07
-3.15027e-07
2.99773e-07
-2.95615e-07
3.37392e-07
-2.72866e-07
3.70304e-07
-2.46906e-07
3.98093e-07
-2.17823e-07
4.20419e-07
-1.85667e-07
4.3701e-07
-1.50454e-07
4.47659e-07
-1.12168e-07
4.52227e-07
-7.07705e-08
4.50652e-07
-2.62146e-08
4.42985e-07
2.15287e-08
4.29419e-07
7.24125e-08
4.10273e-07
1.26212e-07
3.85918e-07
1.8245e-07
3.56733e-07
2.40405e-07
3.22987e-07
2.99086e-07
2.84336e-07
3.57099e-07
2.3842e-07
4.1202e-07
1.80503e-07
4.5888e-07
1.08197e-07
4.91069e-07
2.58127e-08
5.06906e-07
-5.90203e-08
5.10261e-07
-1.38411e-07
5.02813e-07
-2.0541e-07
4.81199e-07
-2.58199e-07
4.42921e-07
-3.00958e-07
3.92333e-07
-3.37713e-07
3.35968e-07
-3.69857e-07
2.77651e-07
-3.97394e-07
2.19261e-07
-4.19983e-07
1.62019e-07
-4.37244e-07
1.06798e-07
-4.48819e-07
5.42279e-08
-4.54429e-07
4.68195e-09
-4.53936e-07
-4.16982e-08
-4.47335e-07
-8.4911e-08
-4.34715e-07
-1.25005e-07
-4.1624e-07
-1.62033e-07
-3.92134e-07
-1.96032e-07
-3.62689e-07
-2.27015e-07
-3.28263e-07
-2.54957e-07
-2.89292e-07
-2.798e-07
-2.46283e-07
-3.01443e-07
-1.99814e-07
-3.19753e-07
-1.50522e-07
-3.34572e-07
-9.90953e-08
-3.45736e-07
-4.62591e-08
-3.53096e-07
-3.56536e-07
5.6789e-08
-4.06006e-07
1.05919e-07
-4.00619e-07
1.53413e-07
-3.90582e-07
1.98552e-07
-3.76058e-07
2.40662e-07
-3.57251e-07
2.79133e-07
-3.34386e-07
3.13426e-07
-3.07689e-07
3.43082e-07
-2.77362e-07
3.67719e-07
-2.43574e-07
3.87036e-07
-2.06455e-07
4.00806e-07
-1.66093e-07
4.08874e-07
-1.22538e-07
4.11153e-07
-7.58184e-08
4.07639e-07
-2.59597e-08
3.98421e-07
2.69826e-08
3.83702e-07
8.28675e-08
3.63788e-07
1.41395e-07
3.39051e-07
2.02055e-07
3.099e-07
2.64117e-07
2.76741e-07
3.26632e-07
2.39852e-07
3.88388e-07
1.98922e-07
4.47734e-07
1.51926e-07
5.0176e-07
9.55058e-08
5.45101e-07
2.96952e-08
5.71831e-07
-3.95912e-08
5.79673e-07
-1.04178e-07
5.68635e-07
-1.58935e-07
5.38828e-07
-2.04698e-07
4.93182e-07
-2.4484e-07
4.37853e-07
-2.81048e-07
3.7781e-07
-3.13478e-07
3.15667e-07
-3.41816e-07
2.52972e-07
-3.6565e-07
1.90891e-07
-3.84575e-07
1.3034e-07
-3.98226e-07
7.20167e-08
-4.06311e-07
1.64019e-08
-4.08648e-07
-3.62284e-08
-4.05165e-07
-8.57455e-08
-3.95884e-07
-1.32094e-07
-3.80906e-07
-1.75243e-07
-3.60404e-07
-2.15154e-07
-3.34622e-07
-2.51761e-07
-3.03883e-07
-2.84963e-07
-2.68589e-07
-3.14621e-07
-2.29226e-07
-3.40552e-07
-1.86354e-07
-3.62548e-07
-1.40606e-07
-3.80381e-07
-9.26742e-08
-3.93832e-07
-4.32963e-08
-4.02703e-07
6.7592e-09
-4.06852e-07
5.67087e-08
-4.06203e-07
1.05771e-07
-4.00769e-07
1.53184e-07
-3.90646e-07
1.98222e-07
-3.75992e-07
2.40207e-07
-3.57012e-07
2.78524e-07
-3.33932e-07
3.12633e-07
-3.06975e-07
3.4207e-07
-2.76343e-07
3.66455e-07
-2.42208e-07
3.85487e-07
-2.047e-07
3.98942e-07
-1.63908e-07
4.06664e-07
-1.19891e-07
4.08575e-07
-7.26811e-08
4.04674e-07
-2.23143e-08
3.95063e-07
3.11399e-08
3.79956e-07
8.75203e-08
3.59667e-07
1.46501e-07
3.34575e-07
2.07542e-07
3.05092e-07
2.69888e-07
2.71619e-07
3.3256e-07
2.34403e-07
3.94315e-07
1.93005e-07
4.53418e-07
1.45151e-07
5.06734e-07
8.75758e-08
5.48644e-07
2.09984e-08
5.73484e-07
-4.8157e-08
5.79416e-07
-1.118e-07
5.66456e-07
-1.65429e-07
5.34828e-07
-2.10457e-07
4.87949e-07
-2.50191e-07
4.32067e-07
-2.86083e-07
3.7186e-07
-3.18194e-07
3.09762e-07
-3.46194e-07
2.4726e-07
-3.69667e-07
1.85492e-07
-3.88212e-07
1.25343e-07
-4.01471e-07
6.74869e-08
-4.09163e-07
1.23736e-08
-4.11116e-07
-3.9745e-08
-4.07268e-07
-8.87587e-08
-3.97648e-07
-1.34625e-07
-3.82361e-07
-1.7732e-07
-3.61581e-07
-2.16812e-07
-3.35555e-07
-2.53041e-07
-3.04605e-07
-2.85907e-07
-2.69134e-07
-3.15271e-07
-2.29623e-07
-3.40954e-07
-1.86632e-07
-3.62744e-07
-1.40788e-07
-3.80415e-07
-9.27787e-08
-3.93745e-07
-4.33355e-08
-4.02539e-07
-4.06651e-07
5.20002e-08
-4.51798e-07
9.69192e-08
-4.45538e-07
1.40219e-07
-4.33882e-07
1.81193e-07
-4.17031e-07
2.19187e-07
-3.95245e-07
2.53618e-07
-3.68817e-07
2.83978e-07
-3.38049e-07
3.09843e-07
-3.03227e-07
3.30874e-07
-2.64606e-07
3.46816e-07
-2.22398e-07
3.57494e-07
-1.7677e-07
3.62806e-07
-1.2785e-07
3.62727e-07
-7.57391e-08
3.57308e-07
-2.05416e-08
3.4669e-07
3.76008e-08
3.31104e-07
9.84538e-08
3.10866e-07
1.61632e-07
2.86359e-07
2.26562e-07
2.58012e-07
2.92464e-07
2.26294e-07
3.5835e-07
1.91679e-07
4.23003e-07
1.54534e-07
4.84879e-07
1.14648e-07
5.41646e-07
7.06879e-08
5.89061e-07
2.1878e-08
6.20641e-07
-2.89904e-08
6.30541e-07
-7.71076e-08
6.16752e-07
-1.2029e-07
5.8201e-07
-1.59636e-07
5.32528e-07
-1.96324e-07
4.74541e-07
-2.30424e-07
4.1191e-07
-2.61532e-07
3.46775e-07
-2.89171e-07
2.80611e-07
-3.12877e-07
2.14597e-07
-3.32225e-07
1.49688e-07
-3.46845e-07
8.66358e-08
-3.5643e-07
2.59869e-08
-3.60764e-07
-3.18937e-08
-3.59726e-07
-8.67839e-08
-3.53277e-07
-1.38543e-07
-3.41461e-07
-1.8706e-07
-3.24393e-07
-2.32221e-07
-3.0227e-07
-2.73884e-07
-2.75369e-07
-3.11865e-07
-2.4405e-07
-3.45939e-07
-2.08762e-07
-3.7584e-07
-1.70037e-07
-4.01273e-07
-1.28482e-07
-4.21936e-07
-8.47708e-08
-4.37543e-07
-3.9628e-08
-4.47846e-07
6.18625e-09
-4.52666e-07
5.18955e-08
-4.51912e-07
9.67257e-08
-4.456e-07
1.39925e-07
-4.33845e-07
1.8078e-07
-4.16847e-07
2.18634e-07
-3.94866e-07
2.529e-07
-3.68197e-07
2.83067e-07
-3.37142e-07
3.08711e-07
-3.01987e-07
3.29493e-07
-2.62991e-07
3.45159e-07
-2.20366e-07
3.55535e-07
-1.74284e-07
3.60524e-07
-1.2488e-07
3.60105e-07
-7.22622e-08
3.54338e-07
-1.65466e-08
3.43368e-07
4.21091e-08
3.27439e-07
1.0345e-07
3.06874e-07
1.67065e-07
2.82062e-07
2.32354e-07
2.53439e-07
2.98511e-07
2.21476e-07
3.64523e-07
1.86647e-07
4.29144e-07
1.49286e-07
4.90779e-07
1.09068e-07
5.46951e-07
6.4573e-08
5.93138e-07
1.53238e-08
6.22733e-07
-3.54639e-08
6.30204e-07
-8.30654e-08
6.14058e-07
-1.25758e-07
5.77521e-07
-1.64818e-07
5.27009e-07
-2.01297e-07
4.68546e-07
-2.35176e-07
4.05738e-07
-2.6603e-07
3.40617e-07
-2.93385e-07
2.74615e-07
-3.16779e-07
2.08886e-07
-3.35795e-07
1.44359e-07
-3.50067e-07
8.17589e-08
-3.59299e-07
2.16058e-08
-3.63285e-07
-3.57594e-08
-3.61909e-07
-9.01343e-08
-3.55142e-07
-1.41392e-07
-3.43029e-07
-1.89433e-07
-3.2569e-07
-2.3415e-07
-3.03324e-07
-2.75407e-07
-2.76208e-07
-3.13024e-07
-2.44703e-07
-3.46777e-07
-2.09255e-07
-3.76401e-07
-1.70395e-07
-4.01604e-07
-1.28726e-07
-4.22085e-07
-8.49165e-08
-4.37555e-07
-3.96869e-08
-4.47768e-07
-4.52546e-07
4.64462e-08
-4.92697e-07
8.65016e-08
-4.85593e-07
1.24993e-07
-4.72374e-07
1.61243e-07
-4.53281e-07
1.94632e-07
-4.28634e-07
2.24613e-07
-3.98798e-07
2.5072e-07
-3.64156e-07
2.72576e-07
-3.25082e-07
2.89889e-07
-2.81919e-07
3.02455e-07
-2.34964e-07
3.10152e-07
-1.84467e-07
3.12937e-07
-1.30635e-07
3.10843e-07
-7.36451e-08
3.03979e-07
-1.36776e-08
2.92533e-07
4.90469e-08
2.76774e-07
1.14213e-07
2.57044e-07
1.81362e-07
2.33752e-07
2.49854e-07
2.07365e-07
3.18851e-07
1.78414e-07
3.87301e-07
1.47505e-07
4.53912e-07
1.15319e-07
5.17065e-07
8.24731e-08
5.74492e-07
4.91152e-08
6.22419e-07
1.49462e-08
6.5481e-07
-1.96521e-08
6.6514e-07
-5.36768e-08
6.50777e-07
-8.69098e-08
6.15243e-07
-1.19637e-07
5.65255e-07
-1.51608e-07
5.06513e-07
-1.82173e-07
4.42475e-07
-2.1066e-07
3.75262e-07
-2.36474e-07
3.06425e-07
-2.59094e-07
2.37217e-07
-2.78061e-07
1.68656e-07
-2.92978e-07
1.01553e-07
-3.03513e-07
3.65213e-08
-3.09409e-07
-2.59975e-08
-3.10493e-07
-8.56996e-08
-3.06671e-07
-1.42365e-07
-2.97926e-07
-1.95805e-07
-2.84318e-07
-2.45829e-07
-2.65988e-07
-2.92213e-07
-2.43163e-07
-3.34691e-07
-2.16155e-07
-3.72947e-07
-1.8537e-07
-4.06626e-07
-1.51295e-07
-4.35347e-07
-1.14503e-07
-4.58729e-07
-7.56325e-08
-4.76413e-07
-3.53796e-08
-4.88099e-07
5.52261e-09
-4.93568e-07
4.63232e-08
-4.92713e-07
8.6274e-08
-4.85551e-07
1.2465e-07
-4.72221e-07
1.6077e-07
-4.52966e-07
1.94009e-07
-4.28106e-07
2.2382e-07
-3.98008e-07
2.49735e-07
-3.63057e-07
2.71374e-07
-3.23627e-07
2.88448e-07
-2.80065e-07
3.00754e-07
-2.32672e-07
3.08173e-07
-1.81704e-07
3.10666e-07
-1.27373e-07
3.08271e-07
-6.98666e-08
3.01102e-07
-9.37827e-09
2.89357e-07
5.38548e-08
2.73311e-07
1.19496e-07
2.53316e-07
1.87061e-07
2.29785e-07
2.55884e-07
2.03195e-07
3.25101e-07
1.74085e-07
3.93633e-07
1.43072e-07
4.60158e-07
1.10841e-07
5.2301e-07
7.79808e-08
5.79812e-07
4.45673e-08
6.26552e-07
1.0317e-08
6.56983e-07
-2.42643e-08
6.64785e-07
-5.8202e-08
6.47996e-07
-9.13961e-08
6.10715e-07
-1.24106e-07
5.5972e-07
-1.56017e-07
5.00457e-07
-1.86462e-07
4.36183e-07
-2.14776e-07
3.68931e-07
-2.40377e-07
3.00216e-07
-2.6275e-07
2.31259e-07
-2.81445e-07
1.63054e-07
-2.9607e-07
9.63839e-08
-3.06302e-07
3.18374e-08
-3.11892e-07
-3.01688e-08
-3.12676e-07
-8.9351e-08
-3.08563e-07
-1.45504e-07
-2.99543e-07
-1.98453e-07
-2.85679e-07
-2.48014e-07
-2.67115e-07
-2.93971e-07
-2.44078e-07
-3.36061e-07
-2.16882e-07
-3.73972e-07
-1.85931e-07
-4.07352e-07
-1.51712e-07
-4.35824e-07
-1.14793e-07
-4.59004e-07
-7.58096e-08
-4.76538e-07
-3.54538e-08
-4.88124e-07
-4.93547e-07
4.02752e-08
-5.28162e-07
7.49432e-08
-5.20261e-07
1.08138e-07
-5.05568e-07
1.39225e-07
-4.84368e-07
1.67633e-07
-4.57042e-07
1.92862e-07
-4.24028e-07
2.14499e-07
-3.85793e-07
2.32216e-07
-3.42799e-07
2.45776e-07
-2.95478e-07
2.55028e-07
-2.44216e-07
2.59907e-07
-1.89346e-07
2.60427e-07
-1.31154e-07
2.56676e-07
-6.98943e-08
2.48819e-07
-5.82039e-09
2.37093e-07
6.0773e-08
2.21808e-07
1.29498e-07
2.03343e-07
1.99827e-07
1.8214e-07
2.71057e-07
1.58709e-07
3.42282e-07
1.3364e-07
4.1237e-07
1.07624e-07
4.79928e-07
8.1478e-08
5.4321e-07
5.61016e-08
5.99868e-07
3.21642e-08
6.46356e-07
9.59548e-09
6.77378e-07
-1.24771e-08
6.87212e-07
-3.52075e-08
6.73507e-07
-5.93675e-08
6.39403e-07
-8.48853e-08
5.90772e-07
-1.11019e-07
5.32646e-07
-1.36869e-07
4.68326e-07
-1.61638e-07
4.00031e-07
-1.84652e-07
3.29439e-07
-2.05333e-07
2.57898e-07
-2.23184e-07
1.86506e-07
-2.3777e-07
1.16139e-07
-2.48723e-07
4.74752e-08
-2.55747e-07
-1.89744e-08
-2.58614e-07
-8.28316e-08
-2.57177e-07
-1.43802e-07
-2.51361e-07
-2.01622e-07
-2.41169e-07
-2.56021e-07
-2.26686e-07
-3.06696e-07
-2.08085e-07
-3.53292e-07
-1.85624e-07
-3.95407e-07
-1.59656e-07
-4.32593e-07
-1.3062e-07
-4.64383e-07
-9.9038e-08
-4.90311e-07
-6.55024e-08
-5.09949e-07
-3.06644e-08
-5.22937e-07
4.78603e-09
-5.29019e-07
4.01406e-08
-5.28068e-07
7.46938e-08
-5.20104e-07
1.07764e-07
-5.05291e-07
1.38715e-07
-4.83917e-07
1.66972e-07
-4.56363e-07
1.92033e-07
-4.23069e-07
2.13482e-07
-3.84506e-07
2.30994e-07
-3.41139e-07
2.44332e-07
-2.93402e-07
2.53348e-07
-2.41688e-07
2.5798e-07
-1.86335e-07
2.58245e-07
-1.27637e-07
2.54238e-07
-6.58596e-08
2.46129e-07
-1.26938e-09
2.34163e-07
6.58209e-08
2.18657e-07
1.35001e-07
1.99997e-07
2.0572e-07
1.78634e-07
2.77247e-07
1.55086e-07
3.48649e-07
1.29954e-07
4.18765e-07
1.03944e-07
4.86169e-07
7.78873e-08
5.49067e-07
5.26816e-08
6.05017e-07
2.89391e-08
6.50295e-07
6.48901e-09
6.79433e-07
-1.56033e-08
6.86877e-07
-3.84816e-08
6.70874e-07
-6.28391e-08
6.35072e-07
-8.85081e-08
5.85389e-07
-1.14707e-07
5.26656e-07
-1.40543e-07
4.62019e-07
-1.65233e-07
3.93622e-07
-1.88116e-07
3.23099e-07
-2.08627e-07
2.5177e-07
-2.26274e-07
1.80701e-07
-2.40632e-07
1.10742e-07
-2.51341e-07
4.25463e-08
-2.5811e-07
-2.34005e-08
-2.6072e-07
-8.67407e-08
-2.59028e-07
-1.47196e-07
-2.52966e-07
-2.04516e-07
-2.4254e-07
-2.58441e-07
-2.27838e-07
-3.08672e-07
-2.09035e-07
-3.54864e-07
-1.86391e-07
-3.96616e-07
-1.60258e-07
-4.33486e-07
-1.31074e-07
-4.65008e-07
-9.93576e-08
-4.9072e-07
-6.57005e-08
-5.10195e-07
-3.07492e-08
-5.23076e-07
-5.29107e-07
3.36063e-08
-5.57753e-07
6.24663e-08
-5.49121e-07
8.99757e-08
-5.33077e-07
1.15559e-07
-5.09952e-07
1.38703e-07
-4.80186e-07
1.58967e-07
-4.44292e-07
1.75994e-07
-4.0282e-07
1.89515e-07
-3.5632e-07
1.99348e-07
-3.05311e-07
2.05399e-07
-2.50267e-07
2.07657e-07
-1.91604e-07
2.0619e-07
-1.29687e-07
2.01141e-07
-6.4845e-08
1.92724e-07
2.59687e-09
1.81222e-07
7.22746e-08
1.66986e-07
1.43734e-07
1.50428e-07
2.16385e-07
1.32023e-07
2.89463e-07
1.1231e-07
3.61995e-07
9.19085e-08
4.32772e-07
7.1533e-08
5.00304e-07
5.20031e-08
5.6274e-07
3.41921e-08
6.17679e-07
1.87429e-08
6.61805e-07
5.4739e-09
6.90647e-07
-6.98091e-09
6.99667e-07
-2.05214e-08
6.87048e-07
-3.63407e-08
6.55222e-07
-5.44477e-08
6.08879e-07
-7.41276e-08
5.52326e-07
-9.45036e-08
4.88702e-07
-1.14771e-07
4.20298e-07
-1.34231e-07
3.48899e-07
-1.52277e-07
2.75945e-07
-1.6838e-07
2.02609e-07
-1.82074e-07
1.29833e-07
-1.92956e-07
5.83577e-08
-2.00687e-07
-1.1243e-08
-2.04996e-07
-7.85232e-08
-2.0568e-07
-1.43117e-07
-2.02612e-07
-2.0469e-07
-1.95741e-07
-2.62893e-07
-1.85096e-07
-3.17341e-07
-1.70792e-07
-3.67596e-07
-1.53033e-07
-4.13166e-07
-1.32111e-07
-4.53515e-07
-1.08407e-07
-4.88087e-07
-8.23836e-08
-5.16335e-07
-5.45751e-08
-5.37757e-07
-2.55732e-08
-5.51939e-07
3.99066e-09
-5.58583e-07
3.34666e-08
-5.57544e-07
6.22074e-08
-5.48845e-07
8.95904e-08
-5.32674e-07
1.15038e-07
-5.09365e-07
1.38033e-07
-4.79358e-07
1.58136e-07
-4.43172e-07
1.74988e-07
-4.01358e-07
1.88321e-07
-3.54472e-07
1.97955e-07
-3.03037e-07
2.038e-07
-2.47532e-07
2.05847e-07
-1.88382e-07
2.04169e-07
-1.25959e-07
1.98914e-07
-6.06048e-08
1.90303e-07
7.34167e-09
1.78626e-07
7.74978e-08
1.6424e-07
1.49387e-07
1.47565e-07
2.22395e-07
1.29082e-07
2.9573e-07
1.09341e-07
3.68389e-07
8.8972e-08
4.39134e-07
6.87007e-08
5.0644e-07
4.93596e-08
5.68408e-07
3.18181e-08
6.22559e-07
1.66613e-08
6.65451e-07
3.57913e-09
6.92516e-07
-8.90774e-09
6.99364e-07
-2.26779e-08
6.84644e-07
-3.87935e-08
6.51188e-07
-5.71507e-08
6.03746e-07
-7.69955e-08
5.465e-07
-9.74547e-08
4.82478e-07
-1.17736e-07
4.13903e-07
-1.37154e-07
3.42517e-07
-1.55111e-07
2.69727e-07
-1.71086e-07
1.96676e-07
-1.84622e-07
1.24278e-07
-1.95322e-07
5.32469e-08
-2.02855e-07
-1.58677e-08
-2.06955e-07
-8.26409e-08
-2.07426e-07
-1.46724e-07
-2.04147e-07
-2.07796e-07
-1.97069e-07
-2.65518e-07
-1.86227e-07
-3.19515e-07
-1.71737e-07
-3.69354e-07
-1.53805e-07
-4.14548e-07
-1.32724e-07
-4.54567e-07
-1.08875e-07
-4.88858e-07
-8.27172e-08
-5.16877e-07
-5.47839e-08
-5.38128e-07
-2.56638e-08
-5.52196e-07
-5.58786e-07
2.65348e-08
-5.81117e-07
4.92493e-08
-5.71835e-07
7.0767e-08
-5.54595e-07
9.05836e-08
-5.29769e-07
1.08254e-07
-4.97856e-07
1.23407e-07
-4.59444e-07
1.35748e-07
-4.15161e-07
1.4507e-07
-3.65641e-07
1.51249e-07
-3.1149e-07
1.54246e-07
-2.53265e-07
1.54103e-07
-1.91461e-07
1.50936e-07
-1.2652e-07
1.44936e-07
-5.88448e-08
1.3636e-07
1.11727e-08
1.25531e-07
8.31036e-08
1.1283e-07
1.56434e-07
9.86953e-08
2.3052e-07
8.36167e-08
3.04541e-07
6.81421e-08
3.7747e-07
5.28804e-08
4.48033e-07
3.8505e-08
5.14679e-07
2.57393e-08
5.75506e-07
1.5278e-08
6.28141e-07
7.5245e-09
6.69559e-07
2.09141e-09
6.9608e-07
-2.50018e-09
7.04259e-07
-8.22001e-09
6.92768e-07
-1.63875e-08
6.6339e-07
-2.72293e-08
6.19721e-07
-4.02658e-08
5.65363e-07
-5.47855e-08
5.03222e-07
-7.00692e-08
4.35582e-07
-8.54528e-08
3.64282e-07
-1.00337e-07
2.90828e-07
-1.14181e-07
2.16453e-07
-1.26504e-07
1.42156e-07
-1.36876e-07
6.87297e-08
-1.44925e-07
-3.19438e-09
-1.50338e-07
-7.31097e-08
-1.52871e-07
-1.40585e-07
-1.52347e-07
-2.05214e-07
-1.48663e-07
-2.66576e-07
-1.41798e-07
-3.24207e-07
-1.31809e-07
-3.77585e-07
-1.1884e-07
-4.26135e-07
-1.03122e-07
-4.69233e-07
-8.497e-08
-5.06239e-07
-6.47767e-08
-5.36528e-07
-4.30063e-08
-5.59528e-07
-2.01786e-08
-5.74766e-07
3.14787e-09
-5.81909e-07
2.63962e-08
-5.80792e-07
4.89925e-08
-5.71441e-07
7.03866e-08
-5.54068e-07
9.00722e-08
-5.2905e-07
1.07603e-07
-4.96889e-07
1.22607e-07
-4.58175e-07
1.34791e-07
-4.13542e-07
1.43948e-07
-3.63629e-07
1.49957e-07
-3.09046e-07
1.52782e-07
-2.50358e-07
1.52468e-07
-1.88069e-07
1.49138e-07
-1.22629e-07
1.42987e-07
-5.44535e-08
1.34279e-07
1.60502e-08
1.23341e-07
8.84349e-08
1.10564e-07
1.62165e-07
9.63895e-08
2.3657e-07
8.13159e-08
3.10803e-07
6.58981e-08
3.83807e-07
5.07531e-08
4.54279e-07
3.6562e-08
5.20631e-07
2.40522e-08
5.80918e-07
1.39048e-08
6.32706e-07
6.46353e-09
6.72893e-07
1.22238e-09
6.97757e-07
-3.40191e-09
7.03989e-07
-9.3595e-09
6.90602e-07
-1.78493e-08
6.59678e-07
-2.89926e-08
6.14889e-07
-4.22657e-08
5.59774e-07
-5.69507e-08
4.97163e-07
-7.23339e-08
4.29286e-07
-8.77593e-08
3.57942e-07
-1.02635e-07
2.84603e-07
-1.16429e-07
2.1047e-07
-1.28665e-07
1.36514e-07
-1.38921e-07
6.35028e-08
-1.46831e-07
-7.95827e-09
-1.52088e-07
-7.73833e-08
-1.54454e-07
-1.44359e-07
-1.53758e-07
-2.08492e-07
-1.49901e-07
-2.69375e-07
-1.42866e-07
-3.26551e-07
-1.32712e-07
-3.79507e-07
-1.19587e-07
-4.27673e-07
-1.03722e-07
-4.70432e-07
-8.54316e-08
-5.07148e-07
-6.51088e-08
-5.372e-07
-4.32158e-08
-5.60021e-07
-2.02706e-08
-5.75141e-07
-5.82227e-07
1.91386e-08
-5.97967e-07
3.54377e-08
-5.88135e-07
5.07225e-08
-5.6988e-07
6.45715e-08
-5.43618e-07
7.66196e-08
-5.09904e-07
8.6569e-08
-4.69394e-07
9.41969e-08
-4.22789e-07
9.93589e-08
-3.70804e-07
1.0199e-07
-3.14122e-07
1.02104e-07
-2.53378e-07
9.97884e-08
-1.89146e-07
9.52047e-08
-1.21937e-07
8.85812e-08
-5.22212e-08
8.02093e-08
1.95445e-08
7.04388e-08
9.2874e-08
5.96705e-08
1.67203e-07
4.83505e-08
2.4184e-07
3.69671e-08
3.15925e-07
2.60473e-08
3.88389e-07
1.61528e-08
4.57928e-07
7.86742e-09
5.22965e-07
1.76253e-09
5.81611e-07
-1.69927e-09
6.31603e-07
-2.38976e-09
6.70249e-07
-8.76127e-10
6.94567e-07
1.40767e-09
7.01975e-07
2.65289e-09
6.91522e-07
1.54953e-09
6.64493e-07
-2.3358e-09
6.23607e-07
-8.79871e-09
5.71826e-07
-1.73475e-08
5.1177e-07
-2.74038e-08
4.45638e-07
-3.83851e-08
3.75263e-07
-4.97339e-08
3.02177e-07
-6.09281e-08
2.27648e-07
-7.14855e-08
1.52713e-07
-8.0966e-08
7.82102e-08
-8.89764e-08
4.81598e-09
-9.51761e-08
-6.691e-08
-9.92845e-08
-1.36476e-07
-1.01086e-07
-2.03413e-07
-1.00434e-07
-2.67228e-07
-9.72555e-08
-3.27385e-07
-9.15557e-08
-3.83285e-07
-8.34183e-08
-4.34272e-07
-7.30073e-08
-4.79644e-07
-6.05656e-08
-5.18681e-07
-4.641e-08
-5.50684e-07
-3.09228e-08
-5.75015e-07
-1.45398e-08
-5.91149e-07
2.26688e-09
-5.98716e-07
1.90072e-08
-5.97532e-07
3.51939e-08
-5.87628e-07
5.03628e-08
-5.69237e-07
6.40912e-08
-5.42779e-07
7.60134e-08
-5.08811e-07
8.58318e-08
-4.67994e-07
9.33244e-08
-4.21035e-07
9.83489e-08
-3.68653e-07
1.00843e-07
-3.1154e-07
1.00823e-07
-2.50338e-07
9.83816e-08
-1.85627e-07
9.36851e-08
-1.17933e-07
8.6967e-08
-4.77355e-08
7.85246e-08
2.44925e-08
6.87135e-08
9.8246e-08
5.79398e-08
1.72938e-07
4.66554e-08
2.47854e-07
3.53536e-08
3.22105e-07
2.45666e-08
3.94594e-07
1.48599e-08
4.63986e-07
6.81944e-09
5.28672e-07
1.01163e-09
5.86726e-07
-2.12285e-09
6.35841e-07
-2.51355e-09
6.73283e-07
-8.24728e-10
6.96068e-07
1.4296e-09
7.01734e-07
2.45548e-09
6.89576e-07
1.03641e-09
6.61097e-07
-3.17196e-09
6.19097e-07
-9.91897e-09
5.66521e-07
-1.86972e-08
5.05941e-07
-2.8926e-08
4.39515e-07
-4.00255e-08
3.69042e-07
-5.14427e-08
2.9602e-07
-6.26606e-08
2.21688e-07
-7.32021e-08
1.47056e-07
-8.26327e-08
7.29334e-08
-9.05648e-08
-2.61711e-11
-9.66637e-08
-7.12844e-08
-1.00654e-07
-1.40368e-07
-1.02326e-07
-2.0682e-07
-1.01538e-07
-2.70163e-07
-9.82211e-08
-3.29868e-07
-9.2383e-08
-3.85345e-07
-8.41103e-08
-4.35945e-07
-7.35687e-08
-4.80973e-07
-6.10018e-08
-5.19715e-07
-4.67263e-08
-5.51476e-07
-3.11239e-08
-5.75623e-07
-1.46289e-08
-5.91636e-07
-5.99144e-07
1.14842e-08
-6.08078e-07
2.11551e-08
-5.97805e-07
3.0021e-08
-5.78746e-07
3.77542e-08
-5.51351e-07
4.4078e-08
-5.16228e-07
4.87767e-08
-4.74092e-07
5.17012e-08
-4.25714e-07
5.27729e-08
-3.71875e-07
5.19837e-08
-3.13333e-07
4.93958e-08
-2.5079e-07
4.51394e-08
-1.84889e-07
3.941e-08
-1.16207e-07
3.24645e-08
-4.52757e-08
2.46162e-08
2.73928e-08
1.62283e-08
1.01262e-07
7.70538e-09
1.75726e-07
-5.14102e-10
2.50059e-07
-7.96559e-09
3.23376e-07
-1.41672e-08
3.94591e-07
-1.86334e-08
4.62394e-07
-2.08982e-08
5.2523e-07
-2.0564e-08
5.81277e-07
-1.73982e-08
6.28437e-07
-1.15137e-08
6.64365e-07
-3.60457e-09
6.86658e-07
4.98712e-09
6.93383e-07
1.26526e-08
6.83857e-07
1.81401e-08
6.59006e-07
2.08612e-08
6.20885e-07
2.07744e-08
5.71912e-07
1.81488e-08
5.14396e-07
1.33985e-08
4.50388e-07
6.99545e-09
3.81666e-07
-5.73239e-10
3.09746e-07
-8.82701e-09
2.35902e-07
-1.73041e-08
1.6119e-07
-2.55703e-08
8.64764e-08
-3.32267e-08
1.24724e-08
-3.99176e-08
-6.02191e-08
-4.53389e-08
-1.31055e-07
-4.92451e-08
-1.99506e-07
-5.14531e-08
-2.6502e-07
-5.18467e-08
-3.26991e-07
-5.03791e-08
-3.84753e-07
-4.70746e-08
-4.37577e-07
-4.20291e-08
-4.8469e-07
-3.54087e-08
-5.25302e-07
-2.74457e-08
-5.58646e-07
-1.84318e-08
-5.84029e-07
-8.70675e-09
-6.00874e-07
1.35552e-09
-6.08778e-07
1.13649e-08
-6.07542e-07
2.09339e-08
-5.97196e-07
2.96961e-08
-5.78e-07
3.73234e-08
-5.50406e-07
4.35393e-08
-5.15027e-07
4.81288e-08
-4.72583e-07
5.09443e-08
-4.2385e-07
5.19094e-08
-3.69618e-07
5.10189e-08
-3.10649e-07
4.83386e-08
-2.47657e-07
4.40031e-08
-1.81292e-07
3.82128e-08
-1.12142e-07
3.12297e-08
-4.07523e-08
2.33725e-08
3.23498e-08
1.50093e-08
1.06609e-07
6.54928e-09
1.81398e-07
-1.56509e-09
2.55969e-07
-8.86611e-09
3.29406e-07
-1.487e-08
4.00598e-07
-1.9091e-08
4.68207e-07
-2.10674e-08
5.30648e-07
-2.04128e-08
5.86071e-07
-1.69219e-08
6.3235e-07
-1.076e-08
6.67121e-07
-2.69647e-09
6.88004e-07
5.86956e-09
6.93168e-07
1.33396e-08
6.82106e-07
1.85298e-08
6.55907e-07
2.0923e-08
6.16704e-07
2.05225e-08
5.66921e-07
1.76194e-08
5.08844e-07
1.26367e-08
4.44498e-07
6.04892e-09
3.75629e-07
-1.65752e-09
3.03726e-07
-1.00044e-08
2.30035e-07
-1.85333e-08
1.55584e-07
-2.68142e-08
8.12144e-08
-3.44529e-08
7.61257e-09
-4.10987e-08
-6.46386e-08
-4.64531e-08
-1.35013e-07
-5.02753e-08
-2.02998e-07
-5.23872e-08
-2.68051e-07
-5.26768e-08
-3.29578e-07
-5.11008e-08
-3.86921e-07
-4.76862e-08
-4.3936e-07
-4.2531e-08
-4.86128e-07
-3.58025e-08
-5.26444e-07
-2.77337e-08
-5.59545e-07
-1.86162e-08
-5.84741e-07
-8.78933e-09
-6.01463e-07
-6.09307e-07
3.63122e-09
-6.11273e-07
6.51277e-09
-6.00687e-07
8.82314e-09
-5.81056e-07
1.03382e-08
-5.52866e-07
1.08779e-08
-5.16768e-07
1.03139e-08
-4.73528e-07
8.57439e-09
-4.23974e-07
5.64662e-09
-3.68947e-07
1.57765e-09
-3.09264e-07
-3.52592e-09
-2.45687e-07
-9.49923e-09
-1.78916e-07
-1.61212e-08
-1.09585e-07
-2.31178e-08
-3.82791e-08
-3.01669e-08
3.44419e-08
-3.69063e-08
1.08001e-07
-4.29434e-08
1.81763e-07
-4.78647e-08
2.54981e-07
-5.12476e-08
3.26759e-07
-5.2675e-08
3.96018e-07
-5.17551e-08
4.61474e-07
-4.81529e-08
5.21627e-07
-4.16426e-08
5.74766e-07
-3.21961e-08
6.1899e-07
-2.01167e-08
6.52285e-07
-6.18059e-09
6.72721e-07
8.36237e-09
6.7884e-07
2.20766e-08
6.70143e-07
3.37762e-08
6.47306e-07
4.27669e-08
6.11895e-07
4.8809e-08
5.6587e-07
5.19706e-08
5.11234e-07
5.25e-08
4.49859e-07
5.07447e-08
3.83422e-07
4.71029e-08
3.13388e-07
4.19943e-08
2.4101e-07
3.58419e-08
1.67342e-07
2.90571e-08
9.32613e-08
2.20288e-08
1.95007e-08
1.51137e-08
-5.33041e-08
8.6263e-09
-1.24568e-07
2.83135e-09
-1.93711e-07
-2.06048e-09
-2.60128e-07
-5.89577e-09
-3.23156e-07
-8.58034e-09
-3.82068e-07
-1.00803e-08
-4.36077e-07
-1.0422e-08
-4.84348e-07
-9.69131e-09
-5.26032e-07
-8.02975e-09
-5.60308e-07
-5.62956e-09
-5.86429e-07
-2.72474e-09
-6.03779e-07
4.20848e-10
-6.11924e-07
3.52863e-09
-6.10649e-07
6.32238e-09
-5.9999e-07
8.54493e-09
-5.80222e-07
9.97251e-09
-5.51833e-07
1.04258e-08
-5.15481e-07
9.77789e-09
-4.71935e-07
7.95877e-09
-4.22031e-07
4.9582e-09
-3.66617e-07
8.26404e-10
-3.06518e-07
-4.3263e-09
-2.42505e-07
-1.03308e-08
-1.75287e-07
-1.69615e-08
-1.05512e-07
-2.39395e-08
-3.37744e-08
-3.09379e-08
3.93482e-08
-3.75906e-08
1.13262e-07
-4.35016e-08
1.87309e-07
-4.82551e-08
2.60722e-07
-5.14275e-08
3.32579e-07
-5.26029e-08
4.01773e-07
-5.13933e-08
4.66997e-07
-4.74721e-08
5.26727e-07
-4.06298e-08
5.79229e-07
-3.08672e-08
6.22587e-07
-1.85334e-08
6.54788e-07
-4.46115e-09
6.73932e-07
1.00594e-08
6.78648e-07
2.35999e-08
6.68565e-07
3.50226e-08
6.44484e-07
4.36889e-08
6.08038e-07
4.94003e-08
5.6121e-07
5.22495e-08
5.05995e-07
5.24987e-08
4.44249e-07
5.05024e-08
3.77626e-07
4.66617e-08
3.07567e-07
4.13969e-08
2.353e-07
3.51295e-08
1.61852e-07
2.82684e-08
8.80755e-08
2.11989e-08
1.4682e-08
1.42735e-08
-5.77132e-08
7.80184e-09
-1.28542e-07
2.04401e-09
-1.9724e-07
-2.79391e-09
-2.63213e-07
-6.56266e-09
-3.25809e-07
-9.17163e-09
-3.84312e-07
-1.05899e-08
-4.37942e-07
-1.08463e-08
-4.85872e-07
-1.00283e-08
-5.27262e-07
-8.27874e-09
-5.61294e-07
-5.79041e-09
-5.87229e-07
-2.79764e-09
-6.04456e-07
-6.12541e-07
-4.36167e-09
-6.07431e-07
-8.38044e-09
-5.96668e-07
-1.27147e-08
-5.76722e-07
-1.74765e-08
-5.48104e-07
-2.27425e-08
-5.11502e-07
-2.85492e-08
-4.67721e-07
-3.48892e-08
-4.17634e-07
-4.17095e-08
-3.62127e-07
-4.89107e-08
-3.02062e-07
-5.6347e-08
-2.3825e-07
-6.38261e-08
-1.71437e-07
-7.11108e-08
-1.02301e-07
-7.79211e-08
-3.14688e-08
-8.39391e-08
4.04599e-08
-8.88177e-08
1.1288e-07
-9.21913e-08
1.85136e-07
-9.36868e-08
2.56476e-07
-9.29386e-08
3.26011e-07
-8.96075e-08
3.92687e-07
-8.34049e-08
4.55271e-07
-7.41277e-08
5.1235e-07
-6.17093e-08
5.62348e-07
-4.62939e-08
6.03575e-07
-2.83293e-08
6.34321e-07
-8.64283e-09
6.53035e-07
1.1592e-08
6.58605e-07
3.10728e-08
6.50662e-07
4.86717e-08
6.29707e-07
6.3624e-08
5.96942e-07
7.55373e-08
5.53957e-07
8.43073e-08
5.02464e-07
9.00269e-08
4.44139e-07
9.29162e-08
3.80532e-07
9.32744e-08
3.1303e-07
9.14469e-08
2.42838e-07
8.78023e-08
1.70987e-07
8.2714e-08
9.83496e-08
7.65461e-08
2.56685e-08
6.96421e-08
-4.64e-08
6.2314e-08
-1.1724e-07
5.48351e-08
-1.86232e-07
4.74346e-08
-2.52728e-07
4.02963e-08
-3.16018e-07
3.35571e-08
-3.75329e-07
2.7307e-08
-4.29827e-07
2.15891e-08
-4.7863e-07
1.64008e-08
-5.20844e-07
1.16962e-08
-5.55603e-07
7.38976e-09
-5.82123e-07
3.36219e-09
-5.99752e-07
-5.30263e-10
-6.08031e-07
-4.44402e-09
-6.06736e-07
-8.53342e-09
-5.95901e-07
-1.29367e-08
-5.75819e-07
-1.77646e-08
-5.47006e-07
-2.30927e-08
-5.10153e-07
-2.89555e-08
-4.66072e-07
-3.53433e-08
-4.15643e-07
-4.22005e-08
-3.5976e-07
-4.94245e-08
-2.99294e-07
-5.68657e-08
-2.35063e-07
-6.43279e-08
-1.67825e-07
-7.15697e-08
-9.827e-08
-7.83068e-08
-2.70373e-08
-8.42175e-08
4.52589e-08
-8.89517e-08
1.17996e-07
-9.21418e-08
1.90499e-07
-9.3414e-08
2.61994e-07
-9.24041e-08
3.31569e-07
-8.87767e-08
3.98146e-07
-8.22502e-08
4.60471e-07
-7.26333e-08
5.1711e-07
-5.98785e-08
5.66474e-07
-4.41582e-08
6.06867e-07
-2.5959e-08
6.36588e-07
-6.15125e-09
6.54124e-07
1.40639e-08
6.58432e-07
3.33886e-08
6.49241e-07
5.07293e-08
6.27143e-07
6.53645e-08
5.93403e-07
7.69378e-08
5.49636e-07
8.53707e-08
4.97562e-07
9.07728e-08
4.38847e-07
9.33745e-08
3.75024e-07
9.34811e-08
3.0746e-07
9.1441e-08
2.3734e-07
8.76236e-08
1.65669e-07
8.24013e-08
9.32978e-08
7.61359e-08
2.09474e-08
6.91675e-08
-5.07448e-08
6.18044e-08
-1.21179e-07
5.43152e-08
-1.89751e-07
4.69253e-08
-2.55823e-07
3.98143e-08
-3.18698e-07
3.31158e-08
-3.77613e-07
2.69164e-08
-4.31742e-07
2.12567e-08
-4.80212e-07
1.6132e-08
-5.22137e-07
1.14948e-08
-5.56657e-07
7.25801e-09
-5.82993e-07
3.30148e-09
-6.00499e-07
-6.0872e-07
-1.24325e-08
-5.96482e-07
-2.34096e-08
-5.85691e-07
-3.44279e-08
-5.65704e-07
-4.54804e-08
-5.37052e-07
-5.65354e-08
-5.00447e-07
-6.75342e-08
-4.56723e-07
-7.83891e-08
-4.06779e-07
-8.89826e-08
-3.51534e-07
-9.91661e-08
-2.91879e-07
-1.0876e-07
-2.28657e-07
-1.17551e-07
-1.62645e-07
-1.25295e-07
-9.45563e-08
-1.31718e-07
-2.50466e-08
-1.36516e-07
4.52583e-08
-1.39372e-07
1.15736e-07
-1.39959e-07
1.85723e-07
-1.37958e-07
2.54475e-07
-1.33071e-07
3.21124e-07
-1.25045e-07
3.84662e-07
-1.13698e-07
4.43925e-07
-9.89544e-08
4.97606e-07
-8.08887e-08
5.44282e-07
-5.97872e-08
5.82473e-07
-3.62062e-08
6.1074e-07
-1.10055e-08
6.27834e-07
1.47006e-08
6.32899e-07
3.97069e-08
6.25656e-07
6.2932e-08
6.06482e-07
8.35642e-08
5.7631e-07
1.01094e-07
5.36427e-07
1.15275e-07
4.88284e-07
1.26057e-07
4.33356e-07
1.33539e-07
3.73051e-07
1.37915e-07
3.08653e-07
1.39448e-07
2.41305e-07
1.3844e-07
1.71995e-07
1.35215e-07
1.01575e-07
1.30097e-07
3.0786e-08
1.23405e-07
-3.97081e-08
1.15437e-07
-1.09271e-07
1.06463e-07
-1.77259e-07
9.67236e-08
-2.42988e-07
8.64254e-08
-3.05719e-07
7.57434e-08
-3.64647e-07
6.48208e-08
-4.18904e-07
5.37698e-08
-4.67579e-07
4.26726e-08
-5.09747e-07
3.15828e-08
-5.44514e-07
2.05267e-08
-5.71066e-07
9.50733e-09
-5.88732e-07
-1.49051e-09
-5.97033e-07
-1.24919e-08
-5.95734e-07
-2.35202e-08
-5.84872e-07
-3.45864e-08
-5.64753e-07
-4.56817e-08
-5.3591e-07
-5.67725e-08
-4.99062e-07
-6.77977e-08
-4.55047e-07
-7.86672e-08
-4.04774e-07
-8.92605e-08
-3.49167e-07
-9.9426e-08
-2.89128e-07
-1.0898e-07
-2.25509e-07
-1.17707e-07
-1.59098e-07
-1.25358e-07
-9.06188e-08
-1.31655e-07
-2.07404e-08
-1.36293e-07
4.98969e-08
-1.38951e-07
1.20655e-07
-1.39303e-07
1.90852e-07
-1.37031e-07
2.59721e-07
-1.31839e-07
3.26377e-07
-1.23481e-07
3.89788e-07
-1.11785e-07
4.48774e-07
-9.66875e-08
5.02013e-07
-7.82851e-08
5.48072e-07
-5.68901e-08
5.85472e-07
-3.30912e-08
6.1279e-07
-7.78063e-09
6.28814e-07
1.79077e-08
6.32744e-07
4.27719e-08
6.24376e-07
6.57549e-08
6.0416e-07
8.60786e-08
5.73079e-07
1.03265e-07
5.3245e-07
1.17091e-07
4.83736e-07
1.27527e-07
4.2841e-07
1.34683e-07
3.67868e-07
1.38763e-07
3.03381e-07
1.40034e-07
2.36069e-07
1.38801e-07
1.66902e-07
1.35388e-07
9.67108e-08
1.3012e-07
2.62156e-08
1.23312e-07
-4.39366e-08
1.15258e-07
-1.13125e-07
1.06228e-07
-1.8072e-07
9.64547e-08
-2.4605e-07
8.61437e-08
-3.08387e-07
7.5466e-08
-3.66936e-07
6.45615e-08
-4.20838e-07
5.35399e-08
-4.69191e-07
4.24807e-08
-5.11078e-07
3.14352e-08
-5.45611e-07
2.04281e-08
-5.71985e-07
9.46066e-09
-5.89532e-07
-5.97775e-07
-2.05115e-08
-5.78421e-07
-3.84458e-08
-5.67757e-07
-5.61325e-08
-5.48017e-07
-7.34406e-08
-5.19744e-07
-9.02267e-08
-4.83661e-07
-1.06335e-07
-4.40614e-07
-1.21598e-07
-3.91517e-07
-1.35834e-07
-3.37297e-07
-1.4885e-07
-2.78863e-07
-1.60436e-07
-2.17071e-07
-1.70366e-07
-1.52715e-07
-1.78396e-07
-8.65259e-08
-1.84266e-07
-1.9177e-08
-1.877e-07
4.86924e-08
-1.88418e-07
1.16454e-07
-1.86145e-07
1.83451e-07
-1.80625e-07
2.48954e-07
-1.71635e-07
3.12135e-07
-1.59014e-07
3.72041e-07
-1.42686e-07
4.27596e-07
-1.22691e-07
4.77612e-07
-9.9232e-08
5.20823e-07
-7.27097e-08
5.55951e-07
-4.37624e-08
5.81792e-07
-1.32709e-08
5.97343e-07
1.76948e-08
6.01934e-07
4.79995e-08
5.95351e-07
7.6597e-08
5.77885e-07
1.02644e-07
5.50263e-07
1.25541e-07
5.13529e-07
1.44923e-07
4.68902e-07
1.60617e-07
4.17663e-07
1.72601e-07
3.61067e-07
1.80968e-07
3.00286e-07
1.85893e-07
2.3638e-07
1.87602e-07
1.70285e-07
1.86358e-07
1.02819e-07
1.82439e-07
3.47052e-08
1.76125e-07
-3.33937e-08
1.67689e-07
-1.00836e-07
1.57391e-07
-1.66961e-07
1.45474e-07
-2.3107e-07
1.32161e-07
-2.92406e-07
1.17661e-07
-3.50147e-07
1.02167e-07
-4.0341e-07
8.58602e-08
-4.51272e-07
6.8907e-08
-4.92794e-07
5.14625e-08
-5.27069e-07
3.36695e-08
-5.53273e-07
1.56581e-08
-5.70721e-07
-2.45166e-09
-5.78924e-07
-2.05462e-08
-5.7764e-07
-3.85108e-08
-5.66908e-07
-5.6223e-08
-5.4704e-07
-7.35492e-08
-5.18584e-07
-9.03436e-08
-4.82267e-07
-1.06448e-07
-4.38943e-07
-1.21691e-07
-3.89531e-07
-1.3589e-07
-3.34968e-07
-1.48847e-07
-2.76171e-07
-1.60349e-07
-2.14007e-07
-1.70168e-07
-1.49279e-07
-1.78057e-07
-8.273e-08
-1.83752e-07
-1.50456e-08
-1.86976e-07
5.31211e-08
-1.87449e-07
1.21127e-07
-1.84895e-07
1.88298e-07
-1.79061e-07
2.53887e-07
-1.69731e-07
3.17047e-07
-1.5675e-07
3.76807e-07
-1.40052e-07
4.32077e-07
-1.19696e-07
4.81657e-07
-9.59026e-08
5.24278e-07
-6.90975e-08
5.58667e-07
-3.9946e-08
5.83638e-07
-9.3535e-09
5.98221e-07
2.15959e-08
6.01795e-07
5.17693e-08
5.94203e-07
8.01384e-08
5.75791e-07
1.05886e-07
5.47332e-07
1.28439e-07
5.09897e-07
1.47455e-07
4.6472e-07
1.6278e-07
4.13085e-07
1.74408e-07
3.5624e-07
1.82441e-07
2.95348e-07
1.8706e-07
2.3145e-07
1.88498e-07
1.65464e-07
1.87018e-07
9.81907e-08
1.82898e-07
3.03353e-08
1.76418e-07
-3.74566e-08
1.67849e-07
-1.04557e-07
1.57449e-07
-1.70319e-07
1.45454e-07
-2.34056e-07
1.32089e-07
-2.95021e-07
1.17556e-07
-3.52403e-07
1.02047e-07
-4.05329e-07
8.57394e-08
-4.52883e-07
6.87972e-08
-4.94136e-07
5.1373e-08
-5.28187e-07
3.36068e-08
-5.54219e-07
1.56267e-08
-5.71551e-07
-5.79699e-07
-2.85183e-08
-5.5331e-07
-5.33405e-08
-5.42935e-07
-7.76171e-08
-5.2374e-07
-1.0109e-07
-4.96271e-07
-1.23503e-07
-4.61248e-07
-1.44602e-07
-4.19515e-07
-1.64141e-07
-3.71978e-07
-1.81878e-07
-3.19561e-07
-1.97576e-07
-2.63165e-07
-2.11e-07
-2.03647e-07
-2.21917e-07
-1.41798e-07
-2.30091e-07
-7.83525e-08
-2.35281e-07
-1.39863e-08
-2.3725e-07
5.06607e-08
-2.35763e-07
1.14968e-07
-2.30605e-07
1.78293e-07
-2.21588e-07
2.39937e-07
-2.08571e-07
2.99118e-07
-1.91486e-07
3.54956e-07
-1.70359e-07
4.06468e-07
-1.4534e-07
4.52593e-07
-1.16741e-07
4.92224e-07
-8.50579e-08
5.24268e-07
-5.09909e-08
5.47725e-07
-1.54351e-08
5.61787e-07
2.0572e-08
5.65926e-07
5.59458e-08
5.59977e-07
8.96664e-08
5.44164e-07
1.20868e-07
5.19062e-07
1.48883e-07
4.85514e-07
1.73246e-07
4.44539e-07
1.93675e-07
3.97234e-07
2.1004e-07
3.44702e-07
2.22331e-07
2.87994e-07
2.30632e-07
2.28079e-07
2.35092e-07
1.65826e-07
2.35903e-07
1.02008e-07
2.33287e-07
3.73212e-08
2.27479e-07
-2.75855e-08
2.18719e-07
-9.2076e-08
2.07249e-07
-1.55491e-07
1.93305e-07
-2.17127e-07
1.77126e-07
-2.76227e-07
1.58947e-07
-3.31969e-07
1.39011e-07
-3.83474e-07
1.17562e-07
-4.29823e-07
9.48539e-08
-4.70085e-07
7.11428e-08
-5.03358e-07
4.66891e-08
-5.2882e-07
2.17537e-08
-5.45786e-07
-3.40419e-09
-5.53766e-07
-2.85274e-08
-5.52516e-07
-5.33584e-08
-5.42077e-07
-7.76374e-08
-5.22761e-07
-1.01103e-07
-4.95118e-07
-1.23497e-07
-4.59874e-07
-1.44561e-07
-4.17878e-07
-1.64047e-07
-3.70045e-07
-1.81709e-07
-3.17306e-07
-1.97308e-07
-2.60572e-07
-2.10606e-07
-2.00708e-07
-2.21368e-07
-1.38518e-07
-2.29354e-07
-7.47439e-08
-2.34324e-07
-1.00759e-08
-2.36037e-07
5.48341e-08
-2.34261e-07
1.19351e-07
-2.28781e-07
1.82818e-07
-2.19414e-07
2.44521e-07
-2.06027e-07
3.0366e-07
-1.88559e-07
3.59339e-07
-1.67049e-07
4.10566e-07
-1.41665e-07
4.56272e-07
-1.12735e-07
4.95348e-07
-8.07786e-08
5.2671e-07
-4.65187e-08
5.49378e-07
-1.08688e-08
5.62571e-07
2.51233e-08
5.65803e-07
6.03744e-08
5.58952e-07
9.3878e-08
5.42287e-07
1.24788e-07
5.16421e-07
1.52461e-07
4.82225e-07
1.76451e-07
4.4073e-07
1.96495e-07
3.9304e-07
2.12479e-07
3.40257e-07
2.24404e-07
2.83422e-07
2.32363e-07
2.23492e-07
2.36508e-07
1.61318e-07
2.37039e-07
9.76601e-08
2.34177e-07
3.31977e-08
2.28156e-07
-3.14363e-08
2.19218e-07
-9.56183e-08
2.076e-07
-1.58701e-07
1.93538e-07
-2.19994e-07
1.77266e-07
-2.78749e-07
1.59018e-07
-3.34156e-07
1.39033e-07
-3.85344e-07
1.17553e-07
-4.31403e-07
9.48288e-08
-4.71411e-07
7.11131e-08
-5.04472e-07
4.66636e-08
-5.2977e-07
2.1738e-08
-5.46626e-07
-5.54553e-07
-3.63597e-08
-5.21295e-07
-6.79218e-08
-5.11372e-07
-9.86369e-08
-4.93025e-07
-1.2812e-07
-4.66788e-07
-1.56001e-07
-4.33367e-07
-1.81931e-07
-3.93584e-07
-2.05586e-07
-3.48323e-07
-2.26665e-07
-2.98481e-07
-2.44893e-07
-2.44938e-07
-2.60012e-07
-1.88527e-07
-2.71787e-07
-1.30024e-07
-2.79992e-07
-7.0147e-08
-2.84417e-07
-9.56125e-09
-2.84864e-07
5.11074e-08
-2.81153e-07
1.11257e-07
-2.73131e-07
1.70271e-07
-2.60685e-07
2.27491e-07
-2.4376e-07
2.82192e-07
-2.22375e-07
3.33571e-07
-1.96657e-07
3.8075e-07
-1.66858e-07
4.22794e-07
-1.33382e-07
4.58748e-07
-9.68035e-08
4.87689e-07
-5.78716e-08
5.08793e-07
-1.74913e-08
5.21407e-07
2.33238e-08
5.25111e-07
6.35251e-08
5.19776e-07
1.02112e-07
5.05577e-07
1.38202e-07
4.82972e-07
1.71074e-07
4.52643e-07
2.00181e-07
4.15432e-07
2.25143e-07
3.72271e-07
2.45731e-07
3.24114e-07
2.61838e-07
2.71888e-07
2.73455e-07
2.16462e-07
2.80649e-07
1.58632e-07
2.83541e-07
9.91155e-08
2.82289e-07
3.85728e-08
2.77078e-07
-2.2374e-08
2.68109e-07
-8.31067e-08
2.55597e-07
-1.42979e-07
2.39772e-07
-2.01302e-07
2.20879e-07
-2.57333e-07
1.99179e-07
-3.10269e-07
1.7496e-07
-3.59254e-07
1.4853e-07
-4.03393e-07
1.20223e-07
-4.41779e-07
9.03995e-08
-4.73534e-07
5.94355e-08
-4.97856e-07
2.77234e-08
-5.14073e-07
-4.33703e-09
-5.21705e-07
-3.63431e-08
-5.2051e-07
-6.78926e-08
-5.10527e-07
-9.8587e-08
-4.92067e-07
-1.28038e-07
-4.65667e-07
-1.55872e-07
-4.3204e-07
-1.81737e-07
-3.92013e-07
-2.05306e-07
-3.46477e-07
-2.26274e-07
-2.96337e-07
-2.44364e-07
-2.42483e-07
-2.59318e-07
-1.85755e-07
-2.70894e-07
-1.26941e-07
-2.78869e-07
-6.6769e-08
-2.8303e-07
-5.91481e-09
-2.8318e-07
5.49837e-08
-2.7914e-07
1.15312e-07
-2.70761e-07
1.7444e-07
-2.57936e-07
2.31695e-07
-2.40614e-07
2.86338e-07
-2.18829e-07
3.37554e-07
-1.92719e-07
3.84456e-07
-1.62551e-07
4.26105e-07
-1.28749e-07
4.61546e-07
-9.19067e-08
4.89868e-07
-5.27911e-08
5.10263e-07
-1.23221e-08
5.22102e-07
2.84789e-08
5.25002e-07
6.85644e-08
5.18866e-07
1.06944e-07
5.03908e-07
1.42751e-07
4.80614e-07
1.75283e-07
4.49692e-07
2.04012e-07
4.12e-07
2.28579e-07
3.68474e-07
2.48766e-07
3.2007e-07
2.64479e-07
2.67709e-07
2.75721e-07
2.1225e-07
2.82565e-07
1.54474e-07
2.85136e-07
9.50889e-08
2.83596e-07
3.4738e-08
2.78129e-07
-2.59694e-08
2.68938e-07
-8.64268e-08
2.56236e-07
-1.46e-07
2.40252e-07
-2.0401e-07
2.21228e-07
-2.59725e-07
1.99424e-07
-3.12352e-07
1.75123e-07
-3.61043e-07
1.48632e-07
-4.04913e-07
1.20283e-07
-4.43062e-07
9.04297e-08
-4.74618e-07
5.94472e-08
-4.98787e-07
2.77235e-08
-5.14902e-07
-5.22485e-07
-4.39285e-08
-4.82617e-07
-8.19921e-08
-4.73309e-07
-1.1891e-07
-4.56107e-07
-1.54173e-07
-4.31525e-07
-1.87301e-07
-4.00239e-07
-2.17852e-07
-3.63033e-07
-2.45427e-07
-3.20748e-07
-2.6967e-07
-2.74238e-07
-2.90268e-07
-2.2434e-07
-3.06948e-07
-1.71847e-07
-3.19471e-07
-1.17501e-07
-3.27629e-07
-6.19888e-08
-3.31243e-07
-5.94794e-09
-3.30158e-07
5.00231e-08
-3.24254e-07
1.05352e-07
-3.13442e-07
1.59459e-07
-2.97687e-07
2.11736e-07
-2.77014e-07
2.6152e-07
-2.51536e-07
3.08094e-07
-2.2147e-07
3.50684e-07
-1.87158e-07
3.88482e-07
-1.49088e-07
4.20677e-07
-1.07897e-07
4.46499e-07
-6.43736e-08
4.6527e-07
-1.94299e-08
4.76463e-07
2.59368e-08
4.79745e-07
7.07029e-08
4.7501e-07
1.13881e-07
4.62399e-07
1.54577e-07
4.42276e-07
1.92024e-07
4.15195e-07
2.2561e-07
3.81847e-07
2.54871e-07
3.43011e-07
2.79484e-07
2.99501e-07
2.9925e-07
2.52122e-07
3.14072e-07
2.0164e-07
3.23935e-07
1.48769e-07
3.28883e-07
9.41667e-08
3.29012e-07
3.84443e-08
3.24449e-07
-1.78113e-08
3.15355e-07
-7.40121e-08
3.01916e-07
-1.2954e-07
2.84349e-07
-1.83736e-07
2.62903e-07
-2.35888e-07
2.37865e-07
-2.85231e-07
2.09562e-07
-3.3095e-07
1.78362e-07
-3.72193e-07
1.44681e-07
-4.08098e-07
1.08975e-07
-4.37828e-07
7.17365e-08
-4.60617e-07
3.3486e-08
-4.75823e-07
-5.23745e-09
-4.82982e-07
-4.3887e-08
-4.81861e-07
-8.1917e-08
-4.72497e-07
-1.18792e-07
-4.55192e-07
-1.53999e-07
-4.30461e-07
-1.87053e-07
-3.98986e-07
-2.17511e-07
-3.61556e-07
-2.44968e-07
-3.1902e-07
-2.69066e-07
-2.72239e-07
-2.89491e-07
-2.22058e-07
-3.05966e-07
-1.6928e-07
-3.18252e-07
-1.14655e-07
-3.26139e-07
-5.88813e-08
-3.29449e-07
-2.60485e-09
-3.2803e-07
5.35646e-08
-3.21762e-07
1.09043e-07
-3.10562e-07
1.6324e-07
-2.944e-07
2.15533e-07
-2.73312e-07
2.6525e-07
-2.47419e-07
3.11662e-07
-2.16953e-07
3.5399e-07
-1.82273e-07
3.91424e-07
-1.43881e-07
4.23155e-07
-1.02434e-07
4.48421e-07
-5.87342e-08
4.66563e-07
-1.37061e-08
4.77074e-07
3.16472e-08
4.79649e-07
7.63029e-08
4.74211e-07
1.19282e-07
4.60929e-07
1.59701e-07
4.40195e-07
1.96813e-07
4.12581e-07
2.30019e-07
3.78793e-07
2.58874e-07
3.39619e-07
2.8307e-07
2.95874e-07
3.02421e-07
2.48358e-07
3.16841e-07
1.9783e-07
3.2632e-07
1.44995e-07
3.30912e-07
9.04971e-08
3.30713e-07
3.49367e-08
3.25855e-07
-2.11114e-08
3.16498e-07
-7.70698e-08
3.0283e-07
-1.32331e-07
2.85066e-07
-1.86246e-07
2.63453e-07
-2.38112e-07
2.38277e-07
-2.87175e-07
2.09861e-07
-3.32627e-07
1.78572e-07
-3.73624e-07
1.44822e-07
-4.09312e-07
1.09063e-07
-4.3886e-07
7.17841e-08
-4.61508e-07
3.35014e-08
-4.7662e-07
-4.83733e-07
-5.11045e-08
-4.37621e-07
-9.53289e-08
-4.29085e-07
-1.3812e-07
-4.13316e-07
-1.78847e-07
-3.90798e-07
-2.16927e-07
-3.62159e-07
-2.51829e-07
-3.28131e-07
-2.83085e-07
-2.89493e-07
-3.10285e-07
-2.47037e-07
-3.33085e-07
-2.0154e-07
-3.51194e-07
-1.53738e-07
-3.64375e-07
-1.0432e-07
-3.72437e-07
-5.39268e-08
-3.75233e-07
-3.15181e-09
-3.72656e-07
4.74468e-08
-3.64642e-07
9.73376e-08
-3.51171e-07
1.45988e-07
-3.32279e-07
1.92844e-07
-3.08076e-07
2.37317e-07
-2.78758e-07
2.78776e-07
-2.44628e-07
3.16553e-07
-2.06108e-07
3.49963e-07
-1.63758e-07
3.78327e-07
-1.18267e-07
4.01008e-07
-7.04534e-08
4.17457e-07
-2.12383e-08
4.27248e-07
2.83919e-08
4.30114e-07
7.74298e-08
4.25972e-07
1.24896e-07
4.14933e-07
1.69885e-07
3.97288e-07
2.11596e-07
3.73483e-07
2.49359e-07
3.44083e-07
2.82639e-07
3.09732e-07
3.11029e-07
2.7111e-07
3.34247e-07
2.28904e-07
3.52108e-07
1.83778e-07
3.64518e-07
1.3636e-07
3.71447e-07
8.72371e-08
3.72925e-07
3.69666e-08
3.69025e-07
-1.39109e-08
3.59862e-07
-6.48492e-08
3.45594e-07
-1.15272e-07
3.26424e-07
-1.64566e-07
3.02605e-07
-2.12068e-07
2.74441e-07
-2.57068e-07
2.42299e-07
-2.98808e-07
2.06605e-07
-3.36499e-07
1.67848e-07
-3.69342e-07
1.26578e-07
-3.96558e-07
8.33974e-08
-4.17436e-07
3.89499e-08
-4.31375e-07
-6.09113e-09
-4.37941e-07
-5.10394e-08
-4.36913e-07
-9.52106e-08
-4.28326e-07
-1.37938e-07
-4.12465e-07
-1.78587e-07
-3.89812e-07
-2.16569e-07
-3.61004e-07
-2.5135e-07
-3.26774e-07
-2.82458e-07
-2.87912e-07
-3.09483e-07
-2.45214e-07
-3.32075e-07
-1.99466e-07
-3.49943e-07
-1.51411e-07
-3.6285e-07
-1.01748e-07
-3.70606e-07
-5.11261e-08
-3.73063e-07
-1.47697e-10
-3.70118e-07
5.06197e-08
-3.61709e-07
1.00634e-07
-3.47822e-07
1.49353e-07
-3.28502e-07
1.96212e-07
-3.03866e-07
2.40613e-07
-2.74122e-07
2.81918e-07
-2.39587e-07
3.19455e-07
-2.00699e-07
3.52536e-07
-1.58031e-07
3.80487e-07
-1.1229e-07
4.02679e-07
-6.43065e-08
4.18579e-07
-1.50102e-08
4.27778e-07
3.46071e-08
4.30031e-07
8.35388e-08
4.25279e-07
1.30812e-07
4.13656e-07
1.7553e-07
3.95477e-07
2.16909e-07
3.71202e-07
2.54292e-07
3.41411e-07
2.87159e-07
3.06752e-07
3.1512e-07
2.67912e-07
3.37904e-07
2.25574e-07
3.55338e-07
1.80396e-07
3.67336e-07
1.32997e-07
3.73877e-07
8.39565e-08
3.74993e-07
3.38208e-08
3.70761e-07
-1.68795e-08
3.61299e-07
-6.76077e-08
3.46765e-07
-1.17797e-07
3.27363e-07
-1.66843e-07
3.03342e-07
-2.14092e-07
2.75009e-07
-2.58842e-07
2.42725e-07
-3.00343e-07
2.06916e-07
-3.37814e-07
1.68066e-07
-3.70461e-07
1.26721e-07
-3.97515e-07
8.34788e-08
-4.18266e-07
3.89796e-08
-4.3212e-07
-4.38645e-07
-5.77556e-08
-3.86769e-07
-1.07688e-07
-3.79152e-07
-1.55916e-07
-3.65088e-07
-2.01698e-07
-3.45015e-07
-2.44353e-07
-3.19504e-07
-2.8327e-07
-2.89215e-07
-3.17914e-07
-2.54849e-07
-3.4783e-07
-2.17121e-07
-3.72643e-07
-1.76728e-07
-3.92047e-07
-1.34333e-07
-4.05808e-07
-9.0559e-08
-4.13753e-07
-4.5982e-08
-4.15766e-07
-1.13885e-09
-4.11786e-07
4.34664e-08
-4.01801e-07
8.73535e-08
-3.85858e-07
1.30045e-07
-3.64065e-07
1.71051e-07
-3.36607e-07
2.09858e-07
-3.03758e-07
2.45927e-07
-2.65899e-07
2.78694e-07
-2.23524e-07
3.07588e-07
-1.77249e-07
3.32052e-07
-1.27811e-07
3.51569e-07
-7.60515e-08
3.65697e-07
-2.28996e-08
3.74096e-07
3.06628e-08
3.76552e-07
8.36369e-08
3.72998e-07
1.35047e-07
3.63523e-07
1.83975e-07
3.4836e-07
2.29594e-07
3.27864e-07
2.71186e-07
3.02491e-07
3.08153e-07
2.72764e-07
3.40018e-07
2.39245e-07
3.66419e-07
2.02504e-07
3.87094e-07
1.63103e-07
4.01871e-07
1.21583e-07
4.10652e-07
7.84563e-08
4.13402e-07
3.42169e-08
4.10141e-07
-1.06498e-08
4.00942e-07
-5.56504e-08
3.85934e-07
-1.00265e-07
3.65307e-07
-1.43938e-07
3.39313e-07
-1.86074e-07
3.08276e-07
-2.26031e-07
2.72597e-07
-2.63129e-07
2.32754e-07
-2.96656e-07
1.89307e-07
-3.25894e-07
1.42889e-07
-3.5014e-07
9.42047e-08
-3.68752e-07
4.40147e-08
-3.81185e-07
-6.88234e-09
-3.87044e-07
-5.76688e-08
-3.86126e-07
-1.0753e-07
-3.78465e-07
-1.55675e-07
-3.64319e-07
-2.01359e-07
-3.44129e-07
-2.43893e-07
-3.18469e-07
-2.82664e-07
-2.88003e-07
-3.17134e-07
-2.53441e-07
-3.46846e-07
-2.15503e-07
-3.7142e-07
-1.74891e-07
-3.90553e-07
-1.32279e-07
-4.04008e-07
-8.82933e-08
-4.11613e-07
-4.35206e-08
-4.13256e-07
1.49475e-09
-4.08877e-07
4.62409e-08
-3.98471e-07
9.02285e-08
-3.82089e-07
1.32971e-07
-3.59848e-07
1.73971e-07
-3.31942e-07
2.12708e-07
-2.98659e-07
2.48635e-07
-2.60392e-07
2.81187e-07
-2.17648e-07
3.09793e-07
-1.7106e-07
3.33898e-07
-1.21376e-07
3.52995e-07
-6.94506e-08
3.66653e-07
-1.62199e-08
3.74547e-07
3.733e-08
3.76481e-07
9.0201e-08
3.72408e-07
1.41422e-07
3.62435e-07
1.90085e-07
3.46814e-07
2.35374e-07
3.25913e-07
2.76585e-07
3.002e-07
3.13135e-07
2.70203e-07
3.4456e-07
2.36487e-07
3.70511e-07
1.99623e-07
3.90739e-07
1.60168e-07
4.0508e-07
1.18656e-07
4.13443e-07
7.55929e-08
4.15801e-07
3.14637e-08
4.12176e-07
-1.32545e-08
4.02645e-07
-5.80767e-08
3.87338e-07
-1.02491e-07
3.66446e-07
-1.45951e-07
3.40221e-07
-1.87868e-07
3.08987e-07
-2.27607e-07
2.7314e-07
-2.64497e-07
2.33158e-07
-2.97831e-07
1.89594e-07
-3.26898e-07
1.43081e-07
-3.51002e-07
9.43169e-08
-3.69503e-07
4.40575e-08
-3.81861e-07
-3.87683e-07
-6.37417e-08
-3.30648e-07
-1.1881e-07
-3.24084e-07
-1.71927e-07
-3.11971e-07
-2.22252e-07
-2.9469e-07
-2.69016e-07
-2.72741e-07
-3.11534e-07
-2.46697e-07
-3.49215e-07
-2.17168e-07
-3.81563e-07
-1.84773e-07
-4.08174e-07
-1.50117e-07
-4.28732e-07
-1.13775e-07
-4.43004e-07
-7.62867e-08
-4.50833e-07
-3.81527e-08
-4.52133e-07
1.60941e-10
-4.46883e-07
3.82161e-08
-4.35123e-07
7.55934e-08
-4.16957e-07
1.11879e-07
-3.92559e-07
1.46653e-07
-3.62184e-07
1.79483e-07
-3.26176e-07
2.0992e-07
-2.84984e-07
2.37502e-07
-2.39161e-07
2.61766e-07
-1.89374e-07
2.82265e-07
-1.36395e-07
2.9859e-07
-8.10884e-08
3.1039e-07
-2.43911e-08
3.17399e-07
3.27145e-08
3.19446e-07
8.92326e-08
3.1648e-07
1.44186e-07
3.0857e-07
1.96647e-07
2.95899e-07
2.45763e-07
2.78748e-07
2.90778e-07
2.57476e-07
3.31042e-07
2.325e-07
3.66016e-07
2.0427e-07
3.95269e-07
1.73251e-07
4.1847e-07
1.39903e-07
4.35376e-07
1.04676e-07
4.45826e-07
6.80065e-08
4.49726e-07
3.03165e-08
4.47049e-07
-7.97196e-09
4.37827e-07
-4.64289e-08
4.22165e-07
-8.46024e-08
4.00237e-07
-1.22011e-07
3.72298e-07
-1.58136e-07
3.38689e-07
-1.92422e-07
2.99838e-07
-2.24279e-07
2.56272e-07
-2.5309e-07
2.0861e-07
-2.78232e-07
1.57565e-07
-2.99095e-07
1.03931e-07
-3.15119e-07
4.85735e-08
-3.25828e-07
-7.59441e-09
-3.30876e-07
-6.36354e-08
-3.30085e-07
-1.18616e-07
-3.23484e-07
-1.71634e-07
-3.11301e-07
-2.21842e-07
-2.93921e-07
-2.68465e-07
-2.71845e-07
-3.10816e-07
-2.45652e-07
-3.483e-07
-2.15958e-07
-3.80418e-07
-1.83385e-07
-4.06764e-07
-1.48545e-07
-4.27022e-07
-1.1202e-07
-4.4096e-07
-7.43555e-08
-4.48422e-07
-3.60589e-08
-4.49324e-07
2.39676e-09
-4.4365e-07
4.05666e-08
-4.31444e-07
7.80234e-08
-4.12819e-07
1.14346e-07
-3.87957e-07
1.49109e-07
-3.57123e-07
1.81873e-07
-3.20674e-07
2.12186e-07
-2.7907e-07
2.39583e-07
-2.32879e-07
2.63602e-07
-1.82781e-07
2.838e-07
-1.2956e-07
2.99774e-07
-7.40899e-08
3.11184e-07
-1.73156e-08
3.17773e-07
3.9778e-08
3.19388e-07
9.61951e-08
3.15991e-07
1.50963e-07
3.07667e-07
2.03162e-07
2.94615e-07
2.5195e-07
2.77125e-07
2.96583e-07
2.55566e-07
3.36426e-07
2.3036e-07
3.70951e-07
2.01961e-07
3.99742e-07
1.70832e-07
4.22478e-07
1.37432e-07
4.38927e-07
1.02207e-07
4.48936e-07
6.55846e-08
4.52417e-07
2.79826e-08
4.49347e-07
-1.01847e-08
4.39765e-07
-4.84942e-08
4.23775e-07
-8.65012e-08
4.01554e-07
-1.23731e-07
3.73358e-07
-1.59672e-07
3.39526e-07
-1.93775e-07
3.00484e-07
-2.25455e-07
2.56757e-07
-2.54104e-07
2.0896e-07
-2.79101e-07
1.57801e-07
-2.99843e-07
1.04071e-07
-3.15772e-07
4.86278e-08
-3.26418e-07
-3.31435e-07
-6.89194e-08
-2.69968e-07
-1.28428e-07
-2.64575e-07
-1.85773e-07
-2.54626e-07
-2.40023e-07
-2.4044e-07
-2.90334e-07
-2.2243e-07
-3.35961e-07
-2.0107e-07
-3.76263e-07
-1.76866e-07
-4.10708e-07
-1.50328e-07
-4.38871e-07
-1.21954e-07
-4.60425e-07
-9.22208e-08
-4.7514e-07
-6.1572e-08
-4.82871e-07
-3.04212e-08
-4.83558e-07
8.47341e-10
-4.77213e-07
3.18716e-08
-4.63922e-07
6.23021e-08
-4.43839e-07
9.1796e-08
-4.17196e-07
1.2001e-07
-3.84307e-07
1.46594e-07
-3.45578e-07
1.71191e-07
-3.01513e-07
1.93436e-07
-2.52716e-07
2.12969e-07
-1.99894e-07
2.29443e-07
-1.43849e-07
2.42545e-07
-8.54636e-08
2.52005e-07
-2.56845e-08
2.5762e-07
3.45028e-08
2.59259e-07
9.4101e-08
2.56882e-07
1.52129e-07
2.50542e-07
2.07647e-07
2.4038e-07
2.59784e-07
2.26611e-07
3.07751e-07
2.09509e-07
3.50856e-07
1.89395e-07
3.88508e-07
1.66618e-07
4.20219e-07
1.4154e-07
4.45596e-07
1.14525e-07
4.64339e-07
8.59343e-08
4.76227e-07
5.61184e-08
4.81118e-07
2.54256e-08
4.78941e-07
-5.7949e-09
4.69697e-07
-3.71854e-08
4.53468e-07
-6.83728e-08
4.30417e-07
-9.89597e-08
4.008e-07
-1.28519e-07
3.6497e-07
-1.56592e-07
3.23383e-07
-1.82692e-07
2.76602e-07
-2.0631e-07
2.25301e-07
-2.2693e-07
1.70256e-07
-2.4405e-07
1.12343e-07
-2.57206e-07
5.25169e-08
-2.66002e-07
-8.21026e-09
-2.70149e-07
-6.87964e-08
-2.69499e-07
-1.28204e-07
-2.64076e-07
-1.85434e-07
-2.54071e-07
-2.39551e-07
-2.39804e-07
-2.89705e-07
-2.21691e-07
-3.35147e-07
-2.00211e-07
-3.75231e-07
-1.75873e-07
-4.09425e-07
-1.49191e-07
-4.37301e-07
-1.2067e-07
-4.58532e-07
-9.07891e-08
-4.72888e-07
-5.99991e-08
-4.80229e-07
-2.87185e-08
-4.80494e-07
2.6625e-09
-4.73704e-07
3.37764e-08
-4.59948e-07
6.42676e-08
-4.3939e-07
9.37878e-08
-4.12269e-07
1.21989e-07
-3.78912e-07
1.48516e-07
-3.39735e-07
1.73009e-07
-2.95255e-07
1.95103e-07
-2.4609e-07
2.14437e-07
-1.92959e-07
2.30669e-07
-1.36674e-07
2.43489e-07
-7.81277e-08
2.52637e-07
-1.82726e-08
2.57918e-07
4.19029e-08
2.59212e-07
1.01402e-07
2.56492e-07
1.59246e-07
2.49823e-07
2.14505e-07
2.39356e-07
2.66315e-07
2.25315e-07
3.139e-07
2.07982e-07
3.56579e-07
1.87681e-07
3.93776e-07
1.64764e-07
4.25014e-07
1.39594e-07
4.49912e-07
1.12534e-07
4.6818e-07
8.39394e-08
4.79606e-07
5.41582e-08
4.84056e-07
2.35331e-08
4.81463e-07
-7.5921e-09
4.71834e-07
-3.88657e-08
4.55253e-07
-6.99202e-08
4.31887e-07
-1.00364e-07
4.0199e-07
-1.29775e-07
3.65915e-07
-1.577e-07
3.24118e-07
-1.83658e-07
2.77158e-07
-2.07144e-07
2.25704e-07
-2.27647e-07
1.70531e-07
-2.44669e-07
1.12507e-07
-2.57748e-07
5.25813e-08
-2.66493e-07
-2.70615e-07
-7.31486e-08
-2.05564e-07
-1.36284e-07
-2.0144e-07
-1.97079e-07
-1.93832e-07
-2.54532e-07
-1.82987e-07
-3.07737e-07
-1.69225e-07
-3.55899e-07
-1.52908e-07
-3.98338e-07
-1.34426e-07
-4.34495e-07
-1.1417e-07
-4.63926e-07
-9.25234e-08
-4.86297e-07
-6.98497e-08
-5.01379e-07
-4.64902e-08
-5.09038e-07
-2.27618e-08
-5.09232e-07
1.0413e-09
-5.02002e-07
2.46413e-08
-4.87467e-07
4.77669e-08
-4.65824e-07
7.01535e-08
-4.37353e-07
9.15385e-08
-4.02416e-07
1.11658e-07
-3.61469e-07
1.30244e-07
-3.1506e-07
1.47027e-07
-2.63834e-07
1.61743e-07
-2.08529e-07
1.74139e-07
-1.49971e-07
1.83987e-07
-8.90587e-08
1.91092e-07
-2.67461e-08
1.95307e-07
3.59758e-08
1.96537e-07
9.81055e-08
1.94752e-07
1.58656e-07
1.89991e-07
2.1668e-07
1.82357e-07
2.71287e-07
1.72004e-07
3.21664e-07
1.59132e-07
3.67086e-07
1.43974e-07
4.06921e-07
1.26783e-07
4.40633e-07
1.07827e-07
4.67782e-07
8.73764e-08
4.88017e-07
6.56995e-08
5.01072e-07
4.30633e-08
5.06764e-07
1.97341e-08
5.04987e-07
-4.0181e-09
4.95718e-07
-2.79164e-08
4.7902e-07
-5.16747e-08
4.55049e-07
-7.49887e-08
4.24061e-07
-9.75311e-08
3.86419e-07
-1.1895e-07
3.426e-07
-1.38872e-07
2.93198e-07
-1.56907e-07
2.38927e-07
-1.7266e-07
1.8062e-07
-1.85743e-07
1.19214e-07
-1.958e-07
5.57378e-08
-2.02526e-07
-8.71316e-09
-2.05698e-07
-7.30114e-08
-2.05201e-07
-1.36034e-07
-2.01053e-07
-1.96702e-07
-1.93403e-07
-2.54009e-07
-1.82497e-07
-3.07043e-07
-1.68657e-07
-3.55004e-07
-1.5225e-07
-3.97211e-07
-1.33667e-07
-4.33099e-07
-1.13303e-07
-4.62225e-07
-9.15444e-08
-4.84254e-07
-6.876e-08
-4.98958e-07
-4.52946e-08
-5.06207e-07
-2.14693e-08
-5.05962e-07
2.41751e-09
-4.9827e-07
2.60834e-08
-4.83255e-07
4.92528e-08
-4.61124e-07
7.16567e-08
-4.32164e-07
9.30293e-08
-3.96752e-07
1.13103e-07
-3.55352e-07
1.31609e-07
-3.08526e-07
1.48277e-07
-2.56932e-07
1.62843e-07
-2.01319e-07
1.75056e-07
-1.42522e-07
1.84693e-07
-8.14499e-08
1.91565e-07
-1.9062e-08
1.9553e-07
4.36481e-08
1.96502e-07
1.05679e-07
1.94461e-07
1.66048e-07
1.89454e-07
2.23814e-07
1.81591e-07
2.78095e-07
1.71034e-07
3.28089e-07
1.57987e-07
3.73083e-07
1.42687e-07
4.12457e-07
1.2539e-07
4.45688e-07
1.06363e-07
4.72347e-07
8.5875e-08
4.92093e-07
6.41931e-08
5.04671e-07
4.15808e-08
5.09903e-07
1.83007e-08
5.07692e-07
-5.38106e-09
4.98019e-07
-2.91923e-08
4.8095e-07
-5.28513e-08
4.56644e-07
-7.60579e-08
4.25358e-07
-9.8489e-08
3.87455e-07
-1.19797e-07
3.43409e-07
-1.39612e-07
2.93812e-07
-1.57547e-07
2.39376e-07
-1.73211e-07
1.80927e-07
-1.8622e-07
1.19397e-07
-1.96219e-07
5.58107e-08
-2.02906e-07
-2.06059e-07
-7.62986e-08
-1.38387e-07
-1.42135e-07
-1.35603e-07
-2.05498e-07
-1.30469e-07
-2.65335e-07
-1.23151e-07
-3.20693e-07
-1.13866e-07
-3.70742e-07
-1.0286e-07
-4.14772e-07
-9.03957e-08
-4.52205e-07
-7.67382e-08
-4.82582e-07
-6.21463e-08
-5.05565e-07
-4.68665e-08
-5.20926e-07
-3.11295e-08
-5.28538e-07
-1.51494e-08
-5.28372e-07
8.75176e-10
-5.20487e-07
1.67564e-08
-5.05028e-07
3.23084e-08
-4.82225e-07
4.73504e-08
-4.52392e-07
6.1705e-08
-4.15929e-07
7.51951e-08
-3.73329e-07
8.7643e-08
-3.25173e-07
9.88711e-08
-2.72136e-07
1.08706e-07
-2.1498e-07
1.16983e-07
-1.54546e-07
1.23553e-07
-9.17455e-08
1.28292e-07
-2.75394e-08
1.31101e-07
3.70772e-08
1.3192e-07
1.01099e-07
1.3073e-07
1.63534e-07
1.27556e-07
2.23427e-07
1.22464e-07
2.79876e-07
1.15555e-07
3.32049e-07
1.06959e-07
3.79197e-07
9.68258e-08
4.20658e-07
8.53225e-08
4.55861e-07
7.26239e-08
4.84329e-07
5.89084e-08
5.05674e-07
4.4355e-08
5.19594e-07
2.91428e-08
5.25876e-07
1.34522e-08
5.2439e-07
-2.53239e-09
5.15095e-07
-1.86217e-08
4.98043e-07
-3.46225e-08
4.73384e-07
-5.03293e-08
4.41374e-07
-6.5521e-08
4.02383e-07
-7.99595e-08
3.56903e-07
-9.3392e-08
3.05551e-07
-1.05555e-07
2.49071e-07
-1.16181e-07
1.88336e-07
-1.25007e-07
1.24329e-07
-1.31793e-07
5.81364e-08
-1.36333e-07
-9.08754e-09
-1.38474e-07
-7.61499e-08
-1.38138e-07
-1.41864e-07
-1.35339e-07
-2.05091e-07
-1.30176e-07
-2.64771e-07
-1.22817e-07
-3.19948e-07
-1.1348e-07
-3.69784e-07
-1.02414e-07
-4.13569e-07
-8.98819e-08
-4.50719e-07
-7.61523e-08
-4.80777e-07
-6.14861e-08
-5.03405e-07
-4.61326e-08
-5.18374e-07
-3.03253e-08
-5.25563e-07
-1.42808e-08
-5.24944e-07
1.79905e-09
-5.16584e-07
1.77235e-08
-5.00635e-07
3.33035e-08
-4.77334e-07
4.8356e-08
-4.47006e-07
6.2701e-08
-4.10062e-07
7.61598e-08
-3.67006e-07
8.85533e-08
-3.18433e-07
9.97036e-08
-2.65027e-07
1.09438e-07
-2.07564e-07
1.17593e-07
-1.46893e-07
1.24023e-07
-8.39336e-08
1.28605e-07
-1.96526e-08
1.31249e-07
4.49523e-08
1.31897e-07
1.08876e-07
1.30537e-07
1.71131e-07
1.27199e-07
2.30766e-07
1.21955e-07
2.8689e-07
1.1491e-07
3.3868e-07
1.06197e-07
3.85399e-07
9.59689e-08
4.26395e-07
8.43937e-08
4.61112e-07
7.16464e-08
4.89082e-07
5.79049e-08
5.09928e-07
4.33469e-08
5.23359e-07
2.81495e-08
5.29169e-07
1.24908e-08
5.27236e-07
-3.44751e-09
5.17523e-07
-1.94793e-08
5.00085e-07
-3.54142e-08
4.75077e-07
-5.10497e-08
4.42755e-07
-6.61672e-08
4.0349e-07
-8.05315e-08
3.57771e-07
-9.38925e-08
3.06212e-07
-1.05989e-07
2.49556e-07
-1.16555e-07
1.88669e-07
-1.25332e-07
1.24529e-07
-1.3208e-07
5.82162e-08
-1.36593e-07
-1.38721e-07
-7.82544e-08
-6.94881e-08
-1.45768e-07
-6.80894e-08
-2.10727e-07
-6.55098e-08
-2.72045e-07
-6.18331e-08
-3.28743e-07
-5.71677e-08
-3.79965e-07
-5.16374e-08
-4.24987e-07
-4.53741e-08
-4.63214e-07
-3.85111e-08
-4.94182e-07
-3.11785e-08
-5.17548e-07
-2.35006e-08
-5.33083e-07
-1.55936e-08
-5.40667e-07
-7.56537e-09
-5.40276e-07
4.8407e-10
-5.3198e-07
8.4602e-09
-5.1594e-07
1.62682e-08
-4.92406e-07
2.38162e-08
-4.61716e-07
3.10147e-08
-4.24295e-07
3.7775e-08
-3.80661e-07
4.40083e-08
-3.31416e-07
4.96267e-08
-2.77255e-07
5.45445e-08
-2.18953e-07
5.86808e-08
-1.57362e-07
6.19626e-08
-9.33989e-08
6.43283e-08
-2.80285e-08
6.57306e-08
3.77524e-08
6.61395e-08
1.02937e-07
6.55452e-08
1.66533e-07
6.39605e-08
2.27579e-07
6.14178e-08
2.85168e-07
5.79665e-08
3.38457e-07
5.36698e-08
3.8668e-07
4.86021e-08
4.29158e-07
4.28452e-08
4.65296e-07
3.64853e-08
4.94594e-07
2.96112e-08
5.16636e-07
2.23121e-08
5.31101e-07
1.4678e-08
5.37753e-07
6.80006e-09
5.36449e-07
-1.22807e-09
5.27137e-07
-9.30998e-09
5.09863e-07
-1.73485e-08
4.84774e-07
-2.52402e-08
4.52127e-07
-3.28736e-08
4.12296e-07
-4.01288e-08
3.65783e-07
-4.68786e-08
3.13218e-07
-5.29902e-08
2.55367e-07
-5.83291e-08
1.93123e-07
-6.2764e-08
1.27503e-07
-6.61734e-08
5.96246e-08
-6.8454e-08
-9.31967e-09
-6.95297e-08
-7.80969e-08
-6.93611e-08
-1.45481e-07
-6.79548e-08
-2.10296e-07
-6.53609e-08
-2.7145e-07
-6.16637e-08
-3.27958e-07
-5.69724e-08
-3.7896e-07
-5.14119e-08
-4.23727e-07
-4.51148e-08
-4.61664e-07
-3.82157e-08
-4.92304e-07
-3.08462e-08
-5.15305e-07
-2.31316e-08
-5.3044e-07
-1.51896e-08
-5.37592e-07
-7.12946e-09
-5.3674e-07
9.47412e-10
-5.27961e-07
8.94479e-09
-5.11424e-07
1.67664e-08
-4.87387e-07
2.43192e-08
-4.56199e-07
3.15125e-08
-4.18296e-07
3.82566e-08
-3.74205e-07
4.44624e-08
-3.24543e-07
5.00417e-08
-2.70014e-07
5.4909e-08
-2.11406e-07
5.89844e-08
-1.4958e-07
6.21962e-08
-8.54588e-08
6.44844e-08
-2.00141e-08
6.58042e-08
4.57552e-08
6.6128e-08
1.10843e-07
6.54491e-08
1.74259e-07
6.3783e-08
2.3505e-07
6.11645e-08
2.92315e-07
5.76453e-08
3.45222e-07
5.32903e-08
3.93016e-07
4.81749e-08
4.35028e-07
4.23817e-08
4.70677e-07
3.59971e-08
4.99472e-07
2.91095e-08
5.21011e-07
2.18077e-08
5.3498e-07
1.41806e-08
5.41153e-07
6.31817e-09
5.39393e-07
-1.68707e-09
5.29654e-07
-9.74047e-09
5.11986e-07
-1.77463e-08
4.86539e-07
-2.56025e-08
4.5357e-07
-3.3199e-08
4.13456e-07
-4.04173e-08
3.66695e-07
-4.71313e-08
3.13916e-07
-5.32097e-08
2.5588e-07
-5.8519e-08
1.93477e-07
-6.2929e-08
1.27716e-07
-6.63191e-08
5.97099e-08
-6.85867e-08
-6.9656e-08
-7.89231e-08
-1.47013e-07
-2.12522e-07
-2.74355e-07
-3.31523e-07
-3.83161e-07
-4.28535e-07
-4.67046e-07
-4.98224e-07
-5.21725e-07
-5.37318e-07
-5.44884e-07
-5.444e-07
-5.3594e-07
-5.19671e-07
-4.95855e-07
-4.6484e-07
-4.27066e-07
-3.83057e-07
-3.3343e-07
-2.78886e-07
-2.20205e-07
-1.58242e-07
-9.39141e-08
-2.81835e-08
3.7956e-08
1.03501e-07
1.67462e-07
2.2888e-07
2.86846e-07
3.40516e-07
3.89118e-07
4.31963e-07
4.68448e-07
4.9806e-07
5.20372e-07
5.3505e-07
5.4185e-07
5.40622e-07
5.31312e-07
5.13963e-07
4.88723e-07
4.55849e-07
4.15721e-07
3.68842e-07
3.15852e-07
2.57523e-07
1.94759e-07
1.28585e-07
6.01313e-08
-9.39841e-09
-7.87595e-08
-1.46714e-07
-2.12075e-07
-2.73739e-07
-3.30711e-07
-3.82123e-07
-4.27238e-07
-4.65454e-07
-4.963e-07
-5.19432e-07
-5.34621e-07
-5.41751e-07
-5.40803e-07
-5.31858e-07
-5.15092e-07
-4.90773e-07
-4.5926e-07
-4.21004e-07
-3.76541e-07
-3.265e-07
-2.71591e-07
-2.12606e-07
-1.5041e-07
-8.59256e-08
-2.01214e-08
4.60066e-08
1.11456e-07
1.75239e-07
2.36403e-07
2.94048e-07
3.47339e-07
3.95514e-07
4.37895e-07
4.73892e-07
5.03002e-07
5.2481e-07
5.3899e-07
5.45308e-07
5.43621e-07
5.33881e-07
5.16135e-07
4.90532e-07
4.57333e-07
4.16916e-07
3.69784e-07
3.16575e-07
2.58056e-07
1.95127e-07
1.28808e-07
6.02209e-08
)
;

boundaryField
{
    top
    {
        type            calculated;
        value           nonuniform List<scalar> 
102
(
-4.1359e-25
0
0
0
0
0
0
0
0
0
0
0
1.65436e-24
1.65436e-24
0
0
0
0
0
0
0
0
0
0
0
0
0
0
0
0
0
0
0
0
0
0
0
1.65436e-24
0
0
0
0
0
0
8.27181e-25
0
0
0
0
0
0
-4.1359e-25
4.1359e-25
0
0
0
0
0
0
0
0
0
0
0
1.65436e-24
0
0
0
0
0
0
0
0
0
0
0
0
0
0
0
0
0
0
0
0
0
0
0
-1.65436e-24
0
0
0
0
0
0
-8.27181e-25
0
0
0
0
-4.1359e-25
0
)
;
    }
    bottom
    {
        type            calculated;
        value           uniform 0;
    }
    frontAndBack
    {
        type            empty;
        value           nonuniform 0();
    }
    left_cyc
    {
        type            cyclic;
        value           nonuniform List<scalar> 
30
(
-4.31272e-09
-6.50504e-09
-7.29084e-09
-7.62838e-09
-7.69645e-09
-7.55306e-09
-7.23638e-09
-6.77938e-09
-6.20884e-09
-5.54673e-09
-4.81074e-09
-4.01504e-09
-3.17103e-09
-2.28799e-09
-1.37384e-09
-4.35719e-10
5.19374e-10
1.48402e-09
2.44987e-09
3.40727e-09
4.34501e-09
5.25026e-09
6.10856e-09
6.90408e-09
7.62003e-09
8.23927e-09
8.74501e-09
9.12163e-09
9.35537e-09
9.43508e-09
)
;
    }
    right_cyc
    {
        type            cyclic;
        value           nonuniform List<scalar> 
30
(
4.31272e-09
6.50504e-09
7.29084e-09
7.62838e-09
7.69645e-09
7.55306e-09
7.23638e-09
6.77938e-09
6.20884e-09
5.54673e-09
4.81074e-09
4.01504e-09
3.17103e-09
2.28799e-09
1.37384e-09
4.35719e-10
-5.19374e-10
-1.48402e-09
-2.44987e-09
-3.40727e-09
-4.34501e-09
-5.25026e-09
-6.10856e-09
-6.90408e-09
-7.62003e-09
-8.23927e-09
-8.74501e-09
-9.12163e-09
-9.35537e-09
-9.43508e-09
)
;
    }
}


// ************************************************************************* //
