/*--------------------------------*- C++ -*----------------------------------*\
| =========                 |                                                 |
| \\      /  F ield         | OpenFOAM: The Open Source CFD Toolbox           |
|  \\    /   O peration     | Version:  2.3.0                                 |
|   \\  /    A nd           | Web:      www.OpenFOAM.org                      |
|    \\/     M anipulation  |                                                 |
\*---------------------------------------------------------------------------*/
FoamFile
{
    version     2.0;
    format      ascii;
    class       volVectorField;
    location    "18000";
    object      U;
}
// * * * * * * * * * * * * * * * * * * * * * * * * * * * * * * * * * * * * * //

dimensions      [0 1 -1 0 0 0 0];

internalField   nonuniform List<vector> 
3060
(
(1.59575 0 -2.31842)
(4.18856 0 -2.23012)
(6.65913 0 -2.06173)
(8.93262 0 -1.81309)
(10.9368 0 -1.48554)
(12.6053 0 -1.08577)
(13.8845 0 -0.632184)
(14.7435 0 -0.162555)
(15.1889 0 0.264793)
(15.2776 0 0.58921)
(15.1018 0 0.777532)
(14.7551 0 0.842586)
(14.2784 0 0.825954)
(13.6753 0 0.766569)
(12.9169 0 0.688806)
(11.9729 0 0.610997)
(10.8317 0 0.564296)
(9.50392 0 0.564165)
(8.01938 0 0.575022)
(6.46132 0 0.549441)
(4.94706 0 0.482323)
(3.57476 0 0.388247)
(2.40758 0 0.288994)
(1.45525 0 0.20538)
(0.674155 0 0.151281)
(-0.0142088 0 0.133069)
(-0.703697 0 0.152406)
(-1.48792 0 0.207505)
(-2.44455 0 0.291766)
(-3.61557 0 0.391009)
(-4.98917 0 0.484247)
(-6.50046 0 0.549814)
(-8.04982 0 0.573558)
(-9.52014 0 0.562265)
(-10.8304 0 0.563988)
(-11.9513 0 0.612032)
(-12.8727 0 0.689052)
(-13.6069 0 0.764024)
(-14.1847 0 0.81786)
(-14.6319 0 0.824837)
(-14.9425 0 0.745865)
(-15.0717 0 0.541704)
(-14.9247 0 0.205343)
(-14.4164 0 -0.226406)
(-13.4949 0 -0.693047)
(-12.1593 0 -1.13824)
(-10.4437 0 -1.52656)
(-8.40399 0 -1.84116)
(-6.10764 0 -2.07601)
(-3.62784 0 -2.22992)
(-1.04021 0 -2.30291)
(1.57835 0 -2.29476)
(4.15047 0 -2.20557)
(6.59948 0 -2.03545)
(8.8501 0 -1.78445)
(10.8299 0 -1.45436)
(12.4732 0 -1.05278)
(13.7274 0 -0.599654)
(14.5642 0 -0.13474)
(14.9939 0 0.28271)
(15.0768 0 0.594231)
(14.9042 0 0.771337)
(14.5633 0 0.829825)
(14.0894 0 0.810626)
(13.4826 0 0.750832)
(12.7122 0 0.673699)
(11.7506 0 0.59952)
(10.5898 0 0.560576)
(9.24358 0 0.565529)
(7.74813 0 0.572872)
(6.19595 0 0.540007)
(4.70446 0 0.4675)
(3.36664 0 0.371268)
(2.23846 0 0.273434)
(1.32037 0 0.194056)
(0.561565 0 0.145688)
(-0.120181 0 0.133718)
(-0.819651 0 0.159242)
(-1.62901 0 0.219868)
(-2.62159 0 0.307904)
(-3.83145 0 0.407855)
(-5.23751 0 0.498211)
(-6.76866 0 0.558001)
(-8.32029 0 0.574444)
(-9.77714 0 0.561315)
(-11.0684 0 0.569443)
(-12.1696 0 0.624805)
(-13.0741 0 0.704561)
(-13.7975 0 0.779853)
(-14.3728 0 0.832897)
(-14.8234 0 0.836468)
(-15.1394 0 0.74968)
(-15.2696 0 0.533307)
(-15.1138 0 0.183992)
(-14.5869 0 -0.256881)
(-13.6412 0 -0.727273)
(-12.2793 0 -1.17221)
(-10.5375 0 -1.55829)
(-8.47285 0 -1.87011)
(-6.15325 0 -2.10247)
(-3.65166 0 -2.25457)
(-1.04323 0 -2.3266)
(1.32005 0 -3.64047)
(3.47769 0 -3.53764)
(5.57313 0 -3.34412)
(7.57293 0 -3.06547)
(9.45244 0 -2.71197)
(11.1997 0 -2.30125)
(12.8187 0 -1.86088)
(14.3276 0 -1.42773)
(15.7496 0 -1.03925)
(17.0928 0 -0.715273)
(18.3318 0 -0.442629)
(19.405 0 -0.178848)
(20.2379 0 0.126166)
(20.7582 0 0.512906)
(20.8952 0 0.996775)
(20.5677 0 1.54279)
(19.6848 0 2.04773)
(18.2337 0 2.42415)
(16.2589 0 2.64157)
(13.8652 0 2.68145)
(11.2399 0 2.5579)
(8.5914 0 2.29173)
(6.09896 0 1.9505)
(3.85485 0 1.62879)
(1.84408 0 1.4061)
(-0.0303567 0 1.32823)
(-1.90563 0 1.40941)
(-3.91832 0 1.63441)
(-6.16342 0 1.95622)
(-8.65257 0 2.29424)
(-11.2899 0 2.55395)
(-13.894 0 2.66915)
(-16.2559 0 2.61972)
(-18.1911 0 2.39242)
(-19.5986 0 2.00631)
(-20.4356 0 1.49329)
(-20.7198 0 0.944753)
(-20.5432 0 0.461808)
(-19.986 0 0.0760018)
(-19.1202 0 -0.230088)
(-18.0188 0 -0.497739)
(-16.7572 0 -0.776586)
(-15.3946 0 -1.10668)
(-13.9532 0 -1.4979)
(-12.4238 0 -1.92874)
(-10.784 0 -2.36185)
(-9.01727 0 -2.7614)
(-7.12209 0 -3.10097)
(-5.11219 0 -3.36375)
(-3.01364 0 -3.53999)
(-0.860731 0 -3.6245)
(1.30801 0 -3.61504)
(3.45302 0 -3.51185)
(5.5363 0 -3.3177)
(7.52487 0 -3.03852)
(9.39481 0 -2.68522)
(11.1352 0 -2.27637)
(12.7509 0 -1.84043)
(14.2607 0 -1.41452)
(15.6859 0 -1.03451)
(17.0311 0 -0.716584)
(18.266 0 -0.443835)
(19.326 0 -0.172503)
(20.136 0 0.146527)
(20.6227 0 0.551319)
(20.7143 0 1.05201)
(20.3263 0 1.60335)
(19.3732 0 2.09601)
(17.8559 0 2.45262)
(15.8235 0 2.64549)
(13.3953 0 2.66036)
(10.7671 0 2.5137)
(8.1453 0 2.23175)
(5.69903 0 1.88907)
(3.50317 0 1.58077)
(1.52655 0 1.38137)
(-0.337371 0 1.33111)
(-2.22839 0 1.43941)
(-4.27907 0 1.68618)
(-6.57349 0 2.0187)
(-9.10613 0 2.35196)
(-11.7642 0 2.59364)
(-14.3591 0 2.68559)
(-16.6806 0 2.6104)
(-18.5549 0 2.35931)
(-19.8946 0 1.95422)
(-20.6611 0 1.4317)
(-20.8873 0 0.891638)
(-20.6673 0 0.426371)
(-20.0781 0 0.0581257)
(-19.1908 0 -0.235108)
(-18.0776 0 -0.496739)
(-16.813 0 -0.777039)
(-15.4527 0 -1.11418)
(-14.0141 0 -1.51399)
(-12.4844 0 -1.95162)
(-10.8401 0 -2.38854)
(-9.06552 0 -2.78941)
(-7.15998 0 -3.12877)
(-5.1383 0 -3.39071)
(-3.02724 0 -3.56608)
(-0.86153 0 -3.65002)
(1.25604 0 -5.7928)
(3.31471 0 -5.64876)
(5.3299 0 -5.37964)
(7.27878 0 -4.99684)
(9.14418 0 -4.51918)
(10.9152 0 -3.97466)
(12.5852 0 -3.40063)
(14.1471 0 -2.83861)
(15.5858 0 -2.32069)
(16.874 0 -1.85263)
(17.9778 0 -1.40907)
(18.8678 0 -0.947628)
(19.5276 0 -0.42865)
(19.9556 0 0.176476)
(20.1618 0 0.883724)
(20.1587 0 1.69974)
(19.9257 0 2.63382)
(19.3639 0 3.68005)
(18.317 0 4.6848)
(16.6317 0 5.33278)
(14.2741 0 5.52078)
(11.439 0 5.3148)
(8.42982 0 4.84298)
(5.4796 0 4.30627)
(2.67141 0 3.90221)
(-0.0357303 0 3.75529)
(-2.74221 0 3.90579)
(-5.54763 0 4.31078)
(-8.49034 0 4.84289)
(-11.4828 0 5.30277)
(-14.2882 0 5.49086)
(-16.6048 0 5.28118)
(-18.2461 0 4.61105)
(-19.2546 0 3.5961)
(-19.7846 0 2.55088)
(-19.992 0 1.61973)
(-19.9712 0 0.805662)
(-19.7399 0 0.0995982)
(-19.285 0 -0.505245)
(-18.5972 0 -1.0253)
(-17.6795 0 -1.48955)
(-16.5497 0 -1.93763)
(-15.2382 0 -2.41057)
(-13.7789 0 -2.93071)
(-12.1985 0 -3.48989)
(-10.5117 0 -4.0551)
(-8.72608 0 -4.58533)
(-6.84914 0 -5.04431)
(-4.89287 0 -5.40511)
(-2.87535 0 -5.64983)
(-0.820001 0 -5.76791)
(1.24643 0 -5.75467)
(3.29623 0 -5.6106)
(5.30314 0 -5.3415)
(7.24466 0 -4.95924)
(9.10392 0 -4.48339)
(10.87 0 -3.9428)
(12.5361 0 -3.37529)
(14.0936 0 -2.82163)
(15.5257 0 -2.31119)
(16.8034 0 -1.84591)
(17.8928 0 -1.3981)
(18.7653 0 -0.925701)
(19.4062 0 -0.390789)
(19.815 0 0.233258)
(20.0032 0 0.960447)
(19.9812 0 1.79683)
(19.7197 0 2.75288)
(19.1069 0 3.81115)
(17.9837 0 4.78372)
(16.2035 0 5.36121)
(13.768 0 5.48477)
(10.8999 0 5.23059)
(7.90112 0 4.73847)
(4.98228 0 4.21676)
(2.20156 0 3.85413)
(-0.496578 0 3.76091)
(-3.21636 0 3.96371)
(-6.05151 0 4.40591)
(-9.02358 0 4.94621)
(-12.019 0 5.37866)
(-14.7809 0 5.51453)
(-17.0128 0 5.23848)
(-18.5603 0 4.50011)
(-19.4971 0 3.46397)
(-19.9807 0 2.43511)
(-20.1621 0 1.52573)
(-20.1228 0 0.731829)
(-19.8728 0 0.0455995)
(-19.3983 0 -0.540789)
(-18.6912 0 -1.04579)
(-17.756 0 -1.50038)
(-16.6121 0 -1.94576)
(-15.2905 0 -2.42283)
(-13.8248 0 -2.95105)
(-12.2399 0 -3.51844)
(-10.5486 0 -4.08962)
(-8.75765 0 -4.62314)
(-6.87404 0 -5.08335)
(-4.90997 0 -5.44421)
(-2.88387 0 -5.68853)
(-0.819502 0 -5.80622)
(1.20269 0 -7.87278)
(3.17693 0 -7.70179)
(5.11756 0 -7.38353)
(7.00614 0 -6.93295)
(8.82693 0 -6.3726)
(10.566 0 -5.73231)
(12.2088 0 -5.04707)
(13.7362 0 -4.35136)
(15.1219 0 -3.6696)
(16.3347 0 -3.00665)
(17.3459 0 -2.3458)
(18.1367 0 -1.65759)
(18.6993 0 -0.912552)
(19.0345 0 -0.0883713)
(19.148 0 0.829275)
(19.0451 0 1.8508)
(18.73 0 2.98525)
(18.2208 0 4.22357)
(17.5185 0 5.52951)
(16.5079 0 6.83734)
(14.9198 0 7.87756)
(12.5894 0 8.23167)
(9.65672 0 7.97469)
(6.45119 0 7.43819)
(3.20005 0 6.96594)
(-0.0346558 0 6.78401)
(-3.26674 0 6.96592)
(-6.50934 0 7.43372)
(-9.69742 0 7.95667)
(-12.5994 0 8.18892)
(-14.8896 0 7.80266)
(-16.439 0 6.73989)
(-17.4224 0 5.4265)
(-18.1048 0 4.11971)
(-18.5945 0 2.88216)
(-18.8876 0 1.74919)
(-18.967 0 0.728324)
(-18.8287 0 -0.189677)
(-18.4674 0 -1.015)
(-17.878 0 -1.76198)
(-17.0605 0 -2.45292)
(-16.0236 0 -3.11692)
(-14.7873 0 -3.78217)
(-13.3811 0 -4.46322)
(-11.836 0 -5.15336)
(-10.178 0 -5.82723)
(-8.42633 0 -6.45043)
(-6.59583 0 -6.98867)
(-4.70099 0 -7.41305)
(-2.75808 0 -7.70213)
(-0.785916 0 -7.84205)
(1.19478 0 -7.82633)
(3.16266 0 -7.65568)
(5.0973 0 -7.33804)
(6.98037 0 -6.88875)
(8.79609 0 -6.33082)
(10.5302 0 -5.69444)
(12.1671 0 -5.01449)
(13.6866 0 -4.32445)
(15.0613 0 -3.64664)
(16.2597 0 -2.98342)
(17.2538 0 -2.31652)
(18.026 0 -1.61664)
(18.5693 0 -0.855619)
(18.8852 0 -0.0127577)
(18.9794 0 0.924959)
(18.8565 0 1.96762)
(18.5218 0 3.12318)
(17.995 0 4.37797)
(17.2657 0 5.69357)
(16.1944 0 6.98933)
(14.5018 0 7.94267)
(12.0701 0 8.18756)
(9.08316 0 7.86815)
(5.87077 0 7.32983)
(2.62814 0 6.90405)
(-0.602725 0 6.79128)
(-3.84019 0 7.03978)
(-7.09026 0 7.54627)
(-10.2644 0 8.05534)
(-13.1003 0 8.21332)
(-15.2842 0 7.71322)
(-16.7342 0 6.58052)
(-17.6658 0 5.26239)
(-18.3245 0 3.96671)
(-18.7962 0 2.74686)
(-19.069 0 1.63526)
(-19.1282 0 0.635275)
(-18.9702 0 -0.262941)
(-18.5892 0 -1.07009)
(-17.9802 0 -1.80189)
(-17.1438 0 -2.48229)
(-16.0898 0 -3.14153)
(-14.8393 0 -3.80763)
(-13.4224 0 -4.49326)
(-11.8696 0 -5.18914)
(-10.2057 0 -5.86799)
(-8.44877 0 -6.49459)
(-6.61291 0 -7.03468)
(-4.71229 0 -7.45981)
(-2.76318 0 -7.74899)
(-0.784541 0 -7.88876)
(1.14471 0 -9.80012)
(3.0248 0 -9.60895)
(4.87574 0 -9.25329)
(6.68045 0 -8.74958)
(8.42263 0 -8.12135)
(10.0858 0 -7.39778)
(11.6511 0 -6.61056)
(13.096 0 -5.78861)
(14.3929 0 -4.95106)
(15.5132 0 -4.10173)
(16.4321 0 -3.22933)
(17.1337 0 -2.31405)
(17.6115 0 -1.33613)
(17.8653 0 -0.280807)
(17.8993 0 0.860576)
(17.7201 0 2.09215)
(17.3375 0 3.4169)
(16.7665 0 4.83799)
(16.0142 0 6.35088)
(15.0824 0 7.91732)
(13.9231 0 9.41771)
(12.3001 0 10.5819)
(9.89052 0 10.9873)
(6.83134 0 10.7589)
(3.45657 0 10.3819)
(-0.0305049 0 10.2155)
(-3.51286 0 10.3744)
(-6.8731 0 10.7376)
(-9.90545 0 10.9397)
(-12.2773 0 10.4979)
(-13.8686 0 9.30898)
(-15.0083 0 7.79912)
(-15.9242 0 6.22956)
(-16.6591 0 4.71593)
(-17.2115 0 3.29417)
(-17.5733 0 1.9683)
(-17.73 0 0.735139)
(-17.6719 0 -0.408139)
(-17.393 0 -1.46551)
(-16.8897 0 -2.44549)
(-16.1625 0 -3.36267)
(-15.2191 0 -4.23634)
(-14.0763 0 -5.08526)
(-12.7594 0 -5.91917)
(-11.2974 0 -6.73276)
(-9.71753 0 -7.506)
(-8.04259 0 -8.20982)
(-6.29138 0 -8.81299)
(-4.48075 0 -9.28721)
(-2.6273 0 -9.61005)
(-0.748374 0 -9.76635)
(1.13791 0 -9.74877)
(3.01314 0 -9.55813)
(4.85931 0 -9.20337)
(6.65927 0 -8.70116)
(8.39649 0 -8.07525)
(10.0539 0 -7.35482)
(11.612 0 -6.57118)
(13.0472 0 -5.75218)
(14.3315 0 -4.91528)
(15.4361 0 -4.06258)
(16.3372 0 -3.18186)
(17.0198 0 -2.25362)
(17.4779 0 -1.25919)
(17.712 0 -0.185182)
(17.7263 0 0.975827)
(17.5274 0 2.22729)
(17.1258 0 3.57217)
(16.5366 0 5.01313)
(15.7647 0 6.54283)
(14.812 0 8.1126)
(13.6076 0 9.58766)
(11.88 0 10.6577)
(9.35227 0 10.9415)
(6.22982 0 10.6671)
(2.83307 0 10.3215)
(-0.658809 0 10.2227)
(-4.13347 0 10.4453)
(-7.46583 0 10.8272)
(-10.423 0 10.9652)
(-12.6702 0 10.3953)
(-14.1702 0 9.12905)
(-15.2718 0 7.60142)
(-16.1676 0 6.03892)
(-16.8828 0 4.54306)
(-17.4168 0 3.14127)
(-17.7591 0 1.8354)
(-17.8957 0 0.622003)
(-17.8175 0 -0.501865)
(-17.5185 0 -1.54098)
(-16.9952 0 -2.50516)
(-16.2487 0 -3.41032)
(-15.2874 0 -4.27675)
(-14.129 0 -5.12328)
(-12.7997 0 -5.95848)
(-11.3283 0 -6.77522)
(-9.74124 0 -7.55188)
(-8.06054 0 -8.25846)
(-6.30425 0 -8.86343)
(-4.48873 0 -9.33858)
(-2.63038 0 -9.66174)
(-0.746515 0 -9.81799)
(1.0795 0 -11.637)
(2.8522 0 -11.4264)
(4.59712 0 -11.0339)
(6.29719 0 -10.4764)
(7.93519 0 -9.77704)
(9.49291 0 -8.96326)
(10.95 0 -8.06384)
(12.2833 0 -7.10439)
(13.4673 0 -6.1025)
(14.4768 0 -5.06442)
(15.291 0 -3.9854)
(15.8964 0 -2.85387)
(16.2868 0 -1.65694)
(16.4616 0 -0.38416)
(16.4238 0 0.970987)
(16.179 0 2.41099)
(15.7353 0 3.93469)
(15.1054 0 5.53644)
(14.3045 0 7.20456)
(13.3481 0 8.92299)
(12.2383 0 10.6539)
(10.9146 0 12.2668)
(9.13849 0 13.4437)
(6.58045 0 13.8766)
(3.414 0 13.8356)
(-0.0244563 0 13.7612)
(-3.45613 0 13.8163)
(-6.60271 0 13.8306)
(-9.12835 0 13.3611)
(-10.8771 0 12.1543)
(-12.1844 0 10.5275)
(-13.2811 0 8.79052)
(-14.2236 0 7.06832)
(-15.0086 0 5.39695)
(-15.6207 0 3.79222)
(-16.0444 0 2.26566)
(-16.2678 0 0.822763)
(-16.2829 0 -0.535272)
(-16.0846 0 -1.81077)
(-15.6701 0 -3.00997)
(-15.0408 0 -4.14293)
(-14.2034 0 -5.22192)
(-13.1725 0 -6.25754)
(-11.9692 0 -7.25326)
(-10.6192 0 -8.20168)
(-9.14787 0 -9.08443)
(-7.57855 0 -9.87574)
(-5.93168 0 -10.5472)
(-4.22564 0 -11.0721)
(-2.47791 0 -11.4283)
(-0.705746 0 -11.6005)
(1.0734 0 -11.5812)
(2.84204 0 -11.3711)
(4.58276 0 -10.9794)
(6.27829 0 -10.4231)
(7.91109 0 -9.72518)
(9.46242 0 -8.91312)
(10.9113 0 -8.01516)
(12.234 0 -7.05598)
(13.4047 0 -6.05197)
(14.3983 0 -5.00822)
(15.1949 0 -3.91941)
(15.7814 0 -2.77417)
(16.1524 0 -1.56042)
(16.3075 0 -0.2688)
(16.25 0 1.10615)
(15.9855 0 2.56603)
(15.5227 0 4.10888)
(14.8745 0 5.72809)
(14.0565 0 7.41099)
(13.0835 0 9.14041)
(11.953 0 10.8703)
(10.5831 0 12.4453)
(8.70032 0 13.5185)
(6.02272 0 13.8544)
(2.79604 0 13.8007)
(-0.658739 0 13.7656)
(-4.06548 0 13.8543)
(-7.14075 0 13.8391)
(-9.53845 0 13.2605)
(-11.1945 0 11.9624)
(-12.4631 0 10.3074)
(-13.5404 0 8.57308)
(-14.4662 0 6.8629)
(-15.2337 0 5.20676)
(-15.827 0 3.61981)
(-16.2311 0 2.11249)
(-16.4345 0 0.689388)
(-16.4295 0 -0.649092)
(-16.2112 0 -1.9062)
(-15.777 0 -3.08924)
(-15.1285 0 -4.20932)
(-14.2733 0 -5.27942)
(-13.2266 0 -6.31018)
(-12.0102 0 -7.30435)
(-10.6497 0 -8.25328)
(-9.17035 0 -9.13742)
(-7.59469 0 -9.93015)
(-5.94258 0 -10.6027)
(-4.23196 0 -11.1281)
(-2.47997 0 -11.4846)
(-0.703701 0 -11.6567)
(1.00533 0 -13.3574)
(2.65512 0 -13.1277)
(4.277 0 -12.6991)
(5.85346 0 -12.088)
(7.36661 0 -11.3169)
(8.79757 0 -10.4117)
(10.126 0 -9.3991)
(11.3299 0 -8.30296)
(12.3866 0 -7.1406)
(13.2748 0 -5.92084)
(13.9771 0 -4.64422)
(14.4819 0 -3.3057)
(14.7833 0 -1.8983)
(14.8806 0 -0.416009)
(14.7762 0 1.14451)
(14.4752 0 2.78311)
(13.9853 0 4.49601)
(13.3173 0 6.27533)
(12.4847 0 8.10767)
(11.5029 0 9.97337)
(10.3857 0 11.845)
(9.13348 0 13.6759)
(7.65794 0 15.3233)
(5.69798 0 16.4701)
(3.04208 0 16.9843)
(-0.0162499 0 17.0945)
(-3.06671 0 16.9495)
(-5.70022 0 16.3969)
(-7.63572 0 15.2156)
(-9.09682 0 13.5482)
(-10.3386 0 11.707)
(-11.4449 0 9.82836)
(-12.4139 0 7.95682)
(-13.2317 0 6.11933)
(-13.883 0 4.33524)
(-14.3544 0 2.61783)
(-14.6355 0 0.974948)
(-14.7189 0 -0.58951)
(-14.5997 0 -2.07517)
(-14.2759 0 -3.48502)
(-13.7489 0 -4.82453)
(-13.025 0 -6.1)
(-12.1165 0 -7.31554)
(-11.0413 0 -8.46956)
(-9.82104 0 -9.55227)
(-8.47862 0 -10.5457)
(-7.03613 0 -11.4258)
(-5.51407 0 -12.1663)
(-3.9315 0 -12.7418)
(-2.30655 0 -13.131)
(-0.65696 0 -13.3189)
(0.999665 0 -13.2978)
(2.64572 0 -13.0685)
(4.26356 0 -12.6404)
(5.83544 0 -12.0297)
(7.34308 0 -11.259)
(8.76717 0 -10.3539)
(10.0869 0 -9.34074)
(11.2799 0 -8.24242)
(12.3233 0 -7.07549)
(13.196 0 -5.848)
(13.8812 0 -4.56014)
(14.3677 0 -3.20706)
(14.6504 0 -1.78243)
(14.7286 0 -0.281131)
(14.605 0 1.29919)
(14.2849 0 2.95745)
(13.7763 0 4.68902)
(13.0903 0 6.48507)
(12.2408 0 8.33109)
(11.2431 0 10.2064)
(10.1105 0 12.0823)
(8.83614 0 13.9053)
(7.30795 0 15.5034)
(5.23737 0 16.5563)
(2.48936 0 17.004)
(-0.594744 0 17.0927)
(-3.60603 0 16.9202)
(-6.13528 0 16.2906)
(-7.97009 0 15.0195)
(-9.38679 0 13.3138)
(-10.6091 0 11.4682)
(-11.6999 0 9.59502)
(-12.6526 0 7.7339)
(-13.4531 0 5.91064)
(-14.086 0 4.14361)
(-14.5383 0 2.44498)
(-14.7999 0 0.821693)
(-14.8637 0 -0.723202)
(-14.7251 0 -2.19028)
(-14.3822 0 -3.58349)
(-13.8368 0 -4.90917)
(-13.0957 0 -6.17416)
(-12.1717 0 -7.38267)
(-11.0833 0 -8.53262)
(-9.85229 0 -9.6134)
(-8.50128 0 -10.6061)
(-7.05199 0 -11.4861)
(-5.52445 0 -12.2266)
(-3.93729 0 -12.8021)
(-2.30829 0 -13.1912)
(-0.654947 0 -13.3788)
(0.92223 0 -14.9471)
(2.43403 0 -14.6981)
(3.91734 0 -14.2324)
(5.35429 0 -13.5663)
(6.72668 0 -12.7215)
(8.01577 0 -11.7232)
(9.20211 0 -10.597)
(10.2657 0 -9.36606)
(11.1869 0 -8.04856)
(11.948 0 -6.65601)
(12.5346 0 -5.19339)
(12.9371 0 -3.66088)
(13.1507 0 -2.0563)
(13.1747 0 -0.377508)
(13.0113 0 1.37589)
(12.6657 0 3.20117)
(12.1451 0 5.09187)
(11.4594 0 7.03735)
(10.6207 0 9.02228)
(9.64278 0 11.0269)
(8.53908 0 13.028)
(7.32382 0 14.9973)
(5.98858 0 16.8764)
(4.42031 0 18.4841)
(2.40182 0 19.532)
(-0.00624478 0 19.8687)
(-2.4072 0 19.482)
(-4.40898 0 18.3914)
(-5.96492 0 16.7553)
(-7.29228 0 14.8604)
(-8.49981 0 12.8804)
(-9.59383 0 10.8705)
(-10.5601 0 8.85818)
(-11.3854 0 6.86624)
(-12.056 0 4.91427)
(-12.5598 0 3.01753)
(-12.8873 0 1.1867)
(-13.0315 0 -0.57161)
(-12.9875 0 -2.2544)
(-12.7534 0 -3.86162)
(-12.3304 0 -5.39483)
(-11.7238 0 -6.85544)
(-10.9437 0 -8.24238)
(-10.0048 0 -9.54973)
(-8.92545 0 -10.7651)
(-7.72539 0 -11.8699)
(-6.42485 0 -12.8407)
(-5.04352 0 -13.6521)
(-3.60037 0 -14.2797)
(-2.11385 0 -14.7029)
(-0.602103 0 -14.9068)
(0.91684 0 -14.8839)
(2.42497 0 -14.635)
(3.90423 0 -14.1693)
(5.33645 0 -13.5028)
(6.7031 0 -12.6573)
(7.98507 0 -11.6575)
(9.16254 0 -10.5287)
(10.2153 0 -9.29344)
(11.1237 0 -7.96928)
(11.87 0 -6.56723)
(12.4404 0 -5.09207)
(12.8258 0 -3.54417)
(13.0216 0 -1.9219)
(13.0275 0 -0.223899)
(12.8461 0 1.54931)
(12.4824 0 3.39404)
(11.9441 0 5.30287)
(11.2414 0 7.26422)
(10.3866 0 9.26189)
(9.39354 0 11.2755)
(8.27546 0 13.2818)
(7.04661 0 15.2505)
(5.68686 0 17.1136)
(4.06065 0 18.6618)
(1.95999 0 19.6176)
(-0.476303 0 19.8587)
(-2.83477 0 19.3757)
(-4.75245 0 18.1968)
(-6.25881 0 16.5106)
(-7.56526 0 14.6047)
(-8.75923 0 12.6254)
(-9.83856 0 10.6214)
(-10.7894 0 8.6187)
(-11.5981 0 6.64002)
(-12.2513 0 4.70426)
(-12.7371 0 2.82579)
(-13.0463 0 1.01436)
(-13.1719 0 -0.724361)
(-13.1096 0 -2.38834)
(-12.8575 0 -3.97841)
(-12.4171 0 -5.49688)
(-11.7942 0 -6.94561)
(-10.9994 0 -8.32365)
(-10.0477 0 -9.62478)
(-8.95756 0 -10.8361)
(-7.74873 0 -11.9383)
(-6.44114 0 -12.9073)
(-5.05411 0 -13.7176)
(-3.60625 0 -14.3444)
(-2.11569 0 -14.7669)
(-0.600264 0 -14.9703)
(0.830828 0 -16.3916)
(2.19089 0 -16.1229)
(3.52209 0 -15.6194)
(4.80645 0 -14.8974)
(6.02598 0 -13.9784)
(7.16263 0 -12.8871)
(8.19836 0 -11.6491)
(9.11546 0 -10.2878)
(9.89727 0 -8.82291)
(10.5292 0 -7.26847)
(11 0 -5.63328)
(11.3019 0 -3.92176)
(11.4316 0 -2.13579)
(11.389 0 -0.276593)
(11.1768 0 1.65348)
(10.8004 0 3.64934)
(10.2671 0 5.70227)
(9.58652 0 7.7994)
(8.7701 0 9.92346)
(7.83122 0 12.0534)
(6.78413 0 14.1659)
(5.64522 0 16.2379)
(4.43632 0 18.2338)
(3.1422 0 20.0463)
(1.67363 0 21.3893)
(0.00370427 0 21.8805)
(-1.66249 0 21.3306)
(-3.12435 0 19.9446)
(-4.41398 0 18.1064)
(-5.61881 0 16.0945)
(-6.75171 0 14.0102)
(-7.79069 0 11.8871)
(-8.7196 0 9.74761)
(-9.52431 0 7.6148)
(-10.1916 0 5.50959)
(-10.7101 0 3.44921)
(-11.0704 0 1.4466)
(-11.2654 0 -0.489321)
(-11.2901 0 -2.35316)
(-11.1419 0 -4.14206)
(-10.8213 0 -5.85413)
(-10.3322 0 -7.48671)
(-9.68252 0 -9.03449)
(-8.88413 0 -10.4878)
(-7.95194 0 -11.8318)
(-6.90292 0 -13.0463)
(-5.75505 0 -14.1077)
(-4.52667 0 -14.9908)
(-3.23612 0 -15.6715)
(-1.90169 0 -16.1293)
(-0.541666 0 -16.3496)
(0.825667 0 -16.3248)
(2.18202 0 -16.0559)
(3.5091 0 -15.5518)
(4.78864 0 -14.8286)
(6.00233 0 -13.9077)
(7.13183 0 -12.8134)
(8.15883 0 -11.571)
(9.06549 0 -10.2036)
(9.83515 0 -8.73021)
(10.4534 0 -7.16475)
(10.9092 0 -5.51588)
(11.1954 0 -3.78822)
(11.3088 0 -1.98412)
(11.2495 0 -0.105538)
(11.0208 0 1.84432)
(10.628 0 3.85937)
(10.0788 0 5.92993)
(9.38287 0 8.04218)
(8.55207 0 10.178)
(7.59989 0 12.3159)
(6.54061 0 14.4328)
(5.39166 0 16.5058)
(4.17349 0 18.4944)
(2.8589 0 20.2699)
(1.35244 0 21.5183)
(-0.335121 0 21.8644)
(-1.97561 0 21.1761)
(-3.40129 0 19.7078)
(-4.67357 0 17.8414)
(-5.86953 0 15.8246)
(-6.99169 0 13.7419)
(-8.01811 0 11.6237)
(-8.93335 0 9.49278)
(-9.72328 0 7.37228)
(-10.3749 0 5.28254)
(-10.8771 0 3.23996)
(-11.2207 0 1.25652)
(-11.3988 0 -0.659825)
(-11.4066 0 -2.50465)
(-11.2419 0 -4.27592)
(-10.9052 0 -5.97243)
(-10.4011 0 -7.59191)
(-9.73766 0 -9.12919)
(-8.92713 0 -10.5745)
(-7.98454 0 -11.9124)
(-6.92686 0 -13.1226)
(-5.77189 0 -14.1808)
(-4.53771 0 -15.0615)
(-3.24235 0 -15.7405)
(-1.90381 0 -16.1972)
(-0.54008 0 -16.4167)
(0.732022 0 -17.6781)
(1.92824 0 -17.3893)
(3.09578 0 -16.848)
(4.217 0 -16.0702)
(5.27453 0 -15.0778)
(6.25145 0 -13.8957)
(7.13146 0 -12.5499)
(7.89921 0 -11.0651)
(8.54087 0 -9.46242)
(9.04485 0 -7.75876)
(9.40248 0 -5.96614)
(9.60842 0 -4.09258)
(9.66071 0 -2.14337)
(9.56045 0 -0.122753)
(9.31135 0 1.9644)
(8.91941 0 4.11079)
(8.39263 0 6.30568)
(7.74097 0 8.53423)
(6.97632 0 10.7773)
(6.11274 0 13.0117)
(5.16669 0 15.2118)
(4.15858 0 17.3507)
(3.11967 0 19.3931)
(2.08395 0 21.247)
(1.05375 0 22.6528)
(0.0111201 0 23.1819)
(-1.03165 0 22.5926)
(-2.06242 0 21.1439)
(-3.0985 0 19.2636)
(-4.13591 0 17.2032)
(-5.13998 0 15.05)
(-6.07986 0 12.8373)
(-6.93542 0 10.5915)
(-7.69036 0 8.33807)
(-8.33079 0 6.09995)
(-8.84494 0 3.89627)
(-9.22301 0 1.74197)
(-9.45717 0 -0.351976)
(-9.54164 0 -2.37793)
(-9.47296 0 -4.33045)
(-9.25034 0 -6.2046)
(-8.87608 0 -7.99426)
(-8.3559 0 -9.69051)
(-7.69885 0 -11.2804)
(-6.9169 0 -12.7465)
(-6.02421 0 -14.0669)
(-5.03648 0 -15.217)
(-3.97036 0 -16.171)
(-2.84311 0 -16.9047)
(-1.67242 0 -17.3974)
(-0.476294 0 -17.6342)
(0.727116 0 -17.6076)
(1.91959 0 -17.3185)
(3.08299 0 -16.7759)
(4.19938 0 -15.9961)
(5.25114 0 -15.0006)
(6.22111 0 -13.8141)
(7.0928 0 -12.4625)
(7.85077 0 -10.9699)
(8.48122 0 -9.35728)
(8.97274 0 -7.64134)
(9.3169 0 -5.83409)
(9.50868 0 -3.94375)
(9.54643 0 -1.9761)
(9.4315 0 0.0639882)
(9.16787 0 2.17078)
(8.76173 0 4.336)
(8.22134 0 6.54792)
(7.55688 0 8.79075)
(6.78053 0 11.0445)
(5.90666 0 13.2855)
(4.95215 0 15.4881)
(3.93854 0 17.6255)
(2.89926 0 19.6593)
(1.86544 0 21.4797)
(0.833568 0 22.7922)
(-0.210833 0 23.1641)
(-1.25086 0 22.4267)
(-2.28063 0 20.8989)
(-3.3185 0 18.9927)
(-4.35436 0 16.9258)
(-5.35203 0 14.7717)
(-6.2829 0 12.5621)
(-7.12771 0 10.3236)
(-7.87054 0 8.08143)
(-8.49779 0 5.85796)
(-8.99796 0 3.67151)
(-9.36151 0 1.53604)
(-9.58082 0 -0.538464)
(-9.65035 0 -2.54529)
(-9.56687 0 -4.47982)
(-9.32987 0 -6.33772)
(-8.942 0 -8.11326)
(-8.40927 0 -9.79768)
(-7.74099 0 -11.378)
(-6.94926 0 -12.8365)
(-6.04827 0 -14.151)
(-5.05361 0 -15.2965)
(-3.98174 0 -16.2472)
(-2.84968 0 -16.9783)
(-1.67486 0 -17.4692)
(-0.474991 0 -17.705)
(0.626734 0 -18.7949)
(1.64861 0 -18.4866)
(2.64276 0 -17.9082)
(3.59229 0 -17.0762)
(4.48095 0 -16.0129)
(5.29327 0 -14.7441)
(6.01489 0 -13.2969)
(6.63282 0 -11.6973)
(7.13592 0 -9.96861)
(7.51532 0 -8.13012)
(7.7649 0 -6.19688)
(7.88148 0 -4.18002)
(7.86484 0 -2.08785)
(7.7175 0 0.072734)
(7.44439 0 2.29447)
(7.05261 0 4.56798)
(6.55117 0 6.88061)
(5.951 0 9.21553)
(5.26508 0 11.5514)
(4.5089 0 13.8625)
(3.70141 0 16.1188)
(2.86702 0 18.2862)
(2.04127 0 20.3189)
(1.27321 0 22.1209)
(0.602101 0 23.4577)
(0.0150933 0 23.954)
(-0.574063 0 23.4001)
(-1.2494 0 22.0206)
(-2.02064 0 20.1902)
(-2.84702 0 18.137)
(-3.67949 0 15.9529)
(-4.48294 0 13.682)
(-5.23326 0 11.3578)
(-5.91169 0 9.00999)
(-6.5029 0 6.66406)
(-6.99403 0 4.34135)
(-7.37429 0 2.05879)
(-7.6348 0 -0.17072)
(-7.76865 0 -2.33739)
(-7.77111 0 -4.43339)
(-7.63992 0 -6.45105)
(-7.3756 0 -8.3812)
(-6.98164 0 -10.2118)
(-6.46454 0 -11.9269)
(-5.83351 0 -13.5065)
(-5.10007 0 -14.9268)
(-4.27757 0 -16.1616)
(-3.38076 0 -17.1842)
(-2.42548 0 -17.9694)
(-1.42836 0 -18.4961)
(-0.406632 0 -18.7491)
(0.622158 0 -18.7207)
(1.64035 0 -18.4118)
(2.63044 0 -17.8317)
(3.5753 0 -16.9968)
(4.45843 0 -15.9294)
(5.26421 0 -14.6551)
(5.97812 0 -13.2007)
(6.58715 0 -11.5921)
(7.08019 0 -9.85223)
(7.44855 0 -8.00047)
(7.68632 0 -6.05185)
(7.79061 0 -4.01777)
(7.76149 0 -1.90697)
(7.60172 0 0.272989)
(7.3165 0 2.51403)
(6.91318 0 4.80582)
(6.401 0 7.13467)
(5.79116 0 9.48279)
(5.09698 0 11.8279)
(4.33439 0 14.1437)
(3.52301 0 16.3997)
(2.68853 0 18.5611)
(1.86907 0 20.579)
(1.11471 0 22.3425)
(0.459817 0 23.5881)
(-0.120339 0 23.9372)
(-0.719072 0 23.2442)
(-1.41074 0 21.7859)
(-2.19424 0 19.9239)
(-3.02529 0 17.8583)
(-3.85662 0 15.6693)
(-4.65547 0 13.3989)
(-5.39882 0 11.0802)
(-6.06853 0 8.7422)
(-6.64966 0 6.40987)
(-7.12968 0 4.10362)
(-7.49805 0 1.83934)
(-7.74613 0 -0.371022)
(-7.86726 0 -2.51862)
(-7.85697 0 -4.59642)
(-7.71328 0 -6.59733)
(-7.43699 0 -8.51256)
(-7.03187 0 -10.3303)
(-6.50465 0 -12.0345)
(-5.86468 0 -13.6052)
(-5.12353 0 -15.0183)
(-4.29448 0 -16.2474)
(-3.39216 0 -17.2655)
(-2.4322 0 -18.0475)
(-1.43103 0 -18.5719)
(-0.405613 0 -18.8236)
(0.5158 0 -19.7323)
(1.35428 0 -19.4054)
(2.1668 0 -18.7917)
(2.93774 0 -17.9084)
(3.65233 0 -16.7788)
(4.2969 0 -15.4297)
(4.85915 0 -13.8895)
(5.32848 0 -12.1861)
(5.69624 0 -10.345)
(5.95609 0 -8.38777)
(6.10426 0 -6.33232)
(6.13965 0 -4.19254)
(6.0638 0 -1.97942)
(5.88075 0 0.297672)
(5.5968 0 2.62925)
(5.2203 0 5.00396)
(4.76142 0 7.40722)
(4.23225 0 9.82022)
(3.64699 0 12.2192)
(3.02249 0 14.5752)
(2.37938 0 16.8534)
(1.74392 0 19.0117)
(1.1517 0 20.9928)
(0.649734 0 22.6945)
(0.278002 0 23.9125)
(0.016435 0 24.3527)
(-0.247783 0 23.8589)
(-0.624964 0 22.5989)
(-1.13157 0 20.8669)
(-1.72615 0 18.8629)
(-2.3617 0 16.6855)
(-3.0029 0 14.3908)
(-3.62375 0 12.0201)
(-4.20383 0 9.60761)
(-4.72639 0 7.18222)
(-5.17737 0 4.76761)
(-5.5448 0 2.38271)
(-5.81858 0 0.0423605)
(-5.99054 0 -2.24164)
(-6.05453 0 -4.4592)
(-6.00674 0 -6.60014)
(-5.84586 0 -8.65257)
(-5.57329 0 -10.6016)
(-5.19312 0 -12.4286)
(-4.71204 0 -14.111)
(-4.13906 0 -15.6229)
(-3.48518 0 -16.9363)
(-2.76308 0 -18.0232)
(-1.98682 0 -18.8571)
(-1.17156 0 -19.4163)
(-0.33326 0 -19.6847)
(0.511661 0 -19.6546)
(1.34665 0 -19.3268)
(2.15534 0 -18.7109)
(2.92191 0 -17.8241)
(3.63142 0 -16.6895)
(4.27004 0 -15.3339)
(4.8254 0 -13.7855)
(5.28688 0 -12.072)
(5.64591 0 -10.2187)
(5.8963 0 -8.2475)
(6.03449 0 -6.17617)
(6.05964 0 -4.01894)
(5.97357 0 -1.78722)
(5.78059 0 0.508946)
(5.48725 0 2.85928)
(5.10217 0 5.25145)
(4.63578 0 7.66986)
(4.10046 0 10.0946)
(3.51078 0 12.5011)
(2.88409 0 14.8593)
(2.24176 0 17.1336)
(1.61126 0 19.2809)
(1.03026 0 21.2399)
(0.547036 0 22.8968)
(0.196687 0 24.0271)
(-0.0559812 0 24.3379)
(-0.332843 0 23.7205)
(-0.731707 0 22.3827)
(-1.25556 0 20.6119)
(-1.85982 0 18.5885)
(-2.49925 0 16.4016)
(-3.14045 0 14.1041)
(-3.75849 0 11.7365)
(-4.33363 0 9.33217)
(-4.84961 0 6.91905)
(-5.29267 0 4.51984)
(-5.65114 0 2.15246)
(-5.9152 0 -0.169273)
(-6.07692 0 -2.43447)
(-6.13042 0 -4.63382)
(-6.07217 0 -6.75773)
(-5.90114 0 -8.7947)
(-5.61896 0 -10.7301)
(-5.22997 0 -12.5452)
(-4.74099 0 -14.2176)
(-4.16108 0 -15.7212)
(-3.50122 0 -17.0279)
(-2.77402 0 -18.1095)
(-1.99339 0 -18.9395)
(-1.1743 0 -19.4958)
(-0.332505 0 -19.7628)
(0.399945 0 -20.4817)
(1.04718 0 -20.1377)
(1.67108 0 -19.4917)
(2.25776 0 -18.5617)
(2.79435 0 -17.3721)
(3.26922 0 -15.951)
(3.67232 0 -14.3285)
(3.99536 0 -12.5344)
(4.23208 0 -10.5963)
(4.37846 0 -8.53817)
(4.43284 0 -6.38046)
(4.39604 0 -4.13958)
(4.27128 0 -1.82897)
(4.06405 0 0.539714)
(3.78198 0 2.9549)
(3.43456 0 5.40333)
(3.03306 0 7.86861)
(2.59051 0 10.3299)
(2.12196 0 12.7611)
(1.64493 0 15.13)
(1.18026 0 17.3975)
(0.753385 0 19.5147)
(0.396062 0 21.4163)
(0.145656 0 22.9993)
(0.0286964 0 24.0917)
(0.0162104 0 24.4756)
(0.00122241 0 24.0424)
(-0.121207 0 22.9091)
(-0.376897 0 21.2946)
(-0.737873 0 19.3679)
(-1.16655 0 17.2297)
(-1.6313 0 14.944)
(-2.10685 0 12.5587)
(-2.57249 0 10.1126)
(-3.01081 0 7.63757)
(-3.40687 0 5.15972)
(-3.74769 0 2.69997)
(-4.02211 0 0.275004)
(-4.22072 0 -2.10146)
(-4.33606 0 -4.41721)
(-4.36278 0 -6.65974)
(-4.2979 0 -8.81467)
(-4.14085 0 -10.8645)
(-3.89355 0 -12.7882)
(-3.56037 0 -14.5606)
(-3.1479 0 -16.1537)
(-2.6648 0 -17.5376)
(-2.12153 0 -18.6825)
(-1.53009 0 -19.561)
(-0.903741 0 -20.1497)
(-0.256671 0 -20.4324)
(0.396363 0 -20.4007)
(1.04045 0 -20.0555)
(1.66091 0 -19.407)
(2.24372 0 -18.4729)
(2.77583 0 -17.2776)
(3.24555 0 -15.8492)
(3.64274 0 -14.2176)
(3.95915 0 -12.4126)
(4.1886 0 -10.4617)
(4.32723 0 -8.38908)
(4.37359 0 -6.21521)
(4.32875 0 -3.95687)
(4.19619 0 -1.62793)
(3.98167 0 0.759293)
(3.69309 0 3.19243)
(3.34022 0 5.65727)
(2.93458 0 8.13634)
(2.48951 0 10.6077)
(2.02042 0 13.0443)
(1.54528 0 15.4127)
(1.0856 0 17.6726)
(0.667746 0 19.7738)
(0.32474 0 21.647)
(0.0942859 0 23.1806)
(-0.00207248 0 24.1906)
(-0.00642889 0 24.4628)
(-0.0331077 0 23.9218)
(-0.176811 0 22.7134)
(-0.451413 0 21.0547)
(-0.825476 0 19.1025)
(-1.26219 0 16.95)
(-1.73116 0 14.6581)
(-2.20797 0 12.2733)
(-2.67253 0 9.83327)
(-3.10786 0 7.36887)
(-3.49936 0 4.90512)
(-3.83434 0 2.46185)
(-4.10191 0 0.0547385)
(-4.29292 0 -2.30342)
(-4.40018 0 -4.60119)
(-4.41862 0 -6.82663)
(-4.34553 0 -8.9658)
(-4.18057 0 -11.0015)
(-3.9259 0 -12.9126)
(-3.58601 0 -14.6741)
(-3.16758 0 -16.2581)
(-2.67927 0 -17.6344)
(-2.13151 0 -18.7734)
(-1.53617 0 -19.6472)
(-0.906375 0 -20.2328)
(-0.256148 0 -20.5138)
(0.279787 0 -21.0357)
(0.728962 0 -20.6765)
(1.15825 0 -20.0023)
(1.55599 0 -19.0317)
(1.91156 0 -17.7903)
(2.21567 0 -16.3077)
(2.46059 0 -14.6157)
(2.64036 0 -12.7459)
(2.75096 0 -10.7281)
(2.79047 0 -8.58854)
(2.75915 0 -6.34992)
(2.65948 0 -4.03099)
(2.49614 0 -1.64744)
(2.27589 0 0.786969)
(2.00743 0 3.25874)
(1.70118 0 5.75287)
(1.36916 0 8.25126)
(1.0249 0 10.7313)
(0.683658 0 13.1648)
(0.36262 0 15.5169)
(0.081369 0 17.7451)
(-0.137619 0 19.7966)
(-0.26891 0 21.6023)
(-0.286994 0 23.0642)
(-0.180685 0 24.0415)
(0.0151975 0 24.3766)
(0.2089 0 23.9961)
(0.310141 0 22.9794)
(0.286562 0 21.4853)
(0.150706 0 19.6531)
(-0.0715165 0 17.5792)
(-0.354629 0 15.3312)
(-0.676209 0 12.9613)
(-1.01674 0 10.5116)
(-1.35911 0 8.01659)
(-1.68812 0 5.50447)
(-1.99027 0 2.99794)
(-2.25362 0 0.515388)
(-2.46782 0 -1.92771)
(-2.62426 0 -4.31715)
(-2.71634 0 -6.63831)
(-2.73955 0 -8.87452)
(-2.69162 0 -11.006)
(-2.57252 0 -13.0091)
(-2.38448 0 -14.8567)
(-2.13181 0 -16.5185)
(-1.82081 0 -17.9627)
(-1.45958 0 -19.1579)
(-1.05778 0 -20.075)
(-0.626355 0 -20.6897)
(-0.17728 0 -20.9848)
(0.276889 0 -20.9517)
(0.723418 0 -20.5914)
(1.14983 0 -19.9142)
(1.54434 0 -18.9391)
(1.89623 0 -17.6914)
(2.19612 0 -16.2008)
(2.43627 0 -14.4991)
(2.61076 0 -12.6179)
(2.71569 0 -10.5868)
(2.74927 0 -8.43251)
(2.71198 0 -6.17771)
(2.60654 0 -3.84154)
(2.4379 0 -1.44016)
(2.21308 0 1.01203)
(1.94105 0 3.50072)
(1.63251 0 6.00996)
(1.29969 0 8.52056)
(0.956431 0 11.0088)
(0.618282 0 13.4453)
(0.302798 0 15.7942)
(0.0300219 0 18.0114)
(-0.177013 0 20.0426)
(-0.292384 0 21.8153)
(-0.291201 0 23.2258)
(-0.166982 0 24.1267)
(0.0355706 0 24.3655)
(0.219571 0 23.8912)
(0.301949 0 22.8034)
(0.2596 0 21.2621)
(0.108672 0 19.3998)
(-0.124709 0 17.3074)
(-0.41561 0 15.05)
(-0.74215 0 12.6779)
(-1.08525 0 10.2321)
(-1.42815 0 7.74587)
(-1.75594 0 5.24631)
(-2.05539 0 2.755)
(-2.31482 0 0.289303)
(-2.52413 0 -2.13622)
(-2.675 0 -4.50813)
(-2.76107 0 -6.8124)
(-2.77811 0 -9.03276)
(-2.72409 0 -11.1497)
(-2.59919 0 -13.1398)
(-2.40577 0 -14.976)
(-2.14827 0 -16.628)
(-1.833 0 -18.064)
(-1.46805 0 -19.2526)
(-1.06299 0 -20.1646)
(-0.628683 0 -20.7759)
(-0.176955 0 -21.0691)
(0.155877 0 -21.3876)
(0.401074 0 -21.0161)
(0.630628 0 -20.3187)
(0.835536 0 -19.315)
(1.0078 0 -18.0318)
(1.14067 0 -16.5)
(1.22888 0 -14.7532)
(1.26878 0 -12.8248)
(1.25845 0 -10.7464)
(1.19788 0 -8.54637)
(1.08897 0 -6.24948)
(0.935607 0 -3.87658)
(0.743624 0 -1.44538)
(0.520743 0 1.02843)
(0.276414 0 3.5296)
(0.021591 0 6.04161)
(-0.231448 0 8.54491)
(-0.469193 0 11.0155)
(-0.676933 0 13.4235)
(-0.838738 0 15.7325)
(-0.937441 0 17.8979)
(-0.954829 0 19.8655)
(-0.872723 0 21.5667)
(-0.676921 0 22.9122)
(-0.368893 0 23.7889)
(0.0138953 0 24.0837)
(0.394807 0 23.7469)
(0.698221 0 22.8325)
(0.888504 0 21.4549)
(0.965386 0 19.7265)
(0.943582 0 17.7353)
(0.841446 0 15.5488)
(0.677238 0 13.2209)
(0.468123 0 10.7955)
(0.230014 0 8.30896)
(-0.0223963 0 5.79089)
(-0.275622 0 3.26547)
(-0.517415 0 0.752552)
(-0.736865 0 -1.73082)
(-0.924598 0 -4.16869)
(-1.073 0 -6.54446)
(-1.17638 0 -8.83941)
(-1.231 0 -11.0316)
(-1.23516 0 -13.0953)
(-1.18912 0 -15.0013)
(-1.09503 0 -16.7173)
(-0.956852 0 -18.2098)
(-0.780153 0 -19.4456)
(-0.57199 0 -20.3942)
(-0.340667 0 -21.0302)
(-0.0954522 0 -21.3357)
(0.153784 0 -21.3014)
(0.396992 0 -20.9285)
(0.62439 0 -20.2279)
(0.826875 0 -19.2193)
(0.996374 0 -17.9294)
(1.12611 0 -16.3892)
(1.21083 0 -14.6323)
(1.24692 0 -12.692)
(1.2326 0 -10.6002)
(1.168 0 -8.38538)
(1.05523 0 -6.0725)
(0.898411 0 -3.6828)
(0.703645 0 -1.23448)
(0.47891 0 1.25614)
(0.23391 0 3.773)
(-0.020164 0 6.29864)
(-0.270807 0 8.81243)
(-0.50429 0 11.2892)
(-0.705682 0 13.698)
(-0.858826 0 16.0011)
(-0.946325 0 18.1527)
(-0.949793 0 20.0967)
(-0.85118 0 21.7622)
(-0.637523 0 23.0562)
(-0.314413 0 23.8628)
(0.0736891 0 24.074)
(0.446778 0 23.6553)
(0.734006 0 22.6745)
(0.906479 0 21.2488)
(0.967333 0 19.4873)
(0.932176 0 17.4745)
(0.819392 0 15.2757)
(0.647042 0 12.943)
(0.43206 0 10.5193)
(0.190135 0 8.03957)
(-0.064257 0 5.53237)
(-0.317849 0 3.02073)
(-0.55862 0 0.523479)
(-0.775899 0 -1.94326)
(-0.96057 0 -4.36426)
(-1.10529 0 -6.72354)
(-1.2046 0 -9.00279)
(-1.25503 0 -11.1804)
(-1.25507 0 -13.2309)
(-1.20513 0 -15.1251)
(-1.10747 0 -16.8309)
(-0.966104 0 -18.3147)
(-0.786608 0 -19.5434)
(-0.575998 0 -20.4866)
(-0.342502 0 -21.1189)
(-0.0952915 0 -21.4222)
(0.0287467 0 -21.532)
(0.0649093 0 -21.1513)
(0.0904197 0 -20.4368)
(0.0993318 0 -19.4089)
(0.0865888 0 -18.0954)
(0.0482259 0 -16.5288)
(-0.0184818 0 -14.7438)
(-0.114901 0 -12.7755)
(-0.240937 0 -10.6572)
(-0.394935 0 -8.41907)
(-0.573603 0 -6.08765)
(-0.771963 0 -3.68565)
(-0.983344 0 -1.23258)
(-1.19944 0 1.25418)
(-1.41047 0 3.7579)
(-1.60541 0 6.26075)
(-1.77219 0 8.74208)
(-1.89796 0 11.1768)
(-1.96918 0 13.5344)
(-1.97192 0 15.7776)
(-1.89216 0 17.8614)
(-1.71653 0 19.7322)
(-1.43399 0 21.3249)
(-1.03994 0 22.5608)
(-0.545056 0 23.3502)
(0.0126209 0 23.6116)
(0.568654 0 23.3113)
(1.0593 0 22.4861)
(1.44785 0 21.2186)
(1.72466 0 19.5984)
(1.89488 0 17.7033)
(1.96981 0 15.5977)
(1.96297 0 13.3347)
(1.88842 0 10.9588)
(1.76013 0 8.50714)
(1.59163 0 6.01013)
(1.39582 0 3.49297)
(1.18473 0 0.976637)
(0.969382 0 -1.52053)
(0.759504 0 -3.98102)
(0.563332 0 -6.38654)
(0.387442 0 -8.71654)
(0.236695 0 -10.9472)
(0.114245 0 -13.051)
(0.0215821 0 -14.9968)
(-0.0413888 0 -16.7507)
(-0.0762499 0 -18.2776)
(-0.0859622 0 -19.5428)
(-0.0747376 0 -20.5145)
(-0.0478746 0 -21.1663)
(-0.0115335 0 -21.4793)
(0.0275664 0 -21.4442)
(0.0625351 0 -21.062)
(0.0867365 0 -20.3441)
(0.0941612 0 -19.3111)
(0.0797127 0 -17.9906)
(0.0394181 0 -16.4153)
(-0.0294165 0 -14.6199)
(-0.128083 0 -12.6396)
(-0.256367 0 -10.5079)
(-0.412449 0 -8.25515)
(-0.592838 0 -5.90813)
(-0.792326 0 -3.48997)
(-1.004 0 -1.02066)
(-1.2193 0 1.48177)
(-1.42823 0 3.9998)
(-1.61953 0 6.51469)
(-1.78098 0 9.00472)
(-1.89956 0 11.4437)
(-1.96162 0 13.8)
(-1.95315 0 16.035)
(-1.86014 0 18.1026)
(-1.66936 0 19.9477)
(-1.37032 0 21.5035)
(-0.959957 0 22.6894)
(-0.452368 0 23.4148)
(0.109566 0 23.603)
(0.65925 0 23.2307)
(1.13603 0 22.3442)
(1.50799 0 21.0292)
(1.76845 0 19.3744)
(1.92386 0 17.4556)
(1.98594 0 15.3352)
(1.96831 0 13.0653)
(1.88501 0 10.689)
(1.74994 0 8.24221)
(1.57649 0 5.75431)
(1.37741 0 3.24937)
(1.16455 0 0.747359)
(0.948706 0 -1.73427)
(0.739388 0 -4.17875)
(0.544574 0 -6.56837)
(0.370593 0 -8.88303)
(0.222083 0 -11.0993)
(0.101999 0 -13.1897)
(0.0116707 0 -15.1236)
(-0.0491096 0 -16.867)
(-0.0819937 0 -18.3849)
(-0.0899689 0 -19.6427)
(-0.0772358 0 -20.6087)
(-0.0490506 0 -21.2566)
(-0.0115092 0 -21.5675)
(-0.101041 0 -21.4641)
(-0.278055 0 -21.0778)
(-0.460052 0 -20.3531)
(-0.649554 0 -19.3112)
(-0.84839 0 -17.9807)
(-1.05756 0 -16.395)
(-1.27717 0 -14.5901)
(-1.50631 0 -12.6024)
(-1.74301 0 -10.4664)
(-1.98413 0 -8.21371)
(-2.22524 0 -5.87245)
(-2.46059 0 -3.46684)
(-2.68302 0 -1.0179)
(-2.88404 0 1.45556)
(-3.05396 0 3.93558)
(-3.18215 0 6.40335)
(-3.25729 0 8.8375)
(-3.26767 0 11.2125)
(-3.20148 0 13.4975)
(-3.04729 0 15.6556)
(-2.79462 0 17.6427)
(-2.43498 0 19.4075)
(-1.96383 0 20.8903)
(-1.38425 0 22.0233)
(-0.713251 0 22.736)
(0.011583 0 22.9693)
(0.734933 0 22.7)
(1.40195 0 21.9535)
(1.97603 0 20.7897)
(2.44103 0 19.2796)
(2.79439 0 17.4903)
(3.041 0 15.4808)
(3.18952 0 13.3024)
(3.25054 0 10.9984)
(3.23557 0 8.60578)
(3.15645 0 6.15522)
(3.02493 0 3.67238)
(2.85234 0 1.179)
(2.64932 0 -1.30559)
(2.42555 0 -3.76264)
(2.18948 0 -6.1724)
(1.9482 0 -8.51278)
(1.70743 0 -10.7584)
(1.47151 0 -12.8802)
(1.24349 0 -14.8457)
(1.02524 0 -16.6195)
(0.817539 0 -18.1653)
(0.62014 0 -19.4471)
(0.431878 0 -20.4323)
(0.250761 0 -21.0935)
(0.0741111 0 -21.4111)
(-0.101216 0 -21.3755)
(-0.278518 0 -20.9877)
(-0.460866 0 -20.2595)
(-0.650815 0 -19.2123)
(-0.850203 0 -17.8746)
(-1.06002 0 -16.2801)
(-1.2803 0 -14.4648)
(-1.51007 0 -12.4651)
(-1.74722 0 -10.3158)
(-1.98845 0 -8.04892)
(-2.22915 0 -5.69263)
(-2.46334 0 -3.27164)
(-2.68364 0 -0.807494)
(-2.88133 0 1.68037)
(-3.04652 0 4.17324)
(-3.16841 0 6.65142)
(-3.23557 0 9.0925)
(-3.2362 0 11.4699)
(-3.15849 0 13.7517)
(-2.99107 0 15.8997)
(-2.72365 0 17.869)
(-2.34814 0 19.6071)
(-1.86081 0 21.053)
(-1.26633 0 22.1383)
(-0.584487 0 22.7929)
(0.143832 0 22.9617)
(0.861917 0 22.6286)
(1.51691 0 21.8259)
(2.07559 0 20.6166)
(2.52431 0 19.0715)
(2.86194 0 17.2571)
(3.09404 0 15.2313)
(3.22964 0 13.044)
(3.27946 0 10.7377)
(3.25508 0 8.34813)
(3.16832 0 5.90492)
(3.03082 0 3.43269)
(2.85381 0 0.952191)
(2.64774 0 -1.5181)
(2.42208 0 -3.96013)
(2.18505 0 -6.35475)
(1.94354 0 -8.68031)
(1.70301 0 -10.9118)
(1.46764 0 -13.0205)
(1.24032 0 -14.974)
(1.0228 0 -16.7372)
(0.815767 0 -18.2738)
(0.61894 0 -19.5482)
(0.431137 0 -20.5275)
(0.250379 0 -21.1846)
(0.0740201 0 -21.5)
(-0.232827 0 -21.18)
(-0.626093 0 -20.7923)
(-1.01807 0 -20.0653)
(-1.40756 0 -19.0206)
(-1.79291 0 -17.6874)
(-2.17201 0 -16.1)
(-2.54227 0 -14.2951)
(-2.90056 0 -12.3097)
(-3.24313 0 -10.1794)
(-3.56552 0 -7.93685)
(-3.86244 0 -5.61119)
(-4.12762 0 -3.22787)
(-4.35379 0 -0.809118)
(-4.53263 0 1.62514)
(-4.65496 0 4.05602)
(-4.71101 0 6.46411)
(-4.69064 0 8.82763)
(-4.58372 0 11.1211)
(-4.38059 0 13.3141)
(-4.07263 0 15.3708)
(-3.65301 0 17.2492)
(-3.11792 0 18.9015)
(-2.46848 0 20.2742)
(-1.71377 0 21.3102)
(-0.875084 0 21.9542)
(0.0109218 0 22.1631)
(0.895545 0 21.9208)
(1.73041 0 21.245)
(2.47958 0 20.1796)
(3.12248 0 18.7801)
(3.65053 0 17.1034)
(4.06296 0 15.2026)
(4.3638 0 13.1252)
(4.56003 0 10.9129)
(4.66036 0 8.60127)
(4.67454 0 6.2208)
(4.61273 0 3.79709)
(4.4851 0 1.35225)
(4.30147 0 -1.09373)
(4.07102 0 -3.52117)
(3.80207 0 -5.9092)
(3.50189 0 -8.2345)
(3.17674 0 -10.4705)
(2.83193 0 -12.587)
(2.4719 0 -14.5505)
(2.1004 0 -16.3248)
(1.72053 0 -17.8725)
(1.33485 0 -19.1571)
(0.945406 0 -20.1451)
(0.553764 0 -20.8085)
(0.161054 0 -21.1273)
(-0.231925 0 -21.0916)
(-0.624488 0 -20.7023)
(-1.01578 0 -19.9718)
(-1.4046 0 -18.9217)
(-1.78927 0 -17.5814)
(-2.16766 0 -15.9852)
(-2.5371 0 -14.1698)
(-2.89437 0 -12.1727)
(-3.23558 0 -10.0295)
(-3.55613 0 -7.77322)
(-3.85052 0 -5.43325)
(-4.11232 0 -3.03548)
(-4.33401 0 -0.602662)
(-4.50712 0 1.84467)
(-4.62229 0 4.28691)
(-4.66962 0 6.70377)
(-4.63891 0 9.07255)
(-4.52005 0 11.3667)
(-4.30345 0 13.5549)
(-3.98067 0 15.6002)
(-3.54524 0 17.4598)
(-2.99393 0 19.085)
(-2.32878 0 20.4218)
(-1.5604 0 21.413)
(-0.712272 0 22.0044)
(0.176661 0 22.1563)
(1.0568 0 21.8575)
(1.88108 0 21.1305)
(2.61593 0 20.0219)
(3.24282 0 18.5882)
(3.75459 0 16.8859)
(4.15131 0 14.9676)
(4.43753 0 12.88)
(4.62051 0 10.6636)
(4.70916 0 8.3534)
(4.71328 0 5.9786)
(4.64303 0 3.56389)
(4.5085 0 1.13045)
(4.31938 0 -1.30253)
(4.08468 0 -3.71607)
(3.81251 0 -6.08983)
(3.50995 0 -8.401)
(3.18305 0 -10.6234)
(2.83695 0 -12.7271)
(2.47594 0 -14.6787)
(2.10364 0 -16.4425)
(1.72307 0 -17.981)
(1.33672 0 -19.2581)
(0.946605 0 -20.2402)
(0.554275 0 -20.8995)
(0.160862 0 -21.2161)
(-0.365795 0 -20.6771)
(-0.977079 0 -20.2926)
(-1.58032 0 -19.5717)
(-2.17031 0 -18.5364)
(-2.74177 0 -17.2162)
(-3.28937 0 -15.6456)
(-3.80777 0 -13.8616)
(-4.29164 0 -11.9015)
(-4.73556 0 -9.8014)
(-5.13392 0 -7.59441)
(-5.48075 0 -5.31036)
(-5.76956 0 -2.97549)
(-5.99323 0 -0.612883)
(-6.14401 0 1.75675)
(-6.2136 0 4.11398)
(-6.19344 0 6.43906)
(-6.07496 0 8.71025)
(-5.84998 0 10.9025)
(-5.51127 0 12.9865)
(-5.05318 0 14.9281)
(-4.47254 0 16.6881)
(-3.76989 0 18.223)
(-2.95119 0 19.4861)
(-2.03019 0 20.4299)
(-1.031 0 21.0112)
(0.0107291 0 21.1985)
(1.05114 0 20.9804)
(2.04659 0 20.3694)
(2.96198 0 19.3977)
(3.77377 0 18.1087)
(4.46868 0 16.5498)
(5.04108 0 14.7676)
(5.4907 0 12.8054)
(5.82086 0 10.7019)
(6.03734 0 8.49131)
(6.14745 0 6.20288)
(6.15944 0 3.86184)
(6.08192 0 1.49027)
(5.92351 0 -0.891506)
(5.69253 0 -3.26325)
(5.39679 0 -5.60328)
(5.04346 0 -7.88746)
(4.63907 0 -10.0884)
(4.18969 0 -12.1754)
(3.70103 0 -14.1141)
(3.1786 0 -15.8681)
(2.62781 0 -17.3997)
(2.0541 0 -18.672)
(1.46282 0 -19.6512)
(0.859315 0 -20.3091)
(0.248768 0 -20.6254)
(-0.363767 0 -20.5899)
(-0.973306 0 -20.2038)
(-1.57477 0 -19.4794)
(-2.16293 0 -18.4388)
(-2.73246 0 -17.1116)
(-3.27796 0 -15.5323)
(-3.79402 0 -13.7381)
(-4.2752 0 -11.7666)
(-4.71597 0 -9.65409)
(-5.11054 0 -7.43398)
(-5.4528 0 -5.13644)
(-5.73606 0 -2.78815)
(-5.95305 0 -0.412679)
(-6.09584 0 1.96866)
(-6.15603 0 4.33577)
(-6.12497 0 6.66807)
(-5.99409 0 8.94297)
(-5.75529 0 11.1345)
(-5.40151 0 13.2124)
(-4.9274 0 15.1416)
(-4.33024 0 16.8824)
(-3.61125 0 18.3906)
(-2.77738 0 19.6194)
(-1.84376 0 20.5217)
(-0.836214 0 21.0557)
(0.20804 0 21.1925)
(1.24454 0 20.9241)
(2.23051 0 20.2667)
(3.13253 0 19.2548)
(3.92871 0 17.9329)
(4.60708 0 16.3487)
(5.16292 0 14.5485)
(5.59658 0 12.5749)
(5.91181 0 10.4661)
(6.11465 0 8.2554)
(6.21257 0 5.97108)
(6.21388 0 3.63749)
(6.12716 0 1.27585)
(5.96096 0 -1.09427)
(5.72346 0 -3.45327)
(5.42232 0 -5.78002)
(5.0645 0 -8.05086)
(4.6564 0 -10.2388)
(4.20389 0 -12.3134)
(3.71255 0 -14.2407)
(3.18777 0 -15.9843)
(2.63487 0 -17.5069)
(2.0592 0 -18.7717)
(1.46607 0 -19.7451)
(0.860778 0 -20.3989)
(0.248479 0 -20.7129)
(-0.498933 0 -19.9544)
(-1.32837 0 -19.5778)
(-2.14264 0 -18.872)
(-2.93238 0 -17.8591)
(-3.68852 0 -16.5683)
(-4.40244 0 -15.034)
(-5.06605 0 -13.2928)
(-5.67186 0 -11.3819)
(-6.21286 0 -9.3371)
(-6.6824 0 -7.19166)
(-7.07402 0 -4.97556)
(-7.38122 0 -2.71539)
(-7.59733 0 -0.434654)
(-7.71541 0 1.84552)
(-7.72838 0 4.10547)
(-7.62921 0 6.32549)
(-7.41118 0 8.48421)
(-7.06836 0 10.5575)
(-6.59612 0 12.5174)
(-5.9919 0 14.3321)
(-5.25609 0 15.966)
(-4.39322 0 17.3801)
(-3.41339 0 18.5344)
(-2.33397 0 19.3899)
(-1.18096 0 19.9132)
(0.0110562 0 20.0809)
(1.20178 0 19.8849)
(2.35109 0 19.3341)
(3.4248 0 18.4523)
(4.39737 0 17.2734)
(5.25185 0 15.8362)
(5.97846 0 14.1807)
(6.57293 0 12.3455)
(7.03505 0 10.3663)
(7.36751 0 8.27472)
(7.57504 0 6.09873)
(7.66364 0 3.86265)
(7.64009 0 1.58819)
(7.5115 0 -0.704329)
(7.28501 0 -2.99446)
(6.96762 0 -5.26013)
(6.56613 0 -7.47678)
(6.08716 0 -9.61675)
(5.53735 0 -11.649)
(4.92354 0 -13.5394)
(4.25293 0 -15.2516)
(3.53326 0 -16.748)
(2.7728 0 -17.9921)
(1.98036 0 -18.9503)
(1.16514 0 -19.5944)
(0.336594 0 -19.9042)
(-0.495757 0 -19.8695)
(-1.32239 0 -19.4913)
(-2.13378 0 -18.7822)
(-2.92051 0 -17.764)
(-3.67344 0 -16.4664)
(-4.38388 0 -14.9236)
(-5.04365 0 -13.1726)
(-5.64513 0 -11.2508)
(-6.1812 0 -9.19419)
(-6.64507 0 -7.0364)
(-7.03014 0 -4.80774)
(-7.32974 0 -2.53523)
(-7.53706 0 -0.24287)
(-7.64506 0 2.04765)
(-7.64657 0 4.31606)
(-7.53455 0 6.54186)
(-7.30233 0 8.70291)
(-6.94411 0 10.7742)
(-6.45551 0 12.7271)
(-5.83436 0 14.529)
(-5.08159 0 16.1437)
(-4.20245 0 17.5321)
(-3.20802 0 18.6542)
(-2.11687 0 19.4718)
(-0.956336 0 19.9526)
(0.237892 0 20.0755)
(1.42514 0 19.8349)
(2.56585 0 19.2424)
(3.62703 0 18.3236)
(4.58445 0 17.1136)
(5.42232 0 15.6518)
(6.1318 0 13.9782)
(6.7093 0 12.1311)
(7.1551 0 10.1456)
(7.47226 0 8.05267)
(7.66572 0 5.8794)
(7.74161 0 3.64932)
(7.70676 0 1.38338)
(7.56822 0 -0.898825)
(7.33306 0 -3.17743)
(7.00816 0 -5.43088)
(6.60015 0 -7.63508)
(6.11553 0 -9.76276)
(5.56078 0 -11.7832)
(4.94261 0 -13.6626)
(4.26811 0 -15.3648)
(3.5449 0 -16.8525)
(2.78119 0 -18.0893)
(1.9857 0 -19.0417)
(1.16758 0 -19.6819)
(0.336207 0 -19.9895)
(-0.631 0 -19.0125)
(-1.67673 0 -18.6488)
(-2.69995 0 -17.9676)
(-3.68705 0 -16.9905)
(-4.62512 0 -15.7461)
(-5.50222 0 -14.268)
(-6.30752 0 -12.5921)
(-7.0314 0 -10.7547)
(-7.66532 0 -8.79086)
(-8.20173 0 -6.73325)
(-8.63377 0 -4.61154)
(-8.95512 0 -2.45218)
(-9.15974 0 -0.278687)
(-9.24176 0 1.88781)
(-9.19555 0 4.0278)
(-9.01585 0 6.12189)
(-8.69804 0 8.14944)
(-8.23859 0 10.0875)
(-7.63564 0 11.9101)
(-6.88973 0 13.5881)
(-6.0047 0 15.0894)
(-4.98872 0 16.3803)
(-3.85544 0 17.4268)
(-2.62502 0 18.1974)
(-1.3247 0 18.6661)
(0.0119188 0 18.8157)
(1.34726 0 18.6403)
(2.64389 0 18.1463)
(3.86847 0 17.3513)
(4.99416 0 16.2816)
(6.00114 0 14.9688)
(6.87607 0 13.4466)
(7.61103 0 11.7488)
(8.20236 0 9.90737)
(8.64966 0 7.95136)
(8.95487 0 5.90678)
(9.12163 0 3.7968)
(9.15463 0 1.64242)
(9.05919 0 -0.536407)
(8.84105 0 -2.71937)
(8.5062 0 -4.8844)
(8.06084 0 -7.007)
(7.51151 0 -9.05967)
(6.86531 0 -11.0118)
(6.13011 0 -12.8297)
(5.31475 0 -14.4778)
(4.42922 0 -15.9196)
(3.48468 0 -17.1191)
(2.49336 0 -18.0435)
(1.46844 0 -18.6653)
(0.423721 0 -18.9645)
(-0.626677 0 -18.9309)
(-1.66855 0 -18.5658)
(-2.6878 0 -17.8813)
(-3.67073 0 -16.8991)
(-4.60435 0 -15.6482)
(-5.47661 0 -14.162)
(-6.27659 0 -12.4768)
(-6.99455 0 -10.6291)
(-7.62183 0 -8.65415)
(-8.15076 0 -6.58504)
(-8.57435 0 -4.45178)
(-8.88616 0 -2.28122)
(-9.08003 0 -0.0973494)
(-9.15003 0 2.07819)
(-9.0905 0 4.22528)
(-8.8962 0 6.32386)
(-8.56263 0 8.35256)
(-8.08645 0 10.2877)
(-7.46611 0 12.1026)
(-6.70261 0 13.7677)
(-5.80037 0 15.2504)
(-4.76832 0 16.517)
(-3.62101 0 17.5337)
(-2.37964 0 18.27)
(-1.07246 0 18.7009)
(0.26614 0 18.811)
(1.59834 0 18.5961)
(2.88708 0 18.0647)
(4.09987 0 17.2361)
(5.2109 0 16.1376)
(6.20136 0 14.8014)
(7.05881 0 13.2615)
(7.77602 0 11.5516)
(8.34991 0 9.70322)
(8.78049 0 7.74482)
(9.06999 0 5.70176)
(9.22223 0 3.59647)
(9.24197 0 1.44926)
(9.13459 0 -0.720555)
(8.90575 0 -2.8932)
(8.56138 0 -5.04712)
(8.10755 0 -7.15824)
(7.5507 0 -9.19945)
(6.8978 0 -11.1404)
(6.1566 0 -12.948)
(5.33584 0 -14.5866)
(4.44539 0 -16.02)
(3.49631 0 -17.2125)
(2.50077 0 -18.1314)
(1.47183 0 -18.7494)
(0.423228 0 -19.0464)
(-0.760511 0 -17.8544)
(-2.01827 0 -17.5088)
(-3.24613 0 -16.8617)
(-4.42623 0 -15.9339)
(-5.54182 0 -14.7532)
(-6.57769 0 -13.3516)
(-7.52029 0 -11.7636)
(-8.35793 0 -10.0241)
(-9.08061 0 -8.16677)
(-9.67991 0 -6.22321)
(-10.1487 0 -4.22216)
(-10.4809 0 -2.18942)
(-10.6713 0 -0.148007)
(-10.7153 0 1.88134)
(-10.6087 0 3.87958)
(-10.3484 0 5.828)
(-9.93182 0 7.70697)
(-9.35812 0 9.49507)
(-8.62824 0 11.1685)
(-7.7458 0 12.7012)
(-6.71794 0 14.0649)
(-5.55615 0 15.2308)
(-4.27704 0 16.1706)
(-2.90297 0 16.8591)
(-1.46195 0 17.2762)
(0.0132994 0 17.4089)
(1.48728 0 17.2528)
(2.92459 0 16.8128)
(4.2927 0 16.102)
(5.5639 0 15.1407)
(6.71614 0 13.9542)
(7.73306 0 12.5707)
(8.60341 0 11.0192)
(9.32024 0 9.32766)
(9.88004 0 7.52223)
(10.2819 0 5.62677)
(10.527 0 3.66291)
(10.6177 0 1.65065)
(10.5575 0 -0.390744)
(10.3504 0 -2.44147)
(10.0014 0 -4.47992)
(9.51576 0 -6.4821)
(8.9 0 -8.42122)
(8.16153 0 -10.2676)
(7.30919 0 -11.9889)
(6.35341 0 -13.5507)
(5.30639 0 -14.9179)
(4.1821 0 -16.0562)
(2.99622 0 -16.934)
(1.76586 0 -17.5248)
(0.509176 0 -17.8091)
(-0.75507 0 -17.7772)
(-2.00796 0 -17.4302)
(-3.2308 0 -16.7799)
(-4.40562 0 -15.8475)
(-5.51556 0 -14.6605)
(-6.54529 0 -13.2513)
(-7.48117 0 -11.6547)
(-8.31137 0 -9.90553)
(-9.02578 0 -8.03798)
(-9.61588 0 -6.08388)
(-10.0744 0 -4.07234)
(-10.3953 0 -2.02955)
(-10.5731 0 0.0210062)
(-10.6032 0 2.05813)
(-10.4817 0 4.06225)
(-10.2052 0 6.01402)
(-9.77153 0 7.89318)
(-9.17999 0 9.67769)
(-8.4319 0 11.3432)
(-7.5314 0 12.8632)
(-6.48624 0 14.2093)
(-5.30863 0 15.3527)
(-4.01604 0 16.2654)
(-2.63168 0 16.9231)
(-1.18433 0 17.3067)
(0.292723 0 17.4046)
(1.76382 0 17.2139)
(3.19381 0 16.7408)
(4.55078 0 15.9997)
(5.80781 0 15.0121)
(6.94371 0 13.8038)
(7.94296 0 12.4035)
(8.795 0 10.84)
(9.49348 0 9.14116)
(10.0353 0 7.33261)
(10.4201 0 5.43767)
(10.649 0 3.47735)
(10.7247 0 1.47103)
(10.6507 0 -0.562596)
(10.431 0 -2.60422)
(10.0705 0 -4.63268)
(9.57462 0 -6.62441)
(8.94956 0 -8.55301)
(8.20272 0 -10.3891)
(7.34281 0 -12.1006)
(6.38017 0 -13.6535)
(5.32689 0 -15.0129)
(4.19684 0 -16.1446)
(3.0056 0 -17.0172)
(1.77016 0 -17.6043)
(0.508567 0 -17.8866)
(-0.885748 0 -16.4857)
(-2.34849 0 -16.1632)
(-3.77408 0 -15.5596)
(-5.14046 0 -14.6948)
(-6.42718 0 -13.5947)
(-7.61579 0 -12.2896)
(-8.69017 0 -10.8119)
(-9.63657 0 -9.1944)
(-10.4436 0 -7.46888)
(-11.102 0 -5.66515)
(-11.6045 0 -3.81051)
(-11.9453 0 -1.92956)
(-12.1199 0 -0.0443636)
(-12.1251 0 1.82519)
(-11.9585 0 3.6609)
(-11.6189 0 5.44502)
(-11.1063 0 7.15922)
(-10.4222 0 8.7839)
(-9.57043 0 10.2977)
(-8.5577 0 11.6777)
(-7.39422 0 12.8997)
(-6.09442 0 13.9393)
(-4.67742 0 14.7734)
(-3.16723 0 15.3821)
(-1.59238 0 15.7497)
(0.0151512 0 15.8664)
(1.62141 0 15.7289)
(3.19252 0 15.3407)
(4.69662 0 14.7119)
(6.10543 0 13.8581)
(7.39517 0 12.7995)
(8.54694 0 11.5593)
(9.54651 0 10.1616)
(10.3838 0 8.63075)
(11.0524 0 6.98968)
(11.5484 0 5.25982)
(11.8704 0 3.46103)
(12.0186 0 1.61196)
(11.9942 0 -0.269099)
(11.7998 0 -2.16324)
(11.4389 0 -4.04975)
(10.9161 0 -5.90565)
(10.2377 0 -7.70544)
(9.41143 0 -9.42094)
(8.44696 0 -11.0216)
(7.35631 0 -12.475)
(6.1538 0 -13.7482)
(4.85616 0 -14.8089)
(3.48241 0 -15.6273)
(2.05349 0 -16.1782)
(0.591831 0 -16.4436)
(-0.879241 0 -16.4138)
(-2.33617 0 -16.09)
(-3.75575 0 -15.4836)
(-5.11582 0 -14.6144)
(-6.39577 0 -13.5085)
(-7.57704 0 -12.1964)
(-8.64337 0 -10.7107)
(-9.5809 0 -9.08446)
(-10.3781 0 -7.34964)
(-11.0258 0 -5.53639)
(-11.5163 0 -3.67236)
(-11.844 0 -1.78254)
(-12.0044 0 0.110601)
(-11.9942 0 1.98676)
(-11.8111 0 3.82723)
(-11.454 0 5.61372)
(-10.923 0 7.32738)
(-10.2201 0 8.94807)
(-9.34954 0 10.454)
(-8.31842 0 11.822)
(-7.13763 0 13.0276)
(-5.8223 0 14.0467)
(-4.3923 0 14.8567)
(-2.87237 0 15.4381)
(-1.2916 0 15.7764)
(0.317599 0 15.8627)
(1.92117 0 15.6949)
(3.48541 0 15.2777)
(4.97891 0 14.622)
(6.374 0 13.7446)
(7.64762 0 12.6661)
(8.78163 0 11.4102)
(9.76248 0 10.0011)
(10.5807 0 8.46287)
(11.2303 0 6.81822)
(11.7079 0 5.08811)
(12.0123 0 3.29186)
(12.1439 0 1.44761)
(12.104 0 -0.426853)
(11.8952 0 -2.31307)
(11.5211 0 -4.19073)
(10.9864 0 -6.03728)
(10.297 0 -7.82754)
(9.46073 0 -9.53369)
(8.48723 0 -11.1254)
(7.38836 0 -12.5707)
(6.17834 0 -13.8366)
(4.87379 0 -14.8912)
(3.49361 0 -15.7047)
(2.05861 0 -16.2523)
(0.591094 0 -16.5157)
(-1.0048 0 -14.9147)
(-2.66237 0 -14.6204)
(-4.27582 0 -14.0696)
(-5.81912 0 -13.2807)
(-7.26823 0 -12.2777)
(-8.60169 0 -11.0885)
(-9.80084 0 -9.74277)
(-10.85 0 -8.27061)
(-11.7365 0 -6.70129)
(-12.4503 0 -5.0623)
(-12.9838 0 -3.37892)
(-13.3316 0 -1.67402)
(-13.4902 0 0.0318132)
(-13.4574 0 1.71998)
(-13.2329 0 3.37344)
(-12.8172 0 4.97575)
(-12.2128 0 6.51017)
(-11.4238 0 7.95916)
(-10.4569 0 9.30398)
(-9.32149 0 10.5249)
(-8.03071 0 11.6015)
(-6.60154 0 12.5138)
(-5.05517 0 13.2432)
(-3.41688 0 13.7738)
(-1.71553 0 14.0936)
(0.017401 0 14.1949)
(1.74906 0 14.0753)
(3.44661 0 13.7374)
(5.07869 0 13.1889)
(6.61661 0 12.4419)
(8.03524 0 11.5126)
(9.31359 0 10.4193)
(10.4348 0 9.18225)
(11.3861 0 7.82175)
(12.1579 0 6.35762)
(12.7438 0 4.80869)
(13.1397 0 3.19276)
(13.3433 0 1.52689)
(13.3541 0 -0.171959)
(13.1727 0 -1.88614)
(12.8015 0 -3.59627)
(12.2444 0 -5.28095)
(11.5072 0 -6.91647)
(10.598 0 -8.47678)
(9.52752 0 -9.93368)
(8.30906 0 -11.2574)
(6.95904 0 -12.4177)
(5.49683 0 -13.3847)
(3.94459 0 -14.1313)
(2.32695 0 -14.6341)
(0.670424 0 -14.8763)
(-0.997299 0 -14.8491)
(-2.6482 0 -14.5536)
(-4.25476 0 -14.0002)
(-5.79079 0 -13.2074)
(-7.23212 0 -12.1992)
(-8.55712 0 -11.0037)
(-9.74703 0 -9.65074)
(-10.7861 0 -8.17071)
(-11.6614 0 -6.59309)
(-12.3629 0 -4.94568)
(-12.883 0 -3.25406)
(-13.2162 0 -1.54146)
(-13.3589 0 0.171158)
(-13.3093 0 1.86482)
(-13.0669 0 3.52205)
(-12.6325 0 5.12594)
(-12.0087 0 6.6593)
(-11.2002 0 8.10415)
(-10.2138 0 9.44145)
(-9.05983 0 10.6512)
(-7.75178 0 11.7131)
(-6.30734 0 12.6072)
(-4.74836 0 13.3153)
(-3.10074 0 13.8222)
(-1.39379 0 14.1166)
(0.340719 0 14.1917)
(2.06983 0 14.0459)
(3.76086 0 13.6828)
(5.38276 0 13.111)
(6.90732 0 12.3432)
(8.31005 0 11.3961)
(9.57061 0 10.2886)
(10.6728 0 9.04087)
(11.6044 0 7.67328)
(12.3564 0 6.20537)
(12.9228 0 4.65563)
(13.2997 0 3.04143)
(13.4853 0 1.37939)
(13.479 0 -0.31396)
(13.2817 0 -2.02135)
(12.8958 0 -3.7238)
(12.325 0 -5.40025)
(11.5753 0 -7.02734)
(10.6547 0 -8.5793)
(9.57383 0 -10.0282)
(8.34591 0 -11.3446)
(6.98724 0 -12.4983)
(5.51707 0 -13.4598)
(3.95743 0 -14.202)
(2.3328 0 -14.7017)
(0.669548 0 -14.9422)
(-1.11562 0 -13.1539)
(-2.95458 0 -12.8923)
(-4.7429 0 -12.403)
(-6.45084 0 -11.7025)
(-8.05106 0 -10.8122)
(-9.51927 0 -9.75708)
(-10.8345 0 -8.56364)
(-11.9793 0 -7.2588)
(-12.9396 0 -5.86867)
(-13.7048 0 -4.41792)
(-14.267 0 -2.92923)
(-14.6211 0 -1.42324)
(-14.7643 0 0.0814352)
(-14.6959 0 1.56793)
(-14.417 0 3.02075)
(-13.9303 0 4.42503)
(-13.2405 0 5.7659)
(-12.354 0 7.02805)
(-11.2803 0 8.19549)
(-10.0315 0 9.25165)
(-8.62312 0 10.1798)
(-7.07431 0 10.9638)
(-5.40796 0 11.5889)
(-3.65036 0 12.0426)
(-1.83067 0 12.3156)
(0.0199508 0 12.402)
(1.86928 0 12.2998)
(3.68512 0 12.0112)
(5.43638 0 11.5419)
(7.09401 0 10.9016)
(8.63184 0 10.1026)
(10.0272 0 9.15976)
(11.2609 0 8.08923)
(12.3177 0 6.90778)
(13.1855 0 5.63203)
(13.8551 0 4.27812)
(14.3199 0 2.86157)
(14.5754 0 1.39759)
(14.6192 0 -0.09853)
(14.4503 0 -1.61073)
(14.0698 0 -3.12146)
(13.4808 0 -4.61139)
(12.6889 0 -6.05914)
(11.7027 0 -7.44133)
(10.5335 0 -8.7327)
(9.19607 0 -9.90667)
(7.70876 0 -10.9361)
(6.09335 0 -11.7946)
(4.37495 0 -12.4575)
(2.5816 0 -12.9042)
(0.743614 0 -13.1194)
(-1.10723 0 -13.0953)
(-2.93876 0 -12.8327)
(-4.7194 0 -12.3411)
(-6.41925 0 -11.6371)
(-8.01079 0 -10.7423)
(-9.46957 0 -9.68164)
(-10.7745 0 -8.48191)
(-11.9079 0 -7.1702)
(-12.8559 0 -5.77288)
(-13.6074 0 -4.31485)
(-14.1548 0 -2.81911)
(-14.4929 0 -1.30659)
(-14.619 0 0.20375)
(-14.5325 0 1.69472)
(-14.2345 0 3.15044)
(-13.728 0 4.55566)
(-13.0179 0 5.89516)
(-12.1112 0 7.15328)
(-11.0177 0 8.31379)
(-9.75007 0 9.35999)
(-8.32441 0 10.2752)
(-6.76053 0 11.0434)
(-5.08187 0 11.6501)
(-3.31522 0 12.0836)
(-1.49013 0 12.3351)
(0.361994 0 12.3992)
(2.20888 0 12.2749)
(4.01843 0 11.9648)
(5.7598 0 11.4756)
(7.40435 0 10.8173)
(8.92644 0 10.0029)
(10.3039 0 9.04751)
(11.5184 0 7.96742)
(12.555 0 6.77939)
(13.4022 0 5.4999)
(14.0513 0 4.14482)
(14.4961 0 2.72936)
(14.7323 0 1.26834)
(14.7577 0 -0.223289)
(14.5714 0 -1.72982)
(14.1746 0 -3.23403)
(13.5705 0 -4.71689)
(12.7649 0 -6.15736)
(11.7659 0 -7.53229)
(10.5851 0 -8.81669)
(9.23713 0 -9.98421)
(7.74017 0 -11.0079)
(6.11587 0 -11.8615)
(4.38921 0 -12.5206)
(2.58806 0 -12.9646)
(0.742593 0 -13.1783)
(-1.21618 0 -11.2177)
(-3.21971 0 -10.9932)
(-5.16671 0 -10.5735)
(-7.02405 0 -9.97269)
(-8.76143 0 -9.20945)
(-10.352 0 -8.30521)
(-11.7726 0 -7.28286)
(-13.0044 0 -6.16557)
(-14.032 0 -4.97586)
(-14.844 0 -3.73501)
(-15.4326 0 -2.46267)
(-15.7927 0 -1.17672)
(-15.9224 0 0.106647)
(-15.8219 0 1.37273)
(-15.494 0 2.60792)
(-14.9432 0 3.79925)
(-14.1761 0 4.93396)
(-13.2016 0 5.99913)
(-12.0315 0 6.98154)
(-10.6801 0 7.86774)
(-9.16528 0 8.64438)
(-7.50787 0 9.29874)
(-5.73215 0 9.81936)
(-3.86523 0 10.1967)
(-1.93659 0 10.4234)
(0.0226762 0 10.4951)
(1.98063 0 10.4102)
(3.90535 0 10.1704)
(5.76579 0 9.78007)
(7.53254 0 9.24657)
(9.17856 0 8.57948)
(10.6797 0 7.7903)
(12.0152 0 6.89178)
(13.1673 0 5.89729)
(14.1217 0 4.82037)
(14.8669 0 3.67437)
(15.394 0 2.47241)
(15.6964 0 1.22756)
(15.7697 0 -0.046838)
(15.6117 0 -1.33671)
(15.2223 0 -2.62675)
(14.604 0 -3.90018)
(13.7623 0 -5.13848)
(12.7058 0 -6.3214)
(11.4468 0 -7.42717)
(10.0013 0 -8.43285)
(8.38931 0 -9.3151)
(6.63481 0 -10.0511)
(4.76557 0 -10.6196)
(2.81273 0 -11.0029)
(0.810049 0 -11.1876)
(-1.20701 0 -11.1669)
(-3.20248 0 -10.9415)
(-5.14113 0 -10.5198)
(-6.98968 0 -9.91611)
(-8.71761 0 -9.14901)
(-10.2979 0 -8.24012)
(-11.7073 0 -7.21247)
(-12.9267 0 -6.08941)
(-13.9408 0 -4.89368)
(-14.7382 0 -3.64677)
(-15.3107 0 -2.36859)
(-15.6537 0 -1.07728)
(-15.765 0 0.210674)
(-15.6453 0 1.48028)
(-15.2972 0 2.71762)
(-14.7256 0 3.90942)
(-13.9375 0 5.04263)
(-12.9422 0 6.10408)
(-11.7519 0 7.08038)
(-10.3815 0 7.958)
(-8.8494 0 8.72362)
(-7.17703 0 9.3647)
(-5.38917 0 9.87008)
(-3.51338 0 10.2306)
(-1.57947 0 10.4395)
(0.381272 0 10.4928)
(2.33684 0 10.3896)
(4.25541 0 10.132)
(6.10614 0 9.72512)
(7.85998 0 9.17663)
(9.49034 0 8.49656)
(10.9736 0 7.69668)
(12.2896 0 6.78987)
(13.4211 0 5.78956)
(14.3543 0 4.70915)
(15.0781 0 3.56183)
(15.5841 0 2.36045)
(15.8661 0 1.11782)
(15.9198 0 -0.153029)
(15.7432 0 -1.4383)
(15.3362 0 -2.723)
(14.7016 0 -3.99058)
(13.8449 0 -5.2228)
(12.7746 0 -6.39964)
(11.503 0 -7.49954)
(10.0459 0 -8.49977)
(8.42341 0 -9.37716)
(6.65922 0 -10.109)
(4.78101 0 -10.6743)
(2.8197 0 -11.0552)
(0.808879 0 -11.2386)
(-1.30459 0 -9.11859)
(-3.45284 0 -8.93521)
(-5.53935 0 -8.59238)
(-7.52808 0 -8.10179)
(-9.3861 0 -7.47876)
(-11.0843 0 -6.74086)
(-12.5979 0 -5.90687)
(-13.9063 0 -4.99575)
(-14.9934 0 -4.02598)
(-15.8472 0 -3.01503)
(-16.4595 0 -1.97903)
(-16.8257 0 -0.932705)
(-16.9442 0 0.110626)
(-16.8164 0 1.1388)
(-16.4461 0 2.14044)
(-15.8395 0 3.1048)
(-15.0051 0 4.02143)
(-13.9538 0 4.87994)
(-12.6993 0 5.66989)
(-11.258 0 6.38081)
(-9.64934 0 7.00248)
(-7.89587 0 7.52526)
(-6.02288 0 7.94053)
(-4.05821 0 8.24113)
(-2.03169 0 8.42166)
(0.0254305 0 8.47872)
(2.08122 0 8.41114)
(4.10374 0 8.22012)
(6.06178 0 7.90909)
(7.92555 0 7.48345)
(9.66726 0 6.95039)
(11.2617 0 6.31854)
(12.6863 0 5.59757)
(13.9219 0 4.79775)
(14.9519 0 3.92961)
(15.7629 0 3.00371)
(16.344 0 2.03063)
(16.6868 0 1.02107)
(16.7854 0 -0.013886)
(16.6362 0 -1.0625)
(16.2382 0 -2.11215)
(15.5935 0 -3.14901)
(14.7073 0 -4.15786)
(13.5887 0 -5.12207)
(12.2505 0 -6.02377)
(10.7097 0 -6.84416)
(8.98797 0 -7.56411)
(7.11108 0 -8.16488)
(5.10917 0 -8.62915)
(3.01604 0 -8.94218)
(0.868488 0 -9.09308)
(-1.29477 0 -9.07616)
(-3.43444 0 -8.89209)
(-5.51208 0 -8.5477)
(-7.49144 0 -8.05476)
(-9.3394 0 -7.42863)
(-11.0267 0 -6.68701)
(-12.5282 0 -5.84878)
(-13.8235 0 -4.93306)
(-14.8962 0 -3.95851)
(-15.7343 0 -2.94276)
(-16.3297 0 -1.90217)
(-16.6777 0 -0.851662)
(-16.7768 0 0.195198)
(-16.6287 0 1.226)
(-16.2374 0 2.22915)
(-15.6092 0 3.19364)
(-14.7531 0 4.10881)
(-13.6805 0 4.9641)
(-12.4054 0 5.74893)
(-10.9449 0 6.45282)
(-9.31892 0 7.06556)
(-7.5505 0 7.57767)
(-5.66544 0 7.98078)
(-3.69197 0 8.26803)
(-1.66025 0 8.43439)
(0.398335 0 8.47688)
(2.45177 0 8.39475)
(4.4682 0 8.18966)
(6.41662 0 7.86542)
(8.26754 0 7.4278)
(9.99358 0 6.8843)
(11.57 0 6.24376)
(12.9749 0 5.51598)
(14.1894 0 4.71126)
(15.1977 0 3.84007)
(15.9866 0 2.91285)
(16.5458 0 1.94)
(16.8671 0 0.932003)
(16.9451 0 -0.100283)
(16.7761 0 -1.14536)
(16.3596 0 -2.19084)
(15.6976 0 -3.22309)
(14.7954 0 -4.22713)
(13.662 0 -5.1865)
(12.3103 0 -6.08352)
(10.7572 0 -6.89955)
(9.02423 0 -7.61558)
(7.13701 0 -8.21303)
(5.12552 0 -8.67467)
(3.02337 0 -8.98583)
(0.867171 0 -9.1357)
(-1.37941 0 -6.95288)
(-3.65012 0 -6.81262)
(-5.8547 0 -6.55043)
(-7.95458 0 -6.17528)
(-9.91467 0 -5.69891)
(-11.704 0 -5.13479)
(-13.2962 0 -4.49728)
(-14.6696 0 -3.80094)
(-15.8073 0 -3.05993)
(-16.6968 0 -2.28766)
(-17.3299 0 -1.49656)
(-17.702 0 -0.697936)
(-17.812 0 0.0979272)
(-17.662 0 0.881621)
(-17.2568 0 1.64423)
(-16.604 0 2.37735)
(-15.7135 0 3.07296)
(-14.5978 0 3.7232)
(-13.2723 0 4.32031)
(-11.755 0 4.85661)
(-10.0668 0 5.32471)
(-8.23126 0 5.71772)
(-6.27471 0 6.0295)
(-4.22559 0 6.25498)
(-2.11416 0 6.39031)
(0.0280566 0 6.43307)
(2.16892 0 6.38242)
(4.27627 0 6.23921)
(6.31862 0 6.00589)
(8.26573 0 5.68629)
(10.0891 0 5.28552)
(11.7627 0 4.8097)
(13.2627 0 4.26577)
(14.5684 0 3.66115)
(15.6618 0 3.00358)
(16.5276 0 2.30092)
(17.1535 0 1.56118)
(17.5294 0 0.7926)
(17.6483 0 0.00381634)
(17.5056 0 -0.795959)
(17.0996 0 -1.59698)
(16.4319 0 -2.38862)
(15.5078 0 -3.15915)
(14.3363 0 -3.89581)
(12.9309 0 -4.58485)
(11.3095 0 -5.21188)
(9.49479 0 -5.76221)
(7.51431 0 -6.22152)
(5.40008 0 -6.57652)
(3.18819 0 -6.81591)
(0.917976 0 -6.93134)
(-1.36907 0 -6.91841)
(-3.63083 0 -6.77765)
(-5.82614 0 -6.51431)
(-7.91623 0 -6.13743)
(-9.86578 0 -5.65878)
(-11.6436 0 -5.09191)
(-13.2232 0 -4.4513)
(-14.5829 0 -3.75159)
(-15.7055 0 -3.00708)
(-16.5786 0 -2.23134)
(-17.1939 0 -1.43694)
(-17.5469 0 -0.635342)
(-17.6368 0 0.162991)
(-17.4656 0 0.948453)
(-17.0387 0 1.71195)
(-16.3636 0 2.44492)
(-15.4508 0 3.1392)
(-14.3133 0 3.78679)
(-12.9669 0 4.37986)
(-11.4302 0 4.91071)
(-9.72446 0 5.372)
(-7.87393 0 5.75694)
(-5.90529 0 6.05958)
(-3.84738 0 6.27505)
(-1.73075 0 6.39978)
(0.412933 0 6.43166)
(2.55145 0 6.37013)
(4.65272 0 6.21639)
(6.68544 0 5.97317)
(8.61966 0 5.64456)
(10.4273 0 5.23586)
(12.0827 0 4.7534)
(13.5627 0 4.20418)
(14.8469 0 3.59568)
(15.918 0 2.93558)
(16.7612 0 2.23169)
(17.3644 0 1.49188)
(17.7181 0 0.724249)
(17.8155 0 -0.0627232)
(17.6522 0 -0.860021)
(17.2268 0 -1.65807)
(16.541 0 -2.44639)
(15.6 0 -3.21343)
(14.4131 0 -3.94655)
(12.9935 0 -4.63216)
(11.3591 0 -5.25597)
(9.53264 0 -5.80341)
(7.54134 0 -6.26026)
(5.41708 0 -6.6133)
(3.19576 0 -6.8513)
(0.916518 0 -6.96595)
(-1.43807 0 -4.25424)
(-3.80479 0 -4.16792)
(-6.10187 0 -4.00662)
(-8.28878 0 -3.77598)
(-10.3287 0 -3.48328)
(-12.1892 0 -3.13689)
(-13.8428 0 -2.74572)
(-15.2671 0 -2.31873)
(-16.4444 0 -1.86467)
(-17.362 0 -1.39179)
(-18.0117 0 -0.907698)
(-18.3889 0 -0.419326)
(-18.493 0 0.0670806)
(-18.3265 0 0.545788)
(-17.895 0 1.01125)
(-17.2068 0 1.4583)
(-16.2732 0 1.88202)
(-15.1078 0 2.27766)
(-13.7272 0 2.64058)
(-12.1506 0 2.96621)
(-10.3998 0 3.25016)
(-8.49947 0 3.48838)
(-6.47648 0 3.67725)
(-4.35987 0 3.81378)
(-2.18032 0 3.89571)
(0.0303196 0 3.92161)
(2.23958 0 3.89094)
(4.41499 0 3.80424)
(6.52471 0 3.66294)
(8.53806 0 3.46933)
(10.426 0 3.22638)
(12.1617 0 2.93771)
(13.7206 0 2.60741)
(15.0808 0 2.23987)
(16.223 0 1.8397)
(17.131 0 1.41162)
(17.791 0 0.960476)
(18.1921 0 0.491295)
(18.326 0 0.00941953)
(18.1876 0 -0.479427)
(17.7748 0 -0.969327)
(17.0888 0 -1.4538)
(16.1348 0 -1.92569)
(14.9219 0 -2.37714)
(13.4639 0 -2.79972)
(11.7794 0 -3.18452)
(9.89206 0 -3.52249)
(7.83048 0 -3.80474)
(5.62825 0 -4.02303)
(3.32323 0 -4.17031)
(0.956804 0 -4.24135)
(-1.42736 0 -4.23339)
(-3.78489 0 -4.14676)
(-6.07245 0 -3.98477)
(-8.24929 0 -3.75306)
(-10.2784 0 -3.45896)
(-12.127 0 -3.11089)
(-13.7677 0 -2.7178)
(-15.1777 0 -2.28875)
(-16.3394 0 -1.83255)
(-17.2401 0 -1.35754)
(-17.8714 0 -0.871432)
(-18.2289 0 -0.381241)
(-18.3122 0 0.106675)
(-18.124 0 0.586452)
(-17.67 0 1.05244)
(-16.9591 0 1.49937)
(-16.0027 0 1.92225)
(-14.8151 0 2.31626)
(-13.4133 0 2.6767)
(-11.8169 0 2.99901)
(-10.0485 0 3.27881)
(-8.133 0 3.51213)
(-6.09784 0 3.69546)
(-3.97238 0 3.82593)
(-1.78759 0 3.90145)
(0.424515 0 3.92075)
(2.63142 0 3.8835)
(4.80072 0 3.79043)
(6.90075 0 3.64314)
(8.90113 0 3.44405)
(10.7732 0 3.1963)
(12.4905 0 2.90358)
(14.0291 0 2.57004)
(15.3675 0 2.20012)
(16.487 0 1.79838)
(17.3718 0 1.36953)
(18.0085 0 0.918316)
(18.3867 0 0.449703)
(18.4985 0 -0.0310696)
(18.3389 0 -0.518407)
(17.906 0 -1.00649)
(17.2013 0 -1.48894)
(16.2299 0 -1.9587)
(15.001 0 -2.40798)
(13.5283 0 -2.82845)
(11.8305 0 -3.21128)
(9.93092 0 -3.54747)
(7.85819 0 -3.82821)
(5.64564 0 -4.04529)
(3.33093 0 -4.19172)
(0.955219 0 -4.26228)
(-1.49061 0 -3.21685)
(-3.94333 0 -3.15309)
(-6.323 0 -3.03364)
(-8.58724 0 -2.86232)
(-10.6977 0 -2.64411)
(-12.6206 0 -2.38486)
(-14.3277 0 -2.09087)
(-15.7958 0 -1.76865)
(-17.0072 0 -1.42467)
(-17.9488 0 -1.06521)
(-18.6125 0 -0.696204)
(-18.9942 0 -0.323192)
(-19.0934 0 0.0487098)
(-18.9131 0 0.414726)
(-18.4595 0 0.770157)
(-17.7415 0 1.11067)
(-16.7713 0 1.43226)
(-15.5634 0 1.73122)
(-14.1352 0 2.00409)
(-12.5069 0 2.24765)
(-10.701 0 2.45897)
(-8.74296 0 2.63542)
(-6.66021 0 2.77477)
(-4.48238 0 2.8752)
(-2.24066 0 2.93534)
(0.0326059 0 2.95435)
(2.30448 0 2.93191)
(4.542 0 2.86835)
(6.71284 0 2.76453)
(8.78581 0 2.62181)
(10.7313 0 2.44203)
(12.5218 0 2.22745)
(14.132 0 1.9807)
(15.5392 0 1.70478)
(16.7234 0 1.40292)
(17.6672 0 1.07867)
(18.3561 0 0.735797)
(18.7782 0 0.378407)
(18.9248 0 0.0109493)
(18.7899 0 -0.361756)
(18.3712 0 -0.734832)
(17.6696 0 -1.10303)
(16.69 0 -1.46066)
(15.4415 0 -1.80166)
(13.9379 0 -2.11965)
(12.1983 0 -2.40808)
(10.247 0 -2.66041)
(8.11355 0 -2.87038)
(5.83291 0 -3.03225)
(3.44454 0 -3.1412)
(0.991744 0 -3.19371)
(-1.47968 0 -3.18793)
(-3.92313 0 -3.12407)
(-6.2932 0 -3.00434)
(-8.54725 0 -2.83257)
(-10.6467 0 -2.61378)
(-12.5576 0 -2.35383)
(-14.2515 0 -2.05907)
(-15.7051 0 -1.73606)
(-16.9005 0 -1.39132)
(-17.8248 0 -1.03116)
(-18.4697 0 -0.6616)
(-18.8312 0 -0.288219)
(-18.9091 0 0.0838065)
(-18.7065 0 0.449616)
(-18.2299 0 0.804461)
(-17.4886 0 1.14396)
(-16.4951 0 1.46408)
(-15.2645 0 1.76108)
(-13.8147 0 2.03149)
(-12.1663 0 2.27211)
(-10.3424 0 2.48002)
(-8.36895 0 2.65264)
(-6.27382 0 2.78781)
(-4.087 0 2.88377)
(-1.83996 0 2.93925)
(0.434805 0 2.95349)
(2.70429 0 2.9263)
(4.9356 0 2.8581)
(7.09661 0 2.74984)
(9.1564 0 2.60297)
(11.0858 0 2.41941)
(12.8575 0 2.20147)
(14.447 0 1.95183)
(15.832 0 1.6735)
(16.9929 0 1.36975)
(17.913 0 1.04407)
(18.5781 0 0.700233)
(18.9768 0 0.342309)
(19.1006 0 -0.0253004)
(18.944 0 -0.397852)
(18.5048 0 -0.770528)
(17.784 0 -1.13813)
(16.7865 0 -1.49502)
(15.5216 0 -1.83519)
(14.0031 0 -2.15231)
(12.2499 0 -2.43988)
(10.2861 0 -2.69141)
(8.14141 0 -2.90067)
(5.85032 0 -3.06195)
(3.45216 0 -3.17047)
(0.990003 0 -3.22272)
)
;

boundaryField
{
    top
    {
        type            directionMixed;
        refValue        uniform (0 0 0);
        refGradient     uniform (0 0 0);
        valueFraction   uniform (0 0 0 0 0 1);
        value           nonuniform List<vector> 
102
(
(-1.49061 0 0)
(-3.94333 0 0)
(-6.323 0 0)
(-8.58724 0 0)
(-10.6977 0 0)
(-12.6206 0 0)
(-14.3277 0 0)
(-15.7958 0 0)
(-17.0072 0 0)
(-17.9488 0 0)
(-18.6125 0 0)
(-18.9942 0 0)
(-19.0934 0 0)
(-18.9131 0 0)
(-18.4595 0 0)
(-17.7415 0 0)
(-16.7713 0 0)
(-15.5634 0 0)
(-14.1352 0 0)
(-12.5069 0 0)
(-10.701 0 0)
(-8.74296 0 0)
(-6.66021 0 0)
(-4.48238 0 0)
(-2.24066 0 0)
(0.0326059 0 0)
(2.30448 0 0)
(4.542 0 0)
(6.71284 0 0)
(8.78581 0 0)
(10.7313 0 0)
(12.5218 0 0)
(14.132 0 0)
(15.5392 0 0)
(16.7234 0 0)
(17.6672 0 0)
(18.3561 0 0)
(18.7782 0 0)
(18.9248 0 0)
(18.7899 0 0)
(18.3712 0 0)
(17.6696 0 0)
(16.69 0 0)
(15.4415 0 0)
(13.9379 0 0)
(12.1983 0 0)
(10.247 0 0)
(8.11355 0 0)
(5.83291 0 0)
(3.44454 0 0)
(0.991744 0 0)
(-1.47968 0 0)
(-3.92313 0 0)
(-6.2932 0 0)
(-8.54725 0 0)
(-10.6467 0 0)
(-12.5576 0 0)
(-14.2515 0 0)
(-15.7051 0 0)
(-16.9005 0 0)
(-17.8248 0 0)
(-18.4697 0 0)
(-18.8312 0 0)
(-18.9091 0 0)
(-18.7065 0 0)
(-18.2299 0 0)
(-17.4886 0 0)
(-16.4951 0 0)
(-15.2645 0 0)
(-13.8147 0 0)
(-12.1663 0 0)
(-10.3424 0 0)
(-8.36895 0 0)
(-6.27382 0 0)
(-4.087 0 0)
(-1.83996 0 0)
(0.434805 0 0)
(2.70429 0 0)
(4.9356 0 0)
(7.09661 0 0)
(9.1564 0 0)
(11.0858 0 0)
(12.8575 0 0)
(14.447 0 0)
(15.832 0 0)
(16.9929 0 0)
(17.913 0 0)
(18.5781 0 0)
(18.9768 0 0)
(19.1006 0 0)
(18.944 0 0)
(18.5048 0 0)
(17.784 0 0)
(16.7865 0 0)
(15.5216 0 0)
(14.0031 0 0)
(12.2499 0 0)
(10.2861 0 0)
(8.14141 0 0)
(5.85032 0 0)
(3.45216 0 0)
(0.990003 0 0)
)
;
    }
    bottom
    {
        type            fixedValue;
        value           uniform (0 0 0);
    }
    frontAndBack
    {
        type            empty;
    }
    left_cyc
    {
        type            cyclic;
    }
    right_cyc
    {
        type            cyclic;
    }
}


// ************************************************************************* //
