/*--------------------------------*- C++ -*----------------------------------*\
| =========                 |                                                 |
| \\      /  F ield         | OpenFOAM: The Open Source CFD Toolbox           |
|  \\    /   O peration     | Version:  2.3.0                                 |
|   \\  /    A nd           | Web:      www.OpenFOAM.org                      |
|    \\/     M anipulation  |                                                 |
\*---------------------------------------------------------------------------*/
FoamFile
{
    version     2.0;
    format      ascii;
    class       surfaceScalarField;
    location    "12000";
    object      phi;
}
// * * * * * * * * * * * * * * * * * * * * * * * * * * * * * * * * * * * * * //

dimensions      [0 3 -1 0 0 0 0];

internalField   nonuniform List<scalar> 
356
(
0.308009
0.00245043
0.312943
-0.00493323
0.326977
-0.0140345
0.350016
-0.0230393
0.378111
-0.0280942
0.401173
-0.0230625
0.401998
-0.000825302
0.358531
0.0434678
0.249898
0.108632
0.0713979
0.178501
-0.136318
0.207716
-0.293981
0.157663
0.0858625
0.547028
-0.00570147
0.56193
-0.0198348
0.583926
-0.0360305
0.610947
-0.0500607
0.636711
-0.0538576
0.648726
-0.0350781
0.626976
0.0209247
0.543952
0.126492
0.3722
0.280383
0.104893
0.445809
-0.200989
0.513598
-0.439916
0.39659
0.226525
0.578215
-0.0202698
0.595783
-0.0374028
0.615484
-0.0557311
0.634531
-0.0691075
0.647152
-0.0664791
0.643281
-0.0312069
0.60712
0.0570857
0.516935
0.216677
0.349349
0.447969
0.0976597
0.697498
-0.187256
0.798513
-0.414013
0.623347
0.366875
0.517173
-0.0334076
0.529966
-0.050196
0.540909
-0.0666734
0.547288
-0.0754866
0.544685
-0.0638762
0.526281
-0.0128029
0.482109
0.101257
0.399227
0.299559
0.263698
0.583499
0.0727467
0.888449
-0.139096
1.01036
-0.313985
0.798235
0.484223
0.409216
-0.0401823
0.41321
-0.0541898
0.412878
-0.0663413
0.406146
-0.0687547
0.390281
-0.0480111
0.361693
0.0157853
0.316093
0.146857
0.248895
0.366757
0.156557
0.675837
0.041987
1.00302
-0.0794377
1.13178
-0.188386
0.907184
0.568659
0.266888
-0.0390141
0.261576
-0.0488781
0.251023
-0.0557877
0.234133
-0.051865
0.209909
-0.0237868
0.17772
0.0479744
0.137963
0.186614
0.0928837
0.411836
0.048066
0.720655
0.0113772
1.03971
-0.0199856
1.16314
-0.0605436
0.947741
0.615041
0.100964
-0.0308289
0.088399
-0.0363127
0.0709929
-0.0383817
0.0486138
-0.0294859
0.0217469
0.00308013
-0.00770533
0.0774266
-0.0356702
0.214579
-0.0542912
0.430457
-0.0510562
0.71742
-0.0159762
1.00463
0.0330261
1.11414
0.0571371
0.92363
0.621154
-0.0719344
-0.0182079
-0.0885665
-0.0196807
-0.109165
-0.0177834
-0.133061
-0.00558991
-0.15835
0.0283695
-0.180886
0.0999629
-0.193183
0.226875
-0.182961
0.420235
-0.134176
0.668634
-0.0384432
0.908895
0.0760448
0.999653
0.156744
0.842931
0.587232
-0.233263
-0.00413036
-0.251092
-0.00185172
-0.272241
0.00336595
-0.295186
0.0173542
-0.316463
0.0496468
-0.329693
0.113193
-0.324374
0.221556
-0.285652
0.381514
-0.197434
0.580416
-0.0553085
0.76677
0.107432
0.836913
0.233196
0.717168
0.5169
-0.365258
0.00910147
-0.382139
0.0150296
-0.401841
0.0230678
-0.42199
0.0375031
-0.437756
0.0654123
-0.440808
0.116245
-0.418667
0.199415
-0.355789
0.318636
-0.238263
0.462889
-0.0661403
0.594648
0.126376
0.644396
0.282805
0.560739
0.418046
-0.449443
0.0200858
-0.463538
0.0291255
-0.479689
0.039218
-0.495103
0.0529173
-0.504257
0.0745664
-0.497955
0.109943
-0.463221
0.164681
-0.385299
0.240714
-0.253138
0.330728
-0.0701391
0.411649
0.131667
0.44259
0.300889
0.391517
0.30348
-0.466517
0.0278474
-0.475636
0.0382448
-0.485284
0.0488655
-0.493119
0.060753
-0.494294
0.0757415
-0.480609
0.0962579
-0.440585
0.124657
-0.36159
0.161719
-0.235075
0.204213
-0.0654157
0.24199
0.120392
0.256782
0.279015
0.232894
-0.410428
0.0304887
-0.411092
0.0389087
-0.409586
0.0473592
-0.40491
0.0560772
-0.394475
0.0653057
-0.373455
0.0752386
-0.334729
0.0859309
-0.270147
0.0971367
-0.173969
0.108035
-0.0488144
0.116835
0.0877928
0.120175
0.114835
-0.355552
0.0187393
-0.339462
0.0228184
-0.319063
0.02696
-0.294222
0.031236
-0.264604
0.035688
-0.22965
0.0402853
-0.188601
0.0448814
-0.140637
0.0491732
-0.0853018
0.0526999
-0.0234186
0.0549514
0.0411809
0.0555751
0.0544779
-0.343337
-0.32602
-0.304302
-0.277991
-0.246844
-0.210639
-0.169296
-0.12305
-0.072659
-0.0195127
0.0344233
)
;

boundaryField
{
    top
    {
        type            calculated;
        value           nonuniform List<scalar> 
12
(
0.00569613
0.00550118
0.00524276
0.00492465
0.00454071
0.00408044
0.00353814
0.00292795
0.0023084
0.00180514
0.00163912
0.0019243
)
;
    }
    bottom
    {
        type            calculated;
        value           uniform 0;
    }
    frontAndBack
    {
        type            empty;
        value           nonuniform 0();
    }
    left_cyc
    {
        type            cyclic;
        value           nonuniform 0();
    }
    right_cyc
    {
        type            cyclic;
        value           nonuniform 0();
    }
    procBoundary0to1
    {
        type            processor;
        value           nonuniform List<scalar> 
16
(
-0.379844
-0.580578
-0.554363
-0.431333
-0.272822
-0.106926
0.0510239
0.190666
0.303527
0.381659
0.415456
0.39078
0.191715
0.205852
0.101538
0.0869769
)
;
    }
    procBoundary0to3throughleft_cyc
    {
        type            processorCyclic;
        value           nonuniform List<scalar> 
15
(
-0.31046
-0.538876
-0.563647
-0.504035
-0.402441
-0.268056
-0.10915
0.0593134
0.219186
0.352026
0.438458
0.458755
0.407787
0.367302
0.35638
)
;
    }
}


// ************************************************************************* //
