/*--------------------------------*- C++ -*----------------------------------*\
| =========                 |                                                 |
| \\      /  F ield         | OpenFOAM: The Open Source CFD Toolbox           |
|  \\    /   O peration     | Version:  2.3.0                                 |
|   \\  /    A nd           | Web:      www.OpenFOAM.org                      |
|    \\/     M anipulation  |                                                 |
\*---------------------------------------------------------------------------*/
FoamFile
{
    version     2.0;
    format      ascii;
    class       surfaceScalarField;
    location    "3000";
    object      phi;
}
// * * * * * * * * * * * * * * * * * * * * * * * * * * * * * * * * * * * * * //

dimensions      [0 3 -1 0 0 0 0];

internalField   nonuniform List<scalar> 
354
(
0.518205
0.0174407
0.480211
0.0379936
0.442462
0.037749
0.41093
0.0315325
0.385568
0.0253612
0.364916
0.020653
0.347794
0.0171217
0.333737
0.0140566
0.323043
0.0106939
0.316805
0.00623822
0.316962
-0.000156409
-0.00860638
0.430899
-0.048356
0.477596
-0.00870337
0.508161
0.00718411
0.526442
0.0132515
0.536003
0.0158006
0.539908
0.0167482
0.540767
0.0162629
0.540937
0.0138867
0.542718
0.00891302
0.548413
0.000543179
0.560005
-0.0117489
-0.0273278
0.296047
-0.108317
0.362065
-0.0747213
0.419552
-0.0503027
0.463557
-0.0307539
0.494897
-0.0155394
0.516692
-0.00504687
0.532483
0.000472182
0.545436
0.000933781
0.558137
-0.00378821
0.572507
-0.0138267
0.589544
-0.0287854
-0.0471179
0.228367
-0.160655
0.290322
-0.136676
0.346688
-0.106669
0.391351
-0.0754164
0.424424
-0.0486128
0.448638
-0.0292612
0.467198
-0.0180875
0.48279
-0.0146585
0.497257
-0.0182547
0.511515
-0.0280851
0.525644
-0.042914
-0.0603422
0.134759
-0.222225
0.183575
-0.209471
0.236345
-0.189446
0.282165
-0.152489
0.317584
-0.110836
0.34349
-0.0745183
0.362446
-0.0482168
0.376986
-0.0326278
0.388908
-0.0265804
0.399105
-0.0284517
0.407644
-0.0366239
0.413937
-0.0492068
-0.0632525
0.0948985
-0.250191
0.135409
-0.249982
0.173747
-0.227783
0.204339
-0.183081
0.226397
-0.132894
0.241618
-0.0897397
0.252235
-0.0588341
0.259918
-0.0403105
0.265468
-0.0321301
0.268893
-0.0318772
0.269641
-0.0373715
0.266847
-0.0464132
-0.0559098
0.0475252
-0.266341
0.0704908
-0.272948
0.0897831
-0.247076
0.103281
-0.196579
0.111411
-0.141023
0.115749
-0.0940774
0.117751
-0.0608364
0.118158
-0.0407171
0.116933
-0.0309059
0.113473
-0.0284172
0.106928
-0.030826
0.0964963
-0.0359817
-0.0409916
-0.0113935
-0.26346
-0.0125598
-0.271781
-0.0150107
-0.244625
-0.0185267
-0.193063
-0.0227988
-0.136751
-0.0274454
-0.0894308
-0.0322893
-0.0559924
-0.0375564
-0.0354501
-0.0439081
-0.0245541
-0.0523095
-0.0200159
-0.0637136
-0.0194219
-0.0787754
-0.0209199
-0.0220126
-0.0768397
-0.237846
-0.104598
-0.244023
-0.129102
-0.220121
-0.148365
-0.1738
-0.162915
-0.122201
-0.174061
-0.0782851
-0.183125
-0.0469285
-0.191308
-0.0272664
-0.199836
-0.0160267
-0.210042
-0.0098096
-0.223094
-0.00637023
-0.239667
-0.00434691
-0.00183047
-0.133697
-0.192957
-0.186453
-0.191267
-0.231097
-0.175477
-0.264234
-0.140663
-0.287438
-0.0989971
-0.30335
-0.0623733
-0.314574
-0.035704
-0.323265
-0.0185751
-0.331298
-0.00799377
-0.34058
-0.000527994
-0.352689
0.0057384
-0.368407
0.0113713
0.0174068
-0.170853
-0.14402
-0.237197
-0.124923
-0.295552
-0.117122
-0.338875
-0.0973401
-0.368923
-0.0689487
-0.38859
-0.0427065
-0.401164
-0.0231299
-0.40955
-0.0101887
-0.416178
-0.00136652
-0.423475
0.00676877
-0.43331
0.0155735
-0.446434
0.0244957
0.0335504
-0.198938
-0.106851
-0.248923
-0.074938
-0.30239
-0.0636553
-0.347823
-0.0519068
-0.381403
-0.0353686
-0.403479
-0.0206304
-0.417156
-0.00945311
-0.425859
-0.00148614
-0.432212
0.00498702
-0.438304
0.0128602
-0.445555
0.0228247
-0.454412
0.0333531
0.0437598
-0.237381
-0.0757902
-0.262963
-0.0493557
-0.293581
-0.0330371
-0.32339
-0.0220983
-0.344694
-0.014064
-0.357919
-0.00740599
-0.366042
-0.00132964
-0.371943
0.00441478
-0.377378
0.0104219
-0.382301
0.0177834
-0.385884
0.026407
-0.387649
0.035118
0.0436041
-0.272353
-0.0421713
-0.296495
-0.0252142
-0.31581
-0.0137223
-0.330962
-0.00694577
-0.342212
-0.00281458
-0.349968
0.000350149
-0.3546
0.00330228
-0.356385
0.00620031
-0.355081
0.00911764
-0.349738
0.0124408
-0.33972
0.0163891
-0.325143
0.0205408
0.0246897
-0.29638
-0.317932
-0.33146
-0.340505
-0.346783
-0.350706
-0.352136
-0.350874
-0.346709
-0.339143
-0.327542
-0.311659
)
;

boundaryField
{
    top
    {
        type            calculated;
        value           nonuniform List<scalar> 
13
(
-0.00802971
-0.00366218
-0.00019362
0.00209848
0.00346337
0.00427375
0.00473238
0.00493812
0.00495286
0.00487423
0.0047889
0.00465691
0.00446696
)
;
    }
    bottom
    {
        type            calculated;
        value           uniform 0;
    }
    frontAndBack
    {
        type            empty;
        value           nonuniform 0();
    }
    left_cyc
    {
        type            cyclic;
        value           nonuniform 0();
    }
    right_cyc
    {
        type            cyclic;
        value           nonuniform 0();
    }
    procBoundary3to0throughright_cyc
    {
        type            processorCyclic;
        value           nonuniform List<scalar> 
15
(
0.325568
0.578727
0.609334
0.538868
0.416847
0.259504
0.081578
-0.0977545
-0.259849
-0.387644
-0.462578
-0.464622
-0.387493
-0.306229
-0.291436
)
;
    }
    procBoundary3to2
    {
        type            processor;
        value           nonuniform List<scalar> 
16
(
-0.535645
-0.365103
-0.236086
-0.176029
0.190219
-0.102753
-0.0669326
-0.0313752
0.00851265
0.0512254
0.0888079
0.121916
0.161769
0.20632
0.238734
0.262238
)
;
    }
}


// ************************************************************************* //
