/*--------------------------------*- C++ -*----------------------------------*\
| =========                 |                                                 |
| \\      /  F ield         | OpenFOAM: The Open Source CFD Toolbox           |
|  \\    /   O peration     | Version:  2.3.0                                 |
|   \\  /    A nd           | Web:      www.OpenFOAM.org                      |
|    \\/     M anipulation  |                                                 |
\*---------------------------------------------------------------------------*/
FoamFile
{
    version     2.0;
    format      ascii;
    class       volScalarField;
    location    "15000";
    object      T;
}
// * * * * * * * * * * * * * * * * * * * * * * * * * * * * * * * * * * * * * //

dimensions      [0 0 0 1 0 0 0];

internalField   nonuniform List<scalar> 
3060
(
34.1809
34.1921
34.2127
34.2421
34.28
34.3259
34.3794
34.4402
34.5081
34.5831
34.6653
34.7547
34.8512
34.9526
35.0567
35.1634
35.2727
35.3836
35.4944
35.6024
35.7045
35.797
35.8759
35.9368
35.9754
35.9879
35.9728
35.9319
35.8691
35.7886
35.6949
35.5919
35.4833
35.3722
35.2611
35.1517
35.0449
34.9406
34.8391
34.7431
34.6542
34.5728
34.4987
34.4318
34.3722
34.3201
34.2758
34.2397
34.2123
34.194
34.1853
34.1867
34.198
34.2188
34.2485
34.2868
34.3332
34.3874
34.4489
34.5177
34.5938
34.6772
34.7679
34.8657
34.968
35.0729
35.1805
35.2905
35.4018
35.5126
35.62
35.7209
35.8115
35.8877
35.9451
35.9794
35.9872
35.9675
35.9226
35.8565
35.7735
35.6781
35.574
35.465
35.354
35.2434
35.1348
35.0288
34.9254
34.8249
34.7302
34.6426
34.5623
34.4892
34.4232
34.3644
34.3129
34.2691
34.2334
34.2063
34.1882
34.1796
29.6782
29.7094
29.7668
29.8491
29.955
30.0835
30.2337
30.4051
30.5975
30.8111
31.0462
31.3033
31.5823
31.8827
32.1954
32.5156
32.8435
33.1762
33.5082
33.8316
34.1374
34.4149
34.6522
34.8361
34.9532
34.9917
34.9454
34.8213
34.6316
34.3896
34.1086
33.8002
33.475
33.1419
32.8086
32.4805
32.1601
31.8465
31.5475
31.2702
31.0152
30.7825
30.5717
30.3823
30.2144
30.0682
29.9442
29.8434
29.7669
29.7158
29.6915
29.6953
29.7269
29.7848
29.868
29.975
30.105
30.257
30.4307
30.6257
30.8424
31.081
31.3418
31.6249
31.9292
32.2441
32.5668
32.8968
33.2308
33.5626
33.8843
34.1865
34.4584
34.6878
34.8613
34.9657
34.9897
34.9293
34.7931
34.5936
34.3443
34.0581
33.7467
33.4202
33.0874
32.7555
32.4296
32.1119
31.8006
31.5058
31.2325
30.9813
30.752
30.5441
30.3573
30.1915
30.047
29.9244
29.8247
29.749
29.6985
29.6744
25.4856
25.5345
25.6243
25.7531
25.919
26.1206
26.3568
26.6266
26.93
27.2669
27.6379
28.0433
28.4833
28.9572
29.4621
29.984
30.5213
31.0678
31.6134
32.1447
32.6472
33.1041
33.4961
33.8014
33.997
34.0617
33.9839
33.7768
33.4621
33.0626
32.6
32.0932
31.5589
31.0116
30.4643
29.927
29.4055
28.9011
28.4294
27.9922
27.5901
27.223
26.8904
26.592
26.3278
26.098
25.9035
25.7455
25.6257
25.5457
25.5077
25.5136
25.5631
25.6538
25.784
25.9518
26.1558
26.3949
26.6682
26.9757
27.3175
27.6938
28.1051
28.5514
29.0313
29.5413
30.068
30.609
31.1576
31.7029
32.2315
32.7282
33.176
33.5551
33.8434
34.0179
34.0583
33.9569
33.7298
33.3991
32.9878
32.5169
32.0052
31.4687
30.9217
30.3768
29.8434
29.3266
28.828
28.3627
27.9317
27.5355
27.1736
26.8457
26.5512
26.2903
26.0634
25.8711
25.7149
25.5964
25.5173
25.4797
21.7525
21.8167
21.9344
22.1033
22.321
22.5855
22.8952
23.2492
23.6469
24.0883
24.5738
25.1039
25.679
26.2986
26.9609
27.6557
28.3784
29.1187
29.8609
30.5854
31.2711
31.895
32.4314
32.8509
33.121
33.2108
33.1029
32.8172
32.385
31.8386
31.2069
30.5154
29.787
29.0427
28.3018
27.5799
26.8864
26.2263
25.6098
25.0385
24.5129
24.0324
23.5968
23.2055
22.8589
22.5574
22.3023
22.0951
21.9378
21.833
21.783
21.7909
21.8557
21.9748
22.1455
22.3657
22.6333
22.9469
23.3055
23.7085
24.1561
24.6485
25.1863
25.7694
26.3972
27.0672
27.7692
28.4976
29.2412
29.9834
30.7042
31.3821
31.9936
32.5126
32.9089
33.1501
33.2061
33.0655
32.7523
32.2985
31.7361
31.0933
30.3951
29.6638
28.9203
28.1833
27.467
26.7797
26.129
25.5211
24.958
24.4398
23.9661
23.5364
23.1503
22.8081
22.5103
22.2581
22.0533
21.8978
21.7941
21.7447
18.5712
18.6484
18.7899
18.9927
19.2538
19.5707
19.9413
20.3642
20.8384
21.3638
21.9408
22.5701
23.2524
23.9879
24.7748
25.6092
26.4836
27.3849
28.2941
29.187
30.0349
30.807
31.4712
31.9916
32.3276
32.4398
32.3052
31.9499
31.414
30.7375
29.9558
29.101
28.2039
27.2926
26.3914
25.5186
24.687
23.9033
23.1719
22.4942
21.8702
21.2992
20.7805
20.3138
19.8996
19.5388
19.2329
18.9843
18.7955
18.6694
18.6094
18.6188
18.6967
18.8398
19.0448
19.309
19.6297
20.0049
20.4332
20.9137
21.4463
22.0314
22.6697
23.3617
24.1071
24.9039
25.7476
26.6294
27.5354
28.4455
29.3343
30.1726
30.9294
31.5721
32.0639
32.364
32.4339
32.2585
31.8692
31.3066
30.6103
29.8149
28.952
28.0521
27.1428
26.247
25.3824
24.5602
23.7865
23.065
22.3968
21.7816
21.2184
20.7067
20.2461
19.8371
19.4807
19.1784
18.9326
18.7459
18.6213
18.5619
15.9684
16.0567
16.2186
16.4502
16.7478
17.1082
17.5284
18.0064
18.5407
19.1309
19.7775
20.4815
21.2443
22.0667
22.9481
23.8889
24.8799
25.9063
26.9471
27.9745
28.9551
29.8508
30.6215
31.2247
31.6143
31.7445
31.5884
31.1767
30.5555
29.7705
28.8639
27.876
26.8442
25.8018
24.776
23.7874
22.8502
21.9734
21.1559
20.3985
19.7003
19.0601
18.4771
17.951
17.4825
17.0731
16.7251
16.4415
16.2258
16.0816
16.0129
16.0236
16.1129
16.2765
16.5107
16.8117
17.1763
17.6017
18.0857
18.627
19.2252
19.8808
20.5948
21.3683
22.2022
23.0952
24.0469
25.0469
26.0793
27.1217
28.1452
29.1152
29.9933
30.7388
31.3088
31.6566
31.7377
31.5341
31.0828
30.4306
29.6224
28.7002
27.7035
26.6694
25.63
24.6113
23.6328
22.7078
21.8413
21.0347
20.2877
19.5992
18.9677
18.3924
17.8731
17.4104
17.0059
16.662
16.3816
16.1683
16.0257
15.9577
13.9134
14.0118
14.192
14.4494
14.7792
15.1769
15.6387
16.1613
16.7428
17.3823
18.0802
18.8378
19.6575
20.5411
21.4898
22.5063
23.5807
24.6973
25.8337
26.9602
28.0396
29.0289
29.881
30.5467
30.9752
31.118
30.9469
30.494
29.8083
28.9405
27.9396
26.8526
25.722
24.5844
23.469
22.3976
21.3854
20.4422
19.5639
18.7499
17.9981
17.3067
16.6745
16.1014
15.5886
15.1383
14.7539
14.4395
14.1997
14.0391
13.9625
13.9745
14.0739
14.2561
14.5163
14.8498
15.2521
15.7193
16.2484
16.8374
17.4853
18.1928
18.9611
19.7924
20.6885
21.6502
22.6789
23.7635
24.8871
26.0258
27.1485
28.2169
29.1869
30.011
30.6395
31.0218
31.1105
30.8871
30.3903
29.67
28.7764
27.7585
26.6625
25.53
24.3962
23.2889
22.2287
21.2294
20.2984
19.4321
18.6293
17.8878
17.2057
16.5817
16.0158
15.5092
15.0642
14.6842
14.3733
14.1361
13.9772
13.9015
12.3364
12.4448
12.6432
12.9256
13.2861
13.7187
14.2178
14.7792
15.3996
16.0776
16.8134
17.6086
18.4663
19.39
20.3828
21.448
22.5758
23.7506
24.9492
26.1405
27.2851
28.3365
29.2427
29.9492
30.4018
30.5517
30.3721
29.8935
29.1657
28.2429
27.1796
26.0273
24.8321
23.6326
22.4595
21.335
20.2746
19.2877
18.3695
17.5171
16.7274
15.9977
15.3265
14.7143
14.1627
13.6753
13.2568
12.9129
12.6495
12.4727
12.3883
12.4015
12.5111
12.7115
12.997
13.3614
13.7988
14.3037
14.8717
15.4999
16.1866
16.9322
17.7385
18.6084
19.5453
20.5519
21.6302
22.7691
23.9515
25.153
26.3407
27.474
28.505
29.3811
30.0476
30.4508
30.5438
30.3089
29.7834
29.0183
28.068
26.9868
25.8254
24.6285
23.4334
22.269
21.1564
20.1092
19.1359
18.2305
17.39
16.611
15.8908
15.2281
14.6233
14.0782
13.5963
13.1824
12.8422
12.5816
12.4067
12.3233
11.1489
11.2681
11.4858
11.7949
12.1876
12.6559
13.1924
13.7908
14.4467
15.1575
15.9229
16.7449
17.6272
18.5747
19.5926
20.6839
21.8395
23.0443
24.2751
25.5003
26.679
27.7625
28.6959
29.4217
29.8843
30.0364
29.8541
29.3647
28.6168
27.6663
26.5706
25.3843
24.1553
22.9239
21.721
20.569
19.4825
18.4702
17.5278
16.6502
15.8329
15.0725
14.3678
13.7194
13.1304
12.6058
12.1522
11.7772
11.4887
11.2947
11.202
11.2165
11.3368
11.5567
11.869
12.2658
12.739
13.2814
13.8867
14.5503
15.27
16.0453
16.8785
17.7731
18.7341
19.7664
20.8712
22.0383
23.2512
24.4852
25.7069
26.874
27.9363
28.8384
29.5226
29.9342
30.0284
29.7897
29.2517
28.4648
27.4857
26.3716
25.176
23.9455
22.7187
21.525
20.385
19.3122
18.3142
17.3849
16.5193
15.7128
14.9621
14.2659
13.6251
13.0426
12.5237
12.0749
11.7038
11.4183
11.2263
11.1345
10.2605
10.3917
10.6313
10.9703
11.3987
11.9063
12.4832
13.1207
13.8126
14.5548
15.3464
16.1891
17.0873
18.0472
19.0758
20.175
21.3372
22.5481
23.7855
25.0174
26.2027
27.2916
28.2281
28.954
29.4142
29.5644
29.3842
28.8972
28.1489
27.1951
26.094
24.901
23.6654
22.4275
21.2183
20.0595
18.9647
17.9412
16.9854
16.0907
15.2513
14.4635
13.7261
13.0408
12.4121
11.8471
11.3547
10.9451
10.6286
10.4151
10.3131
10.329
10.4615
10.7033
11.0456
11.4783
11.991
12.5738
13.2182
13.9178
14.6688
15.4702
16.324
17.2345
18.2078
19.2508
20.3635
21.5373
22.7564
23.997
25.2255
26.3989
27.4663
28.3709
29.0546
29.4636
29.5566
29.3203
28.7842
27.9965
27.0136
25.8936
24.6912
23.454
22.2209
21.0209
19.8742
18.7931
17.7838
16.8412
15.9585
15.1298
14.3515
13.6225
12.9447
12.3227
11.7635
11.276
10.8704
10.5571
10.3457
10.2446
9.58937
9.73433
9.99869
10.3717
10.841
11.3931
12.0154
12.6965
13.4276
14.2032
15.021
15.8824
16.7921
17.757
18.7856
19.879
21.031
22.2289
23.4514
24.6674
25.836
26.9078
27.8272
28.5371
28.9849
29.1301
28.9557
28.4816
27.7495
26.8128
25.7288
24.5525
23.3327
22.1095
20.913
19.7638
18.674
17.6493
16.6871
15.7793
14.9195
14.1037
13.3314
12.6056
11.9327
11.3222
10.7858
10.3369
9.98844
9.75284
9.64019
9.65778
9.80402
10.0708
10.4473
10.9208
11.4782
12.1065
12.7943
13.5331
14.3172
15.1445
16.0167
16.9384
17.9164
18.9589
20.0654
21.2287
22.4346
23.6601
24.8725
26.0292
27.0795
27.967
28.6352
29.0327
29.1225
28.8937
28.3714
27.6001
26.6343
25.5314
24.3455
23.124
21.9053
20.7178
19.5804
18.5039
17.4931
16.5437
15.6475
14.7981
13.9916
13.2276
12.5091
11.8428
11.2381
10.7068
10.262
9.91687
9.68346
9.57189
9.06795
9.22831
9.52063
9.93209
10.4473
11.0498
11.7234
12.4536
13.2291
14.0418
14.8884
15.7693
16.689
17.6551
18.6764
19.7538
20.883
22.053
23.2438
24.4256
25.5589
26.5956
27.4819
28.1635
28.5912
28.7292
28.5633
28.11
27.4068
26.5035
25.4547
24.3136
23.1278
21.9359
20.7666
19.6392
18.564
17.5449
16.5798
15.6601
14.7788
13.9323
13.121
12.3496
11.6267
10.9647
10.3788
9.88543
9.50102
9.24055
9.11602
9.13543
9.29714
9.59195
10.007
10.5267
11.1344
11.814
12.551
13.3338
14.1548
15.0105
15.9016
16.8327
17.8113
18.8457
19.9355
21.0754
22.2529
23.4464
24.6243
25.7456
26.7609
27.6161
28.2571
28.6367
28.722
28.5043
28.0046
27.2632
26.3313
25.2637
24.113
22.9252
21.7373
20.5765
19.4603
18.3977
17.3917
16.4388
15.5301
14.6587
13.8211
13.0178
12.2536
11.5372
10.8811
10.3003
9.81125
9.43021
9.17204
9.04864
8.6437
8.82096
9.144
9.59777
10.1638
10.822
11.5525
12.3376
13.1626
14.0173
14.8964
15.7992
16.7297
17.6956
18.7049
19.7596
20.8573
21.9885
23.135
24.2688
25.3524
26.3402
27.1816
27.8258
28.2283
28.3575
28.2019
27.7751
27.1099
26.252
25.2521
24.1607
23.0225
21.8742
20.7428
19.6456
18.5914
17.5819
16.6152
15.6824
14.777
13.8959
13.0407
12.2182
11.4397
10.7208
10.08
9.53762
9.1136
8.82582
8.68828
8.70969
8.88834
9.21397
9.67141
10.242
10.9056
11.6421
12.4338
13.266
14.1285
15.0162
15.9285
16.8697
17.8472
18.8684
19.9346
21.042
22.18
23.3286
24.4582
25.5299
26.4968
27.3082
27.9138
28.2708
28.3508
28.1467
27.6759
26.9743
26.0887
25.0705
23.9693
22.8287
21.6838
20.5601
19.4732
18.4305
17.433
16.4776
15.5552
14.659
13.7862
12.9387
12.1232
11.3512
10.6381
10.0026
9.46466
9.04414
8.75876
8.6224
8.27772
8.47298
8.82883
9.32783
9.94827
10.6663
11.4583
12.3029
13.1822
14.0834
14.999
15.927
16.8703
17.836
18.8312
19.8594
20.92
22.0055
23.0989
24.1747
25.1982
26.1273
26.9155
27.5167
27.8906
28.0102
27.8658
27.4689
26.8479
26.0436
25.1025
24.071
22.9902
21.8941
20.8073
19.7457
18.716
17.7184
16.7493
15.8013
14.8683
13.9483
13.0447
12.1665
11.3277
10.5474
9.84778
9.25296
8.78659
8.46967
8.31828
8.34181
8.53851
8.89705
9.39985
10.025
10.7485
11.5465
12.3975
13.2837
14.1923
15.116
16.0526
17.0055
17.9818
18.9876
20.0261
21.0954
22.1867
23.2814
24.3526
25.3643
26.2734
27.0333
27.598
27.9298
28.004
27.8148
27.3771
26.7216
25.8911
24.9323
23.8909
22.8073
21.7137
20.6337
19.5812
18.5618
17.5746
16.616
15.6774
14.7529
13.8408
12.9445
12.073
11.2406
10.4662
9.77186
9.1816
8.71887
8.40445
8.2543
7.94211
8.15602
8.54586
9.09171
9.7685
10.5487
11.4048
12.3117
13.2486
14.1998
15.1558
16.1121
17.0705
18.0372
19.0181
20.0184
21.0391
22.0754
23.1105
24.1214
25.0777
25.9414
26.6713
27.2262
27.5709
27.6811
27.5478
27.1815
26.6078
25.8626
24.987
24.0224
23.0057
21.9667
20.9278
19.9043
18.9005
17.9148
16.9421
15.9763
15.0124
14.0498
13.0944
12.1572
11.2554
10.4111
9.65047
9.00134
8.49114
8.14403
7.97829
8.00401
8.21941
8.61205
9.16181
9.84341
10.6291
11.4911
12.4044
13.348
14.3062
15.2695
16.2336
17.2006
18.1763
19.1665
20.1756
21.2038
22.245
23.2803
24.2863
25.231
26.0758
26.7792
27.3007
27.6068
27.6754
27.5011
27.0974
26.492
25.7222
24.8297
23.8554
22.8353
21.7976
20.7645
19.7489
18.754
17.7774
16.8137
15.8563
14.9
13.9447
12.9961
12.0655
11.1699
10.3316
9.57632
8.93188
8.42544
8.08094
7.91649
7.61729
7.85004
8.27402
8.86673
9.59978
10.442
11.3622
12.3321
13.3275
14.3306
15.3297
16.317
17.2931
18.2623
19.2301
20.2028
21.1826
22.1654
23.1388
24.0827
24.9698
25.767
26.4379
26.9466
27.2622
27.363
27.2406
26.9049
26.3785
25.6929
24.884
23.9881
23.0378
22.0594
21.0722
20.0878
19.1094
18.1343
17.1562
16.1702
15.1729
14.1649
13.156
12.1591
11.1938
10.2856
9.464
8.76066
8.20657
7.82908
7.64884
7.67678
7.91108
8.33795
8.93469
9.67265
10.5204
11.4466
12.4227
13.4245
14.4344
15.44
16.4342
17.4175
18.3943
19.3699
20.3499
21.3357
22.3221
23.2951
24.2338
25.1098
25.8893
26.5359
27.0142
27.2947
27.3578
27.1983
26.8286
26.2733
25.565
24.7403
23.8349
22.8807
21.903
20.9201
19.9421
18.9711
18.0037
17.033
16.0542
15.0635
14.0623
13.0599
12.0693
11.1102
10.2079
9.39185
8.69332
8.14311
7.76835
7.58946
7.28959
7.54098
7.9982
8.63601
9.42285
10.3242
11.3057
12.336
13.3881
14.4414
15.4815
16.5001
17.4951
18.4685
19.4256
20.3732
21.3144
22.2466
23.1602
24.0384
24.8578
25.5899
26.2033
26.667
26.9544
27.0461
26.9343
26.6282
26.1477
25.5201
24.7765
23.9479
23.0624
22.1425
21.2042
20.2563
19.3008
18.3339
17.3489
16.3416
15.3109
14.2602
13.1995
12.1449
11.1188
10.1495
9.26983
8.51459
7.91814
7.51098
7.31627
7.34647
7.59947
8.05967
8.70162
9.49346
10.4004
11.3879
12.4242
13.4825
14.5419
15.588
16.6126
17.6137
18.5933
19.5566
20.5099
21.4557
22.3903
23.3028
24.1756
24.9844
25.7002
26.2914
26.7278
26.9836
27.0414
26.8962
26.5595
26.0529
25.4047
24.6463
23.8085
22.9188
21.9988
21.0635
20.1205
19.1709
18.2103
17.2313
16.23
15.2052
14.1605
13.1059
12.0574
11.0373
10.074
9.19989
8.44957
7.85713
7.45279
7.2595
6.94861
7.21744
7.70503
8.38342
9.21818
10.1721
11.2082
12.2926
13.3963
14.4964
15.5763
16.6258
17.6406
18.6203
19.57
20.4965
21.4036
22.2901
23.1485
23.9653
24.721
25.3917
25.9508
26.3722
26.6329
26.716
26.6141
26.3359
25.8986
25.3258
24.6435
23.8781
23.053
22.1869
21.2926
20.3769
19.4402
18.4785
17.4848
16.4555
15.392
14.3001
13.1915
12.0846
11.0041
9.98058
9.04927
8.2477
7.61303
7.17862
6.97028
7.00265
7.27314
7.76378
8.44637
9.28621
10.2457
11.2878
12.3782
13.4878
14.5935
15.6789
16.7337
17.7535
18.7379
19.6923
20.6232
21.5335
22.4211
23.2778
24.0891
24.8347
25.4904
26.0295
26.4264
26.659
26.7118
26.5801
26.2746
25.814
25.2224
24.5265
23.7522
22.9226
22.0555
21.163
20.2508
19.3186
18.3617
17.3726
16.3483
15.29
14.2035
13.1007
11.9996
10.9251
9.90755
8.98186
8.1853
7.55473
7.12321
6.91634
6.58615
6.86974
7.38263
8.09441
8.96836
9.96517
11.0461
12.1758
13.3233
14.4642
15.5801
16.6586
17.6931
18.6809
19.6267
20.537
21.4159
22.263
23.0729
23.8348
24.533
25.1479
25.6575
26.0402
26.2764
26.3515
26.2588
26.006
25.6083
25.0852
24.4585
23.75
22.9787
22.1597
21.3032
20.4138
19.4912
18.5314
17.5275
16.4768
15.383
14.2541
13.104
11.9529
10.8272
9.75915
8.78569
7.94622
7.28002
6.82283
6.60291
6.63715
6.92242
7.43839
8.15442
9.03349
10.036
11.1229
12.2584
13.4117
14.5579
15.6787
16.7618
17.8004
18.7917
19.7409
20.6543
21.535
22.3822
23.1896
23.9459
24.6345
25.2357
25.7274
26.0883
26.2996
26.3478
26.2286
25.9516
25.533
24.993
24.3538
23.6367
22.8606
22.0399
21.184
20.2968
19.3774
18.4211
17.4207
16.3741
15.2847
14.1608
13.0162
11.8708
10.751
9.68895
8.72114
7.88673
7.22468
6.77043
6.552
6.19637
6.49082
7.02189
7.75727
8.65867
9.68558
10.7984
11.9608
13.1411
14.3137
15.4586
16.5617
17.6141
18.6105
19.5554
20.4545
21.3114
22.1264
22.8955
23.6104
24.2589
24.825
25.2913
25.6397
25.8542
25.9223
25.8376
25.6072
25.2442
24.7647
24.1866
23.5271
22.8016
22.0221
21.1961
20.3269
19.4139
18.4533
17.4392
16.3694
15.2502
14.0917
12.9098
11.7259
10.5676
9.46815
8.46518
7.59914
6.9106
6.43696
6.20847
6.24412
6.54024
7.0744
7.81403
8.72056
9.75313
10.8718
12.0401
13.226
14.4037
15.5532
16.6603
17.716
18.7149
19.6621
20.5631
21.4207
22.2348
23.0009
23.71
24.3494
24.903
25.3531
25.6822
25.8747
25.9189
25.8108
25.5591
25.1776
24.6829
24.093
23.4254
22.6949
21.9128
21.0864
20.2183
19.3073
18.349
17.3375
16.271
15.1558
14.002
12.8253
11.647
10.4947
9.40113
8.40383
7.54286
6.85849
6.3878
6.16081
5.77516
6.07542
6.61563
7.36227
8.27638
9.3172
10.4452
11.6241
12.8222
14.0133
15.1767
16.2966
17.362
18.3655
19.3109
20.2025
21.043
21.8329
22.5692
23.2457
23.8528
24.378
24.8075
25.1268
25.3228
25.3847
25.3068
25.0956
24.762
24.3193
23.7817
23.1628
22.4748
21.7267
20.9243
20.0701
19.1633
18.2011
17.1789
16.0955
14.9593
13.7825
12.5823
11.381
10.2066
9.09235
8.07582
7.19745
6.49815
6.01613
5.78298
5.81943
6.12134
6.6646
7.41546
8.33465
9.38109
10.5149
11.6996
12.9032
14.0993
15.267
16.3904
17.4586
18.4639
19.4107
20.3031
21.1435
21.9317
22.6645
23.3351
23.9335
24.4472
24.8622
25.1643
25.3409
25.3817
25.2832
25.0531
24.703
24.2465
23.6981
23.0713
22.378
21.6268
20.8232
19.9691
19.0633
18.1025
17.0821
16.0015
14.8689
13.6966
12.5015
11.3058
10.1373
9.02894
8.01804
7.14471
6.44955
5.97045
5.7388
5.31965
5.61965
6.15817
6.90135
7.8105
8.84566
9.96836
11.1434
12.3399
13.5319
14.6984
15.8227
16.8924
17.8979
18.842
19.7271
20.5548
21.325
22.0356
22.6814
23.2551
23.7471
24.1465
24.4419
24.6225
24.6793
24.607
24.4115
24.102
23.6893
23.1844
22.5982
21.9399
21.2165
20.4326
19.5902
18.6891
17.7276
16.7031
15.6157
14.4755
13.2963
12.0959
10.897
9.72697
8.61828
7.6074
6.73374
6.03752
5.55679
5.32371
5.36021
5.66181
6.20332
6.95061
7.86473
8.90543
10.0339
11.2146
12.4165
13.6134
14.784
15.9116
16.9836
17.9905
18.9354
19.8207
20.6475
21.4155
22.122
22.7619
23.3274
23.8087
24.195
24.4751
24.6385
24.6767
24.5861
24.3738
24.0496
23.6243
23.1094
22.5156
21.8518
21.1249
20.3391
19.496
18.5951
17.6345
16.6114
15.5264
14.3896
13.2147
12.0194
10.826
9.66182
8.55896
7.55362
6.6849
5.99272
5.51485
5.28323
4.828
5.12074
5.6452
6.36806
7.25195
8.25877
9.35209
10.4987
11.6695
12.8397
13.9886
15.0995
16.1591
17.1565
18.0927
18.968
19.7825
20.5353
21.224
21.8447
22.3913
22.8564
23.2314
23.5074
23.6755
23.7281
23.6603
23.4775
23.1875
22.7989
22.3206
21.7609
21.127
20.4246
19.6575
18.8278
17.9362
16.9827
15.967
14.8905
13.7649
12.6045
11.4271
10.2548
9.1138
8.03455
7.05156
6.20218
5.52486
5.0565
4.82892
4.86462
5.15889
5.6862
6.41301
7.3017
8.31387
9.4128
10.565
11.7411
12.916
14.0689
15.1829
16.2445
17.2432
18.1801
19.0551
19.8682
20.6183
21.3029
21.9176
22.4563
22.9116
23.2747
23.5369
23.6898
23.7257
23.6416
23.4439
23.1406
22.7407
22.253
21.6859
21.0465
20.3403
19.5708
18.7399
17.8481
16.8951
15.8805
14.8064
13.6841
12.528
11.3556
10.1888
9.05344
7.97987
7.00224
6.15761
5.48417
5.01855
4.79237
4.29922
4.577
5.0738
5.75782
6.59402
7.54714
8.58376
9.67357
10.79
11.9102
13.015
14.0884
15.117
16.0896
17.0049
17.8609
18.6559
19.3878
20.0541
20.6508
21.173
21.6146
21.9687
22.2281
22.3858
22.4348
22.3707
22.1986
21.9252
21.5574
21.1023
20.5667
19.9564
19.2763
18.5298
17.7197
16.8479
15.9162
14.9268
13.883
12.7966
11.6819
10.556
9.43906
8.35528
7.33248
6.40215
5.59861
4.95759
4.51378
4.2977
4.33165
4.61087
5.11032
5.79805
6.63877
7.59695
8.63892
9.73409
10.8556
11.9805
13.0891
14.1654
15.1958
16.1702
17.0861
17.9417
18.7351
19.4641
20.1261
20.717
21.2317
21.6642
22.0075
22.2546
22.3985
22.4327
22.354
22.1685
21.8831
21.5049
21.0412
20.4985
19.8828
19.1986
18.4495
17.638
16.7657
15.8345
14.8463
13.8049
12.7219
11.6115
10.4904
9.37875
8.30044
7.28305
6.35779
5.55874
4.92134
4.4801
4.26533
3.73308
3.98779
4.44258
5.06821
5.83293
6.70519
7.65539
8.65689
9.6864
10.7239
11.7524
12.7576
13.7272
14.6507
15.5242
16.3433
17.1046
17.805
18.441
19.0088
19.5037
19.9206
20.2537
20.4969
20.6444
20.69
20.6297
20.468
20.211
19.8644
19.4342
18.9259
18.3447
17.695
16.9806
16.2049
15.3712
14.4831
13.5451
12.5626
11.5466
10.5102
9.46841
8.43935
7.44404
6.50694
5.65574
4.92094
4.33455
3.92814
3.72991
3.7611
4.01709
4.4743
5.10329
5.87213
6.74904
7.70419
8.71071
9.74506
10.787
11.8193
12.8275
13.7989
14.7245
15.5987
16.4173
17.177
17.8746
18.5064
19.0687
19.5567
19.9651
20.2884
20.5206
20.6558
20.6881
20.6147
20.4411
20.1733
19.8173
19.379
18.8641
18.2777
17.6241
16.907
16.1299
15.2958
14.4083
13.4718
12.4918
11.4793
10.4469
9.40983
8.38575
7.39556
6.46344
5.6169
4.88618
4.30308
3.89899
3.70195
3.13012
3.35353
3.75188
4.29938
4.96849
5.73212
6.56516
7.44522
8.35286
9.2715
10.1871
11.0878
11.9635
12.806
13.6082
14.3639
15.0684
15.7174
16.307
16.833
17.2907
17.6756
17.9825
18.2062
18.3416
18.3834
18.3277
18.1787
17.9419
17.6221
17.2245
16.7541
16.2155
15.6132
14.9512
14.2339
13.4654
12.6511
11.7973
10.9113
10.0022
9.08063
8.15916
7.25263
6.37854
5.55731
4.81227
4.16936
3.65612
3.30004
3.12609
3.15349
3.37802
3.77846
4.32889
5.00159
5.76931
6.60674
7.4913
8.40335
9.32612
10.2454
11.1492
12.0273
12.8717
13.6746
14.4301
15.1331
15.7796
16.3654
16.8862
17.3377
17.715
18.0132
18.2271
18.3517
18.3817
18.3144
18.1549
17.9085
17.5803
17.1755
16.6991
16.1557
15.5498
14.8855
14.1669
13.3983
12.5847
11.7328
10.8495
9.94369
9.02601
8.10883
7.20681
6.33728
5.52045
4.77949
4.14013
3.62975
3.27569
3.10277
2.49154
2.67578
3.00385
3.45435
4.00468
4.63289
5.31883
6.04476
6.79546
7.55815
8.32221
9.07897
9.82133
10.5441
11.2378
11.8953
12.5109
13.0799
13.5979
14.0604
14.4633
14.8019
15.0718
15.2685
15.3875
15.4242
15.3749
15.2438
15.0352
14.7537
14.4037
13.9896
13.5159
12.9869
12.407
11.7807
11.113
10.4099
9.67926
8.92953
8.16681
7.39865
6.63429
5.885
5.16433
4.48829
3.87544
3.34663
2.92426
2.63092
2.48741
2.51004
2.69519
3.02496
3.47785
4.03113
4.66271
5.3523
6.08201
6.83648
7.6028
8.37025
9.13006
9.87508
10.5997
11.2943
11.9516
12.5661
13.133
13.6477
14.1059
14.5034
14.8355
15.098
15.2864
15.3961
15.4227
15.3636
15.2235
15.0068
14.7181
14.3619
13.9426
13.4648
12.9328
12.351
11.7237
11.0561
10.3541
9.62561
8.87854
8.11892
7.35419
6.59351
5.84803
5.13115
4.45875
3.84925
3.32335
2.90331
2.61161
2.46895
1.81909
1.95707
2.20244
2.53903
2.94987
3.41867
3.93063
4.47285
5.03449
5.60666
6.18232
6.75616
7.32457
7.88571
8.42913
8.94761
9.43566
9.88863
10.3023
10.6727
10.9958
11.2678
11.4848
11.643
11.7387
11.7681
11.7283
11.6227
11.4549
11.2285
10.9474
10.6153
10.2361
9.81376
9.35243
8.8564
8.33052
7.78071
7.21495
6.64214
6.06462
5.48644
4.91339
4.35304
3.81487
3.31035
2.853
2.45816
2.14252
1.92306
1.81556
1.83252
1.97117
2.2178
2.55615
2.96919
3.4405
3.95518
4.50025
5.06479
5.63981
6.21825
6.79477
7.36579
7.92864
8.47296
8.99152
9.47882
9.93019
10.3414
10.7085
11.0274
11.2943
11.5054
11.657
11.7454
11.7669
11.7194
11.6067
11.4325
11.2005
10.9145
10.5783
10.196
9.77143
9.30869
8.8121
8.28652
7.73792
7.17442
6.60401
6.02905
5.45359
4.88337
4.3259
3.79057
3.28876
2.83388
2.4412
2.12729
1.90904
1.80215
1.11489
1.20073
1.3532
1.56204
1.81661
2.10672
2.42321
2.7582
3.10518
3.459
3.81588
4.17353
4.53141
4.89097
5.24259
5.58038
5.90007
6.19815
6.47144
6.7169
6.9316
7.11267
7.25733
7.3629
7.4268
7.44643
7.41984
7.34925
7.23721
7.08629
6.89914
6.67854
6.42736
6.14856
5.84522
5.52062
5.17846
4.82334
4.4619
4.10211
3.74264
3.38443
3.03017
2.68401
2.35149
2.03954
1.75643
1.51171
1.31581
1.17941
1.11251
1.12307
1.20932
1.36256
1.57248
1.82838
2.12003
2.43819
2.77493
3.12371
3.47935
3.83807
4.19763
4.55764
4.91854
5.2709
5.60887
5.92818
6.22531
6.49706
6.74039
6.95235
7.13011
7.27093
7.37216
7.43128
7.44567
7.41397
7.3387
7.22245
7.06781
6.8775
6.6543
6.40112
6.12092
5.81677
5.49194
5.15015
4.79608
4.43661
4.07859
3.72083
3.36435
3.01185
2.66745
2.33667
2.02637
1.74478
1.50137
1.30652
1.17086
1.10434
0.381028
0.410458
0.462642
0.533964
0.620671
0.719185
0.826307
0.939317
1.05601
1.1747
1.29427
1.41438
1.53594
1.66205
1.78683
1.90756
2.0225
2.13023
2.22945
2.31892
2.39745
2.46385
2.51701
2.55586
2.57939
2.58662
2.57682
2.55083
2.50961
2.45416
2.38556
2.30492
2.21342
2.11228
2.00275
1.88616
1.76402
1.63826
1.51212
1.39031
1.26968
1.14965
1.03076
0.914272
0.802019
0.696358
0.60016
0.516758
0.44982
0.403118
0.380177
0.383802
0.413368
0.465807
0.537488
0.624636
0.723654
0.831322
0.944903
1.06218
1.18147
1.30168
1.42253
1.54513
1.67183
1.79693
1.91779
2.03265
2.14008
2.23877
2.3275
2.40504
2.47025
2.522
2.55926
2.58104
2.58634
2.57467
2.54695
2.50418
2.44739
2.37764
2.29608
2.20388
2.10227
1.9925
1.87589
1.75395
1.62868
1.5036
1.38248
1.26245
1.14298
1.02466
0.908745
0.797054
0.691933
0.596233
0.513265
0.446677
0.400222
0.377408
)
;

boundaryField
{
    top
    {
        type            fixedValue;
        value           uniform 0;
    }
    bottom
    {
        type            fixedValue;
        value           uniform 36.5;
    }
    frontAndBack
    {
        type            empty;
    }
    left_cyc
    {
        type            cyclic;
    }
    right_cyc
    {
        type            cyclic;
    }
}


// ************************************************************************* //
