/*--------------------------------*- C++ -*----------------------------------*\
| =========                 |                                                 |
| \\      /  F ield         | OpenFOAM: The Open Source CFD Toolbox           |
|  \\    /   O peration     | Version:  2.3.0                                 |
|   \\  /    A nd           | Web:      www.OpenFOAM.org                      |
|    \\/     M anipulation  |                                                 |
\*---------------------------------------------------------------------------*/
FoamFile
{
    version     2.0;
    format      ascii;
    class       volVectorField;
    location    "15000";
    object      U;
}
// * * * * * * * * * * * * * * * * * * * * * * * * * * * * * * * * * * * * * //

dimensions      [0 1 -1 0 0 0 0];

internalField   nonuniform List<vector> 
3060
(
(0.60605 0 -0.409399)
(1.55495 0 -0.395513)
(2.48046 0 -0.369843)
(3.36923 0 -0.33305)
(4.20902 0 -0.286197)
(4.98897 0 -0.231084)
(5.69979 0 -0.170534)
(6.33385 0 -0.108401)
(6.88491 0 -0.0490208)
(7.34722 0 0.00381343)
(7.71407 0 0.0477847)
(7.97582 0 0.0823256)
(8.11848 0 0.108182)
(8.12293 0 0.126639)
(7.96772 0 0.140292)
(7.63346 0 0.155251)
(7.1134 0 0.177423)
(6.42063 0 0.203143)
(5.5894 0 0.219752)
(4.67593 0 0.218634)
(3.74322 0 0.201975)
(2.84664 0 0.175155)
(2.02375 0 0.145776)
(1.28391 0 0.120882)
(0.611422 0 0.104903)
(-0.0248563 0 0.0997195)
(-0.662501 0 0.105771)
(-1.33885 0 0.122536)
(-2.08417 0 0.147971)
(-2.9125 0 0.177413)
(-3.81218 0 0.203673)
(-4.7436 0 0.2192)
(-5.65021 0 0.218813)
(-6.46878 0 0.20097)
(-7.14425 0 0.175125)
(-7.64404 0 0.153522)
(-7.95643 0 0.138701)
(-8.08982 0 0.12426)
(-8.06405 0 0.104483)
(-7.90082 0 0.0770124)
(-7.61889 0 0.0406148)
(-7.23195 0 -0.00525832)
(-6.74949 0 -0.0597311)
(-6.17837 0 -0.120157)
(-5.52468 0 -0.182524)
(-4.79521 0 -0.242462)
(-3.99818 0 -0.296227)
(-3.14345 0 -0.341156)
(-2.24238 0 -0.375588)
(-1.30767 0 -0.398541)
(-0.353058 0 -0.409389)
(0.606978 0 -0.407716)
(1.5577 0 -0.393613)
(2.4848 0 -0.367551)
(3.37478 0 -0.330222)
(4.21529 0 -0.282754)
(4.99532 0 -0.227048)
(5.70546 0 -0.166063)
(6.3379 0 -0.10378)
(6.88614 0 -0.0445825)
(7.34404 0 0.007795)
(7.70423 0 0.0511716)
(7.95624 0 0.0851096)
(8.08509 0 0.110432)
(8.07073 0 0.128466)
(7.89173 0 0.142237)
(7.52968 0 0.15846)
(6.98136 0 0.18197)
(6.26377 0 0.207039)
(5.4158 0 0.220728)
(4.49645 0 0.216465)
(3.56846 0 0.19745)
(2.68493 0 0.169595)
(1.87864 0 0.140596)
(1.15381 0 0.117131)
(0.491075 0 0.103093)
(-0.142479 0 0.100004)
(-0.784832 0 0.108128)
(-1.47259 0 0.126741)
(-2.2338 0 0.15338)
(-3.07831 0 0.182835)
(-3.98917 0 0.207683)
(-4.92273 0 0.220634)
(-5.82055 0 0.216929)
(-6.6198 0 0.196641)
(-7.26913 0 0.170808)
(-7.74038 0 0.150724)
(-8.0257 0 0.136905)
(-8.13657 0 0.122367)
(-8.09331 0 0.102091)
(-7.9174 0 0.0740542)
(-7.62658 0 0.0370392)
(-7.23361 0 -0.00941272)
(-6.74715 0 -0.0642867)
(-6.1735 0 -0.124812)
(-5.51839 0 -0.186945)
(-4.7884 0 -0.24639)
(-3.99159 0 -0.29954)
(-3.13768 0 -0.34386)
(-2.23791 0 -0.377782)
(-1.30484 0 -0.400377)
(-0.352076 0 -0.411049)
(0.913676 0 -1.66203)
(2.35154 0 -1.64096)
(3.77295 0 -1.60229)
(5.16854 0 -1.54759)
(6.52992 0 -1.47869)
(7.84923 0 -1.39711)
(9.11821 0 -1.30344)
(10.3267 0 -1.19682)
(11.4606 0 -1.07464)
(12.5013 0 -0.932413)
(13.4246 0 -0.763729)
(14.2008 0 -0.56008)
(14.795 0 -0.311256)
(15.1659 0 -0.00762689)
(15.2647 0 0.350357)
(15.0373 0 0.735209)
(14.439 0 1.09446)
(13.4546 0 1.38507)
(12.1021 0 1.58444)
(10.4571 0 1.68531)
(8.63685 0 1.68792)
(6.76132 0 1.6036)
(4.92881 0 1.47263)
(3.18859 0 1.34351)
(1.53843 0 1.25355)
(-0.059459 0 1.2231)
(-1.65906 0 1.25801)
(-3.31369 0 1.35139)
(-5.05908 0 1.48159)
(-6.8938 0 1.60999)
(-8.76419 0 1.68781)
(-10.5688 0 1.67631)
(-12.1866 0 1.56613)
(-13.5019 0 1.35715)
(-14.444 0 1.05755)
(-14.9985 0 0.691484)
(-15.1835 0 0.304406)
(-15.0457 0 -0.051596)
(-14.6397 0 -0.351797)
(-14.0136 0 -0.597472)
(-13.2084 0 -0.798554)
(-12.2591 0 -0.965157)
(-11.1951 0 -1.10559)
(-10.0401 0 -1.2261)
(-8.81275 0 -1.33096)
(-7.52652 0 -1.42259)
(-6.19157 0 -1.50167)
(-4.81626 0 -1.56746)
(-3.40869 0 -1.61842)
(-1.97763 0 -1.65277)
(-0.532677 0 -1.66907)
(0.916034 0 -1.66656)
(2.35829 0 -1.64538)
(3.78404 0 -1.60648)
(5.18389 0 -1.55142)
(6.5493 0 -1.48198)
(7.87221 0 -1.39956)
(9.14397 0 -1.30456)
(10.3537 0 -1.19586)
(11.4866 0 -1.07056)
(12.5228 0 -0.923874)
(13.4369 0 -0.749017)
(14.1983 0 -0.537148)
(14.7703 0 -0.277904)
(15.1103 0 0.037667)
(15.168 0 0.405745)
(14.8886 0 0.792866)
(14.2319 0 1.14483)
(13.1876 0 1.42201)
(11.7827 0 1.60507)
(10.1032 0 1.68906)
(8.26976 0 1.67461)
(6.40063 0 1.57884)
(4.58661 0 1.44539)
(2.867 0 1.32189)
(1.23145 0 1.2426)
(-0.362238 0 1.22484)
(-1.96908 0 1.27215)
(-3.64052 0 1.37516)
(-5.40694 0 1.50908)
(-7.25788 0 1.6325)
(-9.12989 0 1.69689)
(-10.9159 0 1.66814)
(-12.4937 0 1.54109)
(-13.7534 0 1.31628)
(-14.6354 0 1.00451)
(-15.1326 0 0.633321)
(-15.2682 0 0.251036)
(-15.092 0 -0.0938443)
(-14.6574 0 -0.38229)
(-14.0111 0 -0.618105)
(-13.1927 0 -0.811535)
(-12.2356 0 -0.972453)
(-11.168 0 -1.10881)
(-10.0126 0 -1.22651)
(-8.78693 0 -1.32951)
(-7.5037 0 -1.41995)
(-6.17246 0 -1.49827)
(-4.80123 0 -1.56357)
(-3.39792 0 -1.61419)
(-1.9712 0 -1.64833)
(-0.530637 0 -1.66453)
(1.02423 0 -3.16126)
(2.63499 0 -3.12771)
(4.2242 0 -3.06569)
(5.7788 0 -2.97698)
(7.28571 0 -2.86352)
(8.73163 0 -2.72655)
(10.1027 0 -2.56577)
(11.3843 0 -2.37882)
(12.561 0 -2.16109)
(13.6166 0 -1.9061)
(14.5351 0 -1.60583)
(15.3013 0 -1.25124)
(15.9022 0 -0.832903)
(16.3281 0 -0.342201)
(16.5711 0 0.228434)
(16.6141 0 0.887263)
(16.402 0 1.63557)
(15.8372 0 2.42899)
(14.8232 0 3.13749)
(13.3075 0 3.61008)
(11.3554 0 3.81799)
(9.1238 0 3.80443)
(6.78529 0 3.64449)
(4.45346 0 3.44216)
(2.16898 0 3.28751)
(-0.080232 0 3.233)
(-2.33012 0 3.29438)
(-4.61574 0 3.45318)
(-6.94612 0 3.65377)
(-9.27531 0 3.8036)
(-11.484 0 3.79939)
(-13.3972 0 3.56838)
(-14.8631 0 3.0704)
(-15.8266 0 2.34502)
(-16.347 0 1.54857)
(-16.5227 0 0.804221)
(-16.4498 0 0.150341)
(-16.1785 0 -0.415841)
(-15.724 0 -0.902309)
(-15.0942 0 -1.31659)
(-14.2994 0 -1.66734)
(-13.3531 0 -1.96397)
(-12.2708 0 -2.21545)
(-11.0691 0 -2.4297)
(-9.76418 0 -2.61308)
(-8.37188 0 -2.76994)
(-6.90701 0 -2.90242)
(-5.38361 0 -3.0106)
(-3.81524 0 -3.09315)
(-2.21523 0 -3.14822)
(-0.596891 0 -3.17419)
(1.02638 0 -3.17021)
(2.64117 0 -3.13642)
(4.2341 0 -3.0739)
(5.79186 0 -2.98439)
(7.3011 0 -2.8697)
(8.74816 0 -2.73084)
(10.1188 0 -2.56725)
(11.3979 0 -2.37621)
(12.5696 0 -2.15277)
(13.6174 0 -1.89013)
(14.5251 0 -1.58005)
(15.2773 0 -1.21334)
(15.8615 0 -0.780688)
(16.2681 0 -0.273793)
(16.489 0 0.314747)
(16.5031 0 0.993077)
(16.2463 0 1.75801)
(15.6175 0 2.55127)
(14.5231 0 3.22893)
(12.9281 0 3.65466)
(10.9193 0 3.81998)
(8.66313 0 3.77492)
(6.32504 0 3.60124)
(4.00481 0 3.40408)
(1.73108 0 3.26735)
(-0.514814 0 3.23626)
(-2.77038 0 3.3202)
(-5.06788 0 3.49426)
(-7.4083 0 3.6954)
(-9.73251 0 3.82608)
(-11.9081 0 3.78703)
(-13.7571 0 3.51155)
(-15.1408 0 2.96783)
(-16.0274 0 2.21995)
(-16.4885 0 1.42948)
(-16.6245 0 0.703455)
(-16.5253 0 0.0688031)
(-16.2328 0 -0.479932)
(-15.7596 0 -0.950676)
(-15.1137 0 -1.35121)
(-14.3057 0 -1.69046)
(-13.3493 0 -1.97786)
(-12.26 0 -2.22223)
(-11.0539 0 -2.43122)
(-9.74705 0 -2.61087)
(-8.3547 0 -2.76519)
(-6.89127 0 -2.89597)
(-5.37042 0 -3.00302)
(-3.80536 0 -3.08484)
(-2.20915 0 -3.13946)
(-0.594886 0 -3.16522)
(1.07199 0 -4.83236)
(2.75593 0 -4.78055)
(4.41222 0 -4.68424)
(6.0241 0 -4.5453)
(7.57491 0 -4.36563)
(9.04812 0 -4.14646)
(10.4275 0 -3.88765)
(11.6972 0 -3.58736)
(12.8422 0 -3.24204)
(13.8487 0 -2.84678)
(14.7042 0 -2.39571)
(15.3979 0 -1.88225)
(15.9212 0 -1.29919)
(16.2668 0 -0.638008)
(16.4278 0 0.113694)
(16.3967 0 0.974114)
(16.1645 0 1.95462)
(15.72 0 3.03133)
(15.0246 0 4.13984)
(13.9606 0 5.16766)
(12.372 0 5.90099)
(10.2622 0 6.19341)
(7.80405 0 6.15534)
(5.1969 0 5.97035)
(2.55367 0 5.79748)
(-0.090519 0 5.73233)
(-2.73369 0 5.80375)
(-5.3727 0 5.97796)
(-7.9682 0 6.15381)
(-10.3999 0 6.16845)
(-12.4655 0 5.83882)
(-14.0006 0 5.06893)
(-15.0197 0 4.02411)
(-15.6825 0 2.911)
(-16.0991 0 1.83648)
(-16.3035 0 0.862137)
(-16.3066 0 0.00805935)
(-16.117 0 -0.738826)
(-15.7424 0 -1.39618)
(-15.1897 0 -1.97568)
(-14.4663 0 -2.4855)
(-13.5814 0 -2.93267)
(-12.5461 0 -3.32362)
(-11.3734 0 -3.66416)
(-10.0776 0 -3.95905)
(-8.67426 0 -4.21166)
(-7.17959 0 -4.42366)
(-5.6103 0 -4.59501)
(-3.98329 0 -4.72442)
(-2.31558 0 -4.81007)
(-0.624288 0 -4.85028)
(1.07335 0 -4.84413)
(2.76007 0 -4.79176)
(4.41867 0 -4.69435)
(6.03205 0 -4.55366)
(7.58322 0 -4.37146)
(9.05532 0 -4.14877)
(10.4317 0 -3.88518)
(11.6964 0 -3.57859)
(12.8341 0 -3.22519)
(13.8307 0 -2.81991)
(14.6738 0 -2.35676)
(15.3527 0 -1.82914)
(15.8588 0 -1.22985)
(16.1851 0 -0.550115)
(16.3243 0 0.223233)
(16.2687 0 1.1087)
(16.0093 0 2.11344)
(15.5331 0 3.20558)
(14.7903 0 4.31407)
(13.6483 0 5.31066)
(11.9643 0 5.96847)
(9.78163 0 6.19069)
(7.2889 0 6.11545)
(4.67425 0 5.92626)
(2.03256 0 5.77244)
(-0.610633 0 5.73645)
(-3.25541 0 5.83548)
(-5.8949 0 6.02384)
(-8.47777 0 6.18725)
(-10.8646 0 6.15529)
(-12.8487 0 5.74919)
(-14.2887 0 4.91311)
(-15.2387 0 3.84767)
(-15.8599 0 2.73943)
(-16.2464 0 1.68334)
(-16.4243 0 0.734207)
(-16.4037 0 -0.0955462)
(-16.1929 0 -0.821705)
(-15.7995 0 -1.46119)
(-15.2303 0 -2.02503)
(-14.4927 0 -2.52126)
(-13.596 0 -2.9569)
(-12.5514 0 -3.33836)
(-11.3719 0 -3.6713)
(-10.0716 0 -3.9603)
(-8.66574 0 -4.20847)
(-7.17033 0 -4.41721)
(-5.6017 0 -4.58623)
(-3.9764 0 -4.71406)
(-2.31113 0 -4.79872)
(-0.622686 0 -4.83847)
(1.08191 0 -6.55605)
(2.77981 0 -6.48368)
(4.44555 0 -6.34879)
(6.05976 0 -6.15344)
(7.60355 0 -5.89979)
(9.05863 0 -5.58945)
(10.4076 0 -5.22287)
(11.6344 0 -4.79902)
(12.7243 0 -4.3154)
(13.6643 0 -3.76833)
(14.4432 0 -3.15336)
(15.0515 0 -2.46555)
(15.4809 0 -1.69948)
(15.7246 0 -0.848731)
(15.7772 0 0.0953831)
(15.6376 0 1.14391)
(15.3117 0 2.30371)
(14.8077 0 3.56792)
(14.1215 0 4.91474)
(13.2275 0 6.28152)
(12.0361 0 7.51729)
(10.3623 0 8.38441)
(8.12286 0 8.71858)
(5.5135 0 8.69492)
(2.73821 0 8.57518)
(-0.0933852 0 8.52006)
(-2.92172 0 8.57692)
(-5.68562 0 8.6904)
(-8.26933 0 8.69044)
(-10.4635 0 8.31204)
(-12.0856 0 7.40133)
(-13.2407 0 6.1428)
(-14.1084 0 4.76862)
(-14.7708 0 3.42237)
(-15.2509 0 2.1612)
(-15.5511 0 1.00561)
(-15.6631 0 -0.0387362)
(-15.5813 0 -0.979354)
(-15.3077 0 -1.82698)
(-14.8479 0 -2.58982)
(-14.209 0 -3.27394)
(-13.3996 0 -3.88453)
(-12.4295 0 -4.4264)
(-11.3105 0 -4.90384)
(-10.0562 0 -5.3204)
(-8.68183 0 -5.67839)
(-7.20409 0 -5.97866)
(-5.64092 0 -6.22065)
(-4.01112 0 -6.40272)
(-2.33407 0 -6.52279)
(-0.629577 0 -6.57903)
(1.08232 0 -6.57043)
(2.78149 0 -6.49715)
(4.44793 0 -6.36046)
(6.06196 0 -6.16234)
(7.60431 0 -5.90479)
(9.05638 0 -5.58922)
(10.4005 0 -5.21586)
(11.6204 0 -4.78344)
(12.7012 0 -4.28928)
(13.6298 0 -3.72962)
(14.3949 0 -3.09998)
(14.9871 0 -2.39548)
(15.3982 0 -1.61077)
(15.6214 0 -0.739393)
(15.6517 0 0.227595)
(15.489 0 1.30106)
(15.1404 0 2.48581)
(14.613 0 3.7722)
(13.8995 0 5.13439)
(12.9679 0 6.49563)
(11.7097 0 7.68799)
(9.93289 0 8.4635)
(7.6119 0 8.71574)
(4.96356 0 8.66219)
(2.17483 0 8.55234)
(-0.659507 0 8.52397)
(-3.48289 0 8.60504)
(-6.22859 0 8.72014)
(-8.76302 0 8.67628)
(-10.8646 0 8.20566)
(-12.3903 0 7.21434)
(-13.4881 0 5.92406)
(-14.3223 0 4.55163)
(-14.9588 0 3.22335)
(-15.4158 0 1.98533)
(-15.6933 0 0.854989)
(-15.7822 0 -0.164835)
(-15.6785 0 -1.08321)
(-15.3849 0 -1.91078)
(-14.9073 0 -2.65553)
(-14.2529 0 -3.3235)
(-13.4303 0 -3.91998)
(-12.4493 0 -4.4498)
(-11.3217 0 -4.91724)
(-10.061 0 -5.3257)
(-8.68225 0 -5.67731)
(-7.20188 0 -5.9727)
(-5.63759 0 -6.21107)
(-4.00783 0 -6.39059)
(-2.33165 0 -6.50906)
(-0.628505 0 -6.56456)
(1.0621 0 -8.2517)
(2.7275 0 -8.15557)
(4.35763 0 -7.97622)
(5.93145 0 -7.71624)
(7.42867 0 -7.37854)
(8.8301 0 -6.9658)
(10.1179 0 -6.47985)
(11.2759 0 -5.92138)
(12.29 0 -5.2898)
(13.148 0 -4.58338)
(13.8396 0 -3.79948)
(14.3564 0 -2.9347)
(14.6915 0 -1.98488)
(14.8397 0 -0.944943)
(14.7979 0 0.191202)
(14.5672 0 1.42941)
(14.1548 0 2.76999)
(13.5716 0 4.20197)
(12.8276 0 5.70483)
(11.9281 0 7.24901)
(10.8557 0 8.77076)
(9.51836 0 10.1081)
(7.7262 0 11.0059)
(5.39293 0 11.3603)
(2.72058 0 11.4093)
(-0.0896807 0 11.397)
(-2.8936 0 11.401)
(-5.5451 0 11.3308)
(-7.83743 0 10.9331)
(-9.58265 0 9.98652)
(-10.8876 0 8.62017)
(-11.9383 0 7.08685)
(-12.818 0 5.53845)
(-13.5412 0 4.03432)
(-14.1015 0 2.6029)
(-14.4887 0 1.26429)
(-14.6921 0 0.0285835)
(-14.7052 0 -1.10512)
(-14.5272 0 -2.1426)
(-14.1616 0 -3.0896)
(-13.614 0 -3.95084)
(-12.8915 0 -4.73017)
(-12.0031 0 -5.43071)
(-10.9594 0 -6.05491)
(-9.77338 0 -6.60425)
(-8.45973 0 -7.07913)
(-7.0353 0 -7.47871)
(-5.51857 0 -7.80103)
(-3.92936 0 -8.04347)
(-2.2885 0 -8.20322)
(-0.617554 0 -8.27801)
(1.06152 0 -8.26657)
(2.72663 0 -8.16912)
(4.35588 0 -7.98722)
(5.92789 0 -7.72335)
(7.42206 0 -7.38033)
(8.81889 0 -6.96066)
(10.1003 0 -6.46602)
(11.25 0 -5.89691)
(12.2537 0 -5.25264)
(13.0991 0 -4.53145)
(13.776 0 -3.73071)
(14.2761 0 -2.84709)
(14.5924 0 -1.87656)
(14.72 0 -0.814142)
(14.6562 0 0.346103)
(14.4031 0 1.60934)
(13.9689 0 2.974)
(13.3645 0 4.42692)
(12.5997 0 5.94614)
(11.6775 0 7.49857)
(10.5725 0 9.00815)
(9.17101 0 10.2891)
(7.27879 0 11.0875)
(4.86643 0 11.3687)
(2.15818 0 11.4004)
(-0.660609 0 11.3989)
(-3.44948 0 11.4096)
(-6.05542 0 11.3089)
(-8.25683 0 10.8239)
(-9.90899 0 9.78549)
(-11.16 0 8.37595)
(-12.1822 0 6.83806)
(-13.0401 0 5.30074)
(-13.7425 0 3.8143)
(-14.2814 0 2.40481)
(-14.6466 0 1.09078)
(-14.8276 0 -0.120002)
(-14.8189 0 -1.23004)
(-14.6207 0 -2.24553)
(-14.2368 0 -3.17235)
(-13.6729 0 -4.0153)
(-12.9363 0 -4.77833)
(-12.0358 0 -5.46466)
(-10.9822 0 -6.07671)
(-9.78829 0 -6.61592)
(-8.46869 0 -7.08255)
(-7.04004 0 -7.4756)
(-5.52056 0 -7.79295)
(-3.92978 0 -8.03181)
(-2.28821 0 -8.18929)
(-0.617048 0 -8.26302)
(1.0179 0 -9.89827)
(2.61276 0 -9.77681)
(4.17052 0 -9.5502)
(5.66925 0 -9.22175)
(7.08804 0 -8.79547)
(8.40738 0 -8.27545)
(9.60952 0 -7.66525)
(10.6787 0 -6.96754)
(11.6014 0 -6.18382)
(12.3664 0 -5.31444)
(12.9644 0 -4.35872)
(13.3883 0 -3.31504)
(13.6326 0 -2.18106)
(13.6941 0 -0.953915)
(13.5719 0 0.369192)
(13.2688 0 1.78948)
(12.7924 0 3.30315)
(12.1533 0 4.89825)
(11.363 0 6.55467)
(10.4326 0 8.24321)
(9.36913 0 9.92086)
(8.15694 0 11.5111)
(6.69351 0 12.8445)
(4.80528 0 13.6973)
(2.47476 0 14.0608)
(-0.0786833 0 14.1404)
(-2.62273 0 14.0348)
(-4.92367 0 13.631)
(-6.77169 0 12.7284)
(-8.2055 0 11.3592)
(-9.39917 0 9.75065)
(-10.4463 0 8.06316)
(-11.359 0 6.3687)
(-12.1297 0 4.709)
(-12.7468 0 3.11242)
(-13.1991 0 1.5986)
(-13.476 0 0.178932)
(-13.5704 0 -1.14312)
(-13.48 0 -2.36876)
(-13.2058 0 -3.50052)
(-12.7516 0 -4.5409)
(-12.1231 0 -5.49189)
(-11.3281 0 -6.35477)
(-10.3761 0 -7.12989)
(-9.27917 0 -7.81663)
(-8.05148 0 -8.41321)
(-6.70949 0 -8.91683)
(-5.27166 0 -9.32383)
(-3.75819 0 -9.6302)
(-2.19059 0 -9.83214)
(-0.591372 0 -9.92667)
(1.01639 0 -9.91221)
(2.60946 0 -9.78903)
(4.16489 0 -9.55911)
(5.66038 0 -9.2257)
(7.07472 0 -8.79272)
(8.38817 0 -8.26415)
(9.58274 0 -7.64344)
(10.6426 0 -6.93314)
(11.554 0 -6.13472)
(12.3058 0 -5.24853)
(12.8888 0 -4.27396)
(13.2958 0 -3.20952)
(13.5215 0 -2.05309)
(13.563 0 -0.802076)
(13.4198 0 0.545862)
(13.0955 0 1.99108)
(12.5985 0 3.52828)
(11.9394 0 5.14378)
(11.1301 0 6.81591)
(10.1813 0 8.51317)
(9.09827 0 10.1892)
(7.85524 0 11.7551)
(6.3283 0 13.0204)
(4.35118 0 13.7798)
(1.96146 0 14.0837)
(-0.60678 0 14.1377)
(-3.12491 0 14.0007)
(-5.35455 0 13.5249)
(-7.11635 0 12.5301)
(-8.49647 0 11.1051)
(-9.66429 0 9.48022)
(-10.6926 0 7.79448)
(-11.5868 0 6.11084)
(-12.3382 0 4.46825)
(-12.9352 0 2.89305)
(-13.3666 0 1.4033)
(-13.6222 0 0.00864699)
(-13.6958 0 -1.28882)
(-13.5856 0 -2.49097)
(-13.2932 0 -3.60074)
(-12.8225 0 -4.62088)
(-12.1794 0 -5.55357)
(-11.3716 0 -6.40019)
(-10.4089 0 -7.16116)
(-9.30298 0 -7.83585)
(-8.06812 0 -8.42241)
(-6.72058 0 -8.91793)
(-5.27861 0 -9.31864)
(-3.76212 0 -9.62044)
(-2.19234 0 -9.81942)
(-0.59142 0 -9.91256)
(0.953945 0 -11.4565)
(2.44744 0 -11.3089)
(3.90316 0 -11.0334)
(5.29892 0 -10.6345)
(6.61376 0 -10.1175)
(7.82839 0 -9.48811)
(8.92556 0 -8.75205)
(9.89024 0 -7.91419)
(10.7098 0 -6.97836)
(11.3741 0 -5.94719)
(11.8752 0 -4.82215)
(12.2074 0 -3.60363)
(12.3669 0 -2.29132)
(12.3522 0 -0.884694)
(12.1644 0 0.616064)
(11.8077 0 2.20844)
(11.2897 0 3.88508)
(10.6209 0 5.63195)
(9.8131 0 7.42815)
(8.87881 0 9.24584)
(7.82952 0 11.0484)
(6.67318 0 12.7828)
(5.3889 0 14.351)
(3.87295 0 15.5745)
(2.02467 0 16.2877)
(-0.0610084 0 16.4944)
(-2.13618 0 16.24)
(-3.95778 0 15.4752)
(-5.4487 0 14.2085)
(-6.71706 0 12.6136)
(-7.8607 0 10.8631)
(-8.89588 0 9.04965)
(-9.81409 0 7.22418)
(-10.6037 0 5.42252)
(-11.252 0 3.67197)
(-11.7474 0 1.99307)
(-12.0796 0 0.399474)
(-12.2411 0 -1.10169)
(-12.2282 0 -2.50789)
(-12.0402 0 -3.8187)
(-11.679 0 -5.03428)
(-11.1485 0 -6.15454)
(-10.4551 0 -7.17864)
(-9.60723 0 -8.10471)
(-8.61569 0 -8.92977)
(-7.49383 0 -9.64966)
(-6.2574 0 -10.2593)
(-4.92443 0 -10.7531)
(-3.51489 0 -11.1252)
(-2.05041 0 -11.3707)
(-0.553754 0 -11.4857)
(0.951609 0 -11.4681)
(2.44201 0 -11.3183)
(3.89412 0 -11.0389)
(5.28542 0 -10.634)
(6.59471 0 -10.1089)
(7.80246 0 -9.46954)
(8.89124 0 -8.72131)
(9.84593 0 -7.86911)
(10.6539 0 -6.91679)
(11.3048 0 -5.86704)
(11.791 0 -4.72142)
(12.1066 0 -3.48056)
(12.2483 0 -2.14441)
(12.2148 0 -0.712894)
(12.0075 0 0.813171)
(11.6313 0 2.43029)
(11.0943 0 4.12978)
(10.4073 0 5.89612)
(9.58236 0 7.70705)
(8.63208 0 9.53319)
(7.56749 0 11.336)
(6.39497 0 13.057)
(5.08057 0 14.5851)
(3.50824 0 15.7304)
(1.60156 0 16.354)
(-0.501963 0 16.4847)
(-2.54652 0 16.151)
(-4.30542 0 15.2956)
(-5.74646 0 13.96)
(-6.99032 0 12.3338)
(-8.11859 0 10.5744)
(-9.13835 0 8.76362)
(-10.0403 0 6.94841)
(-10.8125 0 5.16285)
(-11.4424 0 3.43278)
(-11.9185 0 1.77736)
(-12.231 0 0.208759)
(-12.3731 0 -1.26717)
(-12.3416 0 -2.64876)
(-12.136 0 -3.93614)
(-11.7586 0 -5.12985)
(-11.2136 0 -6.23007)
(-10.5072 0 -7.23612)
(-9.64803 0 -8.14626)
(-8.64687 0 -8.95753)
(-7.51697 0 -9.66578)
(-6.27397 0 -10.2659)
(-4.9357 0 -10.7521)
(-3.52193 0 -11.1188)
(-2.05398 0 -11.3607)
(-0.554304 0 -11.4739)
(0.87398 0 -12.9)
(2.24119 0 -12.726)
(3.57096 0 -12.4016)
(4.84139 0 -11.9322)
(6.03202 0 -11.3248)
(7.12424 0 -10.5871)
(8.10162 0 -9.72694)
(8.95019 0 -8.75163)
(9.6585 0 -7.66751)
(10.2177 0 -6.47965)
(10.6212 0 -5.19179)
(10.865 0 -3.80656)
(10.9471 0 -2.32582)
(10.8677 0 -0.751407)
(10.6296 0 0.913798)
(10.2383 0 2.66426)
(9.70192 0 4.48987)
(9.03111 0 6.37462)
(8.23801 0 8.29624)
(7.33614 0 10.2262)
(6.33975 0 12.1289)
(5.26353 0 13.9589)
(4.11942 0 15.6439)
(2.88273 0 17.0501)
(1.49133 0 17.9826)
(-0.0406338 0 18.2876)
(-1.56556 0 17.9194)
(-2.94273 0 16.9325)
(-4.16807 0 15.4879)
(-5.30386 0 13.7784)
(-6.37049 0 11.9314)
(-7.35504 0 10.0158)
(-8.24284 0 8.07597)
(-9.01965 0 6.14668)
(-9.672 0 4.25612)
(-10.1878 0 2.42623)
(-10.5567 0 0.672731)
(-10.7706 0 -0.994388)
(-10.8245 0 -2.56956)
(-10.7158 0 -4.04966)
(-10.4447 0 -5.43243)
(-10.0134 0 -6.71554)
(-9.42674 0 -7.89586)
(-8.69162 0 -8.96913)
(-7.8176 0 -9.92986)
(-6.81685 0 -10.7714)
(-5.7041 0 -11.4861)
(-4.49654 0 -12.0662)
(-3.21351 0 -12.5041)
(-1.87615 0 -12.7932)
(-0.506904 0 -12.9286)
(0.87097 0 -12.9079)
(2.23401 0 -12.7315)
(3.55913 0 -12.4024)
(4.82417 0 -11.9262)
(6.00842 0 -11.3096)
(7.09309 0 -10.5605)
(8.0616 0 -9.68673)
(8.89991 0 -8.69557)
(9.59655 0 -7.59341)
(10.1426 0 -6.38545)
(10.5318 0 -5.07562)
(10.76 0 -3.66678)
(10.8256 0 -2.1612)
(10.729 0 -0.561219)
(10.4734 0 1.12951)
(10.0647 0 2.90444)
(9.51161 0 4.75218)
(8.82503 0 6.65538)
(8.01744 0 8.59046)
(7.10258 0 10.5276)
(6.09479 0 12.4298)
(5.00903 0 14.2489)
(3.85401 0 15.9037)
(2.59438 0 17.2469)
(1.17167 0 18.0813)
(-0.372582 0 18.2722)
(-1.87742 0 17.7922)
(-3.22347 0 16.7151)
(-4.42977 0 15.2174)
(-5.5559 0 13.484)
(-6.6125 0 11.6293)
(-7.58523 0 9.71544)
(-8.45962 0 7.78452)
(-9.22156 0 5.87011)
(-9.85783 0 3.99908)
(-10.3567 0 2.19204)
(-10.708 0 0.463358)
(-10.9044 0 -1.17819)
(-10.9411 0 -2.72798)
(-10.8161 0 -4.18356)
(-10.5297 0 -5.54316)
(-10.0843 0 -6.80478)
(-9.48487 0 -7.96554)
(-8.73837 0 -9.02133)
(-7.8544 0 -9.96675)
(-6.84508 0 -10.7952)
(-5.72506 0 -11.4991)
(-4.51135 0 -12.0706)
(-3.22311 0 -12.5021)
(-1.88123 0 -12.787)
(-0.507882 0 -12.9204)
(0.781091 0 -14.2057)
(2.00194 0 -14.006)
(3.18656 0 -13.6337)
(4.3139 0 -13.0957)
(5.36441 0 -12.4004)
(6.32056 0 -11.5578)
(7.16711 0 -10.5781)
(7.89137 0 -9.47118)
(8.48331 0 -8.24594)
(8.93551 0 -6.91001)
(9.24308 0 -5.46958)
(9.40352 0 -3.92957)
(9.41666 0 -2.29411)
(9.28453 0 -0.567336)
(9.01149 0 1.24542)
(8.60433 0 3.13607)
(8.07221 0 5.09214)
(7.42636 0 7.09569)
(6.67984 0 9.12283)
(5.84748 0 11.1434)
(4.94611 0 13.1203)
(3.99512 0 15.0073)
(3.01776 0 16.7384)
(2.02965 0 18.1981)
(1.01889 0 19.199)
(-0.0231385 0 19.5385)
(-1.06321 0 19.1302)
(-2.07059 0 18.0742)
(-3.0561 0 16.5766)
(-4.02972 0 14.8197)
(-4.9742 0 12.9134)
(-5.86644 0 10.9213)
(-6.68726 0 8.88852)
(-7.41997 0 6.85151)
(-8.04984 0 4.84003)
(-8.56395 0 2.87769)
(-8.9512 0 0.982215)
(-9.20262 0 -0.834012)
(-9.31169 0 -2.56282)
(-9.27433 0 -4.19858)
(-9.08883 0 -5.73672)
(-8.75577 0 -7.17256)
(-8.27812 0 -8.50056)
(-7.66132 0 -9.71397)
(-6.91344 0 -10.8046)
(-6.04524 0 -11.7633)
(-5.07014 0 -12.5797)
(-4.00415 0 -13.2438)
(-2.86553 0 -13.7458)
(-1.67449 0 -14.0775)
(-0.452628 0 -14.2329)
(0.77758 0 -14.2091)
(1.99344 0 -14.0066)
(3.17266 0 -13.6291)
(4.29394 0 -13.0834)
(5.33756 0 -12.378)
(6.28581 0 -11.5228)
(7.12335 0 -10.5282)
(7.83744 0 -9.40417)
(8.41806 0 -8.15963)
(8.85785 0 -6.80241)
(9.15201 0 -5.33892)
(9.29824 0 -3.77441)
(9.29655 0 -2.11346)
(9.14929 0 -0.360806)
(8.86116 0 1.4774)
(8.43933 0 3.39202)
(7.89339 0 5.36933)
(7.23494 0 7.39011)
(6.47736 0 9.42915)
(5.6359 0 11.455)
(4.7278 0 13.4293)
(3.77323 0 15.3034)
(2.79567 0 17.005)
(1.8064 0 18.406)
(0.789972 0 19.3086)
(-0.255082 0 19.5211)
(-1.29041 0 18.9908)
(-2.29304 0 17.8469)
(-3.27828 0 16.2999)
(-4.25096 0 14.5189)
(-5.19093 0 12.6027)
(-6.07577 0 10.6102)
(-6.88692 0 8.58451)
(-7.60811 0 6.56091)
(-8.22499 0 4.5678)
(-8.72499 0 2.62752)
(-9.09738 0 0.756458)
(-9.3336 0 -1.03417)
(-9.42753 0 -2.73718)
(-9.37543 0 -4.34771)
(-9.17584 0 -5.86173)
(-8.82956 0 -7.27497)
(-8.33971 0 -8.58219)
(-7.71183 0 -9.77684)
(-6.95403 0 -10.8509)
(-6.07706 0 -11.7952)
(-5.09428 0 -12.5997)
(-4.02158 0 -13.2542)
(-2.87707 0 -13.749)
(-1.68074 0 -14.076)
(-0.453946 0 -14.2292)
(0.677764 0 -15.3559)
(1.73607 0 -15.1315)
(2.76018 0 -14.7136)
(3.73035 0 -14.1101)
(4.62839 0 -13.3315)
(5.43817 0 -12.3898)
(6.14595 0 -11.2978)
(6.74058 0 -10.0678)
(7.21358 0 -8.71165)
(7.55913 0 -7.23941)
(7.774 0 -5.65981)
(7.85739 0 -3.98015)
(7.81082 0 -2.20684)
(7.63802 0 -0.346266)
(7.34495 0 1.59398)
(6.93976 0 3.60353)
(6.43275 0 5.66778)
(5.83615 0 7.76687)
(5.16412 0 9.87494)
(4.43292 0 11.9596)
(3.66144 0 13.9808)
(2.87205 0 15.8888)
(2.09195 0 17.6154)
(1.349 0 19.053)
(0.653734 0 20.0325)
(-0.0107358 0 20.3644)
(-0.676283 0 19.9644)
(-1.37418 0 18.9299)
(-2.11936 0 17.4529)
(-2.89915 0 15.6977)
(-3.68515 0 13.7677)
(-4.45047 0 11.7286)
(-5.17302 0 9.62933)
(-5.83411 0 7.50915)
(-6.41762 0 5.40005)
(-6.90953 0 3.32756)
(-7.29774 0 1.31139)
(-7.57212 0 -0.633918)
(-7.72473 0 -2.49787)
(-7.74988 0 -4.27252)
(-7.64415 0 -5.951)
(-7.4064 0 -7.52625)
(-7.03789 0 -8.99031)
(-6.5424 0 -10.3338)
(-5.92638 0 -11.546)
(-5.19898 0 -12.6147)
(-4.37211 0 -13.5272)
(-3.46023 0 -14.2709)
(-2.48019 0 -14.8338)
(-1.45081 0 -15.2062)
(-0.392378 0 -15.3807)
(0.673935 0 -15.354)
(1.72671 0 -15.1266)
(2.74495 0 -14.703)
(3.7087 0 -14.0911)
(4.59962 0 -13.3015)
(5.40146 0 -12.3463)
(6.10041 0 -11.2384)
(6.68529 0 -9.99029)
(7.14767 0 -8.61382)
(7.48181 0 -7.1194)
(7.68462 0 -5.51601)
(7.75548 0 -3.81133)
(7.69615 0 -2.01226)
(7.51065 0 -0.125846)
(7.20527 0 1.83945)
(6.78854 0 3.87217)
(6.27111 0 5.95651)
(5.6656 0 8.07129)
(4.98656 0 10.1893)
(4.25073 0 12.2768)
(3.47762 0 14.2922)
(2.69045 0 16.1834)
(1.91731 0 17.877)
(1.18457 0 19.2553)
(0.497674 0 20.139)
(-0.164289 0 20.3474)
(-0.834099 0 19.8288)
(-1.54137 0 18.7084)
(-2.29629 0 17.1804)
(-3.08176 0 15.3973)
(-3.86884 0 13.4536)
(-4.63167 0 11.4112)
(-5.3489 0 9.31671)
(-6.00242 0 7.20809)
(-6.57656 0 5.11591)
(-7.05769 0 3.0644)
(-7.43406 0 1.07195)
(-7.69594 0 -0.848061)
(-7.83575 0 -2.68617)
(-7.84813 0 -4.43526)
(-7.72991 0 -6.08903)
(-7.48019 0 -7.64091)
(-7.1004 0 -9.08327)
(-6.59446 0 -10.407)
(-5.96887 0 -11.6015)
(-5.23283 0 -12.6549)
(-4.39818 0 -13.5546)
(-3.47934 0 -14.2878)
(-2.49302 0 -14.843)
(-1.45785 0 -15.2102)
(-0.39394 0 -15.3823)
(0.565993 0 -16.3358)
(1.44869 0 -16.0884)
(2.30001 0 -15.6281)
(3.10192 0 -14.9639)
(3.83798 0 -14.1083)
(4.4938 0 -13.0754)
(5.0574 0 -11.8806)
(5.51934 0 -10.5388)
(5.87284 0 -9.06452)
(6.11377 0 -7.47046)
(6.24054 0 -5.76786)
(6.25399 0 -3.9664)
(6.15724 0 -2.07476)
(5.95561 0 -0.101493)
(5.65653 0 1.94366)
(5.26945 0 4.04824)
(4.80576 0 6.19571)
(4.27866 0 8.36427)
(3.70324 0 10.526)
(3.09667 0 12.646)
(2.47872 0 14.6812)
(1.87228 0 16.5779)
(1.30376 0 18.265)
(0.799752 0 19.6408)
(0.372075 0 20.56)
(-0.0023757 0 20.8674)
(-0.379029 0 20.4952)
(-0.811725 0 19.5219)
(-1.32042 0 18.105)
(-1.89123 0 16.3864)
(-2.49712 0 14.4648)
(-3.11188 0 12.4091)
(-3.71283 0 10.2721)
(-4.2804 0 8.09606)
(-4.79755 0 5.91541)
(-5.24932 0 3.75778)
(-5.62263 0 1.64478)
(-5.90624 0 -0.407051)
(-6.09088 0 -2.38507)
(-6.16936 0 -4.27918)
(-6.13666 0 -6.08023)
(-5.99 0 -7.77884)
(-5.72899 0 -9.36458)
(-5.35573 0 -10.8255)
(-4.87496 0 -12.1481)
(-4.2941 0 -13.3176)
(-3.62327 0 -14.3185)
(-2.87518 0 -15.1358)
(-2.06488 0 -15.7552)
(-1.20942 0 -16.1653)
(-0.327313 0 -16.3577)
(0.56203 0 -16.3283)
(1.43895 0 -16.0777)
(2.28421 0 -15.6112)
(3.07962 0 -14.9381)
(3.80862 0 -14.0708)
(4.45677 0 -13.0237)
(5.012 0 -11.8121)
(5.46492 0 -10.4515)
(5.8088 0 -8.95617)
(6.03963 0 -7.33938)
(6.15597 0 -5.61261)
(6.15886 0 -3.78596)
(6.0517 0 -1.86865)
(5.84007 0 0.130047)
(5.53173 0 2.1995)
(5.13648 0 4.32615)
(4.66606 0 6.49223)
(4.13402 0 8.6746)
(3.55587 0 10.8439)
(2.94925 0 12.9639)
(2.3345 0 14.9897)
(1.73523 0 16.8651)
(1.17843 0 18.5149)
(0.689601 0 19.8298)
(0.275375 0 20.6579)
(-0.0946455 0 20.8519)
(-0.478708 0 20.3702)
(-0.926035 0 19.3138)
(-1.44931 0 17.8431)
(-2.03061 0 16.0921)
(-2.64255 0 14.1526)
(-3.25958 0 12.0902)
(-3.8597 0 9.95521)
(-4.4239 0 7.78852)
(-4.93557 0 5.62304)
(-5.38017 0 3.48499)
(-5.74495 0 1.3947)
(-6.01903 0 -0.632502)
(-6.19348 0 -2.58502)
(-6.26143 0 -4.45357)
(-6.21813 0 -6.22969)
(-6.06106 0 -7.9045)
(-5.79 0 -9.46795)
(-5.40722 0 -10.9084)
(-4.91754 0 -12.2126)
(-4.32844 0 -13.366)
(-3.65005 0 -14.3533)
(-2.89503 0 -15.1594)
(-2.07834 0 -15.7706)
(-1.21688 0 -16.1751)
(-0.329024 0 -16.3649)
(0.44738 0 -17.1337)
(1.14394 0 -16.8655)
(1.81264 0 -16.3669)
(2.43758 0 -15.6481)
(3.00444 0 -14.7234)
(3.50088 0 -13.6093)
(3.91687 0 -12.3233)
(4.24486 0 -10.8833)
(4.47987 0 -9.30609)
(4.61944 0 -7.60712)
(4.66358 0 -5.80003)
(4.61465 0 -3.89686)
(4.47725 0 -1.90848)
(4.25805 0 0.154431)
(3.96573 0 2.28014)
(3.61081 0 4.45429)
(3.20553 0 6.65856)
(2.76373 0 8.86939)
(2.30091 0 11.0569)
(1.83427 0 13.1842)
(1.38299 0 15.2055)
(0.968196 0 17.0646)
(0.612239 0 18.69)
(0.334911 0 19.9871)
(0.141158 0 20.835)
(0.00350217 0 21.1142)
(-0.136536 0 20.7743)
(-0.335883 0 19.8737)
(-0.619046 0 18.5343)
(-0.979152 0 16.8752)
(-1.39582 0 14.9885)
(-1.84667 0 12.9443)
(-2.31067 0 10.7978)
(-2.76877 0 8.59386)
(-3.20387 0 6.36896)
(-3.60058 0 4.15264)
(-3.94514 0 1.96831)
(-4.22544 0 -0.165684)
(-4.43111 0 -2.23476)
(-4.55368 0 -4.22676)
(-4.58675 0 -6.13036)
(-4.52605 0 -7.93393)
(-4.36963 0 -9.62459)
(-4.11794 0 -11.1879)
(-3.77398 0 -12.6076)
(-3.34335 0 -13.8664)
(-2.83423 0 -14.9462)
(-2.25731 0 -15.8293)
(-1.62552 0 -16.4996)
(-0.953757 0 -16.9438)
(-0.25836 0 -17.1522)
(0.443459 0 -17.1203)
(1.13425 0 -16.8488)
(1.79697 0 -16.3437)
(2.41561 0 -15.6156)
(2.97576 0 -14.6787)
(3.46504 0 -13.5497)
(3.87341 0 -12.2466)
(4.19338 0 -10.7871)
(4.42003 0 -9.18854)
(4.55105 0 -7.46657)
(4.58663 0 -5.63526)
(4.52936 0 -3.70707)
(4.38408 0 -1.69348)
(4.15775 0 0.394108)
(3.85937 0 2.54303)
(3.49977 0 4.73784)
(3.09151 0 6.95896)
(2.64877 0 9.18147)
(2.18737 0 11.3741)
(1.72494 0 13.4982)
(1.28104 0 15.5065)
(0.877174 0 17.3404)
(0.535745 0 18.9249)
(0.27512 0 20.1606)
(0.0954596 0 20.9231)
(-0.0376106 0 21.1003)
(-0.185331 0 20.6613)
(-0.400136 0 19.6816)
(-0.699731 0 18.2866)
(-1.07346 0 16.5912)
(-1.50009 0 14.6828)
(-1.95743 0 12.6284)
(-2.42484 0 10.481)
(-2.8837 0 8.28395)
(-3.31726 0 6.07217)
(-3.71048 0 3.87377)
(-4.04993 0 1.71081)
(-4.32382 0 -0.399548)
(-4.52209 0 -2.44379)
(-4.63659 0 -4.41061)
(-4.66118 0 -6.2894)
(-4.59186 0 -8.06905)
(-4.42687 0 -9.73713)
(-4.16685 0 -11.2795)
(-3.81492 0 -12.6803)
(-3.37674 0 -13.9224)
(-2.86054 0 -14.988)
(-2.27698 0 -15.8596)
(-1.63896 0 -16.5212)
(-0.961269 0 -16.9595)
(-0.260128 0 -17.1652)
(0.323236 0 -17.7399)
(0.825171 0 -17.4537)
(1.30344 0 -16.9217)
(1.74466 0 -16.1558)
(2.13695 0 -15.1716)
(2.47027 0 -13.9879)
(2.73679 0 -12.6246)
(2.93095 0 -11.1018)
(3.04959 0 -9.4391)
(3.09192 0 -7.65418)
(3.05943 0 -5.76309)
(2.95585 0 -3.78008)
(2.78699 0 -1.71816)
(2.56063 0 0.410029)
(2.28637 0 2.59091)
(1.97546 0 4.80845)
(1.64057 0 7.04279)
(1.2957 0 9.26892)
(0.956037 0 11.4555)
(0.637921 0 13.564)
(0.358637 0 15.5476)
(0.135922 0 17.3492)
(-0.0135368 0 18.8995)
(-0.078167 0 20.113)
(-0.061039 0 20.891)
(0.00800979 0 21.1435)
(0.0748291 0 20.8344)
(0.0864871 0 20.0056)
(0.0155336 0 18.7493)
(-0.139391 0 17.1637)
(-0.365981 0 15.3325)
(-0.647319 0 13.3241)
(-0.965627 0 11.1943)
(-1.30364 0 8.98929)
(-1.64508 0 6.74723)
(-1.9748 0 4.49905)
(-2.27888 0 2.26964)
(-2.54473 0 0.0789166)
(-2.76122 0 -2.05684)
(-2.91893 0 -4.12354)
(-3.01033 0 -6.10787)
(-3.02988 0 -7.99598)
(-2.97423 0 -9.77271)
(-2.84229 0 -11.4212)
(-2.63533 0 -12.9227)
(-2.35707 0 -14.2574)
(-2.01359 0 -15.4046)
(-1.61335 0 -16.3445)
(-1.16689 0 -17.0588)
(-0.686614 0 -17.5325)
(-0.186276 0 -17.755)
(0.319521 0 -17.7209)
(0.815948 0 -17.4312)
(1.28857 0 -16.8926)
(1.72393 0 -16.1169)
(2.11009 0 -15.1202)
(2.43703 0 -13.9213)
(2.69692 0 -12.5405)
(2.88427 0 -10.9981)
(2.99605 0 -9.31386)
(3.03159 0 -7.50599)
(2.9926 0 -5.59093)
(2.88303 0 -3.58341)
(2.70894 0 -1.49705)
(2.47841 0 0.654758)
(2.20131 0 2.85749)
(1.88918 0 5.09402)
(1.55498 0 7.34324)
(1.21294 0 9.57877)
(0.878539 0 11.7678)
(0.568332 0 13.8704)
(0.299787 0 15.8377)
(0.0906493 0 17.6111)
(-0.0428645 0 19.1182)
(-0.0909143 0 20.2711)
(-0.0607063 0 20.9699)
(0.0124743 0 21.1312)
(0.0723388 0 20.7328)
(0.0694397 0 19.8295)
(-0.0182228 0 18.5174)
(-0.188563 0 16.8929)
(-0.427995 0 15.0368)
(-0.719308 0 13.015)
(-1.0448 0 10.8815)
(-1.38739 0 8.68096)
(-1.73106 0 6.44982)
(-2.06091 0 4.21767)
(-2.36329 0 2.00804)
(-2.62589 0 -0.160347)
(-2.83787 0 -2.27225)
(-2.99009 0 -4.31449)
(-3.07529 0 -6.27443)
(-3.0882 0 -8.13882)
(-3.02568 0 -9.89297)
(-2.88683 0 -11.5204)
(-2.67306 0 -13.0027)
(-2.38818 0 -14.3204)
(-2.03835 0 -15.453)
(-1.63203 0 -16.381)
(-1.17975 0 -17.0863)
(-0.693846 0 -17.554)
(-0.188015 0 -17.7736)
(0.194677 0 -18.1469)
(0.495248 0 -17.8458)
(0.776973 0 -17.2864)
(1.02934 0 -16.4816)
(1.2432 0 -15.4491)
(1.41109 0 -14.2091)
(1.5275 0 -12.784)
(1.58898 0 -11.1961)
(1.59418 0 -9.46707)
(1.54391 0 -7.61696)
(1.44101 0 -5.66397)
(1.29036 0 -3.62442)
(1.0987 0 -1.51326)
(0.874586 0 0.655059)
(0.628163 0 2.86532)
(0.37096 0 5.10011)
(0.115631 0 7.33834)
(-0.124256 0 9.55397)
(-0.334457 0 11.7148)
(-0.500345 0 13.7817)
(-0.607397 0 15.7077)
(-0.642109 0 17.4372)
(-0.593871 0 18.9047)
(-0.458795 0 20.0351)
(-0.246656 0 20.7484)
(0.0118227 0 20.9771)
(0.268283 0 20.6955)
(0.475244 0 19.9336)
(0.603785 0 18.7608)
(0.645586 0 17.2571)
(0.605335 0 15.4967)
(0.494019 0 13.5441)
(0.325312 0 11.4542)
(0.113807 0 9.27337)
(-0.125851 0 7.04014)
(-0.37942 0 4.78646)
(-0.633363 0 2.53824)
(-0.875081 0 0.31666)
(-1.09314 0 -1.86056)
(-1.27752 0 -3.97765)
(-1.41989 0 -6.01942)
(-1.51374 0 -7.97003)
(-1.5545 0 -9.81219)
(-1.53966 0 -11.5268)
(-1.46885 0 -13.0928)
(-1.34383 0 -14.4882)
(-1.16854 0 -15.6899)
(-0.948977 0 -16.676)
(-0.693061 0 -17.4264)
(-0.410358 0 -17.9244)
(-0.111698 0 -18.1584)
(0.191314 0 -18.1226)
(0.486859 0 -17.8179)
(0.763483 0 -17.2517)
(1.01065 0 -16.4371)
(1.21919 0 -15.3918)
(1.38168 0 -14.1366)
(1.49265 0 -12.6938)
(1.54873 0 -11.0862)
(1.54873 0 -9.33586)
(1.49359 0 -7.46313)
(1.38638 0 -5.4867)
(1.23218 0 -3.42342)
(1.03801 0 -1.28886)
(0.812667 0 0.901749)
(0.56657 0 3.13227)
(0.311482 0 5.3842)
(0.0602747 0 7.63523)
(-0.173307 0 9.85795)
(-0.374882 0 12.0188)
(-0.529764 0 14.0771)
(-0.623493 0 15.9845)
(-0.642881 0 17.6835)
(-0.578152 0 19.1071)
(-0.427274 0 20.1788)
(-0.203444 0 20.8191)
(0.0586113 0 20.9661)
(0.309019 0 20.6042)
(0.502777 0 19.7728)
(0.61506 0 18.5452)
(0.640546 0 17.0013)
(0.585445 0 15.2137)
(0.461402 0 13.2453)
(0.282324 0 11.1492)
(0.0628248 0 8.97026)
(-0.182533 0 6.74571)
(-0.439658 0 4.50602)
(-0.695202 0 2.2758)
(-0.936789 0 0.0750307)
(-1.15323 0 -2.07959)
(-1.33477 0 -4.17319)
(-1.47333 0 -6.1913)
(-1.56266 0 -8.11867)
(-1.59841 0 -9.93851)
(-1.57826 0 -11.6321)
(-1.50199 0 -13.179)
(-1.3715 0 -14.5572)
(-1.19079 0 -15.7442)
(-0.965919 0 -16.7182)
(-0.704809 0 -17.4594)
(-0.417015 0 -17.9513)
(-0.113333 0 -18.1823)
(0.0627133 0 -18.3485)
(0.156761 0 -18.036)
(0.237355 0 -17.4559)
(0.297176 0 -16.622)
(0.330085 0 -15.5534)
(0.331395 0 -14.2722)
(0.298059 0 -12.8024)
(0.22877 0 -11.1685)
(0.124011 0 -9.39404)
(-0.0139448 0 -7.50101)
(-0.181058 0 -5.50954)
(-0.371569 0 -3.43777)
(-0.578072 0 -1.30239)
(-0.791627 0 0.880578)
(-1.00195 0 3.09455)
(-1.19768 0 5.321)
(-1.36669 0 7.53804)
(-1.49636 0 9.71906)
(-1.57396 0 11.8317)
(-1.58717 0 13.8371)
(-1.52474 0 15.6895)
(-1.37763 0 17.3359)
(-1.14101 0 18.7165)
(-0.817465 0 19.766)
(-0.421753 0 20.42)
(0.0153393 0 20.6278)
(0.450586 0 20.3706)
(0.841378 0 19.6703)
(1.15826 0 18.5793)
(1.38767 0 17.1624)
(1.52782 0 15.4843)
(1.58403 0 13.6042)
(1.56558 0 11.5745)
(1.48387 0 9.44051)
(1.35133 0 7.24049)
(1.18072 0 5.00659)
(0.984668 0 2.76532)
(0.775286 0 0.538701)
(0.563876 0 -1.6544)
(0.360616 0 -3.79679)
(0.174292 0 -5.87165)
(0.0121147 0 -7.86138)
(-0.12039 0 -9.7468)
(-0.219453 0 -11.5068)
(-0.283112 0 -13.1185)
(-0.311227 0 -14.5577)
(-0.305471 0 -15.7995)
(-0.269267 0 -16.82)
(-0.207662 0 -17.5975)
(-0.127118 0 -18.1139)
(-0.035202 0 -18.3567)
(0.0598276 0 -18.3195)
(0.149518 0 -18.0034)
(0.225749 0 -17.4164)
(0.281209 0 -16.5726)
(0.309787 0 -15.4913)
(0.306846 0 -14.1948)
(0.26942 0 -12.7075)
(0.196309 0 -11.0542)
(0.0881372 0 -9.25873)
(-0.0526523 0 -7.34365)
(-0.22182 0 -5.32952)
(-0.413385 0 -3.23504)
(-0.619705 0 -1.07753)
(-0.831601 0 1.12621)
(-1.03857 0 3.35869)
(-1.22906 0 5.60034)
(-1.3908 0 7.82807)
(-1.51108 0 10.014)
(-1.57718 0 12.1244)
(-1.57687 0 14.1191)
(-1.49918 0 15.951)
(-1.33566 0 17.566)
(-1.08249 0 18.903)
(-0.744093 0 19.8965)
(-0.337975 0 20.4835)
(0.10221 0 20.618)
(0.532198 0 20.2885)
(0.911087 0 19.5238)
(1.21242 0 18.38)
(1.42517 0 16.9227)
(1.54913 0 15.2161)
(1.5905 0 13.3182)
(1.55905 0 11.2802)
(1.4664 0 9.14586)
(1.32504 0 6.95233)
(1.14772 0 4.73036)
(0.946952 0 2.50518)
(0.734696 0 0.297687)
(0.522057 0 -1.87427)
(0.318988 0 -3.99438)
(0.134032 0 -6.04654)
(-0.0258347 0 -8.01375)
(-0.155304 0 -9.87738)
(-0.2508 0 -11.6168)
(-0.310525 0 -13.2095)
(-0.334471 0 -14.6316)
(-0.324414 0 -15.8586)
(-0.283847 0 -16.867)
(-0.217864 0 -17.6352)
(-0.132948 0 -18.1455)
(-0.0366714 0 -18.3853)
(-0.0716652 0 -18.3403)
(-0.187758 0 -18.0204)
(-0.311396 0 -17.4268)
(-0.446427 0 -16.5744)
(-0.595745 0 -15.4833)
(-0.761098 0 -14.1771)
(-0.942961 0 -12.6814)
(-1.14047 0 -11.0221)
(-1.35137 0 -9.22436)
(-1.57202 0 -7.31189)
(-1.79739 0 -5.30635)
(-2.02106 0 -3.22741)
(-2.2353 0 -1.0932)
(-2.43113 0 1.07895)
(-2.59855 0 3.2714)
(-2.7268 0 5.46488)
(-2.80473 0 7.63706)
(-2.82113 0 9.76129)
(-2.76526 0 11.8057)
(-2.62742 0 13.7326)
(-2.39984 0 15.4983)
(-2.07788 0 17.0536)
(-1.66182 0 18.3447)
(-1.15945 0 19.3159)
(-0.589078 0 19.9153)
(0.0187983 0 20.1044)
(0.624947 0 19.8692)
(1.19056 0 19.226)
(1.68613 0 18.2147)
(2.09431 0 16.8876)
(2.40808 0 15.3004)
(2.62766 0 13.5065)
(2.75803 0 11.5545)
(2.80717 0 9.48766)
(2.78492 0 7.34333)
(2.7021 0 5.15315)
(2.56998 0 2.9437)
(2.39972 0 0.737465)
(2.20204 0 -1.44588)
(1.9869 0 -3.58807)
(1.76316 0 -5.67092)
(1.53842 0 -7.67535)
(1.31893 0 -9.58063)
(1.10956 0 -11.3641)
(0.913739 0 -13.0011)
(0.73349 0 -14.4658)
(0.569439 0 -15.7319)
(0.42086 0 -16.7739)
(0.285761 0 -17.5686)
(0.161027 0 -18.0969)
(0.0426486 0 -18.3454)
(-0.0739727 0 -18.3073)
(-0.193603 0 -17.9838)
(-0.320719 0 -17.3834)
(-0.459121 0 -16.5212)
(-0.611644 0 -15.4175)
(-0.779957 0 -14.0962)
(-0.964434 0 -12.5833)
(-1.16408 0 -10.905)
(-1.37651 0 -9.0869)
(-1.5979 0 -7.15318)
(-1.82303 0 -5.12597)
(-2.04527 0 -3.02554)
(-2.25668 0 -0.87064)
(-2.44808 0 1.32062)
(-2.60929 0 3.52975)
(-2.72942 0 5.73646)
(-2.79725 0 7.91729)
(-2.80159 0 10.0444)
(-2.7318 0 12.0847)
(-2.57845 0 13.9992)
(-2.33421 0 15.7434)
(-1.99518 0 17.267)
(-1.56278 0 18.5157)
(-1.04647 0 19.4343)
(-0.466746 0 19.9724)
(0.143842 0 20.0955)
(0.745359 0 19.7951)
(1.30017 0 19.0926)
(1.78095 0 18.0313)
(2.17244 0 16.6647)
(2.46915 0 15.0485)
(2.67232 0 13.2354)
(2.78756 0 11.2734)
(2.82325 0 9.20431)
(2.78945 0 7.06443)
(2.69706 0 4.88413)
(2.55734 0 2.68884)
(2.38136 0 0.499938)
(2.17971 0 -1.66388)
(1.96214 0 -3.78517)
(1.73732 0 -5.84648)
(1.51264 0 -7.82933)
(1.29414 0 -9.71355)
(1.08649 0 -11.4769)
(0.89297 0 -13.0953)
(0.715455 0 -14.5433)
(0.554451 0 -15.7948)
(0.40914 0 -16.8248)
(0.277455 0 -17.6103)
(0.156225 0 -18.1325)
(0.041396 0 -18.378)
(-0.20741 0 -18.1194)
(-0.535627 0 -17.7963)
(-0.865038 0 -17.1972)
(-1.19579 0 -16.3377)
(-1.52734 0 -15.2387)
(-1.85839 0 -13.925)
(-2.18676 0 -12.4231)
(-2.50941 0 -10.7601)
(-2.82239 0 -8.96249)
(-3.12082 0 -7.055)
(-3.39884 0 -5.0605)
(-3.64965 0 -2.99986)
(-3.86545 0 -0.892307)
(-4.03759 0 1.24384)
(-4.1567 0 3.39023)
(-4.21305 0 5.52721)
(-4.19684 0 7.63241)
(-4.09864 0 9.67964)
(-3.90998 0 11.638)
(-3.62404 0 13.4718)
(-3.23651 0 15.1401)
(-2.74684 0 16.598)
(-2.15973 0 17.7981)
(-1.48707 0 18.6932)
(-0.749677 0 19.2416)
(0.0223453 0 19.4136)
(0.792707 0 19.1987)
(1.52542 0 18.6091)
(2.1911 0 17.6756)
(2.76974 0 16.4405)
(3.25012 0 14.951)
(3.62805 0 13.2543)
(3.90445 0 11.3951)
(4.08389 0 9.41367)
(4.17338 0 7.3456)
(4.18151 0 5.22156)
(4.11779 0 3.06772)
(3.99205 0 0.906649)
(3.81405 0 -1.24157)
(3.59311 0 -3.3579)
(3.33786 0 -5.42317)
(3.05599 0 -7.41716)
(2.75427 0 -9.31794)
(2.43845 0 -11.1016)
(2.11334 0 -12.7425)
(1.78279 0 -14.2134)
(1.44973 0 -15.4869)
(1.11622 0 -16.5363)
(0.783458 0 -17.3376)
(0.451877 0 -17.8708)
(0.121258 0 -18.1217)
(-0.209062 0 -18.0833)
(-0.539885 0 -17.7567)
(-0.871778 0 -17.1509)
(-1.2048 0 -16.2817)
(-1.53834 0 -15.1704)
(-1.87095 0 -13.842)
(-2.20038 0 -12.3234)
(-2.52343 0 -10.6421)
(-2.836 0 -8.82491)
(-3.13305 0 -6.89714)
(-3.40854 0 -4.88215)
(-3.65548 0 -2.80138)
(-3.8659 0 -0.674705)
(-4.03097 0 1.47883)
(-4.14122 0 3.64004)
(-4.18683 0 5.78833)
(-4.15801 0 7.90028)
(-4.04545 0 9.94858)
(-3.8409 0 11.9013)
(-3.53789 0 13.7216)
(-3.1327 0 15.3679)
(-2.62561 0 16.7946)
(-2.02247 0 17.9543)
(-1.33668 0 18.8004)
(-0.590773 0 19.293)
(0.183672 0 19.4056)
(0.949881 0 19.132)
(1.67267 0 18.4882)
(2.32428 0 17.5078)
(2.88637 0 16.2346)
(3.34916 0 14.7163)
(3.70951 0 12.9999)
(3.9691 0 11.1293)
(4.13301 0 9.14402)
(4.20857 0 7.07856)
(4.20459 0 4.96249)
(4.13063 0 2.82091)
(3.99652 0 0.675332)
(3.81191 0 -1.45505)
(3.58602 0 -3.552)
(3.32728 0 -5.59704)
(3.04321 0 -7.57057)
(2.74039 0 -9.45123)
(2.4244 0 -11.2156)
(2.09988 0 -12.8384)
(1.77053 0 -14.293)
(1.43917 0 -15.5523)
(1.10773 0 -16.59)
(0.77731 0 -17.3823)
(0.448252 0 -17.9095)
(0.120259 0 -18.1574)
(-0.34334 0 -17.6844)
(-0.883836 0 -17.3628)
(-1.41883 0 -16.7666)
(-1.94458 0 -15.9121)
(-2.45701 0 -14.8207)
(-2.95166 0 -13.5177)
(-3.42369 0 -12.0304)
(-3.86791 0 -10.3864)
(-4.27875 0 -8.61295)
(-4.65018 0 -6.73544)
(-4.97572 0 -4.77752)
(-5.24837 0 -2.7608)
(-5.46057 0 -0.705245)
(-5.60425 0 1.37021)
(-5.67105 0 3.44688)
(-5.65254 0 5.50504)
(-5.5406 0 7.52268)
(-5.32789 0 9.47449)
(-5.0084 0 11.3311)
(-4.57823 0 13.0591)
(-4.03646 0 14.6211)
(-3.38624 0 15.9768)
(-2.63606 0 17.0849)
(-1.80102 0 17.9058)
(-0.903748 0 18.4058)
(0.0260657 0 18.5618)
(0.95425 0 18.366)
(1.84686 0 17.8275)
(2.67471 0 16.9703)
(3.41586 0 15.8287)
(4.05577 0 14.4422)
(4.58648 0 12.8522)
(5.0052 0 11.0987)
(5.31314 0 9.21878)
(5.51442 0 7.24574)
(5.61518 0 5.20876)
(5.62287 0 3.13318)
(5.5457 0 1.04122)
(5.39211 0 -1.04693)
(5.17051 0 -3.11187)
(4.88894 0 -5.13381)
(4.55499 0 -7.09177)
(4.17566 0 -8.96308)
(3.75748 0 -10.7231)
(3.3065 0 -12.3454)
(2.82833 0 -13.8022)
(2.32821 0 -15.0653)
(1.81102 0 -16.1076)
(1.28123 0 -16.9042)
(0.742952 0 -17.4347)
(0.199954 0 -17.6844)
(-0.344287 0 -17.6462)
(-0.886382 0 -17.3211)
(-1.42279 0 -16.7185)
(-1.94965 0 -15.8546)
(-2.46277 0 -14.7513)
(-2.95755 0 -13.4342)
(-3.42904 0 -11.9308)
(-3.87188 0 -10.2693)
(-4.28036 0 -8.47728)
(-4.64831 0 -6.58064)
(-4.96907 0 -4.60354)
(-5.23549 0 -2.56817)
(-5.43987 0 -0.495128)
(-5.57402 0 1.59596)
(-5.62951 0 3.68563)
(-5.59791 0 5.75328)
(-5.47117 0 7.77595)
(-5.24214 0 9.72732)
(-4.90512 0 11.5772)
(-4.45668 0 13.2911)
(-3.89656 0 14.8312)
(-3.22879 0 16.1568)
(-2.46295 0 17.2268)
(-1.61548 0 18.0025)
(-0.71034 0 18.452)
(0.221678 0 18.5547)
(1.14608 0 18.306)
(2.02947 0 17.7182)
(2.84389 0 16.8176)
(3.56873 0 15.6399)
(4.19077 0 14.2254)
(4.70305 0 12.6156)
(5.10363 0 10.8499)
(5.39432 0 8.96488)
(5.57964 0 6.99287)
(5.66603 0 4.9621)
(5.66109 0 2.89694)
(5.57308 0 0.818671)
(5.41042 0 -1.25337)
(5.18143 0 -3.30053)
(4.89404 0 -5.30367)
(4.55565 0 -7.24245)
(4.17315 0 -9.09474)
(3.75288 0 -10.8364)
(3.30075 0 -12.4415)
(2.82222 0 -13.8826)
(2.32239 0 -15.132)
(1.806 0 -16.1629)
(1.2774 0 -16.9508)
(0.740602 0 -17.4754)
(0.199231 0 -17.7224)
(-0.478094 0 -17.0363)
(-1.22891 0 -16.7208)
(-1.9673 0 -16.1364)
(-2.68554 0 -15.2995)
(-3.37594 0 -14.2316)
(-4.03084 0 -12.9583)
(-4.64278 0 -11.5068)
(-5.20445 0 -9.90507)
(-5.70871 0 -8.18023)
(-6.14854 0 -6.35802)
(-6.51697 0 -4.4623)
(-6.80697 0 -2.51501)
(-7.01143 0 -0.536415)
(-7.12315 0 1.45433)
(-7.13499 0 3.43854)
(-7.04011 0 5.3968)
(-6.8323 0 7.3078)
(-6.50646 0 9.14747)
(-6.05917 0 10.8884)
(-5.48946 0 12.4998)
(-4.79963 0 13.9481)
(-3.99618 0 15.1976)
(-3.09079 0 16.2128)
(-2.10112 0 16.9609)
(-1.05106 0 17.4144)
(0.0299997 0 17.5555)
(1.10944 0 17.3778)
(2.15479 0 16.8886)
(3.13706 0 16.1066)
(4.03288 0 15.0595)
(4.82511 0 13.7804)
(5.50253 0 12.305)
(6.05901 0 10.6685)
(6.49255 0 8.90448)
(6.80436 0 7.0436)
(6.998 0 5.11312)
(7.07872 0 3.13721)
(7.0528 0 1.13742)
(6.92717 0 -0.866363)
(6.70901 0 -2.85473)
(6.40559 0 -4.80765)
(6.02412 0 -6.70388)
(5.57172 0 -8.52044)
(5.05552 0 -10.2325)
(4.48269 0 -11.8133)
(3.86056 0 -13.2351)
(3.19663 0 -14.4695)
(2.49857 0 -15.4893)
(1.7742 0 -16.2696)
(1.03138 0 -16.7895)
(0.277958 0 -17.0344)
(-0.478309 0 -16.9969)
(-1.22969 0 -16.6782)
(-1.96839 0 -16.0876)
(-2.68655 0 -15.2417)
(-3.37632 0 -14.1625)
(-4.02991 0 -12.8757)
(-4.6397 0 -11.4091)
(-5.19822 0 -9.79077)
(-5.69821 0 -8.04849)
(-6.1325 0 -6.20843)
(-6.49397 0 -4.29496)
(-6.77548 0 -2.33058)
(-6.96982 0 -0.336161)
(-7.06972 0 1.66848)
(-7.06801 0 3.66395)
(-6.95794 0 5.63003)
(-6.73342 0 7.54455)
(-6.3896 0 9.38257)
(-5.92347 0 11.1159)
(-5.33458 0 12.7131)
(-4.62593 0 14.14)
(-3.80492 0 15.361)
(-2.88426 0 16.3409)
(-1.88274 0 17.0477)
(-0.825342 0 17.4558)
(0.25776 0 17.5491)
(1.3337 0 17.3241)
(2.3704 0 16.7903)
(3.3398 0 15.9685)
(4.21961 0 14.8877)
(4.99384 0 13.582)
(5.65225 0 12.0871)
(6.18955 0 10.4381)
(6.60442 0 8.66805)
(6.89853 0 6.80688)
(7.07583 0 4.88106)
(7.14176 0 2.91387)
(7.10274 0 0.926014)
(6.96573 0 -1.06339)
(6.73788 0 -3.03561)
(6.42638 0 -4.97126)
(6.03832 0 -6.84969)
(5.58071 0 -8.64846)
(5.06052 0 -10.3432)
(4.48481 0 -11.9078)
(3.86074 0 -13.3147)
(3.19567 0 -14.5361)
(2.49713 0 -15.545)
(1.77279 0 -16.3169)
(1.03036 0 -16.8313)
(0.277522 0 -17.0735)
(-0.610093 0 -16.178)
(-1.56684 0 -15.8736)
(-2.50414 0 -15.31)
(-3.41027 0 -14.5034)
(-4.27391 0 -13.4754)
(-5.08428 0 -12.2508)
(-5.8313 0 -10.8568)
(-6.5056 0 -9.3205)
(-7.0986 0 -7.66886)
(-7.60235 0 -5.92718)
(-8.0095 0 -4.11909)
(-8.31318 0 -2.26633)
(-8.50686 0 -0.389053)
(-8.58439 0 1.49378)
(-8.54005 0 3.36385)
(-8.36876 0 5.20237)
(-8.06636 0 6.98906)
(-7.63011 0 8.70138)
(-7.05922 0 10.3142)
(-6.35558 0 11.7996)
(-5.52452 0 13.1278)
(-4.57552 0 14.268)
(-3.52298 0 15.1898)
(-2.38658 0 15.866)
(-1.19116 0 16.2746)
(0.0341485 0 16.4012)
(1.25783 0 16.2411)
(2.44846 0 15.7998)
(3.57724 0 15.0922)
(4.61971 0 14.1406)
(5.55664 0 12.9725)
(6.37406 0 11.6183)
(7.06282 0 10.1087)
(7.6179 0 8.47346)
(8.03765 0 6.74032)
(8.32302 0 4.93442)
(8.4769 0 3.07839)
(8.50354 0 1.19278)
(8.40814 0 -0.703124)
(8.19651 0 -2.5903)
(7.87495 0 -4.44892)
(7.45011 0 -6.2579)
(6.92911 0 -7.99448)
(6.31955 0 -9.63408)
(5.62965 0 -11.1504)
(4.86836 0 -12.5161)
(4.04538 0 -13.7033)
(3.17114 0 -14.6851)
(2.25675 0 -15.437)
(1.31384 0 -15.9384)
(0.354364 0 -16.1747)
(-0.609573 0 -16.1385)
(-1.56584 0 -15.831)
(-2.50235 0 -15.2616)
(-3.40722 0 -14.4467)
(-4.26894 0 -13.4079)
(-5.07657 0 -12.1708)
(-5.81986 0 -10.7625)
(-6.48931 0 -9.21082)
(-7.07618 0 -7.54301)
(-7.57241 0 -5.78488)
(-7.97054 0 -3.96055)
(-8.2636 0 -2.09231)
(-8.44501 0 -0.200881)
(-8.5086 0 1.69417)
(-8.4487 0 3.57387)
(-8.26033 0 5.4187)
(-7.93955 0 7.20763)
(-7.48393 0 8.9174)
(-6.89313 0 10.5222)
(-6.16962 0 11.9936)
(-5.31945 0 13.3015)
(-4.35297 0 14.4151)
(-3.28553 0 15.3045)
(-2.13778 0 15.9435)
(-0.935434 0 16.3114)
(0.291787 0 16.3956)
(1.51218 0 16.1933)
(2.69463 0 15.712)
(3.81102 0 14.9683)
(4.83779 0 13.9858)
(5.7567 0 12.7928)
(6.55471 0 11.4199)
(7.2235 0 9.89777)
(7.75874 0 8.25593)
(8.15932 0 6.52149)
(8.42661 0 4.71889)
(8.56377 0 2.87003)
(8.57526 0 0.994712)
(8.46634 0 -0.888498)
(8.24286 0 -2.76118)
(7.91108 0 -4.60412)
(7.47759 0 -6.39678)
(6.94942 0 -8.11693)
(6.33404 0 -9.7405)
(5.63956 0 -11.2417)
(4.87479 0 -12.5934)
(4.04926 0 -13.7684)
(3.17327 0 -14.74)
(2.25774 0 -15.484)
(1.31413 0 -15.9801)
(0.354213 0 -16.2139)
(-0.737525 0 -15.1152)
(-1.89301 0 -14.8268)
(-3.02208 0 -14.293)
(-4.1091 0 -13.5297)
(-5.13918 0 -12.5576)
(-6.09851 0 -11.4009)
(-6.97446 0 -10.0855)
(-7.75575 0 -8.63776)
(-8.43238 0 -7.08348)
(-8.9956 0 -5.44711)
(-9.43778 0 -3.75147)
(-9.75225 0 -2.01765)
(-9.93321 0 -0.265193)
(-9.97565 0 1.48753)
(-9.87539 0 3.22292)
(-9.62919 0 4.92312)
(-9.23503 0 6.56916)
(-8.69255 0 8.14034)
(-8.00357 0 9.61389)
(-7.17274 0 10.9651)
(-6.20815 0 12.168)
(-5.12198 0 13.196)
(-3.93088 0 14.0238)
(-2.65615 0 14.629)
(-1.32339 0 14.9936)
(0.0384756 0 15.1064)
(1.39869 0 14.9634)
(2.72658 0 14.5691)
(3.99344 0 13.9353)
(5.17401 0 13.08)
(6.24735 0 12.026)
(7.19715 0 10.7988)
(8.01159 0 9.42464)
(8.68283 0 7.92967)
(9.20648 0 6.3385)
(9.58087 0 4.67389)
(9.80653 0 2.9567)
(9.8856 0 1.20619)
(9.82143 0 -0.559323)
(9.61838 0 -2.32153)
(9.28163 0 -4.06125)
(8.81723 0 -5.75804)
(8.23215 0 -7.38987)
(7.53439 0 -8.933)
(6.73314 0 -10.3621)
(5.83887 0 -11.6508)
(4.86337 0 -12.7723)
(3.81976 0 -13.7007)
(2.72237 0 -14.4122)
(1.58648 0 -14.8871)
(0.42813 0 -15.111)
(-0.736289 0 -15.0767)
(-1.89028 0 -14.7854)
(-3.01751 0 -14.2462)
(-4.10212 0 -13.4751)
(-5.12904 0 -12.4932)
(-6.08425 0 -11.3248)
(-6.95498 0 -9.99631)
(-7.72978 0 -8.53444)
(-8.39853 0 -6.96539)
(-8.95237 0 -5.31407)
(-9.38358 0 -3.60377)
(-9.68544 0 -1.85611)
(-9.85215 0 -0.0911502)
(-9.87872 0 1.67218)
(-9.76108 0 3.41569)
(-9.49615 0 5.1209)
(-9.08217 0 6.76816)
(-8.51915 0 8.33615)
(-7.80939 0 9.80159)
(-6.95816 0 11.1394)
(-5.97429 0 12.3233)
(-4.87075 0 13.327)
(-3.66509 0 14.1257)
(-2.37943 0 14.6976)
(-1.04007 0 15.0261)
(0.323609 0 15.1014)
(1.68071 0 14.9212)
(3.00079 0 14.4914)
(4.25566 0 13.8253)
(5.42083 0 12.942)
(6.4762 0 11.8651)
(7.40632 0 10.6203)
(8.20017 0 9.23406)
(8.85062 0 7.73225)
(9.35384 0 6.13903)
(9.70864 0 4.47662)
(9.91587 0 2.76523)
(9.97792 0 1.02345)
(9.89828 0 -0.73098)
(9.68137 0 -2.48034)
(9.33241 0 -4.20599)
(8.85742 0 -5.88803)
(8.26331 0 -7.5049)
(7.558 0 -9.03335)
(6.75056 0 -10.4485)
(5.85132 0 -11.7244)
(4.87194 0 -12.8346)
(3.82535 0 -13.7535)
(2.72568 0 -14.4578)
(1.58805 0 -14.9277)
(0.428254 0 -15.1493)
(-0.858358 0 -13.8567)
(-2.20223 0 -13.589)
(-3.51296 0 -13.0939)
(-4.77113 0 -12.3863)
(-5.95846 0 -11.4859)
(-7.05822 0 -10.4155)
(-8.05543 0 -9.1995)
(-8.93696 0 -7.86258)
(-9.69153 0 -6.429)
(-10.3097 0 -4.92178)
(-10.7835 0 -3.36244)
(-11.1066 0 -1.7709)
(-11.274 0 -0.165643)
(-11.2818 0 1.43597)
(-11.1274 0 3.0174)
(-10.8095 0 4.56202)
(-10.3281 0 6.05242)
(-9.68519 0 7.46992)
(-8.88517 0 8.79435)
(-7.93524 0 10.0042)
(-6.84604 0 11.077)
(-5.63205 0 11.9906)
(-4.31187 0 12.7239)
(-2.90809 0 13.2584)
(-1.44688 0 13.5798)
(0.0429064 0 13.679)
(1.53102 0 13.5529)
(2.98725 0 13.205)
(4.38293 0 12.6447)
(5.69214 0 11.8866)
(6.89258 0 10.9494)
(7.96596 0 9.85404)
(8.8981 0 8.62299)
(9.6786 0 7.27857)
(10.3005 0 5.84229)
(10.7595 0 4.33438)
(11.054 0 2.77368)
(11.1838 0 1.17789)
(11.1506 0 -0.435899)
(10.9571 0 -2.05049)
(10.6075 0 -3.64776)
(10.1071 0 -5.20841)
(9.46266 0 -6.71163)
(8.68257 0 -8.13506)
(7.77686 0 -9.45491)
(6.75742 0 -10.6463)
(5.63803 0 -11.6842)
(4.43433 0 -12.5441)
(3.16371 0 -13.2037)
(1.84499 0 -13.6442)
(0.498083 0 -13.8519)
(-0.856444 0 -13.8201)
(-2.19787 0 -13.5498)
(-3.50576 0 -13.0497)
(-4.76045 0 -12.3351)
(-5.94344 0 -11.4258)
(-7.03782 0 -10.3448)
(-8.02841 0 -9.11694)
(-8.90193 0 -7.76727)
(-9.647 0 -6.32041)
(-10.254 0 -4.79983)
(-10.7151 0 -3.22748)
(-11.0238 0 -1.62374)
(-11.1751 0 -0.00759602)
(-11.1653 0 1.60311)
(-10.9919 0 3.1913)
(-10.6538 0 4.7398)
(-10.1513 0 6.23064)
(-9.48692 0 7.64462)
(-8.66542 0 8.96116)
(-7.6947 0 10.1584)
(-6.5861 0 11.214)
(-5.35488 0 12.1058)
(-4.02042 0 12.8131)
(-2.60604 0 13.3184)
(-1.13848 0 13.6082)
(0.353046 0 13.6747)
(1.83817 0 13.516)
(3.28687 0 13.137)
(4.6709 0 12.5482)
(5.96498 0 11.7652)
(7.14752 0 10.8073)
(8.20104 0 9.69587)
(9.11211 0 8.45346)
(9.87103 0 7.10226)
(10.4714 0 5.66348)
(10.9095 0 4.15687)
(11.184 0 2.60077)
(11.2952 0 1.01231)
(11.2447 0 -0.591946)
(11.0356 0 -2.19531)
(10.6719 0 -3.78017)
(10.1591 0 -5.32768)
(9.50398 0 -6.81751)
(8.71472 0 -8.22774)
(7.80131 0 -9.53498)
(6.77553 0 -10.7148)
(5.65099 0 -11.7424)
(4.44317 0 -12.5937)
(3.16922 0 -13.2467)
(1.84776 0 -13.6827)
(0.498462 0 -13.8883)
(-0.970361 0 -12.4145)
(-2.48882 0 -12.1721)
(-3.96781 0 -11.7241)
(-5.38436 0 -11.0842)
(-6.71706 0 -10.2705)
(-7.94648 0 -9.30389)
(-9.05544 0 -8.20674)
(-10.0292 0 -7.00165)
(-10.8552 0 -5.71077)
(-11.5233 0 -4.35517)
(-12.0256 0 -2.95453)
(-12.3558 0 -1.52715)
(-12.5098 0 -0.0899988)
(-12.4848 0 1.34098)
(-12.2796 0 2.75061)
(-11.8949 0 4.12379)
(-11.3326 0 5.44489)
(-10.5969 0 6.69744)
(-9.69468 0 7.86393)
(-8.63539 0 8.92598)
(-7.43195 0 9.86476)
(-6.10085 0 10.6618)
(-4.66229 0 11.2998)
(-3.13993 0 11.7639)
(-1.56044 0 12.0425)
(0.0473269 0 12.1284)
(1.65339 0 12.019)
(3.22779 0 11.7171)
(4.74182 0 11.2303)
(6.16899 0 10.5703)
(7.48588 0 9.75218)
(8.67256 0 8.79323)
(9.71278 0 7.71199)
(10.5939 0 6.52731)
(11.3065 0 5.25758)
(11.8441 0 3.9204)
(12.2026 0 2.53243)
(12.38 0 1.10956)
(12.3762 0 -0.332651)
(12.1924 0 -1.77845)
(11.8317 0 -3.2112)
(11.2988 0 -4.61319)
(10.6001 0 -5.96534)
(9.74449 0 -7.24718)
(8.74263 0 -8.43695)
(7.60775 0 -9.51195)
(6.35545 0 -10.4492)
(5.0037 0 -11.2263)
(3.57271 0 -11.8229)
(2.0846 0 -12.2215)
(0.562933 0 -12.4095)
(-0.967822 0 -12.3807)
(-2.48296 0 -12.136)
(-3.9582 0 -11.6836)
(-5.37029 0 -11.0374)
(-6.69759 0 -10.2158)
(-7.92046 0 -9.23982)
(-9.02153 0 -8.13219)
(-9.98586 0 -6.91585)
(-10.8009 0 -5.6133)
(-11.4564 0 -4.24598)
(-11.9443 0 -2.83401)
(-12.2585 0 -1.39609)
(-12.3948 0 0.0503798)
(-12.3506 0 1.48902)
(-12.1251 0 2.90419)
(-11.7188 0 4.28031)
(-11.1344 0 5.60129)
(-10.3764 0 6.85024)
(-9.4521 0 8.00935)
(-8.37169 0 9.06003)
(-7.14877 0 9.98345)
(-5.80057 0 10.7613)
(-4.34796 0 11.3767)
(-2.81524 0 11.8155)
(-1.22959 0 12.067)
(0.379866 0 12.1247)
(1.98303 0 11.9873)
(3.55012 0 11.6586)
(5.05275 0 11.1471)
(6.465 0 10.4653)
(7.76406 0 9.62898)
(8.93074 0 8.65566)
(9.94951 0 7.56407)
(10.8084 0 6.37296)
(11.4986 0 5.10052)
(12.0141 0 3.76399)
(12.3514 0 2.37959)
(12.5087 0 0.962769)
(12.486 0 -0.471381)
(12.285 0 -1.90754)
(11.9086 0 -3.32954)
(11.3616 0 -4.72006)
(10.6507 0 -6.06047)
(9.78441 0 -7.33068)
(8.7735 0 -8.50931)
(7.63103 0 -9.57403)
(6.37243 0 -10.5022)
(5.01551 0 -11.2717)
(3.58023 0 -11.8623)
(2.08847 0 -12.2569)
(0.563543 0 -12.4431)
(-1.07117 0 -10.8043)
(-2.74674 0 -10.5915)
(-4.37709 0 -10.1983)
(-5.93603 0 -9.63704)
(-7.39931 0 -8.92381)
(-8.74511 0 -8.07715)
(-9.95429 0 -7.11682)
(-11.0106 0 -6.06286)
(-11.9005 0 -4.93483)
(-12.6133 0 -3.75138)
(-13.1407 0 -2.52993)
(-13.4771 0 -1.28669)
(-13.6187 0 -0.0367101)
(-13.5639 0 1.20586)
(-13.3129 0 2.42752)
(-12.868 0 3.61494)
(-12.2329 0 4.7545)
(-11.4141 0 5.83205)
(-10.4203 0 6.8328)
(-9.26324 0 7.74143)
(-7.95769 0 8.54248)
(-6.52186 0 9.22093)
(-4.97726 0 9.7629)
(-3.34843 0 10.1565)
(-1.6625 0 10.3925)
(0.0515822 0 10.4652)
(1.76392 0 10.3724)
(3.44465 0 10.1165)
(5.06491 0 9.70344)
(6.59773 0 9.14252)
(8.01876 0 8.44577)
(9.3067 0 7.62713)
(10.4436 0 6.70166)
(11.4147 0 5.68487)
(12.2087 0 4.59212)
(12.8168 0 3.43829)
(13.2331 0 2.23771)
(13.4535 0 1.00426)
(13.4763 0 -0.248307)
(13.3015 0 -1.506)
(12.9311 0 -2.75408)
(12.3692 0 -3.97682)
(11.6222 0 -5.15735)
(10.6989 0 -6.27755)
(9.61084 0 -7.31816)
(8.37241 0 -8.25914)
(7.00076 0 -9.08014)
(5.51598 0 -9.76136)
(3.94079 0 -10.2846)
(2.30027 0 -10.6344)
(0.621311 0 -10.7995)
(-1.06807 0 -10.7742)
(-2.73955 0 -10.5594)
(-4.36533 0 -10.1624)
(-5.91894 0 -9.59569)
(-7.37588 0 -8.87561)
(-8.71409 0 -8.02088)
(-9.91427 0 -7.05153)
(-10.96 0 -5.98791)
(-11.8376 0 -4.84988)
(-12.5363 0 -3.65644)
(-13.0481 0 -2.42537)
(-13.367 0 -1.17323)
(-13.4895 0 0.0845352)
(-13.4142 0 1.33343)
(-13.1416 0 2.55954)
(-12.6741 0 3.74912)
(-12.016 0 4.8882)
(-11.1742 0 5.96232)
(-10.1579 0 6.95643)
(-8.97938 0 7.8551)
(-7.65429 0 8.64288)
(-6.20143 0 9.30493)
(-4.64294 0 9.82775)
(-3.00394 0 10.2)
(-1.31196 0 10.4131)
(0.403765 0 10.462)
(2.11328 0 10.3457)
(3.78683 0 10.0672)
(5.39589 0 9.63328)
(6.91393 0 9.05387)
(8.31719 0 8.34149)
(9.58502 0 7.5104)
(10.7001 0 6.57581)
(11.6485 0 5.55318)
(12.4194 0 4.45774)
(13.0045 0 3.30409)
(13.3983 0 2.10623)
(13.5973 0 0.877676)
(13.5999 0 -0.368219)
(13.4064 0 -1.61783)
(13.0189 0 -2.85681)
(12.4416 0 -4.06981)
(11.6809 0 -5.2403)
(10.7457 0 -6.35054)
(9.6474 0 -7.38159)
(8.40027 0 -8.31371)
(7.02132 0 -9.12687)
(5.53042 0 -9.80151)
(3.95008 0 -10.3196)
(2.30512 0 -10.666)
(0.622125 0 -10.8294)
(-1.15838 0 -9.0456)
(-2.96984 0 -8.86618)
(-4.73105 0 -8.53477)
(-6.41304 0 -8.06193)
(-7.98911 0 -7.46139)
(-9.43537 0 -6.74891)
(-10.731 0 -5.94128)
(-11.8585 0 -5.05548)
(-12.8036 0 -4.10809)
(-13.5549 0 -3.1149)
(-14.1041 0 -2.0907)
(-14.4458 0 -1.04922)
(-14.5768 0 -0.00322402)
(-14.4963 0 1.03526)
(-14.2059 0 2.05472)
(-13.709 0 3.0438)
(-13.0112 0 3.99108)
(-12.1207 0 4.88485)
(-11.0481 0 5.71305)
(-9.80672 0 6.46332)
(-8.41313 0 7.12337)
(-6.8869 0 7.68133)
(-5.25058 0 8.12634)
(-3.52947 0 8.44911)
(-1.75107 0 8.64251)
(0.0554791 0 8.70196)
(1.86025 0 8.62593)
(3.63332 0 8.41611)
(5.34565 0 8.0772)
(6.96983 0 7.61644)
(8.48073 0 7.04321)
(9.85594 0 6.36841)
(11.0761 0 5.60395)
(12.1248 0 4.76218)
(12.9889 0 3.8555)
(13.6578 0 2.89608)
(14.1238 0 1.89579)
(14.3812 0 0.866306)
(14.427 0 -0.180688)
(14.2599 0 -1.23325)
(13.881 0 -2.27887)
(13.2941 0 -3.30423)
(12.5052 0 -4.29501)
(11.5236 0 -5.23587)
(10.3612 0 -6.11048)
(9.03336 0 -6.90186)
(7.55867 0 -7.59276)
(5.95895 0 -8.16636)
(4.25912 0 -8.60714)
(2.48682 0 -8.90196)
(0.671812 0 -9.04117)
(-1.15479 0 -9.01983)
(-2.96148 0 -8.83874)
(-4.71742 0 -8.50417)
(-6.39333 0 -8.02683)
(-7.96225 0 -7.4206)
(-9.40006 0 -6.70144)
(-10.6858 0 -5.88633)
(-11.8016 0 -4.99254)
(-12.7333 0 -4.0369)
(-13.4694 0 -3.03549)
(-14.0018 0 -2.0034)
(-14.3248 0 -0.954664)
(-14.4355 0 0.0976383)
(-14.3335 0 1.14118)
(-14.0204 0 2.1641)
(-13.5 0 3.15473)
(-12.7785 0 4.10137)
(-11.8644 0 4.99206)
(-10.7688 0 5.81456)
(-9.50584 0 6.55647)
(-8.09266 0 7.20548)
(-6.54944 0 7.74992)
(-4.89935 0 8.17923)
(-3.16817 0 8.48454)
(-1.38382 0 8.65925)
(0.424357 0 8.69942)
(2.22635 0 8.60419)
(3.99235 0 8.37594)
(5.69359 0 8.01997)
(7.30309 0 7.54403)
(8.79624 0 6.95789)
(10.1513 0 6.27272)
(11.3494 0 5.50055)
(12.3749 0 4.65374)
(13.2152 0 3.74459)
(13.8604 0 2.78506)
(14.303 0 1.78678)
(14.5379 0 0.761142)
(14.5623 0 -0.280494)
(14.3753 0 -1.3265)
(13.9781 0 -2.36469)
(13.3746 0 -3.38205)
(12.571 0 -4.36457)
(11.5763 0 -5.2972)
(10.4026 0 -6.1639)
(9.06517 0 -6.94795)
(7.58231 0 -7.63233)
(5.97568 0 -8.20046)
(4.26997 0 -8.637)
(2.49252 0 -8.92896)
(0.672802 0 -9.06679)
(-1.22961 0 -7.16162)
(-3.15206 0 -7.01881)
(-5.02012 0 -6.75509)
(-6.80254 0 -6.37896)
(-8.47063 0 -5.90147)
(-9.99883 0 -5.33522)
(-11.365 0 -4.69365)
(-12.5506 0 -3.99033)
(-13.5407 0 -3.23851)
(-14.3235 0 -2.4508)
(-14.8907 0 -1.639)
(-15.2369 0 -0.814071)
(-15.3594 0 0.013791)
(-15.2582 0 0.83499)
(-14.9358 0 1.64021)
(-14.3967 0 2.42034)
(-13.6479 0 3.1663)
(-12.699 0 3.8689)
(-11.562 0 4.51878)
(-10.2519 0 5.10649)
(-8.78652 0 5.62267)
(-7.1864 0 6.05838)
(-5.475 0 6.40546)
(-3.67818 0 6.65698)
(-1.82381 0 6.80757)
(0.0587946 0 6.85384)
(1.93958 0 6.79459)
(3.78851 0 6.63111)
(5.57635 0 6.36692)
(7.2753 0 6.00744)
(8.85963 0 5.55966)
(10.306 0 5.03179)
(11.5941 0 4.43279)
(12.706 0 3.77206)
(13.6272 0 3.05913)
(14.3456 0 2.30343)
(14.8519 0 1.51432)
(15.1394 0 0.70107)
(15.2035 0 -0.126923)
(15.0424 0 -0.960037)
(14.6565 0 -1.78828)
(14.0489 0 -2.60103)
(13.2259 0 -3.38685)
(12.1966 0 -4.1335)
(10.9736 0 -4.82795)
(9.57285 0 -5.45662)
(8.01411 0 -6.00572)
(6.32063 0 -6.4618)
(4.51908 0 -6.81242)
(2.63919 0 -7.04702)
(0.713063 0 -7.15782)
(-1.22562 0 -7.14083)
(-3.14273 0 -6.9967)
(-5.00493 0 -6.7305)
(-6.78064 0 -6.35084)
(-8.44092 0 -5.86887)
(-9.95994 0 -5.29737)
(-11.3154 0 -4.64995)
(-12.4886 0 -3.94036)
(-13.4643 0 -3.18209)
(-14.2311 0 -2.38797)
(-14.7804 0 -1.57003)
(-15.107 0 -0.739482)
(-15.2084 0 0.0932446)
(-15.0847 0 0.918294)
(-14.7388 0 1.72609)
(-14.1755 0 2.50728)
(-13.4023 0 3.25257)
(-12.4294 0 3.95261)
(-11.2692 0 4.59792)
(-9.93737 0 5.17898)
(-8.45229 0 5.68648)
(-6.83522 0 6.11162)
(-5.11011 0 6.44648)
(-3.3033 0 6.68443)
(-1.44303 0 6.82055)
(0.441182 0 6.85187)
(2.31922 0 6.77774)
(4.16114 0 6.59998)
(5.93797 0 6.32253)
(7.62231 0 5.95122)
(9.1889 0 5.49334)
(10.615 0 4.95728)
(11.8808 0 4.35214)
(12.9693 0 3.68734)
(13.8662 0 2.97231)
(14.5602 0 2.21637)
(15.0424 0 1.42869)
(15.3065 0 0.618321)
(15.3484 0 -0.205572)
(15.1665 0 -1.03363)
(14.7612 0 -1.85611)
(14.1362 0 -2.66263)
(13.2974 0 -3.44201)
(12.2542 0 -4.18222)
(11.0191 0 -4.87047)
(9.60796 0 -5.49338)
(8.04034 0 -6.03737)
(6.33928 0 -6.48914)
(4.53122 0 -6.83643)
(2.64559 0 -7.06878)
(0.714202 0 -7.17849)
(-1.28267 0 -5.17933)
(-3.2878 0 -5.07567)
(-5.23542 0 -4.88429)
(-7.0926 0 -4.61142)
(-8.82918 0 -4.26511)
(-10.4184 0 -3.85454)
(-11.837 0 -3.3895)
(-13.0659 0 -2.87986)
(-14.0895 0 -2.33526)
(-14.8959 0 -1.76488)
(-15.4766 0 -1.1773)
(-15.8263 0 -0.580498)
(-15.9428 0 0.018143)
(-15.8264 0 0.611641)
(-15.4802 0 1.19313)
(-14.9096 0 1.75592)
(-14.1229 0 2.29341)
(-13.1304 0 2.799)
(-11.9456 0 3.26603)
(-10.5843 0 3.68782)
(-9.06529 0 4.05783)
(-7.41008 0 4.3698)
(-5.64266 0 4.6181)
(-3.7893 0 4.79791)
(-1.87816 0 4.90553)
(0.0612923 0 4.93856)
(1.9989 0 4.8962)
(3.90451 0 4.77933)
(5.74872 0 4.5904)
(7.50344 0 4.33316)
(9.14249 0 4.01246)
(10.642 0 3.63399)
(11.9805 0 3.204)
(13.1396 0 2.72907)
(14.1032 0 2.21595)
(14.8584 0 1.67135)
(15.3948 0 1.10201)
(15.7044 0 0.514677)
(15.7821 0 -0.0837513)
(15.6252 0 -0.6862)
(15.2338 0 -1.28541)
(14.6108 0 -1.87367)
(13.7623 0 -2.44269)
(12.6975 0 -2.98353)
(11.4293 0 -3.48674)
(9.97436 0 -3.94242)
(8.35311 0 -4.34056)
(6.58987 0 -4.67134)
(4.71262 0 -4.9257)
(2.75263 0 -5.09594)
(0.743782 0 -5.17636)
(-1.27835 0 -5.16403)
(-3.27768 0 -5.05942)
(-5.21896 0 -4.86627)
(-7.06895 0 -4.59086)
(-8.79718 0 -4.24132)
(-10.3766 0 -3.82698)
(-11.7839 0 -3.35774)
(-12.9997 0 -2.84361)
(-14.0084 0 -2.2944)
(-14.798 0 -1.71945)
(-15.3601 0 -1.12749)
(-15.6896 0 -0.526689)
(-15.7842 0 0.075399)
(-15.6447 0 0.671597)
(-15.2744 0 1.25485)
(-14.6792 0 1.81832)
(-13.8677 0 2.35524)
(-12.8508 0 2.85891)
(-11.6426 0 3.32259)
(-10.2595 0 3.73957)
(-8.72081 0 4.10333)
(-7.04867 0 4.40774)
(-5.2676 0 4.64731)
(-3.40432 0 4.81746)
(-1.48732 0 4.91476)
(0.453737 0 4.93716)
(2.38862 0 4.88422)
(4.28727 0 4.75718)
(6.12053 0 4.5588)
(7.86069 0 4.2931)
(9.48203 0 3.96515)
(10.9612 0 3.58079)
(12.2774 0 3.14634)
(13.4127 0 2.66841)
(14.3518 0 2.1537)
(15.0821 0 1.60884)
(15.5938 0 1.04043)
(15.8795 0 0.455101)
(15.9343 0 -0.140438)
(15.7559 0 -0.739303)
(15.3445 0 -1.33442)
(14.7033 0 -1.91824)
(13.8383 0 -2.48265)
(12.759 0 -3.01889)
(11.4781 0 -3.51765)
(10.0121 0 -3.9692)
(8.38141 0 -4.36366)
(6.61007 0 -4.69135)
(4.72582 0 -4.94332)
(2.75962 0 -5.11194)
(0.745045 0 -5.19157)
(-1.31563 0 -3.12862)
(-3.3721 0 -3.06591)
(-5.36915 0 -2.95015)
(-7.2728 0 -2.78511)
(-9.05197 0 -2.57565)
(-10.6791 0 -2.32734)
(-12.1305 0 -2.04609)
(-13.3863 0 -1.73789)
(-14.4308 0 -1.40858)
(-15.2519 0 -1.06373)
(-15.841 0 -0.708544)
(-16.1931 0 -0.347849)
(-16.3058 0 0.0138767)
(-16.1798 0 0.372405)
(-15.8186 0 0.723508)
(-15.2283 0 1.06309)
(-14.4176 0 1.38713)
(-13.3978 0 1.69167)
(-12.1829 0 1.97271)
(-10.7896 0 2.22629)
(-9.23733 0 2.44853)
(-7.54795 0 2.63577)
(-5.74591 0 2.7847)
(-3.85771 0 2.89249)
(-1.91165 0 2.95698)
(0.062749 0 2.97677)
(2.03528 0 2.95137)
(3.97575 0 2.88131)
(5.85469 0 2.76801)
(7.64386 0 2.61369)
(9.31683 0 2.42118)
(10.8493 0 2.1938)
(12.2194 0 1.93525)
(13.4079 0 1.64942)
(14.3983 0 1.34031)
(15.1766 0 1.01195)
(15.7318 0 0.668389)
(16.0554 0 0.313749)
(16.1416 0 -0.0477502)
(15.9873 0 -0.411764)
(15.5925 0 -0.7739)
(14.9598 0 -1.12949)
(14.0954 0 -1.4735)
(13.0085 0 -1.80052)
(11.7122 0 -2.10481)
(10.2235 0 -2.38038)
(8.56344 0 -2.62115)
(6.75689 0 -2.82121)
(4.83267 0 -2.97505)
(2.823 0 -3.07802)
(0.762837 0 -3.12666)
(-1.31105 0 -3.1192)
(-3.36137 0 -3.05593)
(-5.35172 0 -2.9391)
(-7.2478 0 -2.77253)
(-9.01823 0 -2.56114)
(-10.6352 0 -2.31056)
(-12.0748 0 -2.0268)
(-13.3171 0 -1.71591)
(-14.3463 0 -1.38385)
(-15.1501 0 -1.03626)
(-15.7203 0 -0.678458)
(-16.0516 0 -0.315379)
(-16.142 0 0.0483956)
(-15.9926 0 0.408514)
(-15.607 0 0.760642)
(-14.9917 0 1.10058)
(-14.156 0 1.42425)
(-13.1117 0 1.72759)
(-11.8733 0 2.00659)
(-10.4582 0 2.25725)
(-8.88624 0 2.47574)
(-7.18002 0 2.65844)
(-5.3644 0 2.80214)
(-3.46634 0 2.90416)
(-1.51446 0 2.96249)
(0.461525 0 2.97593)
(2.43135 0 2.94421)
(4.36491 0 2.86808)
(6.23297 0 2.74914)
(8.00766 0 2.58975)
(9.66298 0 2.39288)
(11.1752 0 2.16196)
(12.5229 0 1.90071)
(13.6876 0 1.61304)
(14.6532 0 1.30293)
(15.4065 0 0.974366)
(15.9368 0 0.631334)
(16.236 0 0.277859)
(16.2989 0 -0.0819299)
(16.1226 0 -0.443815)
(15.7074 0 -0.803509)
(15.056 0 -1.15645)
(14.1747 0 -1.4977)
(13.0728 0 -1.82197)
(11.7634 0 -2.12359)
(10.2633 0 -2.39668)
(8.59333 0 -2.63526)
(6.77829 0 -2.83345)
(4.84669 0 -2.98586)
(2.83045 0 -3.08785)
(0.764203 0 -3.13602)
(-1.32691 0 -1.04447)
(-3.401 0 -1.02353)
(-5.4151 0 -0.984883)
(-7.33487 0 -0.929772)
(-9.12894 0 -0.859825)
(-10.7695 0 -0.776901)
(-12.2324 0 -0.682973)
(-13.4979 0 -0.58004)
(-14.5499 0 -0.470057)
(-15.3763 0 -0.354884)
(-15.9683 0 -0.236265)
(-16.321 0 -0.115817)
(-16.432 0 0.00496328)
(-16.3022 0 0.124662)
(-15.9351 0 0.241852)
(-15.3371 0 0.355153)
(-14.5171 0 0.463225)
(-13.4871 0 0.564739)
(-12.2611 0 0.658373)
(-10.8564 0 0.742813)
(-9.29258 0 0.816784)
(-7.59172 0 0.879078)
(-5.77838 0 0.928606)
(-3.87911 0 0.964443)
(-1.92218 0 0.985878)
(0.0629833 0 0.992452)
(2.04627 0 0.984007)
(3.99759 0 0.960714)
(5.88755 0 0.923044)
(7.68795 0 0.871715)
(9.37231 0 0.807661)
(10.9162 0 0.731976)
(12.2976 0 0.645872)
(13.4969 0 0.550635)
(14.4972 0 0.447588)
(15.2844 0 0.338071)
(15.8469 0 0.223439)
(16.176 0 0.105068)
(16.2656 0 -0.0156197)
(16.1126 0 -0.13716)
(15.7167 0 -0.258085)
(15.0807 0 -0.376832)
(14.2106 0 -0.491718)
(13.1159 0 -0.600933)
(11.8097 0 -0.702555)
(10.3091 0 -0.794582)
(8.63549 0 -0.874986)
(6.81394 0 -0.941787)
(4.87357 0 -0.993156)
(2.84693 0 -1.02753)
(0.769317 0 -1.04378)
(-1.32215 0 -1.04129)
(-3.38983 0 -1.02016)
(-5.39697 0 -0.981153)
(-7.30891 0 -0.925534)
(-9.09399 0 -0.854946)
(-10.7241 0 -0.771269)
(-12.1751 0 -0.676504)
(-13.4268 0 -0.572679)
(-14.4632 0 -0.461779)
(-15.2721 0 -0.345698)
(-15.845 0 -0.226214)
(-16.1767 0 -0.104977)
(-16.2653 0 0.0164798)
(-16.1119 0 0.136701)
(-15.7203 0 0.254224)
(-15.0973 0 0.367638)
(-14.2524 0 0.475575)
(-13.1978 0 0.576685)
(-11.9485 0 0.669631)
(-10.5221 0 0.753098)
(-8.93871 0 0.825816)
(-7.22113 0 0.8866)
(-5.39434 0 0.934392)
(-3.48531 0 0.968313)
(-1.52261 0 0.987706)
(0.464124 0 0.992175)
(2.44473 0 0.981634)
(4.38921 0 0.956326)
(6.2684 0 0.91678)
(8.05444 0 0.863769)
(9.72129 0 0.798266)
(11.245 0 0.721396)
(12.6041 0 0.634389)
(13.7797 0 0.538533)
(14.7553 0 0.435148)
(15.5174 0 0.325556)
(16.055 0 0.211091)
(16.3596 0 0.0931005)
(16.4258 0 -0.0270239)
(16.2506 0 -0.147861)
(15.8341 0 -0.267978)
(15.1793 0 -0.385848)
(14.2921 0 -0.499821)
(13.1821 0 -0.60812)
(11.8625 0 -0.708856)
(10.3503 0 -0.80006)
(8.6665 0 -0.879731)
(6.8362 0 -0.945915)
(4.8882 0 -0.996805)
(2.85473 0 -1.03086)
(0.770767 0 -1.04694)
)
;

boundaryField
{
    top
    {
        type            directionMixed;
        refValue        uniform (0 0 0);
        refGradient     uniform (0 0 0);
        valueFraction   uniform (0 0 0 0 0 1);
        value           nonuniform List<vector> 
102
(
(-1.32691 0 0)
(-3.401 0 0)
(-5.4151 0 0)
(-7.33487 0 0)
(-9.12894 0 0)
(-10.7695 0 0)
(-12.2324 0 0)
(-13.4979 0 0)
(-14.5499 0 0)
(-15.3763 0 0)
(-15.9683 0 0)
(-16.321 0 0)
(-16.432 0 0)
(-16.3022 0 0)
(-15.9351 0 0)
(-15.3371 0 0)
(-14.5171 0 0)
(-13.4871 0 0)
(-12.2611 0 0)
(-10.8564 0 0)
(-9.29258 0 0)
(-7.59172 0 0)
(-5.77838 0 0)
(-3.87911 0 0)
(-1.92218 0 0)
(0.0629833 0 0)
(2.04627 0 0)
(3.99759 0 0)
(5.88755 0 0)
(7.68795 0 0)
(9.37231 0 0)
(10.9162 0 0)
(12.2976 0 0)
(13.4969 0 0)
(14.4972 0 0)
(15.2844 0 0)
(15.8469 0 0)
(16.176 0 0)
(16.2656 0 0)
(16.1126 0 0)
(15.7167 0 0)
(15.0807 0 0)
(14.2106 0 0)
(13.1159 0 0)
(11.8097 0 0)
(10.3091 0 0)
(8.63549 0 0)
(6.81394 0 0)
(4.87357 0 0)
(2.84693 0 0)
(0.769317 0 0)
(-1.32215 0 0)
(-3.38983 0 0)
(-5.39697 0 0)
(-7.30891 0 0)
(-9.09399 0 0)
(-10.7241 0 0)
(-12.1751 0 0)
(-13.4268 0 0)
(-14.4632 0 0)
(-15.2721 0 0)
(-15.845 0 0)
(-16.1767 0 0)
(-16.2653 0 0)
(-16.1119 0 0)
(-15.7203 0 0)
(-15.0973 0 0)
(-14.2524 0 0)
(-13.1978 0 0)
(-11.9485 0 0)
(-10.5221 0 0)
(-8.93871 0 0)
(-7.22113 0 0)
(-5.39434 0 0)
(-3.48531 0 0)
(-1.52261 0 0)
(0.464124 0 0)
(2.44473 0 0)
(4.38921 0 0)
(6.2684 0 0)
(8.05444 0 0)
(9.72129 0 0)
(11.245 0 0)
(12.6041 0 0)
(13.7797 0 0)
(14.7553 0 0)
(15.5174 0 0)
(16.055 0 0)
(16.3596 0 0)
(16.4258 0 0)
(16.2506 0 0)
(15.8341 0 0)
(15.1793 0 0)
(14.2921 0 0)
(13.1821 0 0)
(11.8625 0 0)
(10.3503 0 0)
(8.6665 0 0)
(6.8362 0 0)
(4.8882 0 0)
(2.85473 0 0)
(0.770767 0 0)
)
;
    }
    bottom
    {
        type            fixedValue;
        value           uniform (0 0 0);
    }
    frontAndBack
    {
        type            empty;
    }
    left_cyc
    {
        type            cyclic;
    }
    right_cyc
    {
        type            cyclic;
    }
}


// ************************************************************************* //
