/*--------------------------------*- C++ -*----------------------------------*\
| =========                 |                                                 |
| \\      /  F ield         | OpenFOAM: The Open Source CFD Toolbox           |
|  \\    /   O peration     | Version:  2.3.0                                 |
|   \\  /    A nd           | Web:      www.OpenFOAM.org                      |
|    \\/     M anipulation  |                                                 |
\*---------------------------------------------------------------------------*/
FoamFile
{
    version     2.0;
    format      ascii;
    class       surfaceScalarField;
    location    "13000";
    object      phi;
}
// * * * * * * * * * * * * * * * * * * * * * * * * * * * * * * * * * * * * * //

dimensions      [0 3 -1 0 0 0 0];

internalField   nonuniform List<scalar> 
356
(
0.308002
0.00245279
0.312931
-0.00492978
0.326962
-0.0140304
0.349998
-0.0230356
0.37809
-0.0280926
0.401155
-0.0230652
0.401989
-0.000833931
0.358537
0.0434528
0.249923
0.108614
0.0714371
0.178486
-0.136283
0.20772
-0.293963
0.15768
0.0858806
0.547017
-0.00569589
0.561914
-0.0198277
0.583907
-0.0360229
0.610926
-0.0500547
0.63669
-0.0538566
0.648711
-0.0350863
0.626973
0.0209036
0.543969
0.126457
0.372243
0.280339
0.104955
0.445774
-0.200932
0.513607
-0.439883
0.396631
0.226567
0.578205
-0.0202619
0.595771
-0.0373935
0.615469
-0.0557218
0.634516
-0.0691013
0.64714
-0.0664804
0.643275
-0.0312213
0.607126
0.0570528
0.516959
0.216624
0.349396
0.447902
0.0977251
0.697445
-0.187195
0.798528
-0.413974
0.62341
0.366939
0.517165
-0.0333987
0.529958
-0.0501862
0.540901
-0.0666645
0.547281
-0.0754819
0.544682
-0.0638808
0.526284
-0.0128233
0.482121
0.101215
0.399253
0.299492
0.26374
0.583415
0.0728024
0.888383
-0.139044
1.01037
-0.313948
0.798313
0.484303
0.409212
-0.0401738
0.413207
-0.054181
0.412876
-0.066334
0.406147
-0.0687526
0.390285
-0.0480193
0.361702
0.01576
0.316109
0.146808
0.248919
0.366682
0.15659
0.675744
0.0420257
1.00295
-0.0794005
1.1318
-0.188357
0.90727
0.568747
0.266889
-0.0390071
0.261579
-0.0488712
0.251028
-0.0557828
0.234141
-0.0518654
0.209919
-0.0237979
0.177733
0.047946
0.137979
0.186562
0.0929024
0.411758
0.0480854
0.720562
0.0113953
1.03964
-0.0199674
1.16316
-0.0605249
0.947827
0.615131
0.100969
-0.030824
0.0884062
-0.0363081
0.0710024
-0.038379
0.0486254
-0.0294884
0.0217602
0.00306726
-0.00769109
0.0773973
-0.0356565
0.214527
-0.0542807
0.430382
-0.0510523
0.717333
-0.0159796
1.00457
0.033024
1.11416
0.0571425
0.923709
0.621239
-0.0719271
-0.0182054
-0.088557
-0.0196783
-0.109153
-0.0177827
-0.133048
-0.00559401
-0.158337
0.0283561
-0.180874
0.0999349
-0.193174
0.226828
-0.182961
0.420169
-0.134188
0.66856
-0.0384666
0.908844
0.0760236
0.999669
0.156735
0.842997
0.587306
-0.233256
-0.00413015
-0.251083
-0.0018516
-0.272231
0.00336469
-0.295174
0.017349
-0.316451
0.049634
-0.329685
0.113168
-0.324373
0.221516
-0.285664
0.38146
-0.197461
0.580357
-0.0553486
0.766731
0.107395
0.836926
0.233173
0.717219
0.516959
-0.365255
0.00909938
-0.382134
0.0150275
-0.401834
0.0230647
-0.421982
0.0374973
-0.437749
0.0654011
-0.440807
0.116225
-0.418675
0.199384
-0.355812
0.318597
-0.238303
0.462848
-0.0661928
0.594622
0.126327
0.644406
0.282771
0.560775
0.418089
-0.449445
0.0200817
-0.463539
0.0291214
-0.479688
0.0392136
-0.495102
0.0529114
-0.504259
0.0745574
-0.497963
0.109929
-0.463239
0.164661
-0.385332
0.240689
-0.253187
0.330703
-0.0701992
0.411633
0.13161
0.442596
0.300847
0.391539
0.303506
-0.466529
0.0278423
-0.475647
0.0382398
-0.485294
0.0488604
-0.49313
0.0607474
-0.494307
0.0757349
-0.480628
0.0962496
-0.440613
0.124647
-0.36163
0.161707
-0.235129
0.204202
-0.0654781
0.241983
0.120333
0.256785
0.278968
0.232904
-0.41045
0.0304845
-0.411115
0.0389044
-0.409609
0.0473549
-0.404935
0.0560729
-0.394501
0.0653014
-0.373486
0.0752343
-0.334766
0.0859266
-0.270192
0.0971328
-0.174023
0.108032
-0.0488732
0.116833
0.0877364
0.120176
0.114837
-0.35558
0.0187377
-0.339493
0.0228167
-0.319096
0.0269583
-0.294258
0.0312343
-0.264642
0.0356863
-0.229692
0.0402836
-0.188645
0.0448799
-0.140684
0.0491719
-0.0853508
0.052699
-0.0234687
0.0549511
0.0411315
0.0555754
0.0544786
-0.343366
-0.326052
-0.304337
-0.278029
-0.246884
-0.210682
-0.169341
-0.123097
-0.0727072
-0.0195615
0.0343748
)
;

boundaryField
{
    top
    {
        type            calculated;
        value           nonuniform List<scalar> 
12
(
0.00569717
0.00550222
0.00524377
0.00492563
0.00454164
0.00408131
0.00353892
0.0029286
0.00230888
0.00180537
0.00163904
0.00192394
)
;
    }
    bottom
    {
        type            calculated;
        value           uniform 0;
    }
    frontAndBack
    {
        type            empty;
        value           nonuniform 0();
    }
    left_cyc
    {
        type            cyclic;
        value           nonuniform 0();
    }
    right_cyc
    {
        type            cyclic;
        value           nonuniform 0();
    }
    procBoundary0to1
    {
        type            processor;
        value           nonuniform List<scalar> 
16
(
-0.379844
-0.580569
-0.554346
-0.431312
-0.272801
-0.106909
0.0510346
0.190668
0.303519
0.381642
0.415429
0.390746
0.191727
0.205803
0.10149
0.0869296
)
;
    }
    procBoundary0to3throughleft_cyc
    {
        type            processorCyclic;
        value           nonuniform List<scalar> 
15
(
-0.310455
-0.538868
-0.563639
-0.504028
-0.402437
-0.268055
-0.109152
0.0593085
0.219181
0.352025
0.438463
0.458768
0.407808
0.367327
0.356407
)
;
    }
}


// ************************************************************************* //
