/*--------------------------------*- C++ -*----------------------------------*\
| =========                 |                                                 |
| \\      /  F ield         | OpenFOAM: The Open Source CFD Toolbox           |
|  \\    /   O peration     | Version:  2.3.0                                 |
|   \\  /    A nd           | Web:      www.OpenFOAM.org                      |
|    \\/     M anipulation  |                                                 |
\*---------------------------------------------------------------------------*/
FoamFile
{
    version     2.0;
    format      ascii;
    class       surfaceScalarField;
    location    "5000";
    object      phi;
}
// * * * * * * * * * * * * * * * * * * * * * * * * * * * * * * * * * * * * * //

dimensions      [0 3 -1 0 0 0 0];

internalField   nonuniform List<scalar> 
353
(
-0.407997
0.0244462
-0.438332
0.0303354
-0.474759
0.0364267
-0.511998
0.0372393
-0.530716
0.0187184
-0.501279
-0.0294377
-0.420083
-0.0811961
-0.304783
-0.1153
-0.163618
-0.141165
-0.0135161
-0.150102
0.139632
-0.153148
0.28871
-0.149078
-0.123235
-0.524228
0.0148707
-0.505968
0.0120755
-0.475616
0.00607465
-0.429423
-0.00895395
-0.364196
-0.0465081
-0.283829
-0.109805
-0.2027
-0.162325
-0.131876
-0.186123
-0.0715113
-0.20153
-0.0107116
-0.210901
0.0497146
-0.213574
0.109308
-0.208672
-0.195965
-0.461525
-0.0159712
-0.417996
-0.0314541
-0.360872
-0.0510494
-0.294538
-0.0752876
-0.232821
-0.108225
-0.187207
-0.155419
-0.14802
-0.201512
-0.104078
-0.230066
-0.0579657
-0.247642
-0.0111788
-0.257688
0.035361
-0.260114
0.0811134
-0.254425
-0.240267
-0.388439
-0.0486589
-0.344042
-0.075851
-0.287823
-0.107269
-0.225584
-0.137526
-0.172065
-0.161744
-0.136964
-0.190521
-0.10879
-0.229685
-0.0787814
-0.260075
-0.0455734
-0.28085
-0.010553
-0.292709
0.0243487
-0.295015
0.0573459
-0.287422
-0.313875
-0.0746796
-0.278208
-0.111519
-0.232179
-0.153297
-0.179369
-0.190336
-0.130302
-0.210811
-0.0978263
-0.222997
-0.0758957
-0.251616
-0.0551295
-0.280841
-0.032823
-0.303156
-0.00922713
-0.316305
0.0143352
-0.318578
-0.309689
-0.222637
-0.0907517
-0.199637
-0.134519
-0.168328
-0.184605
-0.129911
-0.228754
-0.0899713
-0.25075
-0.062287
-0.250681
-0.0465397
-0.267363
-0.0339985
-0.293382
-0.021166
-0.315989
-0.0074521
-0.330018
0.0062949
-0.332325
-0.322614
-0.108213
-0.0966183
-0.0985404
-0.144191
-0.0838715
-0.199274
-0.0642726
-0.248353
-0.04206
-0.272963
-0.0265941
-0.266147
-0.0193281
-0.274629
-0.015
-0.29771
-0.0105785
-0.32041
-0.00545973
-0.335137
-0.000283968
-0.3375
-0.327156
0.0254432
-0.0938128
0.0229247
-0.141673
0.0207212
-0.197071
0.0187687
-0.246401
0.0171365
-0.271331
0.0135131
-0.262524
0.0076451
-0.268761
0.00299721
-0.293062
-0.000549827
-0.316863
-0.00341171
-0.332275
-0.00622921
-0.334683
-0.323691
0.175064
-0.0515704
0.165487
-0.0842358
0.15231
-0.128496
0.133967
-0.178728
0.109807
-0.222241
0.0818827
-0.243406
0.0559241
-0.236565
0.035329
-0.248166
0.0214355
-0.279169
0.00977044
-0.305198
-0.00135542
-0.321149
-0.0124816
-0.323557
-0.312013
0.305682
-0.0412402
0.290497
-0.0690508
0.267792
-0.105791
0.234805
-0.145741
0.190135
-0.177571
0.137684
-0.190955
0.0932588
-0.19214
0.0642586
-0.219166
0.0419788
-0.256889
0.0213898
-0.284609
0.000751088
-0.300511
-0.0199536
-0.302852
-0.291244
0.393005
-0.0285053
0.372901
-0.0489464
0.342267
-0.0751574
0.298247
-0.10172
0.239451
-0.118775
0.17457
-0.126074
0.127333
-0.144903
0.0961068
-0.187939
0.0660265
-0.226809
0.0349411
-0.253524
0.00286849
-0.268438
-0.0293693
-0.270614
-0.259701
0.410541
-0.0136308
0.386883
-0.0252883
0.351856
-0.0401306
0.305715
-0.0555792
0.252527
-0.0655869
0.203799
-0.0773459
0.168107
-0.109211
0.132824
-0.152657
0.0931292
-0.187114
0.0499514
-0.210346
0.00485974
-0.223346
-0.0405261
-0.225228
-0.215675
0.369645
-0.00415722
0.354556
-0.0101995
0.33123
-0.0168047
0.300406
-0.0247552
0.270184
-0.035365
0.244372
-0.0515332
0.212826
-0.0776647
0.170271
-0.110102
0.119804
-0.136647
0.0645221
-0.155064
0.00657437
-0.165399
-0.0518037
-0.16685
-0.159164
0.363056
0.00193506
0.353827
-0.000970327
0.341125
-0.00410312
0.324643
-0.0082726
0.30436
-0.0150829
0.279402
-0.0265742
0.245003
-0.0432661
0.197593
-0.0626924
0.14006
-0.0791138
0.0758199
-0.0908239
0.00783732
-0.0974162
-0.0607429
-0.09827
-0.0932153
0.36472
0.359261
0.351554
0.341143
0.326312
0.303526
0.268411
0.21853
0.156141
0.0849388
0.00876175
-0.06818
)
;

boundaryField
{
    top
    {
        type            calculated;
        value           nonuniform List<scalar> 
13
(
0.00502017
0.00448835
0.00360429
0.00213787
-0.000252136
-0.00378821
-0.00815029
-0.0128122
-0.0167242
-0.0196219
-0.0212392
-0.0213282
-0.0198457
)
;
    }
    bottom
    {
        type            calculated;
        value           uniform 0;
    }
    frontAndBack
    {
        type            empty;
        value           nonuniform 0();
    }
    left_cyc
    {
        type            cyclic;
        value           nonuniform 0();
    }
    right_cyc
    {
        type            cyclic;
        value           nonuniform 0();
    }
    procBoundary2to1
    {
        type            processor;
        value           nonuniform List<scalar> 
16
(
0.383551
0.533803
0.492367
0.421127
0.339896
0.238709
0.114079
-0.0282487
0.0590123
-0.182506
-0.316012
-0.40574
-0.425416
-0.379119
-0.369148
-0.367805
)
;
    }
    procBoundary2to3
    {
        type            processor;
        value           nonuniform List<scalar> 
16
(
0.411945
0.182038
0.125416
0.0873472
-0.270269
0.0366019
0.0192202
0.00425853
-0.00969484
-0.0241598
-0.0407219
-0.060913
-0.0845519
-0.108315
-0.126691
-0.14155
)
;
    }
}


// ************************************************************************* //
