/*--------------------------------*- C++ -*----------------------------------*\
| =========                 |                                                 |
| \\      /  F ield         | OpenFOAM: The Open Source CFD Toolbox           |
|  \\    /   O peration     | Version:  2.3.0                                 |
|   \\  /    A nd           | Web:      www.OpenFOAM.org                      |
|    \\/     M anipulation  |                                                 |
\*---------------------------------------------------------------------------*/
FoamFile
{
    version     2.0;
    format      ascii;
    class       volVectorField;
    location    "12000";
    object      U;
}
// * * * * * * * * * * * * * * * * * * * * * * * * * * * * * * * * * * * * * //

dimensions      [0 1 -1 0 0 0 0];

internalField   nonuniform List<vector> 
3060
(
(0.613447 0 -0.448174)
(1.57571 0 -0.432213)
(2.5141 0 -0.402577)
(3.41477 0 -0.359801)
(4.26476 0 -0.304868)
(5.05227 0 -0.239784)
(5.76715 0 -0.168093)
(6.40132 0 -0.0949172)
(6.94885 0 -0.0260939)
(7.40523 0 0.0334031)
(7.76552 0 0.0808382)
(8.02204 0 0.116004)
(8.16236 0 0.140437)
(8.16836 0 0.156469)
(8.01892 0 0.169011)
(7.69389 0 0.188201)
(7.18432 0 0.222506)
(6.49831 0 0.266167)
(5.66356 0 0.299682)
(4.73691 0 0.306713)
(3.78738 0 0.288168)
(2.87532 0 0.251918)
(2.04253 0 0.209922)
(1.30063 0 0.173297)
(0.63343 0 0.149175)
(0.00752091 0 0.140728)
(-0.617657 0 0.148741)
(-1.28274 0 0.172469)
(-2.02139 0 0.208821)
(-2.85037 0 0.250767)
(-3.75871 0 0.287226)
(-4.70506 0 0.306173)
(-5.62906 0 0.299609)
(-6.46138 0 0.26647)
(-7.14446 0 0.222861)
(-7.6497 0 0.188248)
(-7.96825 0 0.168456)
(-8.10889 0 0.154989)
(-8.09178 0 0.137711)
(-7.93839 0 0.111732)
(-7.66695 0 0.0747311)
(-7.29009 0 0.0253366)
(-6.8158 0 -0.0359538)
(-6.24944 0 -0.106061)
(-5.59617 0 -0.179745)
(-4.86263 0 -0.251075)
(-4.05761 0 -0.314998)
(-3.19194 0 -0.368109)
(-2.27798 0 -0.408525)
(-1.32921 0 -0.435323)
(-0.359926 0 -0.44796)
(0.614953 0 -0.446037)
(1.58028 0 -0.429647)
(2.52128 0 -0.399225)
(3.42386 0 -0.355367)
(4.27479 0 -0.299189)
(5.06207 0 -0.232925)
(5.77535 0 -0.160432)
(6.40642 0 -0.0871086)
(6.94913 0 -0.0188739)
(7.39849 0 0.0394865)
(7.74865 0 0.0855848)
(7.99059 0 0.119518)
(8.11025 0 0.142997)
(8.08802 0 0.158598)
(7.90256 0 0.172503)
(7.53514 0 0.195795)
(6.98174 0 0.234067)
(6.25557 0 0.277075)
(5.39267 0 0.304128)
(4.45611 0 0.303457)
(3.51448 0 0.27886)
(2.62417 0 0.239788)
(1.81908 0 0.198381)
(1.10223 0 0.164849)
(0.451271 0 0.145075)
(-0.170099 0 0.141366)
(-0.803084 0 0.154063)
(-1.48715 0 0.18191)
(-2.25232 0 0.220817)
(-3.1083 0 0.262483)
(-4.03528 0 0.295211)
(-4.98531 0 0.307589)
(-5.89444 0 0.293061)
(-6.69452 0 0.254764)
(-7.33586 0 0.21203)
(-7.79711 0 0.181872)
(-8.07443 0 0.165621)
(-8.18104 0 0.152895)
(-8.13768 0 0.134923)
(-7.9653 0 0.107883)
(-7.68051 0 0.0695869)
(-7.29436 0 0.0188595)
(-6.81358 0 -0.0434672)
(-6.24278 0 -0.113987)
(-5.58672 0 -0.187335)
(-4.85185 0 -0.257729)
(-4.04683 0 -0.320417)
(-3.18231 0 -0.372294)
(-2.27041 0 -0.411681)
(-1.32437 0 -0.437764)
(-0.358201 0 -0.450053)
(0.915394 0 -1.67648)
(2.35846 0 -1.65549)
(3.78445 0 -1.61684)
(5.18374 0 -1.56197)
(6.54778 0 -1.49257)
(7.86883 0 -1.41015)
(9.13884 0 -1.31546)
(10.3478 0 -1.20788)
(11.4818 0 -1.08513)
(12.522 0 -0.943089)
(13.4442 0 -0.775562)
(14.2194 0 -0.574014)
(14.8139 0 -0.327716)
(15.1882 0 -0.0261662)
(15.2943 0 0.330348)
(15.079 0 0.712033)
(14.4998 0 1.0639)
(13.5394 0 1.34916)
(12.2076 0 1.55277)
(10.574 0 1.66168)
(8.75323 0 1.67124)
(6.86802 0 1.58854)
(5.0231 0 1.4531)
(3.27351 0 1.31672)
(1.61993 0 1.21979)
(0.0242881 0 1.18439)
(-1.56985 0 1.21723)
(-3.21909 0 1.31192)
(-4.9622 0 1.44678)
(-6.79964 0 1.5818)
(-8.67754 0 1.66508)
(-10.4917 0 1.65629)
(-12.119 0 1.54746)
(-13.4436 0 1.34304)
(-14.3949 0 1.05579)
(-14.9626 0 0.700595)
(-15.1636 0 0.314724)
(-15.0407 0 -0.0456807)
(-14.6478 0 -0.350321)
(-14.0332 0 -0.599024)
(-13.237 0 -0.802347)
(-12.2936 0 -0.971035)
(-11.2324 0 -1.11363)
(-10.078 0 -1.23633)
(-8.84934 0 -1.34325)
(-7.56058 0 -1.43664)
(-6.22191 0 -1.51704)
(-4.8417 0 -1.58368)
(-3.4281 0 -1.63508)
(-1.99009 0 -1.66962)
(-0.537611 0 -1.68598)
(0.918794 0 -1.6835)
(2.3685 0 -1.66229)
(3.80105 0 -1.62319)
(5.20673 0 -1.56764)
(6.57685 0 -1.49727)
(7.9033 0 -1.41344)
(9.17744 0 -1.31663)
(10.3882 0 -1.20586)
(11.5203 0 -1.07842)
(12.5532 0 -0.92966)
(13.4611 0 -0.752805)
(14.2132 0 -0.538679)
(14.7737 0 -0.27622)
(15.1009 0 0.0439192)
(15.1442 0 0.415533)
(14.85 0 0.79893)
(14.1826 0 1.13854)
(13.1303 0 1.40532)
(11.7169 0 1.58562)
(10.0284 0 1.66856)
(8.18588 0 1.65083)
(6.31033 0 1.54923)
(4.49473 0 1.40946)
(2.77819 0 1.28204)
(1.14817 0 1.20221)
(-0.440654 0 1.18717)
(-2.04648 0 1.23988)
(-3.72278 0 1.35002)
(-5.49953 0 1.49077)
(-7.3626 0 1.61734)
(-9.24246 0 1.67871)
(-11.0263 0 1.64258)
(-12.5906 0 1.50806)
(-13.8288 0 1.28164)
(-14.6885 0 0.977066)
(-15.1696 0 0.612373)
(-15.2954 0 0.232365)
(-15.1136 0 -0.111115)
(-14.6773 0 -0.397432)
(-14.0317 0 -0.63088)
(-13.2147 0 -0.82253)
(-12.2588 0 -0.982634)
(-11.1919 0 -1.11909)
(-10.0365 0 -1.23753)
(-8.81032 0 -1.34157)
(-7.52603 0 -1.43304)
(-6.19293 0 -1.51215)
(-4.81884 0 -1.57789)
(-3.41165 0 -1.62866)
(-1.98019 0 -1.66278)
(-0.534353 0 -1.67895)
(1.02643 0 -3.17933)
(2.64366 0 -3.14486)
(4.23928 0 -3.08103)
(5.80025 0 -2.98958)
(7.31361 0 -2.87245)
(8.76624 0 -2.73099)
(10.1444 0 -2.5652)
(11.4335 0 -2.3732)
(12.6178 0 -2.15111)
(13.6808 0 -1.89333)
(14.6058 0 -1.59289)
(15.377 0 -1.24174)
(15.9809 0 -0.831108)
(16.4077 0 -0.352236)
(16.6505 0 0.203775)
(16.6938 0 0.848759)
(16.4862 0 1.59318)
(15.9289 0 2.40303)
(14.9277 0 3.13912)
(13.4388 0 3.62786)
(11.5064 0 3.84576)
(9.2759 0 3.83725)
(6.92652 0 3.672)
(4.58294 0 3.45577)
(2.29134 0 3.28598)
(0.0400802 0 3.22112)
(-2.20932 0 3.27992)
(-4.49567 0 3.44453)
(-6.83167 0 3.65747)
(-9.17301 0 3.8219)
(-11.3968 0 3.83118)
(-13.3242 0 3.61429)
(-14.8082 0 3.1261)
(-15.8024 0 2.38813)
(-16.3497 0 1.57348)
(-16.5446 0 0.823288)
(-16.4868 0 0.172593)
(-16.2279 0 -0.388708)
(-15.7831 0 -0.872213)
(-15.1595 0 -1.28665)
(-14.3673 0 -1.64065)
(-13.4203 0 -1.9429)
(-12.3348 0 -2.20143)
(-11.1281 0 -2.42322)
(-9.81701 0 -2.6139)
(-8.41782 0 -2.77731)
(-6.94558 0 -2.91529)
(-5.41443 0 -3.02778)
(-3.83794 0 -3.11347)
(-2.22947 0 -3.17054)
(-0.602463 0 -3.19744)
(1.02956 0 -3.19338)
(2.65302 0 -3.15846)
(4.2544 0 -3.09373)
(5.82032 0 -3.00086)
(7.33737 0 -2.8816)
(8.79188 0 -2.73703)
(10.1695 0 -2.56673)
(11.4548 0 -2.36834)
(12.6315 0 -2.13751)
(13.6823 0 -1.86823)
(14.5902 0 -1.5532)
(15.3394 0 -1.18418)
(15.9169 0 -0.752413)
(16.3135 0 -0.249376)
(16.5219 0 0.333999)
(16.5207 0 1.01042)
(16.2441 0 1.78456)
(15.5872 0 2.59734)
(14.4658 0 3.28223)
(12.8565 0 3.69603)
(10.834 0 3.84813)
(8.56352 0 3.78978)
(6.21487 0 3.60186)
(3.89048 0 3.39366)
(1.61658 0 3.25302)
(-0.6292 0 3.22639)
(-2.88793 0 3.32204)
(-5.19385 0 3.51144)
(-7.54655 0 3.72486)
(-9.87973 0 3.85812)
(-12.05 0 3.81286)
(-13.8765 0 3.5273)
(-15.2373 0 2.96441)
(-16.115 0 2.1898)
(-16.57 0 1.3884)
(-16.7035 0 0.669891)
(-16.605 0 0.0496568)
(-16.313 0 -0.485193)
(-15.8389 0 -0.945321)
(-15.1899 0 -1.33947)
(-14.3769 0 -1.67647)
(-13.414 0 -1.96496)
(-12.3175 0 -2.21274)
(-11.104 0 -2.42644)
(-9.79003 0 -2.61124)
(-8.39088 0 -2.77054)
(-6.92098 0 -2.90567)
(-5.39383 0 -3.01621)
(-3.82249 0 -3.10058)
(-2.21991 0 -3.15684)
(-0.599191 0 -3.18337)
(1.07437 0 -4.86149)
(2.76525 0 -4.80888)
(4.4285 0 -4.71102)
(6.0474 0 -4.56983)
(7.60538 0 -4.3873)
(9.08602 0 -4.1648)
(10.4732 0 -3.90242)
(11.7511 0 -3.59857)
(12.9049 0 -3.25003)
(13.9205 0 -2.85225)
(14.7851 0 -2.39978)
(15.4879 0 -1.88635)
(16.0195 0 -1.30492)
(16.3723 0 -0.646962)
(16.539 0 0.0995107)
(16.511 0 0.951533)
(16.2799 0 1.92053)
(15.8372 0 2.98638)
(15.1511 0 4.09158)
(14.1079 0 5.13712)
(12.5399 0 5.91129)
(10.447 0 6.22676)
(7.98625 0 6.18874)
(5.36471 0 5.98948)
(2.70789 0 5.79802)
(0.053604 0 5.71955)
(-2.59889 0 5.7883)
(-5.25079 0 5.97173)
(-7.86619 0 6.16653)
(-10.3228 0 6.20458)
(-12.4145 0 5.89314)
(-13.9822 0 5.12224)
(-15.0217 0 4.07367)
(-15.6998 0 2.9624)
(-16.1317 0 1.88934)
(-16.3501 0 0.912812)
(-16.3635 0 0.0534355)
(-16.1803 0 -0.699988)
(-15.8091 0 -1.36425)
(-15.2575 0 -1.95105)
(-14.5332 0 -2.46862)
(-13.6459 0 -2.92382)
(-12.6069 0 -3.3228)
(-11.4295 0 -3.67097)
(-10.1282 0 -3.97287)
(-8.71861 0 -4.23166)
(-7.21712 0 -4.44888)
(-5.64045 0 -4.62444)
(-4.00558 0 -4.75701)
(-2.32964 0 -4.84474)
(-0.62989 0 -4.88595)
(1.0763 0 -4.87972)
(2.77149 0 -4.82621)
(4.43833 0 -4.72656)
(6.05961 0 -4.58256)
(7.61823 0 -4.396)
(9.09725 0 -4.16794)
(10.48 0 -3.89807)
(11.7503 0 -3.5844)
(12.8928 0 -3.22337)
(13.8932 0 -2.81019)
(14.7389 0 -2.33922)
(15.4187 0 -1.80416)
(15.9237 0 -1.19789)
(16.2463 0 -0.511557)
(16.3787 0 0.267868)
(16.3124 0 1.1577)
(16.0389 0 2.16329)
(15.5479 0 3.25324)
(14.7907 0 4.36086)
(13.6255 0 5.36343)
(11.9113 0 6.01822)
(9.70438 0 6.22054)
(7.18801 0 6.123)
(4.55554 0 5.91708)
(1.90235 0 5.75685)
(-0.75 0 5.72624)
(-3.40565 0 5.84034)
(-6.05963 0 6.04708)
(-8.65568 0 6.22207)
(-11.0404 0 6.18553)
(-13.0064 0 5.75062)
(-14.4269 0 4.8775)
(-15.3592 0 3.80189)
(-15.9746 0 2.69979)
(-16.3606 0 1.65506)
(-16.5375 0 0.716501)
(-16.5136 0 -0.106089)
(-16.2972 0 -0.827886)
(-15.8967 0 -1.46479)
(-15.3193 0 -2.02763)
(-14.573 0 -2.52441)
(-13.6675 0 -2.96194)
(-12.6143 0 -3.34628)
(-11.4265 0 -3.68268)
(-10.1184 0 -3.97537)
(-8.70506 0 -4.22718)
(-7.2025 0 -4.43923)
(-5.6269 0 -4.61106)
(-3.99472 0 -4.74106)
(-2.32257 0 -4.82718)
(-0.627227 0 -4.86764)
(1.08459 0 -6.5923)
(2.78994 0 -6.51919)
(4.46321 0 -6.38286)
(6.08507 0 -6.1854)
(7.6367 0 -5.92908)
(9.09989 0 -5.61562)
(10.4573 0 -5.24565)
(11.6929 0 -4.8184)
(12.7919 0 -4.3317)
(13.7413 0 -3.78229)
(14.5299 0 -3.16623)
(15.1475 0 -2.47902)
(15.586 0 -1.71554)
(15.8378 0 -0.869331)
(15.8975 0 0.0687384)
(15.7631 0 1.1108)
(15.4404 0 2.26564)
(14.9379 0 3.52691)
(14.2534 0 4.8705)
(13.3645 0 6.23809)
(12.1879 0 7.49079)
(10.5436 0 8.39852)
(8.32031 0 8.7606)
(5.70455 0 8.73135)
(2.91299 0 8.5919)
(0.0636007 0 8.5223)
(-2.78461 0 8.57913)
(-5.57347 0 8.70894)
(-8.18822 0 8.73538)
(-10.4152 0 8.37833)
(-12.0636 0 7.47502)
(-13.238 0 6.2201)
(-14.1205 0 4.84599)
(-14.7959 0 3.4937)
(-15.2875 0 2.22293)
(-15.5973 0 1.05837)
(-15.7168 0 0.0067754)
(-15.6404 0 -0.940323)
(-15.3699 0 -1.79474)
(-14.9112 0 -2.56525)
(-14.2717 0 -3.25797)
(-13.4602 0 -3.87774)
(-12.487 0 -4.42886)
(-11.3639 0 -4.91516)
(-10.1046 0 -5.33981)
(-8.72445 0 -5.70488)
(-7.24026 0 -6.01112)
(-5.67004 0 -6.25789)
(-4.0327 0 -6.44353)
(-2.34774 0 -6.56596)
(-0.635087 0 -6.62335)
(1.08505 0 -6.61468)
(2.79239 0 -6.54012)
(4.46679 0 -6.40094)
(6.08842 0 -6.1991)
(7.6379 0 -5.93663)
(9.09654 0 -5.61496)
(10.4466 0 -5.2344)
(11.6716 0 -4.79383)
(12.7567 0 -4.29085)
(13.6886 0 -3.72209)
(14.4559 0 -3.08358)
(15.0488 0 -2.37092)
(15.4588 0 -1.57901)
(15.6789 0 -0.70125)
(15.7038 0 0.272036)
(15.5335 0 1.35285)
(15.1753 0 2.5467)
(14.6364 0 3.84197)
(13.9102 0 5.2085)
(12.9634 0 6.56867)
(11.6858 0 7.75753)
(9.88178 0 8.52433)
(7.52912 0 8.75343)
(4.85166 0 8.67542)
(2.03982 0 8.55321)
(-0.81355 0 8.52883)
(-3.65458 0 8.62675)
(-6.4156 0 8.76019)
(-8.95221 0 8.7151)
(-11.0329 0 8.20966)
(-12.5331 0 7.18434)
(-13.6205 0 5.88292)
(-14.4514 0 4.51184)
(-15.0869 0 3.18642)
(-15.5427 0 1.95141)
(-15.8169 0 0.826312)
(-15.9005 0 -0.187282)
(-15.7899 0 -1.10019)
(-15.4884 0 -1.92395)
(-15.0021 0 -2.66687)
(-14.3386 0 -3.33493)
(-13.5068 0 -3.93307)
(-12.5169 0 -4.46564)
(-11.3806 0 -4.93644)
(-10.1115 0 -5.34847)
(-8.72466 0 -5.70356)
(-7.2365 0 -6.00211)
(-5.6646 0 -6.24315)
(-4.02737 0 -6.42475)
(-2.34378 0 -6.54463)
(-0.633234 0 -6.60084)
(1.06516 0 -8.29505)
(2.73855 0 -8.19824)
(4.37676 0 -8.01757)
(5.95878 0 -7.75566)
(7.46441 0 -7.41553)
(8.87446 0 -6.99999)
(10.1712 0 -6.51105)
(11.3384 0 -5.9496)
(12.362 0 -5.31533)
(13.2297 0 -4.60684)
(13.9311 0 -3.82183)
(14.4575 0 -2.95718)
(14.8016 0 -2.00893)
(14.9578 0 -0.971968)
(14.9225 0 0.160049)
(14.6965 0 1.39348)
(14.2868 0 2.72953)
(13.7045 0 4.15806)
(12.9597 0 5.65915)
(12.0581 0 7.20459)
(10.9863 0 8.73334)
(9.66173 0 10.0925)
(7.8982 0 11.0278)
(5.57908 0 11.4036)
(2.89758 0 11.4453)
(0.0686699 0 11.4225)
(-2.76044 0 11.4317)
(-5.44371 0 11.3822)
(-7.76977 0 11.0084)
(-9.54025 0 10.0779)
(-10.865 0 8.71713)
(-11.9319 0 7.18127)
(-12.8261 0 5.6262)
(-13.5617 0 4.11439)
(-14.133 0 2.67456)
(-14.5299 0 1.32699)
(-14.7411 0 0.0821947)
(-14.7598 0 -1.06066)
(-14.5852 0 -2.10754)
(-14.2209 0 -3.06438)
(-13.673 0 -3.93585)
(-12.9488 0 -4.72557)
(-12.0576 0 -5.43631)
(-11.0102 0 -6.07015)
(-9.81954 0 -6.6283)
(-8.50052 0 -7.11093)
(-7.07001 0 -7.51708)
(-5.54657 0 -7.84473)
(-3.95015 0 -8.09117)
(-2.30169 0 -8.2536)
(-0.622901 0 -8.3297)
(1.0641 0 -8.3182)
(2.73708 0 -8.21933)
(4.37397 0 -8.03464)
(5.95327 0 -7.76666)
(7.45424 0 -7.41821)
(8.85728 0 -6.99186)
(10.1442 0 -6.48938)
(11.2987 0 -5.91144)
(12.3063 0 -5.25757)
(13.1547 0 -4.52631)
(13.8335 0 -3.71541)
(14.334 0 -2.82188)
(14.649 0 -1.84187)
(14.7732 0 -0.770382)
(14.7037 0 0.398714)
(14.4428 0 1.67075)
(13.9991 0 3.04404)
(13.3837 0 4.50496)
(12.6065 0 6.03158)
(11.6697 0 7.59003)
(10.5485 0 9.10058)
(9.12695 0 10.3744)
(7.20884 0 11.1557)
(4.76314 0 11.4135)
(2.02537 0 11.428)
(-0.816841 0 11.4261)
(-3.62264 0 11.449)
(-6.23417 0 11.3506)
(-8.41532 0 10.8375)
(-10.0435 0 9.76575)
(-11.2865 0 8.33972)
(-12.3101 0 6.79697)
(-13.1704 0 5.25927)
(-13.8734 0 3.77495)
(-14.4115 0 2.36901)
(-14.7739 0 1.05941)
(-14.9502 0 -0.146978)
(-14.935 0 -1.25342)
(-14.729 0 -2.26655)
(-14.3363 0 -3.19242)
(-13.7632 0 -4.03582)
(-13.0172 0 -4.80046)
(-12.1074 0 -5.48926)
(-11.0448 0 -6.10429)
(-9.84207 0 -6.64669)
(-8.51392 0 -7.11647)
(-7.07695 0 -7.51242)
(-5.54933 0 -7.83226)
(-3.95053 0 -8.07309)
(-2.30101 0 -8.23193)
(-0.621924 0 -8.30635)
(1.02145 0 -9.94991)
(2.6249 0 -9.82784)
(4.19135 0 -9.59998)
(5.69887 0 -9.26973)
(7.12659 0 -8.84118)
(8.45504 0 -8.31854)
(9.66647 0 -7.70554)
(10.7452 0 -7.00505)
(11.6775 0 -6.21879)
(12.4522 0 -5.34741)
(13.0598 0 -4.39045)
(13.493 0 -3.34652)
(13.746 0 -2.21334)
(13.8149 0 -0.987979)
(13.6987 0 0.33268)
(13.3997 0 1.75034)
(12.9251 0 3.26181)
(12.2857 0 4.85559)
(11.4927 0 6.51176)
(10.5578 0 8.20197)
(9.48875 0 9.88431)
(8.2734 0 11.4855)
(6.82092 0 12.843)
(4.95609 0 13.7261)
(2.63206 0 14.1057)
(0.0677051 0 14.1893)
(-2.49853 0 14.0952)
(-4.8296 0 13.7123)
(-6.70323 0 12.8315)
(-8.15835 0 11.4725)
(-9.37072 0 9.86419)
(-10.4341 0 8.17195)
(-11.3617 0 6.4704)
(-12.1456 0 4.80187)
(-12.7743 0 3.19505)
(-13.2364 0 1.67022)
(-13.5211 0 0.239327)
(-13.6212 0 -1.09401)
(-13.5344 0 -2.33105)
(-13.2618 0 -3.47438)
(-12.8077 0 -4.52645)
(-12.178 0 -5.48907)
(-11.3805 0 -6.3632)
(-10.4251 0 -7.14893)
(-9.32385 0 -7.84534)
(-8.09104 0 -8.45049)
(-6.7432 0 -8.9614)
(-5.29889 0 -9.37433)
(-3.77841 0 -9.6852)
(-2.20341 0 -9.89014)
(-0.596546 0 -9.98615)
(1.01896 0 -9.97165)
(2.6197 0 -9.84689)
(4.18258 0 -9.61388)
(5.68515 0 -9.27589)
(7.10609 0 -8.8369)
(8.42551 0 -8.30096)
(9.62536 0 -7.67163)
(10.6897 0 -6.95164)
(11.6048 0 -6.14266)
(12.3592 0 -5.24534)
(12.9436 0 -4.25935)
(13.3506 0 -3.18348)
(13.5747 0 -2.01577)
(13.6126 0 -0.753649)
(13.4636 0 0.605307)
(13.1315 0 2.06147)
(12.6246 0 3.60932)
(11.954 0 5.2346)
(11.1314 0 6.91502)
(10.1677 0 8.61888)
(9.06831 0 10.2988)
(7.80631 0 11.8631)
(6.25847 0 13.1158)
(4.25513 0 13.8537)
(1.83719 0 14.1396)
(-0.750123 0 14.1854)
(-3.27616 0 14.044)
(-5.49403 0 13.5482)
(-7.23479 0 12.5242)
(-8.60949 0 11.0798)
(-9.78232 0 9.44646)
(-10.8164 0 7.75697)
(-11.715 0 6.07222)
(-12.4688 0 4.43004)
(-13.0661 0 2.8562)
(-13.4954 0 1.36858)
(-13.7469 0 -0.0237038)
(-13.8146 0 -1.31913)
(-13.697 0 -2.52)
(-13.3962 0 -3.6295)
(-12.9166 0 -4.65041)
(-12.2642 0 -5.58479)
(-11.4471 0 -6.43381)
(-10.4751 0 -7.19763)
(-9.36012 0 -7.87534)
(-8.11631 0 -8.4649)
(-6.75996 0 -8.96319)
(-5.3093 0 -9.3663)
(-3.78422 0 -9.67)
(-2.20588 0 -9.87032)
(-0.596427 0 -9.96416)
(0.958014 0 -11.5172)
(2.46072 0 -11.369)
(3.92572 0 -11.0924)
(5.33081 0 -10.6918)
(6.65508 0 -10.1726)
(7.87924 0 -9.5408)
(8.98602 0 -8.80211)
(9.96038 0 -7.96159)
(10.7897 0 -7.02328)
(11.4635 0 -5.99001)
(11.974 0 -4.86341)
(12.3149 0 -3.64402)
(12.4824 0 -2.33153)
(12.4745 0 -0.925297)
(12.2919 0 0.574762)
(11.9385 0 2.16655)
(11.4217 0 3.84321)
(10.7517 0 5.59113)
(9.94038 0 7.38963)
(9.00025 0 9.21103)
(7.94325 0 11.0188)
(6.77811 0 12.7605)
(5.48916 0 14.3419)
(3.9825 0 15.5872)
(2.14739 0 16.3251)
(0.0610939 0 16.5534)
(-2.0282 0 16.3206)
(-3.87059 0 15.5814)
(-5.38154 0 14.3339)
(-6.66949 0 12.7457)
(-7.83067 0 10.994)
(-8.88212 0 9.17456)
(-9.81519 0 7.34023)
(-10.6179 0 5.52774)
(-11.2777 0 3.76508)
(-11.7826 0 2.0733)
(-12.1224 0 0.466487)
(-12.2896 0 -1.04802)
(-12.2804 0 -2.46759)
(-12.0943 0 -3.79175)
(-11.7334 0 -5.02054)
(-11.2019 0 -6.15368)
(-10.5063 0 -7.19012)
(-9.65518 0 -8.12774)
(-8.6595 0 -8.96332)
(-7.53266 0 -9.69253)
(-6.29051 0 -10.3102)
(-4.95117 0 -10.8104)
(-3.53474 0 -11.1875)
(-2.06295 0 -11.4363)
(-0.558745 0 -11.5529)
(0.954262 0 -11.5353)
(2.45224 0 -11.3838)
(3.9117 0 -11.101)
(5.30998 0 -10.6911)
(6.62574 0 -10.1595)
(7.83934 0 -9.51208)
(8.93325 0 -8.75451)
(9.89225 0 -7.89179)
(10.7036 0 -6.92797)
(11.3569 0 -5.86598)
(11.8442 0 -4.70763)
(12.1597 0 -3.45376)
(12.2995 0 -2.10452)
(12.2623 0 -0.659875)
(12.0493 0 0.879278)
(11.6653 0 2.50934)
(11.1187 0 4.22136)
(10.4203 0 5.9994)
(9.58211 0 7.82065)
(8.61688 0 9.65503)
(7.53602 0 11.4629)
(6.34573 0 13.1838)
(5.01197 0 14.7031)
(3.42033 0 15.8274)
(1.49432 0 16.4275)
(-0.619892 0 16.5386)
(-2.66147 0 16.1836)
(-4.40687 0 15.305)
(-5.84318 0 13.9506)
(-7.09427 0 12.3138)
(-8.23145 0 10.5479)
(-9.2588 0 8.73246)
(-10.1663 0 6.91387)
(-10.9418 0 5.12623)
(-11.5726 0 3.39523)
(-12.0473 0 1.73977)
(-12.3565 0 0.171572)
(-12.4934 0 -1.30397)
(-12.4551 0 -2.68556)
(-12.2418 0 -3.97356)
(-11.8558 0 -5.1686)
(-11.3018 0 -6.27078)
(-10.5862 0 -7.27931)
(-9.71767 0 -8.19224)
(-8.70717 0 -9.00643)
(-7.56798 0 -9.71755)
(-6.31574 0 -10.3203)
(-4.96827 0 -10.8089)
(-3.54534 0 -11.1773)
(-2.06824 0 -11.4205)
(-0.559409 0 -11.5345)
(0.878603 0 -12.97)
(2.25564 0 -12.7955)
(3.59526 0 -12.4701)
(4.87556 0 -11.9991)
(6.07607 0 -11.3896)
(7.17815 0 -10.6494)
(8.16537 0 -9.78664)
(9.02369 0 -8.80863)
(9.7416 0 -7.7219)
(10.3101 0 -6.53166)
(10.7225 0 -5.24178)
(10.9745 0 -3.85494)
(11.0638 0 -2.37297)
(10.9904 0 -0.797549)
(10.7567 0 0.868695)
(10.3679 0 2.6206)
(9.83194 0 4.44842)
(9.15938 0 6.33648)
(8.36229 0 8.26267)
(7.45425 0 10.1985)
(6.4497 0 12.1081)
(5.36366 0 13.9456)
(4.20938 0 15.6394)
(2.96863 0 17.059)
(1.58144 0 18.0121)
(0.051165 0 18.3458)
(-1.48113 0 18.0116)
(-2.87141 0 17.0565)
(-4.11225 0 15.6311)
(-5.26381 0 13.9277)
(-6.34572 0 12.0785)
(-7.34492 0 10.1558)
(-8.24627 0 8.20564)
(-9.03527 0 6.26394)
(-9.69826 0 4.35955)
(-10.223 0 2.51496)
(-10.5991 0 0.746342)
(-10.8184 0 -0.936015)
(-10.8759 0 -2.52636)
(-10.7692 0 -4.02143)
(-10.4985 0 -5.41884)
(-10.0664 0 -6.71609)
(-9.4776 0 -7.90986)
(-8.73935 0 -8.99567)
(-7.86125 0 -9.96781)
(-6.85556 0 -10.8194)
(-5.73711 0 -11.5429)
(-4.52318 0 -12.1301)
(-3.23323 0 -12.5734)
(-1.88854 0 -12.8661)
(-0.511722 0 -13.0034)
(0.873825 0 -12.9826)
(2.24447 0 -12.8043)
(3.57696 0 -12.4716)
(4.84899 0 -11.9899)
(6.03971 0 -11.3662)
(7.1302 0 -10.6084)
(8.10379 0 -9.72449)
(8.94632 0 -8.72191)
(9.64623 0 -7.60727)
(10.1945 0 -6.38595)
(10.5847 0 -5.06209)
(10.8126 0 -3.63878)
(10.8762 0 -2.11841)
(10.776 0 -0.503471)
(10.515 0 1.20227)
(10.099 0 2.99204)
(9.5369 0 4.85415)
(8.83961 0 6.77077)
(8.01976 0 8.71776)
(7.09131 0 10.6645)
(6.06887 0 12.5731)
(4.96791 0 14.3928)
(3.79722 0 16.0392)
(2.52294 0 17.3605)
(1.0886 0 18.1629)
(-0.460518 0 18.3225)
(-1.96219 0 17.8175)
(-3.30595 0 16.7233)
(-4.51895 0 15.2147)
(-5.65569 0 13.4735)
(-6.72191 0 11.6116)
(-7.70254 0 9.69113)
(-8.58282 0 7.75466)
(-9.34847 0 5.83592)
(-9.98625 0 3.96173)
(-10.4844 0 2.1525)
(-10.8332 0 0.422291)
(-11.0251 0 -1.22051)
(-11.0559 0 -2.77161)
(-10.9238 0 -4.22878)
(-10.6293 0 -5.59037)
(-10.1754 0 -6.85438)
(-9.56686 0 -8.01786)
(-8.81107 0 -9.07659)
(-7.91765 0 -10.025)
(-6.89877 0 -10.8563)
(-5.76912 0 -11.5629)
(-4.54575 0 -12.1367)
(-3.2478 0 -12.57)
(-1.89618 0 -12.8562)
(-0.513058 0 -12.9904)
(0.786273 0 -14.286)
(2.01753 0 -14.0857)
(3.21254 0 -13.7124)
(4.35022 0 -13.1726)
(5.411 0 -12.4753)
(6.37729 0 -11.6302)
(7.23382 0 -10.6477)
(7.96782 0 -9.53786)
(8.56917 0 -8.3097)
(9.03031 0 -6.97094)
(9.3462 0 -5.52784)
(9.51415 0 -3.98533)
(9.53371 0 -2.34747)
(9.40668 0 -0.618251)
(9.13716 0 1.19726)
(8.73171 0 3.09127)
(8.19935 0 5.05163)
(7.55123 0 7.06065)
(6.80037 0 9.09451)
(5.96171 0 11.1229)
(5.05225 0 13.1085)
(4.09161 0 15.0041)
(3.10332 0 16.7435)
(2.10511 0 18.2132)
(1.08798 0 19.2312)
(0.0409633 0 19.6007)
(-1.00627 0 19.2316)
(-2.02284 0 18.2102)
(-3.01875 0 16.7329)
(-4.00358 0 14.9826)
(-4.95998 0 13.0742)
(-5.86424 0 11.0744)
(-6.6966 0 9.03032)
(-7.43994 0 6.97959)
(-8.07923 0 4.95278)
(-8.60137 0 2.97414)
(-8.99513 0 1.06187)
(-9.25147 0 -0.771294)
(-9.36388 0 -2.51692)
(-9.32834 0 -4.16919)
(-9.14324 0 -5.72337)
(-8.80928 0 -7.1746)
(-8.32956 0 -8.51717)
(-7.70962 0 -9.74412)
(-6.95762 0 -10.8471)
(-6.0844 0 -11.8167)
(-5.10351 0 -12.6426)
(-4.03103 0 -13.3144)
(-2.88537 0 -13.8222)
(-1.68686 0 -14.1579)
(-0.457285 0 -14.3153)
(0.780738 0 -14.2916)
(2.00434 0 -14.087)
(3.19106 0 -13.7056)
(4.31945 0 -13.1539)
(5.36963 0 -12.4408)
(6.32377 0 -11.5762)
(7.16644 0 -10.5707)
(7.88478 0 -9.43427)
(8.46866 0 -8.17622)
(8.91062 0 -6.8045)
(9.20577 0 -5.32571)
(9.35166 0 -3.74529)
(9.34817 0 -2.06798)
(9.19756 0 -0.298692)
(8.90447 0 1.55624)
(8.4761 0 3.4874)
(7.92208 0 5.48069)
(7.25415 0 7.51638)
(6.48592 0 9.56861)
(5.63295 0 11.605)
(4.71295 0 13.5859)
(3.74669 0 15.4607)
(2.75817 0 17.1532)
(1.75881 0 18.5309)
(0.733734 0 19.3978)
(-0.317749 0 19.5744)
(-1.35803 0 19.0197)
(-2.36811 0 17.8626)
(-3.36405 0 16.3072)
(-4.34746 0 14.5184)
(-5.29679 0 12.5937)
(-6.18943 0 10.5928)
(-7.00659 0 8.5596)
(-7.73183 0 6.52954)
(-8.35073 0 4.53116)
(-8.85075 0 2.58667)
(-9.22126 0 0.712218)
(-9.45387 0 -1.08129)
(-9.54268 0 -2.78697)
(-9.48421 0 -4.40019)
(-9.27725 0 -5.91702)
(-8.92283 0 -7.33325)
(-8.42424 0 -8.64363)
(-7.78719 0 -9.8415)
(-7.01989 0 -10.9188)
(-6.13316 0 -11.8661)
(-5.14045 0 -12.6734)
(-4.05766 0 -13.3303)
(-2.90294 0 -13.827)
(-1.69631 0 -14.1553)
(-0.459159 0 -14.3093)
(0.683488 0 -15.4468)
(1.75272 0 -15.2219)
(2.7877 0 -14.8028)
(3.76862 0 -14.1976)
(4.67724 0 -13.4167)
(5.49737 0 -12.4723)
(6.21518 0 -11.3772)
(6.81944 0 -10.144)
(7.30156 0 -8.78442)
(7.65562 0 -7.30872)
(7.8782 0 -5.72564)
(7.96833 0 -4.04247)
(7.92732 0 -2.26553)
(7.7587 0 -0.401039)
(7.46824 0 1.54363)
(7.06391 0 3.55837)
(6.55592 0 5.62884)
(5.95645 0 7.73535)
(5.27968 0 9.85205)
(4.54196 0 11.9463)
(3.76232 0 13.9778)
(2.96324 0 15.8958)
(2.17191 0 17.6317)
(1.41634 0 19.0794)
(0.708143 0 20.0752)
(0.0317098 0 20.4361)
(-0.643927 0 20.0743)
(-1.34983 0 19.074)
(-2.10207 0 17.6177)
(-2.88958 0 15.8703)
(-3.68435 0 13.9388)
(-4.45899 0 11.8922)
(-5.19083 0 9.78119)
(-5.86072 0 7.64646)
(-6.45219 0 5.52091)
(-6.95098 0 3.43081)
(-7.34482 0 1.39642)
(-7.62349 0 -0.567296)
(-7.779 0 -2.44952)
(-7.8057 0 -4.2421)
(-7.70019 0 -5.93793)
(-7.46141 0 -7.5298)
(-7.09071 0 -9.00955)
(-6.59195 0 -10.3676)
(-5.97167 0 -11.5931)
(-5.2391 0 -12.6736)
(-4.40623 0 -13.5963)
(-3.48765 0 -14.3483)
(-2.50035 0 -14.9176)
(-1.46328 0 -15.2943)
(-0.396885 0 -15.471)
(0.677481 0 -15.4443)
(1.73823 0 -15.2147)
(2.7642 0 -14.7868)
(3.73526 0 -14.1685)
(4.63293 0 -13.3706)
(5.44084 0 -12.4053)
(6.14505 0 -11.2855)
(6.73428 0 -10.0242)
(7.2 0 -8.63314)
(7.53641 0 -7.12308)
(7.7403 0 -5.50315)
(7.81097 0 -3.78121)
(7.7501 0 -1.96434)
(7.56168 0 -0.0598071)
(7.25198 0 1.9237)
(6.82957 0 3.9744)
(6.30522 0 6.07602)
(5.69173 0 8.2068)
(5.0039 0 10.3388)
(4.25886 0 12.4372)
(3.47658 0 14.4591)
(2.68088 0 16.35)
(1.90022 0 18.0336)
(1.16021 0 19.3883)
(0.464733 0 20.2371)
(-0.207888 0 20.4105)
(-0.889951 0 19.8684)
(-1.61008 0 18.7354)
(-2.37719 0 17.1987)
(-3.17344 0 15.4067)
(-3.96983 0 13.4532)
(-4.74049 0 11.4007)
(-5.46392 0 9.29693)
(-6.12188 0 7.17996)
(-6.69861 0 5.08059)
(-7.18047 0 3.023)
(-7.55578 0 1.02538)
(-7.81491 0 -0.899122)
(-7.95046 0 -2.7413)
(-7.95726 0 -4.49424)
(-7.83236 0 -6.15178)
(-7.57503 0 -7.70742)
(-7.18688 0 -9.15353)
(-6.67196 0 -10.481)
(-6.03691 0 -11.679)
(-5.29101 0 -12.7358)
(-4.44618 0 -13.6384)
(-3.51689 0 -14.3742)
(-2.51992 0 -14.9314)
(-1.47396 0 -15.3001)
(-0.399152 0 -15.4731)
(0.572223 0 -16.4379)
(1.46629 0 -16.19)
(2.32888 0 -15.7283)
(3.14186 0 -15.0622)
(3.88872 0 -14.204)
(4.55499 0 -13.1681)
(5.12858 0 -11.9698)
(5.59995 0 -10.6243)
(5.96223 0 -9.1459)
(6.21114 0 -7.5476)
(6.34494 0 -5.84057)
(6.36431 0 -4.03446)
(6.27223 0 -2.13786)
(6.07383 0 -0.159194)
(5.77639 0 1.89203)
(5.38926 0 4.00356)
(4.92376 0 6.15906)
(4.39308 0 8.33684)
(3.81234 0 10.5089)
(3.19879 0 12.6402)
(2.57226 0 14.6872)
(1.95565 0 16.5955)
(1.37519 0 18.2938)
(0.857056 0 19.6814)
(0.413319 0 20.6176)
(0.023132 0 20.9521)
(-0.365986 0 20.6147)
(-0.806982 0 19.6728)
(-1.32157 0 18.2761)
(-1.89816 0 16.5659)
(-2.51055 0 14.6437)
(-3.13235 0 12.5808)
(-3.74052 0 10.432)
(-4.3151 0 8.2409)
(-4.83872 0 6.04301)
(-5.29615 0 3.86675)
(-5.67414 0 1.73436)
(-5.96131 0 -0.337131)
(-6.14831 0 -2.33472)
(-6.22792 0 -4.24803)
(-6.19515 0 -6.06767)
(-6.04723 0 -7.78409)
(-5.78381 0 -9.38664)
(-5.40708 0 -10.8632)
(-4.92181 0 -12.2)
(-4.33552 0 -13.3822)
(-3.65844 0 -14.3941)
(-2.90337 0 -15.2203)
(-2.08552 0 -15.8466)
(-1.22206 0 -16.2614)
(-0.331677 0 -16.4562)
(0.566028 0 -16.4267)
(1.45123 0 -16.1738)
(2.3045 0 -15.7026)
(3.1075 0 -15.0227)
(3.84352 0 -14.1464)
(4.49796 0 -13.0884)
(5.05866 0 -11.8641)
(5.51612 0 -10.4893)
(5.86352 0 -8.97837)
(6.09678 0 -7.34481)
(6.2144 0 -5.60029)
(6.21738 0 -3.75512)
(6.10906 0 -1.81871)
(5.89504 0 0.199414)
(5.58309 0 2.28834)
(5.18312 0 4.43413)
(4.70699 0 6.61849)
(4.16848 0 8.81765)
(3.58332 0 11.0014)
(2.96953 0 13.1323)
(2.34784 0 15.1641)
(1.74218 0 17.0386)
(1.17957 0 18.6779)
(0.684273 0 19.9704)
(0.260563 0 20.7666)
(-0.123023 0 20.9288)
(-0.523107 0 20.4245)
(-0.985909 0 19.3544)
(-1.52251 0 17.8733)
(-2.11513 0 16.1116)
(-2.73675 0 14.1608)
(-3.36195 0 12.0869)
(-3.96869 0 9.94094)
(-4.53786 0 7.76417)
(-5.0528 0 5.58972)
(-5.49892 0 3.44382)
(-5.86351 0 1.34665)
(-6.13574 0 -0.686628)
(-6.30682 0 -2.64464)
(-6.37003 0 -4.51831)
(-6.32077 0 -6.29927)
(-6.15668 0 -7.97875)
(-5.87771 0 -9.54671)
(-5.48623 0 -10.9915)
(-4.98721 0 -12.2998)
(-4.38822 0 -13.4569)
(-3.69949 0 -14.4476)
(-2.93376 0 -15.2566)
(-2.10606 0 -15.87)
(-1.23339 0 -16.2762)
(-0.334191 0 -16.4668)
(0.454056 0 -17.2473)
(1.16232 0 -16.9786)
(1.84257 0 -16.4784)
(2.4788 0 -15.7575)
(3.05657 0 -14.8299)
(3.56345 0 -13.7122)
(3.98929 0 -12.4222)
(4.32643 0 -10.9777)
(4.56977 0 -9.39561)
(4.71672 0 -7.69144)
(4.76716 0 -5.87883)
(4.72331 0 -3.96977)
(4.58963 0 -1.97506)
(4.37266 0 0.094784)
(4.08098 0 2.22819)
(3.72504 0 4.41099)
(3.31704 0 6.62501)
(2.87084 0 8.84677)
(2.40195 0 11.0464)
(1.92765 0 13.1865)
(1.46713 0 15.2212)
(1.04144 0 17.0937)
(0.672719 0 18.7322)
(0.380335 0 20.0434)
(0.16945 0 20.9094)
(0.0148456 0 21.214)
(-0.138754 0 20.9046)
(-0.347071 0 20.0317)
(-0.636124 0 18.7109)
(-1.00119 0 17.0601)
(-1.42294 0 15.1732)
(-1.87917 0 13.1222)
(-2.3487 0 10.964)
(-2.81224 0 8.74465)
(-3.25242 0 6.50195)
(-3.6536 0 4.26623)
(-4.00187 0 2.06157)
(-4.28496 0 -0.0931416)
(-4.49238 0 -2.18292)
(-4.61562 0 -4.19527)
(-4.64823 0 -6.11864)
(-4.58595 0 -7.94114)
(-4.42684 0 -9.64971)
(-4.17139 0 -11.2297)
(-3.82265 0 -12.6646)
(-3.38631 0 -13.937)
(-2.87062 0 -15.0285)
(-2.28639 0 -15.9213)
(-1.6467 0 -16.599)
(-0.966593 0 -17.0482)
(-0.262579 0 -17.2592)
(0.44795 0 -17.2273)
(1.14736 0 -16.9532)
(1.81843 0 -16.4431)
(2.44498 0 -15.7076)
(3.01244 0 -14.7611)
(3.50829 0 -13.6204)
(3.92239 0 -12.3037)
(4.24713 0 -10.829)
(4.47753 0 -9.21382)
(4.61123 0 -7.47398)
(4.64838 0 -5.62376)
(4.59152 0 -3.67587)
(4.44553 0 -1.64201)
(4.21738 0 0.466146)
(3.91615 0 2.63561)
(3.55278 0 4.85049)
(3.13998 0 7.09065)
(2.69212 0 9.33048)
(2.22526 0 11.5378)
(1.75728 0 13.6728)
(1.308 0 15.6868)
(0.898988 0 17.5194)
(0.552308 0 19.0937)
(0.284987 0 20.3092)
(0.0950207 0 21.044)
(-0.0527838 0 21.193)
(-0.21771 0 20.7322)
(-0.449003 0 19.7372)
(-0.762796 0 18.3295)
(-1.14858 0 16.6215)
(-1.58554 0 14.7002)
(-2.05164 0 12.6327)
(-2.52629 0 10.4729)
(-2.99082 0 8.26407)
(-3.42842 0 6.04164)
(-3.82402 0 3.83369)
(-4.16419 0 1.6622)
(-4.43718 0 -0.455818)
(-4.63301 0 -2.50703)
(-4.74363 0 -4.4803)
(-4.76304 0 -6.36513)
(-4.68735 0 -8.1505)
(-4.51495 0 -9.82399)
(-4.2466 0 -11.3715)
(-3.88554 0 -12.7771)
(-3.43755 0 -14.0235)
(-2.91095 0 -15.0929)
(-2.31652 0 -15.9677)
(-1.66724 0 -16.6319)
(-0.978027 0 -17.072)
(-0.265199 0 -17.2787)
(0.330278 0 -17.8654)
(0.844103 0 -17.5785)
(1.33406 0 -17.0448)
(1.78665 0 -16.2763)
(2.18983 0 -15.2887)
(2.53347 0 -14.1009)
(2.80958 0 -12.7328)
(3.0125 0 -11.2048)
(3.13894 0 -9.5362)
(3.18798 0 -7.745)
(3.161 0 -5.84717)
(3.0616 0 -3.85694)
(2.89548 0 -1.78722)
(2.67034 0 0.349452)
(2.39569 0 2.53965)
(2.08275 0 4.76751)
(1.74418 0 7.01327)
(1.394 0 9.25196)
(1.04744 0 11.4522)
(0.720879 0 13.5752)
(0.431606 0 15.5737)
(0.197283 0 17.3905)
(0.0344077 0 18.956)
(-0.0456583 0 20.1857)
(-0.0456 0 20.9827)
(0.00671236 0 21.2588)
(0.0598573 0 20.9762)
(0.0620831 0 20.1712)
(-0.0150918 0 18.9313)
(-0.174734 0 17.3533)
(-0.405589 0 15.5219)
(-0.691145 0 13.5067)
(-1.01368 0 11.3651)
(-1.35583 0 9.14464)
(-1.70113 0 6.88438)
(-2.03426 0 4.61621)
(-2.34112 0 2.36572)
(-2.60898 0 0.153379)
(-2.8266 0 -2.00406)
(-2.98447 0 -4.09218)
(-3.07498 0 -6.09735)
(-3.09258 0 -8.0055)
(-3.0339 0 -9.80122)
(-2.89789 0 -11.4674)
(-2.68585 0 -12.9851)
(-2.40154 0 -14.3343)
(-2.05118 0 -15.494)
(-1.64329 0 -16.4442)
(-1.1886 0 -17.1665)
(-0.699632 0 -17.6456)
(-0.190333 0 -17.8707)
(0.324513 0 -17.8367)
(0.829894 0 -17.5443)
(1.31119 0 -17.0003)
(1.75477 0 -16.2167)
(2.14855 0 -15.2097)
(2.48235 0 -13.9983)
(2.74823 0 -12.603)
(2.94063 0 -11.0444)
(3.05642 0 -9.34249)
(3.09492 0 -7.51566)
(3.05781 0 -5.58059)
(2.94904 0 -3.55227)
(2.77472 0 -1.44458)
(2.54296 0 0.728794)
(2.26375 0 2.95295)
(1.94874 0 5.21031)
(1.61103 0 7.47917)
(1.26506 0 9.7324)
(0.926435 0 11.9363)
(0.611903 0 14.0497)
(0.339006 0 16.0227)
(0.125358 0 17.795)
(-0.0133544 0 19.2931)
(-0.068527 0 20.4284)
(-0.0490171 0 21.1035)
(0.00942855 0 21.2401)
(0.0523025 0 20.8208)
(0.0328559 0 19.9007)
(-0.0694712 0 18.5738)
(-0.252519 0 16.9348)
(-0.502953 0 15.0641)
(-0.803727 0 13.0277)
(-1.13718 0 10.8802)
(-1.48623 0 8.66632)
(-1.83479 0 6.42293)
(-2.16793 0 4.1796)
(-2.47198 0 1.95982)
(-2.73464 0 -0.217815)
(-2.94513 0 -2.3382)
(-3.09437 0 -4.38829)
(-3.1752 0 -6.35557)
(-3.18245 0 -8.22685)
(-3.1131 0 -9.98747)
(-2.96637 0 -11.6209)
(-2.74379 0 -13.1088)
(-2.44928 0 -14.4315)
(-2.08912 0 -15.5686)
(-1.67189 0 -16.5003)
(-1.20824 0 -17.2085)
(-0.710649 0 -17.6782)
(-0.192929 0 -17.899)
(0.201978 0 -18.2844)
(0.514451 0 -17.9824)
(0.807836 0 -17.421)
(1.07147 0 -16.6133)
(1.29605 0 -15.5767)
(1.47398 0 -14.332)
(1.59959 0 -12.9012)
(1.66931 0 -11.307)
(1.68169 0 -9.5711)
(1.63738 0 -7.71351)
(1.53914 0 -5.75246)
(1.39173 0 -3.70426)
(1.20182 0 -1.5838)
(0.977891 0 0.594586)
(0.730047 0 2.81579)
(0.469804 0 5.06252)
(0.209831 0 7.31378)
(-0.0362674 0 9.54355)
(-0.254198 0 11.7196)
(-0.42929 0 13.8025)
(-0.547005 0 15.745)
(-0.593878 0 17.4912)
(-0.559385 0 18.9758)
(-0.439636 0 20.1239)
(-0.243881 0 20.8566)
(-0.00122755 0 21.1074)
(0.242069 0 20.8488)
(0.439535 0 20.1071)
(0.561632 0 18.9483)
(0.598795 0 17.451)
(0.554773 0 15.6899)
(0.440054 0 13.7305)
(0.268116 0 11.6287)
(0.0535414 0 9.43214)
(-0.188938 0 7.1804)
(-0.444955 0 4.90624)
(-0.700831 0 2.63631)
(-0.943829 0 0.392347)
(-1.16239 0 -1.80743)
(-1.34641 0 -3.9469)
(-1.48745 0 -6.01053)
(-1.57897 0 -7.98222)
(-1.61636 0 -9.84441)
(-1.59713 0 -11.5777)
(-1.52092 0 -13.161)
(-1.38957 0 -14.5717)
(-1.20709 0 -15.7868)
(-0.979599 0 -16.7839)
(-0.71515 0 -17.5427)
(-0.423469 0 -18.0465)
(-0.115562 0 -18.2833)
(0.196783 0 -18.2475)
(0.50156 0 -17.9399)
(0.787132 0 -17.368)
(1.04278 0 -16.545)
(1.2592 0 -15.4887)
(1.4288 0 -14.2201)
(1.54602 0 -12.762)
(1.6074 0 -11.1372)
(1.61169 0 -9.36812)
(1.5598 0 -7.47537)
(1.4548 0 -5.47788)
(1.30179 0 -3.39278)
(1.10786 0 -1.23593)
(0.881872 0 0.977126)
(0.634354 0 3.22984)
(0.377194 0 5.50323)
(0.123398 0 7.77437)
(-0.11315 0 10.0151)
(-0.31795 0 12.191)
(-0.476249 0 14.2604)
(-0.573635 0 16.1736)
(-0.597174 0 17.8722)
(-0.537683 0 19.2882)
(-0.394158 0 20.3451)
(-0.180946 0 20.9653)
(0.0670383 0 21.0906)
(0.301357 0 20.7087)
(0.479094 0 19.8595)
(0.57668 0 18.6155)
(0.589075 0 17.0553)
(0.522418 0 15.2516)
(0.388268 0 13.2671)
(0.200503 0 11.1554)
(-0.0262367 0 8.96171)
(-0.27734 0 6.72336)
(-0.538668 0 4.4709)
(-0.796837 0 2.22893)
(-1.03946 0 0.0173321)
(-1.25537 0 -2.14731)
(-1.43485 0 -4.25023)
(-1.5699 0 -6.27706)
(-1.65433 0 -8.2126)
(-1.68392 0 -10.0401)
(-1.65645 0 -11.7408)
(-1.5718 0 -13.2942)
(-1.432 0 -14.6782)
(-1.24117 0 -15.8703)
(-1.00552 0 -16.8486)
(-0.733096 0 -17.5931)
(-0.433614 0 -18.0873)
(-0.118018 0 -18.3197)
(0.07014 0 -18.4979)
(0.175883 0 -18.1844)
(0.267895 0 -17.6019)
(0.338684 0 -16.7645)
(0.381944 0 -15.6912)
(0.392832 0 -14.4044)
(0.368153 0 -12.9281)
(0.306466 0 -11.2869)
(0.208128 0 -9.50427)
(0.0753011 0 -7.60246)
(-0.0880698 0 -5.60152)
(-0.276307 0 -3.51962)
(-0.482069 0 -1.37338)
(-0.696458 0 0.821236)
(-0.909208 0 3.04775)
(-1.10895 0 5.28774)
(-1.28352 0 7.51937)
(-1.42023 0 9.71604)
(-1.50631 0 11.8453)
(-1.52935 0 13.8681)
(-1.47806 0 15.7385)
(-1.3434 0 17.4031)
(-1.12049 0 18.8021)
(-0.811754 0 19.8703)
(-0.431373 0 20.5439)
(-0.0088492 0 20.7722)
(0.414142 0 20.5351)
(0.795784 0 19.8518)
(1.10628 0 18.7723)
(1.33121 0 17.3604)
(1.46799 0 15.6808)
(1.52144 0 13.7935)
(1.50057 0 11.7517)
(1.41668 0 9.60175)
(1.28222 0 7.38292)
(1.11001 0 5.12813)
(0.912809 0 2.8646)
(0.70284 0 0.61495)
(0.491521 0 -1.60148)
(0.289141 0 -3.76712)
(0.104574 0 -5.8648)
(-0.0549032 0 -7.8766)
(-0.183725 0 -9.78306)
(-0.278113 0 -11.5628)
(-0.336126 0 -13.1927)
(-0.357676 0 -14.6481)
(-0.344518 0 -15.904)
(-0.300184 0 -16.9362)
(-0.229858 0 -17.7226)
(-0.140157 0 -18.2452)
(-0.0388213 0 -18.491)
(0.0657086 0 -18.4539)
(0.164795 0 -18.1347)
(0.250134 0 -17.5415)
(0.314246 0 -16.6888)
(0.35086 0 -15.5957)
(0.355209 0 -14.2852)
(0.324216 0 -12.7816)
(0.256605 0 -11.1101)
(0.15295 0 -9.2949)
(0.0156746 0 -7.35878)
(-0.150968 0 -5.32259)
(-0.340957 0 -3.20533)
(-0.546582 0 -1.02465)
(-0.758572 0 1.20231)
(-0.966312 0 3.45765)
(-1.15814 0 5.72129)
(-1.32167 0 7.96955)
(-1.44408 0 10.1738)
(-1.51259 0 12.2995)
(-1.51498 0 14.3055)
(-1.4404 0 16.1438)
(-1.28071 0 17.7593)
(-1.03269 0 19.0903)
(-0.701535 0 20.0717)
(-0.305539 0 20.6418)
(0.12162 0 20.7571)
(0.536765 0 20.4085)
(0.90054 0 19.6256)
(1.18755 0 18.4641)
(1.38715 0 16.9893)
(1.49924 0 15.265)
(1.53002 0 13.3498)
(1.48927 0 11.2948)
(1.38867 0 9.14421)
(1.24077 0 6.93539)
(1.05837 0 4.69911)
(0.854064 0 2.46062)
(0.639823 0 0.240723)
(0.426761 0 -1.94281)
(0.224813 0 -4.07376)
(0.0424764 0 -6.13608)
(-0.113337 0 -8.11284)
(-0.237401 0 -9.98536)
(-0.326236 0 -11.733)
(-0.378153 0 -13.3333)
(-0.393268 0 -14.7621)
(-0.373491 0 -15.9951)
(-0.322461 0 -17.0084)
(-0.245428 0 -17.7804)
(-0.14904 0 -18.2933)
(-0.0410413 0 -18.5346)
(-0.0642786 0 -18.5013)
(-0.169147 0 -18.1801)
(-0.281869 0 -17.5838)
(-0.406478 0 -16.7273)
(-0.546048 0 -15.6309)
(-0.702491 0 -14.3182)
(-0.876433 0 -12.8149)
(-1.06714 0 -11.147)
(-1.2725 0 -9.33994)
(-1.48895 0 -7.41732)
(-1.71156 0 -5.40085)
(-1.93396 0 -3.31027)
(-2.14846 0 -1.16364)
(-2.34612 0 1.02174)
(-2.51691 0 3.2283)
(-2.65006 0 5.43685)
(-2.73435 0 7.6251)
(-2.7585 0 9.7664)
(-2.71166 0 11.8288)
(-2.58407 0 13.7743)
(-2.36786 0 15.5592)
(-2.0583 0 17.1338)
(-1.65555 0 18.4443)
(-1.16713 0 19.4348)
(-0.610782 0 20.0535)
(-0.0160014 0 20.2615)
(0.579088 0 20.0439)
(1.13627 0 19.415)
(1.62587 0 18.413)
(2.02993 0 17.0894)
(2.3408 0 15.4998)
(2.55824 0 13.698)
(2.68691 0 11.7336)
(2.73468 0 9.65055)
(2.71131 0 7.48711)
(2.6277 0 5.27567)
(2.49515 0 3.0435)
(2.32496 0 0.813649)
(2.12794 0 -1.39373)
(1.91416 0 -3.55995)
(1.69257 0 -5.66649)
(1.47086 0 -7.69393)
(1.25531 0 -9.62121)
(1.05082 0 -11.4253)
(0.860796 0 -13.0814)
(0.687224 0 -14.5633)
(0.530651 0 -15.8443)
(0.390246 0 -16.8985)
(0.26389 0 -17.7027)
(0.148317 0 -18.2375)
(0.0393487 0 -18.4892)
(-0.067789 0 -18.4512)
(-0.178042 0 -18.1244)
(-0.296063 0 -17.5175)
(-0.42582 0 -16.6457)
(-0.570295 0 -15.5297)
(-0.731283 0 -14.1935)
(-0.90926 0 -12.6634)
(-1.10331 0 -10.966)
(-1.31107 0 -9.1272)
(-1.52874 0 -7.17146)
(-1.75106 0 -5.12126)
(-1.97139 0 -2.99717)
(-2.18167 0 -0.818307)
(-2.37265 0 1.39687)
(-2.53402 0 3.62944)
(-2.65481 0 5.85861)
(-2.72369 0 8.06035)
(-2.7294 0 10.2061)
(-2.66128 0 12.262)
(-2.50995 0 14.1883)
(-2.26828 0 15.9394)
(-1.93268 0 17.4646)
(-1.50507 0 18.7092)
(-0.995529 0 19.6179)
(-0.425079 0 20.1418)
(0.17379 0 20.2479)
(0.761926 0 19.9296)
(1.30281 0 19.2088)
(1.76999 0 18.129)
(2.14865 0 16.7438)
(2.43347 0 15.1088)
(2.6258 0 13.2771)
(2.73133 0 11.2968)
(2.75851 0 9.21026)
(2.71749 0 7.05368)
(2.61927 0 4.85763)
(2.47516 0 2.6475)
(2.29629 0 0.444648)
(2.09329 0 -1.7323)
(1.8759 0 -3.86595)
(1.65276 0 -5.93891)
(1.43123 0 -7.93273)
(1.21727 0 -9.82719)
(1.01549 0 -11.6001)
(0.829037 0 -13.2272)
(0.65968 0 -14.6829)
(0.507787 0 -15.9412)
(0.372384 0 -16.9767)
(0.25124 0 -17.7665)
(0.141006 0 -18.2917)
(0.0374416 0 -18.5389)
(-0.200265 0 -18.2914)
(-0.518047 0 -17.9668)
(-0.837354 0 -17.3645)
(-1.15853 0 -16.5003)
(-1.48121 0 -15.3952)
(-1.80427 0 -14.074)
(-2.12568 0 -12.5635)
(-2.44253 0 -10.8908)
(-2.75099 0 -9.08246)
(-3.04626 0 -7.1634)
(-3.32256 0 -5.15652)
(-3.57313 0 -3.08271)
(-3.79019 0 -0.961211)
(-3.96509 0 1.1897)
(-4.08844 0 3.35171)
(-4.15044 0 5.50521)
(-4.14122 0 7.62785)
(-4.05127 0 9.69341)
(-3.87199 0 11.6709)
(-3.59644 0 13.5244)
(-3.22017 0 15.2128)
(-2.7425 0 16.6909)
(-2.16793 0 17.9109)
(-1.50804 0 18.8255)
(-0.783131 0 19.3926)
(-0.0225392 0 19.5821)
(0.738218 0 19.3826)
(1.46357 0 18.805)
(2.12405 0 17.8787)
(2.69921 0 16.6456)
(3.17734 0 15.1526)
(3.55383 0 13.4474)
(3.82931 0 11.5753)
(4.00818 0 9.5774)
(4.09736 0 7.48994)
(4.10547 0 5.34432)
(4.04204 0 3.16736)
(3.917 0 0.982172)
(3.7402 0 -1.19068)
(3.52106 0 -3.33175)
(3.26831 0 -5.42149)
(2.98972 0 -7.43934)
(2.6921 0 -9.36303)
(2.38124 0 -11.1683)
(2.06192 0 -12.8291)
(1.73798 0 -14.3179)
(1.41227 0 -15.607)
(1.08676 0 -16.6694)
(0.762523 0 -17.4807)
(0.439854 0 -18.0206)
(0.118378 0 -18.2749)
(-0.202736 0 -18.2365)
(-0.524457 0 -17.9064)
(-0.847521 0 -17.2937)
(-1.17214 0 -16.4146)
(-1.49784 0 -15.2903)
(-1.8233 0 -13.9462)
(-2.14633 0 -12.4096)
(-2.46382 0 -10.7083)
(-2.77169 0 -8.86947)
(-3.06491 0 -6.91878)
(-3.3374 0 -4.87994)
(-3.58211 0 -2.77472)
(-3.79101 0 -0.623379)
(-3.95517 0 1.55467)
(-4.065 0 3.73983)
(-4.1106 0 5.911)
(-4.0821 0 8.04419)
(-3.97016 0 10.1114)
(-3.76652 0 12.0801)
(-3.46482 0 13.9126)
(-3.06153 0 15.5667)
(-2.55724 0 16.9961)
(-1.95824 0 18.1532)
(-1.27838 0 18.9917)
(-0.540563 0 19.4723)
(0.223703 0 19.5699)
(0.97819 0 19.2794)
(1.68851 0 18.6175)
(2.32758 0 17.6184)
(2.87751 0 16.3259)
(3.32874 0 14.788)
(3.67831 0 13.052)
(3.92804 0 11.1621)
(4.0831 0 9.1581)
(4.15096 0 7.07467)
(4.14052 0 4.94147)
(4.06144 0 2.78361)
(3.92362 0 0.622609)
(3.73677 0 -1.52241)
(3.51011 0 -3.63323)
(3.25208 0 -5.69142)
(2.97018 0 -7.67735)
(2.67093 0 -9.56963)
(2.35984 0 -11.3448)
(2.04146 0 -12.9775)
(1.71937 0 -14.4409)
(1.39625 0 -15.7078)
(1.07388 0 -16.7519)
(0.753194 0 -17.549)
(0.434344 0 -18.0796)
(0.116839 0 -18.3293)
(-0.336682 0 -17.8664)
(-0.867912 0 -17.5431)
(-1.39398 0 -16.9433)
(-1.91136 0 -16.0834)
(-2.41613 0 -14.9851)
(-2.904 0 -13.6737)
(-3.3703 0 -12.1766)
(-3.80994 0 -10.5217)
(-4.21745 0 -8.73621)
(-4.58689 0 -6.84574)
(-4.91183 0 -4.87399)
(-5.18529 0 -2.84264)
(-5.39971 0 -0.771667)
(-5.54702 0 1.32)
(-5.61879 0 3.41367)
(-5.60653 0 5.48967)
(-5.50203 0 7.52597)
(-5.29781 0 9.49722)
(-4.98773 0 11.374)
(-4.56775 0 13.1225)
(-4.03677 0 14.7053)
(-3.39777 0 16.0816)
(-2.65899 0 17.2098)
(-1.83521 0 18.0499)
(-0.948615 0 18.5679)
(-0.0283432 0 18.74)
(0.891966 0 18.5577)
(1.77864 0 18.0291)
(2.60244 0 17.1773)
(3.34108 0 16.0362)
(3.97966 0 14.6452)
(4.50982 0 13.0461)
(4.92853 0 11.2793)
(5.23679 0 9.38254)
(5.43863 0 7.38986)
(5.54017 0 5.33102)
(5.54889 0 3.23198)
(5.47305 0 1.11551)
(5.32119 0 -0.997782)
(5.10179 0 -3.08806)
(4.823 0 -5.13515)
(4.49247 0 -7.11772)
(4.11727 0 -9.01272)
(3.70395 0 -10.7952)
(3.25855 0 -12.4382)
(2.78668 0 -13.9136)
(2.29351 0 -15.193)
(1.78384 0 -16.2488)
(1.26203 0 -17.0558)
(0.732088 0 -17.5934)
(0.197622 0 -17.8466)
(-0.338035 0 -17.8083)
(-0.871647 0 -17.4796)
(-1.39982 0 -16.8698)
(-1.91884 0 -15.9954)
(-2.42463 0 -14.8785)
(-2.91269 0 -13.545)
(-3.37813 0 -12.0229)
(-3.81566 0 -10.3406)
(-4.21958 0 -8.52611)
(-4.5837 0 -6.60575)
(-4.90136 0 -4.60405)
(-5.16532 0 -2.54355)
(-5.36781 0 -0.445242)
(-5.50056 0 1.67087)
(-5.55503 0 3.78489)
(-5.52272 0 5.87575)
(-5.39554 0 7.91995)
(-5.1663 0 9.89057)
(-4.82934 0 11.7567)
(-4.38134 0 13.4833)
(-3.82224 0 15.0319)
(-3.15635 0 16.3613)
(-2.39364 0 17.4303)
(-1.55089 0 18.2002)
(-0.652323 0 18.6396)
(0.271308 0 18.7291)
(1.18587 0 18.4647)
(2.05853 0 17.8594)
(2.86182 0 16.94)
(3.57554 0 15.7426)
(4.18674 0 14.3081)
(4.68867 0 12.6779)
(5.07954 0 10.8921)
(5.36132 0 8.98738)
(5.53868 0 6.9963)
(5.61819 0 4.94717)
(5.60756 0 2.86442)
(5.51513 0 0.769335)
(5.34939 0 -1.31878)
(5.1187 0 -3.38126)
(4.83101 0 -5.39899)
(4.49373 0 -7.35158)
(4.11368 0 -9.21685)
(3.69717 0 -10.9706)
(3.25 0 -12.5867)
(2.77756 0 -14.0377)
(2.2848 0 -15.2957)
(1.77631 0 -16.3336)
(1.25628 0 -17.127)
(0.728528 0 -17.6554)
(0.196487 0 -17.9043)
(-0.472214 0 -17.227)
(-1.21539 0 -16.9095)
(-1.94648 0 -16.3211)
(-2.65795 0 -15.4782)
(-3.34229 0 -14.4026)
(-3.992 0 -13.1199)
(-4.59973 0 -11.6575)
(-5.15829 0 -10.0436)
(-5.66063 0 -8.30551)
(-6.09979 0 -6.46902)
(-6.46881 0 -4.55812)
(-6.7607 0 -2.59483)
(-6.96833 0 -0.599466)
(-7.08445 0 1.40879)
(-7.10185 0 3.41124)
(-7.01361 0 5.38847)
(-6.8134 0 7.31916)
(-6.49599 0 9.17915)
(-6.05781 0 10.9409)
(-5.4977 0 12.5735)
(-4.81778 0 14.0428)
(-4.02433 0 15.3131)
(-3.12879 0 16.3483)
(-2.1485 0 17.1151)
(-1.10702 0 17.5857)
(-0.0333293 0 17.7414)
(1.04028 0 17.5756)
(2.0815 0 17.0944)
(3.06127 0 16.3162)
(3.95595 0 15.2683)
(4.7481 0 13.9839)
(5.42615 0 12.4986)
(5.98374 0 10.8484)
(6.41867 0 9.06734)
(6.73205 0 7.18659)
(6.92738 0 5.23408)
(7.00992 0 3.23449)
(6.986 0 1.20989)
(6.86261 0 -0.819403)
(6.64701 0 -2.83356)
(6.34656 0 -4.81218)
(5.96853 0 -6.73361)
(5.5201 0 -8.57451)
(5.00842 0 -10.3096)
(4.4407 0 -11.9118)
(3.82424 0 -13.3529)
(3.1665 0 -14.6042)
(2.47511 0 -15.6379)
(1.75778 0 -16.4289)
(1.02228 0 -16.9562)
(0.276335 0 -17.2048)
(-0.47241 0 -17.1672)
(-1.21636 0 -16.8446)
(-1.94785 0 -16.2465)
(-2.65913 0 -15.3897)
(-3.34245 0 -14.2964)
(-3.9901 0 -12.9927)
(-4.59449 0 -11.5066)
(-5.14822 0 -9.86683)
(-5.644 0 -8.10142)
(-6.07465 0 -6.237)
(-6.43303 0 -4.29832)
(-6.71192 0 -2.30827)
(-6.90404 0 -0.288131)
(-7.00204 0 1.7419)
(-6.99869 0 3.76202)
(-6.88713 0 5.75154)
(-6.66128 0 7.68779)
(-6.31627 0 9.54528)
(-5.84915 0 11.2952)
(-5.25959 0 12.9056)
(-4.55079 0 14.3417)
(-3.7304 0 15.5675)
(-2.81145 0 16.5477)
(-1.81303 0 17.2503)
(-0.760331 0 17.65)
(0.316478 0 17.7316)
(1.38474 0 17.4921)
(2.41276 0 16.9415)
(3.37282 0 16.1013)
(4.24299 0 15.001)
(5.0075 0 13.6749)
(5.65638 0 12.1592)
(6.18452 0 10.4895)
(6.59076 0 8.69899)
(6.87695 0 6.81783)
(7.04718 0 4.87262)
(7.10702 0 2.88669)
(7.06301 0 0.880791)
(6.92216 0 -1.12597)
(6.6917 0 -3.11485)
(6.37885 0 -5.06644)
(5.99072 0 -6.96001)
(5.53428 0 -8.77307)
(5.01649 0 -10.4811)
(4.44431 0 -12.0579)
(3.82483 0 -13.4757)
(3.16529 0 -14.7066)
(2.47309 0 -15.7233)
(1.75573 0 -16.5013)
(1.02074 0 -17.0198)
(0.275618 0 -17.2641)
(-0.605338 0 -16.3754)
(-1.5566 0 -16.0688)
(-2.48874 0 -15.5007)
(-3.39021 0 -14.6876)
(-4.24984 0 -13.6511)
(-5.05701 0 -12.4162)
(-5.80171 0 -11.0103)
(-6.47469 0 -9.46081)
(-7.06741 0 -7.79471)
(-7.57197 0 -6.03756)
(-7.98104 0 -4.21307)
(-8.28771 0 -2.34312)
(-8.48545 0 -0.447916)
(-8.56804 0 1.45352)
(-8.52967 0 3.34285)
(-8.36516 0 5.20125)
(-8.07024 0 7.00838)
(-7.64199 0 8.74165)
(-7.07949 0 10.3757)
(-6.38443 0 11.8825)
(-5.56191 0 13.2319)
(-4.62123 0 14.3926)
(-3.57652 0 15.3339)
(-2.44722 0 16.0281)
(-1.25791 0 16.4526)
(-0.0374546 0 16.5927)
(1.18282 0 16.4428)
(2.37155 0 16.008)
(3.49983 0 15.3028)
(4.54299 0 14.3493)
(5.4815 0 13.175)
(6.3011 0 11.8104)
(6.99241 0 10.2868)
(7.55022 0 8.63427)
(7.97274 0 6.88117)
(8.26087 0 5.05317)
(8.41748 0 3.17338)
(8.44685 0 1.26283)
(8.35421 0 -0.658777)
(8.14545 0 -2.57201)
(7.82692 0 -4.45666)
(7.40537 0 -6.29125)
(6.88795 0 -8.05261)
(6.28231 0 -9.71575)
(5.59669 0 -11.254)
(4.84005 0 -12.6394)
(4.02206 0 -13.8439)
(3.15315 0 -14.84)
(2.24435 0 -15.603)
(1.30722 0 -16.1119)
(0.353644 0 -16.3519)
(-0.604375 0 -16.3156)
(-1.5548 0 -16.0041)
(-2.48565 0 -15.427)
(-3.3851 0 -14.6008)
(-4.24172 0 -13.5475)
(-5.04461 0 -12.293)
(-5.78354 0 -10.8647)
(-6.44903 0 -9.2911)
(-7.03232 0 -7.59967)
(-7.52532 0 -5.81672)
(-7.92052 0 -3.96678)
(-8.21089 0 -2.07253)
(-8.38979 0 -0.155111)
(-8.45097 0 1.76552)
(-8.3887 0 3.67)
(-8.19796 0 5.53837)
(-7.87479 0 7.34911)
(-7.41676 0 9.07846)
(-6.82364 0 10.7)
(-6.09802 0 12.185)
(-5.24612 0 13.5027)
(-4.27857 0 14.622)
(-3.21098 0 15.5129)
(-2.06426 0 16.149)
(-0.864331 0 16.5101)
(0.359059 0 16.5839)
(1.5743 0 16.3683)
(2.75049 0 15.8712)
(3.85976 0 15.1097)
(4.87881 0 14.1079)
(5.78963 0 12.8947)
(6.57939 0 11.5009)
(7.23998 0 9.95777)
(7.76726 0 8.29498)
(8.1603 0 6.53989)
(8.42062 0 4.71712)
(8.55153 0 2.8486)
(8.55759 0 0.954213)
(8.44417 0 -0.947459)
(8.2172 0 -2.83796)
(7.88296 0 -4.69801)
(7.44811 0 -6.507)
(6.91964 0 -8.24261)
(6.30503 0 -9.8806)
(5.61233 0 -11.395)
(4.85027 0 -12.7586)
(4.02832 0 -13.9439)
(3.15662 0 -14.9241)
(2.24599 0 -15.6746)
(1.30769 0 -16.1753)
(0.353343 0 -16.4113)
(-0.734307 0 -15.317)
(-1.88709 0 -15.0261)
(-3.01375 0 -14.4875)
(-4.09878 0 -13.717)
(-5.12746 0 -12.7358)
(-6.08604 0 -11.568)
(-6.962 0 -10.2398)
(-7.7441 0 -8.77793)
(-8.42238 0 -7.20823)
(-8.9881 0 -5.55538)
(-9.43362 0 -3.84237)
(-9.75223 0 -2.09041)
(-9.93809 0 -0.319132)
(-9.98612 0 1.45301)
(-9.89203 0 3.20838)
(-9.65248 0 4.92906)
(-9.26531 0 6.59601)
(-8.73001 0 8.18842)
(-8.04824 0 9.68335)
(-7.22444 0 11.0559)
(-6.26651 0 12.2796)
(-5.18643 0 13.3277)
(-4.00065 0 14.1743)
(-2.73026 0 14.7964)
(-1.40069 0 15.1758)
(-0.0407187 0 15.3006)
(1.31897 0 15.1665)
(2.64768 0 14.7773)
(3.91658 0 14.1447)
(5.10017 0 13.2866)
(6.17725 0 12.2257)
(7.13124 0 10.9877)
(7.95007 0 9.59931)
(8.62572 0 8.08702)
(9.15364 0 6.47596)
(9.53209 0 4.78936)
(9.76155 0 3.04853)
(9.84415 0 1.27317)
(9.78329 0 -0.517993)
(9.58335 0 -2.30627)
(9.24959 0 -4.0721)
(8.78812 0 -5.79464)
(8.20595 0 -7.45143)
(7.51115 0 -9.01832)
(6.71293 0 -10.4696)
(5.82181 0 -11.7783)
(4.84958 0 -12.9173)
(3.80938 0 -13.8602)
(2.71551 0 -14.583)
(1.58324 0 -15.0655)
(0.428546 0 -15.2932)
(-0.732218 0 -15.2587)
(-1.88261 0 -14.9633)
(-3.00635 0 -14.4162)
(-4.0876 0 -13.6336)
(-5.11134 0 -12.6369)
(-6.06353 0 -11.4509)
(-6.93141 0 -10.1022)
(-7.70349 0 -8.61805)
(-8.36961 0 -7.02513)
(-8.92088 0 -5.34879)
(-9.34951 0 -3.61275)
(-9.64873 0 -1.839)
(-9.81265 0 -0.0480442)
(-9.83627 0 1.74082)
(-9.71543 0 3.50902)
(-9.44705 0 5.23764)
(-9.02936 0 6.90662)
(-8.46243 0 8.49415)
(-7.74866 0 9.97647)
(-6.89344 0 11.328)
(-5.90582 0 12.5222)
(-4.79901 0 13.5323)
(-3.59081 0 14.3333)
(-2.3036 0 14.9036)
(-0.963873 0 15.2266)
(0.398888 0 15.2929)
(1.7538 0 15.1005)
(3.07049 0 14.656)
(4.32096 0 13.9729)
(5.48085 0 13.0711)
(6.53026 0 11.9743)
(7.45394 0 10.7089)
(8.24106 0 9.30162)
(8.88468 0 7.77868)
(9.38113 0 6.16449)
(9.72939 0 4.4814)
(9.93046 0 2.74973)
(9.98684 0 0.988155)
(9.90215 0 -0.785568)
(9.68087 0 -2.55364)
(9.3283 0 -4.29735)
(8.8505 0 -5.99669)
(8.2544 0 -7.62998)
(7.54793 0 -9.17381)
(6.74013 0 -10.6031)
(5.8413 0 -11.8917)
(4.86302 0 -13.0129)
(3.81815 0 -13.941)
(2.72071 0 -14.6523)
(1.58565 0 -15.1271)
(0.428642 0 -15.351)
(-0.857157 0 -14.0597)
(-2.20184 0 -13.7893)
(-3.51362 0 -13.289)
(-4.77316 0 -12.5739)
(-5.9623 0 -11.6638)
(-7.06435 0 -10.5817)
(-8.06438 0 -9.35223)
(-8.94927 0 -8.00042)
(-9.70775 0 -6.55071)
(-10.3303 0 -5.02632)
(-10.809 0 -3.44894)
(-11.1375 0 -1.83864)
(-11.3105 0 -0.214019)
(-11.3243 0 1.40747)
(-11.1761 0 3.00922)
(-10.8643 0 4.57454)
(-10.389 0 6.08593)
(-9.75203 0 7.52457)
(-8.95751 0 8.87012)
(-8.0125 0 10.1008)
(-6.92748 0 11.1939)
(-5.71677 0 12.1267)
(-4.39879 0 12.8777)
(-2.99602 0 13.4281)
(-1.53455 0 13.763)
(-0.0431617 0 13.8729)
(1.44786 0 13.7543)
(2.90822 0 13.4103)
(4.30908 0 12.8503)
(5.62426 0 12.0886)
(6.83119 0 11.1439)
(7.91132 0 10.0376)
(8.85019 0 8.79228)
(9.6372 0 7.4307)
(10.2652 0 5.97481)
(10.7299 0 4.44527)
(11.0294 0 2.86133)
(11.1637 0 1.24109)
(11.1344 0 -0.397975)
(10.9442 0 -2.03831)
(10.5974 0 -3.66143)
(10.0993 0 -5.24761)
(9.45677 0 -6.77564)
(8.67825 0 -8.22273)
(7.77383 0 -9.56463)
(6.75547 0 -10.7761)
(5.63699 0 -11.8314)
(4.43411 0 -12.7059)
(3.16421 0 -13.3768)
(1.84617 0 -13.8249)
(0.499908 0 -14.0365)
(-0.854007 0 -14.0045)
(-2.19485 0 -13.73)
(-3.50217 0 -13.222)
(-4.75629 0 -12.4958)
(-5.93869 0 -11.5716)
(-7.03239 0 -10.4729)
(-8.02216 0 -9.22478)
(-8.89468 0 -7.85289)
(-9.63847 0 -6.38227)
(-10.2439 0 -4.83682)
(-10.7029 0 -3.23892)
(-11.0091 0 -1.60938)
(-11.1575 0 0.0324345)
(-11.1441 0 1.66831)
(-10.9666 0 3.28079)
(-10.6237 0 4.85231)
(-10.1159 0 6.3645)
(-9.44567 0 7.79775)
(-8.61801 0 9.13104)
(-7.64091 0 10.3421)
(-6.52597 0 11.4082)
(-5.28868 0 12.3069)
(-3.94868 0 13.0174)
(-2.52956 0 13.522)
(-1.05829 0 13.8075)
(0.435781 0 13.8662)
(1.92221 0 13.6966)
(3.37096 0 13.304)
(4.75386 0 12.6993)
(6.04569 0 11.8986)
(7.22502 0 10.9215)
(8.2745 0 9.79008)
(9.18085 0 8.52703)
(9.93456 0 7.15492)
(10.5294 0 5.69519)
(10.9618 0 4.16779)
(11.2305 0 2.59116)
(11.336 0 0.982533)
(11.28 0 -0.641482)
(11.0657 0 -2.2641)
(10.6972 0 -3.86763)
(10.18 0 -5.4331)
(9.52087 0 -6.94003)
(8.72817 0 -8.36632)
(7.81184 0 -9.68838)
(6.78363 0 -10.8815)
(5.65716 0 -11.9207)
(4.44783 0 -12.7817)
(3.17274 0 -13.4421)
(1.8504 0 -13.8832)
(0.50037 0 -14.0913)
(-0.971745 0 -12.6148)
(-2.49539 0 -12.3696)
(-3.97972 0 -11.9161)
(-5.40179 0 -11.2683)
(-6.74024 0 -10.4445)
(-7.97563 0 -9.46588)
(-9.0908 0 -8.35492)
(-10.0709 0 -7.13456)
(-10.9034 0 -5.8272)
(-11.5782 0 -4.45412)
(-12.0871 0 -3.0352)
(-12.4239 0 -1.58888)
(-12.5843 0 -0.132282)
(-12.5654 0 1.31856)
(-12.3662 0 2.74839)
(-11.9867 0 4.14202)
(-11.4292 0 5.48373)
(-10.6976 0 6.75689)
(-9.79857 0 7.94381)
(-8.74146 0 9.02584)
(-7.53906 0 9.98384)
(-6.20775 0 10.7989)
(-4.76761 0 11.4534)
(-3.24227 0 11.9321)
(-1.65839 0 12.2229)
(-0.0448605 0 12.3181)
(1.56823 0 12.215)
(3.15078 0 11.916)
(4.67382 0 11.4286)
(6.11063 0 10.7644)
(7.43744 0 9.93863)
(8.63405 0 8.96867)
(9.68393 0 7.87341)
(10.5742 0 6.67202)
(11.2952 0 5.38328)
(11.8403 0 4.02517)
(12.2054 0 2.61472)
(12.3884 0 1.1682)
(12.3891 0 -0.298508)
(12.2088 0 -1.76929)
(11.8505 0 -3.22717)
(11.3189 0 -4.65403)
(10.6208 0 -6.03039)
(9.76488 0 -7.33538)
(8.76199 0 -8.54676)
(7.62546 0 -9.64141)
(6.37097 0 -10.5959)
(5.01662 0 -11.3874)
(3.58271 0 -11.995)
(2.09144 0 -12.4012)
(0.566487 0 -12.593)
(-0.967623 0 -12.564)
(-2.48611 0 -12.3151)
(-3.96459 0 -11.8548)
(-5.37974 0 -11.1971)
(-6.70982 0 -10.3608)
(-7.93507 0 -9.36736)
(-9.03802 0 -8.23986)
(-10.0036 0 -7.00173)
(-10.8192 0 -5.67592)
(-11.4744 0 -4.28433)
(-11.9611 0 -2.84748)
(-12.2731 0 -1.38447)
(-12.4062 0 0.0869075)
(-12.3578 0 1.54993)
(-12.1269 0 2.9886)
(-11.7143 0 4.38698)
(-11.1226 0 5.72862)
(-10.3564 0 6.99627)
(-9.42329 0 8.1717)
(-8.33353 0 9.23598)
(-7.10103 0 10.1699)
(-5.74325 0 10.955)
(-4.2814 0 11.5741)
(-2.74005 0 12.0131)
(-1.14663 0 12.2612)
(0.469505 0 12.3123)
(2.07813 0 12.1653)
(3.64937 0 11.8243)
(5.15481 0 11.2981)
(6.56853 0 10.5998)
(7.8678 0 9.74545)
(9.03348 0 8.753)
(10.0502 0 7.64154)
(10.9061 0 6.43015)
(11.5924 0 5.13725)
(12.1035 0 3.78026)
(12.4357 0 2.37555)
(12.5875 0 0.93865)
(12.5591 0 -0.515265)
(12.352 0 -1.97078)
(11.9694 0 -3.41163)
(11.4162 0 -4.82035)
(10.6991 0 -6.17816)
(9.82671 0 -7.46476)
(8.8098 0 -8.65856)
(7.66149 0 -9.73697)
(6.39724 0 -10.6771)
(5.03484 0 -11.4565)
(3.59425 0 -12.0549)
(2.09731 0 -12.4547)
(0.567275 0 -12.6435)
(-1.07581 0 -10.997)
(-2.76196 0 -10.7813)
(-4.4029 0 -10.3826)
(-5.97242 0 -9.81335)
(-7.44623 0 -9.08993)
(-8.80245 0 -8.23112)
(-10.0219 0 -7.25697)
(-11.0881 0 -6.18779)
(-11.9876 0 -5.0434)
(-12.7095 0 -3.84267)
(-13.2455 0 -2.60322)
(-13.5897 0 -1.34143)
(-13.7383 0 -0.0724889)
(-13.6897 0 1.18936)
(-13.444 0 2.43053)
(-13.0032 0 3.6376)
(-12.3711 0 4.79683)
(-11.554 0 5.89394)
(-10.5604 0 6.91394)
(-9.40206 0 7.84126)
(-8.09366 0 8.66013)
(-6.65335 0 9.35517)
(-5.1026 0 9.91215)
(-3.466 0 10.3188)
(-1.77075 0 10.5655)
(-0.0459238 0 10.6462)
(1.6784 0 10.5586)
(3.37211 0 10.3047)
(5.00609 0 9.89036)
(6.55302 0 9.32491)
(7.9882 0 8.62045)
(9.29 0 7.79108)
(10.4401 0 6.85215)
(11.4236 0 5.81945)
(12.2288 0 4.70868)
(12.8468 0 3.53505)
(13.2714 0 2.31323)
(13.4986 0 1.05743)
(13.5266 0 -0.218313)
(13.3553 0 -1.49968)
(12.9868 0 -2.77159)
(12.4251 0 -4.01798)
(11.6767 0 -5.22159)
(10.7507 0 -6.36388)
(9.65869 0 -7.4252)
(8.41508 0 -8.38503)
(7.03729 0 -9.22259)
(5.54555 0 -9.91766)
(3.96278 0 -10.4516)
(2.31423 0 -10.8087)
(0.626969 0 -10.9774)
(-1.07082 0 -10.9518)
(-2.75064 0 -10.733)
(-4.38452 0 -10.3283)
(-5.94581 0 -9.75051)
(-7.40982 0 -9.01625)
(-8.75431 0 -8.14467)
(-9.95979 0 -7.15624)
(-11.0096 0 -6.07174)
(-11.8901 0 -4.9115)
(-12.5903 0 -3.69492)
(-13.1019 0 -2.44019)
(-13.4191 0 -1.16426)
(-13.5382 0 0.117106)
(-13.4579 0 1.38905)
(-13.1787 0 2.63737)
(-12.7029 0 3.84799)
(-12.0351 0 5.00662)
(-11.1822 0 6.09845)
(-10.1538 0 7.10811)
(-8.9623 0 8.01985)
(-7.62361 0 8.81791)
(-6.15689 0 9.48722)
(-4.58462 0 10.0141)
(-2.93225 0 10.3872)
(-1.22763 0 10.5979)
(0.499753 0 10.6413)
(2.2197 0 10.5167)
(3.90231 0 10.2272)
(5.51891 0 9.78008)
(7.04294 0 9.18557)
(8.45057 0 8.45656)
(9.7212 0 7.60767)
(10.8376 0 6.65445)
(11.7858 0 5.61267)
(12.5551 0 4.49776)
(13.1374 0 3.32454)
(13.5273 0 2.10714)
(13.7213 0 0.859164)
(13.718 0 -0.405934)
(13.5177 0 -1.67444)
(13.1226 0 -2.93189)
(12.537 0 -4.16281)
(11.7675 0 -5.3505)
(10.823 0 -6.47699)
(9.71511 0 -7.52315)
(8.45803 0 -8.46895)
(7.06892 0 -9.29408)
(5.56772 0 -9.97871)
(3.97698 0 -10.5046)
(2.32154 0 -10.8562)
(0.628036 0 -11.0222)
(-1.16705 0 -9.22473)
(-2.99567 0 -9.04246)
(-4.77388 0 -8.70562)
(-6.47259 0 -8.22498)
(-8.06495 0 -7.61451)
(-9.52694 0 -6.89026)
(-10.8376 0 -6.06928)
(-11.9792 0 -5.16886)
(-12.9374 0 -4.20583)
(-13.7006 0 -3.19621)
(-14.2605 0 -2.15497)
(-14.6114 0 -1.09601)
(-14.75 0 -0.0322233)
(-14.6755 0 1.02427)
(-14.3894 0 2.06186)
(-13.895 0 3.06912)
(-13.1978 0 4.03452)
(-12.3059 0 4.9462)
(-11.2299 0 5.7919)
(-9.98299 0 6.55907)
(-8.58183 0 7.23511)
(-7.04596 0 7.80784)
(-5.398 0 8.26607)
(-3.66337 0 8.60021)
(-1.86976 0 8.80277)
(-0.0464875 0 8.86895)
(1.77622 0 8.79695)
(3.56814 0 8.58833)
(5.29985 0 8.24769)
(6.94357 0 7.78231)
(8.47376 0 7.20163)
(9.86761 0 6.51675)
(11.1053 0 5.73978)
(12.1703 0 4.88335)
(13.0489 0 3.96013)
(13.7305 0 2.9826)
(14.2069 0 1.9629)
(14.4727 0 0.912981)
(14.5243 0 -0.155204)
(14.3607 0 -1.22944)
(13.9829 0 -2.29692)
(13.3946 0 -3.344)
(12.6022 0 -4.35604)
(11.6148 0 -5.31731)
(10.4446 0 -6.21111)
(9.10723 0 -7.02001)
(7.62143 0 -7.72634)
(6.00932 0 -8.31287)
(4.29607 0 -8.76369)
(2.50962 0 -9.06533)
(0.680017 0 -9.20789)
(-1.16133 0 -9.18631)
(-2.98264 0 -9.00139)
(-4.75275 0 -8.65957)
(-6.44211 0 -8.17179)
(-8.02346 0 -7.55229)
(-9.47239 0 -6.81739)
(-10.7677 0 -5.98455)
(-11.8913 0 -5.0714)
(-12.8287 0 -4.09524)
(-13.5685 0 -3.07252)
(-14.1021 0 -2.01869)
(-14.424 0 -0.948135)
(-14.5312 0 0.125762)
(-14.4233 0 1.19038)
(-14.1019 0 2.23359)
(-13.571 0 3.24344)
(-12.8369 0 4.20796)
(-11.9083 0 5.11491)
(-10.7965 0 5.95175)
(-9.51613 0 6.7058)
(-8.08449 0 7.36451)
(-6.5222 0 7.91597)
(-4.85282 0 8.34947)
(-3.10255 0 8.65608)
(-1.29966 0 8.82919)
(0.526135 0 8.86496)
(2.34453 0 8.76269)
(4.12545 0 8.52501)
(5.83993 0 8.15748)
(7.46082 0 7.66818)
(8.96341 0 7.06718)
(10.3258 0 6.36598)
(11.5293 0 5.57693)
(12.5582 0 4.71265)
(13.3999 0 3.78565)
(14.0444 0 2.80807)
(14.4846 0 1.79168)
(14.7153 0 0.747966)
(14.7338 0 -0.311622)
(14.5392 0 -1.37537)
(14.133 0 -2.43098)
(13.5189 0 -3.46531)
(12.7035 0 -4.46419)
(11.6959 0 -5.41235)
(10.5083 0 -6.29355)
(9.15603 0 -7.09078)
(7.6576 0 -7.78675)
(6.03482 0 -8.36457)
(4.3125 0 -8.80865)
(2.51814 0 -9.10573)
(0.681316 0 -9.24608)
(-1.24327 0 -7.31998)
(-3.19087 0 -7.17448)
(-5.0837 0 -6.90568)
(-6.89024 0 -6.52228)
(-8.58153 0 -6.03558)
(-10.1318 0 -5.45848)
(-11.5186 0 -4.80469)
(-12.7232 0 -4.08805)
(-13.7303 0 -3.32205)
(-14.5283 0 -2.51954)
(-15.1084 0 -1.69247)
(-15.4652 0 -0.851962)
(-15.5958 0 -0.00830585)
(-15.5003 0 0.828806)
(-15.1808 0 1.64999)
(-14.642 0 2.44606)
(-13.8909 0 3.20783)
(-12.9368 0 3.92599)
(-11.792 0 4.59102)
(-10.4713 0 5.19326)
(-8.99264 0 5.72311)
(-7.3767 0 6.17136)
(-5.64708 0 6.52958)
(-3.82986 0 6.79055)
(-1.9532 0 6.94865)
(-0.0467064 0 7.00026)
(1.85918 0 6.94401)
(3.734 0 6.78108)
(5.54807 0 6.51493)
(7.27311 0 6.15102)
(8.88289 0 5.69643)
(10.3537 0 5.15953)
(11.6645 0 4.54947)
(12.7973 0 3.87588)
(13.737 0 3.14852)
(14.4712 0 2.37707)
(14.9906 0 1.57109)
(15.288 0 0.740092)
(15.3589 0 -0.106312)
(15.2011 0 -0.958271)
(14.8153 0 -1.80556)
(14.2045 0 -2.63728)
(13.3751 0 -3.44172)
(12.3363 0 -4.20632)
(11.1009 0 -4.91769)
(9.68522 0 -5.56187)
(8.10928 0 -6.12469)
(6.39668 0 -6.5923)
(4.5745 0 -6.9519)
(2.67286 0 -7.1926)
(0.72434 0 -7.3064)
(-1.23695 0 -7.28917)
(-3.17645 0 -7.14157)
(-5.06034 0 -6.86883)
(-6.85663 0 -6.47981)
(-8.53592 0 -5.98597)
(-10.072 0 -5.40048)
(-11.4423 0 -4.73733)
(-12.6276 0 -4.01068)
(-13.6127 0 -3.23437)
(-14.3856 0 -2.42158)
(-14.9379 0 -1.58467)
(-15.2642 0 -0.735117)
(-15.362 0 0.116384)
(-15.2314 0 0.95974)
(-14.8753 0 1.78515)
(-14.2988 0 2.58304)
(-13.5097 0 3.34389)
(-12.5181 0 4.05812)
(-11.337 0 4.71601)
(-9.98236 0 5.30781)
(-8.47297 0 5.824)
(-6.83055 0 6.25557)
(-5.07952 0 6.59447)
(-3.24671 0 6.834)
(-1.36082 0 6.9692)
(0.548182 0 6.99716)
(2.44977 0 6.91738)
(4.31366 0 6.73184)
(6.11054 0 6.44473)
(7.81276 0 6.06211)
(9.39485 0 5.59157)
(10.834 0 5.04178)
(12.1101 0 4.42209)
(13.2061 0 3.74214)
(14.1079 0 3.01157)
(14.8041 0 2.23986)
(15.2859 0 1.43627)
(15.5468 0 0.609972)
(15.583 0 -0.229803)
(15.3928 0 -1.07362)
(14.9769 0 -1.91165)
(14.3389 0 -2.73338)
(13.485 0 -3.5275)
(12.4246 0 -4.2818)
(11.1705 0 -4.98325)
(9.73876 0 -5.61823)
(8.14912 0 -6.17288)
(6.42488 0 -6.63362)
(4.59273 0 -6.98788)
(2.68236 0 -7.22498)
(0.725823 0 -7.33703)
(-1.30245 0 -5.30793)
(-3.34245 0 -5.20194)
(-5.32425 0 -5.00619)
(-7.21445 0 -4.72708)
(-8.98248 0 -4.37292)
(-10.6011 0 -3.95317)
(-12.047 0 -3.47785)
(-13.3005 0 -2.95708)
(-14.3458 0 -2.40073)
(-15.1708 0 -1.81815)
(-15.7669 0 -1.21806)
(-16.1286 0 -0.608558)
(-16.2536 0 0.00289483)
(-16.1421 0 0.609253)
(-15.7972 0 1.2036)
(-15.2244 0 1.77917)
(-14.4316 0 2.32931)
(-13.4296 0 2.8473)
(-12.2315 0 3.32636)
(-10.8535 0 3.75964)
(-9.31447 0 4.14041)
(-7.63607 0 4.4622)
(-5.84257 0 4.71915)
(-3.9606 0 4.90623)
(-2.01868 0 5.01952)
(-0.0467423 0 5.05648)
(1.92456 0 5.01614)
(3.86452 0 4.89934)
(5.74315 0 4.7085)
(7.53181 0 4.4474)
(9.20369 0 4.121)
(10.7343 0 3.7351)
(12.1019 0 3.29613)
(13.2872 0 2.81084)
(14.274 0 2.28615)
(15.0489 0 1.72896)
(15.6012 0 1.14617)
(15.9227 0 0.544705)
(16.008 0 -0.0683932)
(15.8544 0 -0.685871)
(15.4619 0 -1.3003)
(14.8334 0 -1.90376)
(13.9751 0 -2.48775)
(12.8963 0 -3.0431)
(11.6103 0 -3.56003)
(10.1339 0 -4.02837)
(8.48802 0 -4.43775)
(6.69745 0 -4.77802)
(4.79071 0 -5.0398)
(2.79965 0 -5.21508)
(0.75877 0 -5.29798)
(-1.29568 0 -5.28543)
(-3.32697 0 -5.17792)
(-5.2992 0 -4.97932)
(-7.17847 0 -4.69614)
(-8.93375 0 -4.33683)
(-10.5375 0 -3.91102)
(-11.9659 0 -3.42895)
(-13.1991 0 -2.90097)
(-14.2213 0 -2.3372)
(-15.0202 0 -1.74724)
(-15.5873 0 -1.14009)
(-15.9174 0 -0.524107)
(-16.0083 0 0.0929487)
(-15.8607 0 0.703728)
(-15.4781 0 1.30101)
(-14.8666 0 1.87779)
(-14.035 0 2.42714)
(-12.9947 0 2.94219)
(-11.7599 0 3.41601)
(-10.3476 0 3.84172)
(-8.77768 0 4.21263)
(-7.07269 0 4.52244)
(-5.25776 0 4.76554)
(-3.36019 0 4.93728)
(-1.40907 0 5.0342)
(0.565385 0 5.05426)
(2.5324 0 4.99712)
(4.46144 0 4.86415)
(6.32289 0 4.6583)
(8.08867 0 4.3838)
(9.73274 0 4.04591)
(11.2315 0 3.65071)
(12.5639 0 3.20472)
(13.712 0 2.71476)
(14.6603 0 2.18764)
(15.3962 0 1.63014)
(15.9098 0 1.04897)
(16.1938 0 0.450793)
(16.2433 0 -0.157593)
(16.056 0 -0.769256)
(15.6323 0 -1.37705)
(14.9753 0 -1.97336)
(14.0914 0 -2.54992)
(12.9901 0 -3.09785)
(11.6844 0 -3.60765)
(10.191 0 -4.06935)
(8.53063 0 -4.47282)
(6.72769 0 -4.80812)
(4.81032 0 -5.06605)
(2.80988 0 -5.23873)
(0.760388 0 -5.32036)
(-1.34295 0 -3.21734)
(-3.44615 0 -3.15289)
(-5.48879 0 -3.03388)
(-7.43617 0 -2.86426)
(-9.25661 0 -2.64908)
(-10.922 0 -2.39413)
(-12.4082 0 -2.10553)
(-13.695 0 -1.78944)
(-14.7664 0 -1.45187)
(-15.61 0 -1.09852)
(-16.2172 0 -0.734681)
(-16.5826 0 -0.36526)
(-16.704 0 0.0052226)
(-16.582 0 0.372511)
(-16.22 0 0.732344)
(-15.6241 0 1.08059)
(-14.8031 0 1.41318)
(-13.7683 0 1.72609)
(-12.5339 0 2.01524)
(-11.1167 0 2.27655)
(-9.53636 0 2.50601)
(-7.81505 0 2.69981)
(-5.97757 0 2.85448)
(-4.05093 0 2.96704)
(-2.06394 0 3.0352)
(-0.0467461 0 3.05742)
(1.96978 0 3.03315)
(3.95475 0 2.96287)
(5.87793 0 2.84801)
(7.71038 0 2.69083)
(9.42493 0 2.49422)
(10.9966 0 2.26164)
(12.4029 0 1.99688)
(13.6241 0 1.70394)
(14.6431 0 1.38696)
(15.4455 0 1.05008)
(16.02 0 0.697457)
(16.3577 0 0.3333)
(16.4526 0 -0.0380708)
(16.3015 0 -0.412205)
(15.9042 0 -0.78461)
(15.2634 0 -1.1505)
(14.3852 0 -1.50472)
(13.2791 0 -1.84168)
(11.9585 0 -2.15545)
(10.4406 0 -2.43981)
(8.74702 0 -2.68846)
(6.90319 0 -2.8952)
(4.93864 0 -3.0543)
(2.88641 0 -3.16086)
(0.782332 0 -3.21126)
(-1.33587 0 -3.20363)
(-3.42996 0 -3.13826)
(-5.4626 0 -3.01754)
(-7.39859 0 -2.84545)
(-9.20579 0 -2.62716)
(-10.8557 0 -2.36855)
(-12.3238 0 -2.07587)
(-13.5897 0 -1.75543)
(-14.6373 0 -1.41339)
(-15.4541 0 -1.05559)
(-16.0315 0 -0.687498)
(-16.3645 0 -0.314182)
(-16.451 0 0.0596678)
(-16.2921 0 0.429595)
(-15.8916 0 0.791165)
(-15.2565 0 1.14009)
(-14.396 0 1.47217)
(-13.3225 0 1.78325)
(-12.051 0 2.0692)
(-10.5993 0 2.32592)
(-8.98787 0 2.54943)
(-7.23988 0 2.73601)
(-5.38092 0 2.88235)
(-3.43866 0 2.9857)
(-1.44245 0 3.04401)
(0.577257 0 3.05609)
(2.5895 0 3.02172)
(4.56353 0 2.94173)
(6.4695 0 2.81786)
(8.27903 0 2.6526)
(9.96565 0 2.44908)
(11.5052 0 2.21087)
(12.8762 0 1.94184)
(14.0597 0 1.64605)
(15.0396 0 1.32756)
(15.8025 0 0.990443)
(16.3376 0 0.638749)
(16.637 0 0.276547)
(16.6953 0 -0.0919993)
(16.5097 0 -0.462642)
(16.0804 0 -0.831063)
(15.4104 0 -1.19265)
(14.5059 0 -1.54239)
(13.3766 0 -1.87488)
(12.0356 0 -2.18433)
(10.5002 0 -2.46468)
(8.7915 0 -2.70976)
(6.9348 0 -2.9135)
(4.95916 0 -3.07027)
(2.89713 0 -3.17525)
(0.784041 0 -3.22489)
(-1.36353 0 -1.07798)
(-3.49884 0 -1.05634)
(-5.57237 0 -1.01639)
(-7.54877 0 -0.959452)
(-9.39579 0 -0.887244)
(-11.0849 0 -0.801712)
(-12.5914 0 -0.704916)
(-13.8952 0 -0.598931)
(-14.9797 0 -0.485776)
(-15.8328 0 -0.367361)
(-16.4456 0 -0.245467)
(-16.8129 0 -0.121736)
(-16.9326 0 0.00232281)
(-16.8054 0 0.125289)
(-16.4349 0 0.245721)
(-15.8274 0 0.362226)
(-14.9921 0 0.473445)
(-13.9408 0 0.578029)
(-12.688 0 0.674624)
(-11.2509 0 0.761879)
(-9.64952 0 0.838467)
(-7.90638 0 0.90313)
(-6.04651 0 0.954721)
(-4.0971 0 0.99226)
(-2.08712 0 1.01498)
(-0.0468379 0 1.02239)
(1.99277 0 1.0143)
(4.0007 0 0.990863)
(5.94658 0 0.952559)
(7.80134 0 0.900126)
(9.5376 0 0.834525)
(11.1301 0 0.756891)
(12.5562 0 0.668477)
(13.7955 0 0.570612)
(14.8307 0 0.464662)
(15.6471 0 0.352005)
(16.2328 0 0.234031)
(16.5786 0 0.112148)
(16.6782 0 -0.0121858)
(16.5283 0 -0.137469)
(16.1285 0 -0.262202)
(15.4814 0 -0.384788)
(14.5932 0 -0.503493)
(13.4733 0 -0.616449)
(12.1352 0 -0.72166)
(10.5963 0 -0.817038)
(8.87852 0 -0.900458)
(7.00768 0 -0.969837)
(5.01379 0 -1.02324)
(2.93049 0 -1.05902)
(0.794308 0 -1.07594)
(-1.35629 0 -1.07338)
(-3.48229 0 -1.05143)
(-5.5456 0 -1.0109)
(-7.51038 0 -0.95314)
(-9.3439 0 -0.87989)
(-11.0172 0 -0.793134)
(-12.5054 0 -0.694975)
(-13.7879 0 -0.587536)
(-14.8483 0 -0.472885)
(-15.6741 0 -0.352986)
(-16.2568 0 -0.229673)
(-16.5913 0 -0.104643)
(-16.6757 0 0.0205388)
(-16.5111 0 0.144381)
(-16.1018 0 0.265386)
(-15.4546 0 0.382109)
(-14.5796 0 0.493146)
(-13.4893 0 0.597113)
(-12.1992 0 0.692634)
(-10.7275 0 0.778349)
(-9.09493 0 0.852946)
(-7.32505 0 0.915197)
(-5.44366 0 0.96401)
(-3.47862 0 0.998476)
(-1.4594 0 1.01792)
(0.583402 0 1.02195)
(2.61872 0 1.01049)
(4.6157 0 0.983819)
(6.54435 0 0.942508)
(8.37614 0 0.887381)
(10.0844 0 0.819469)
(11.6447 0 0.739951)
(13.0352 0 0.650109)
(14.2367 0 0.55128)
(15.2326 0 0.444817)
(16.0091 0 0.332073)
(16.5551 0 0.214401)
(16.8622 0 0.0931652)
(16.9247 0 -0.0302284)
(16.7399 0 -0.154348)
(16.3077 0 -0.277753)
(15.6311 0 -0.398901)
(14.7162 0 -0.516113)
(13.5726 0 -0.627575)
(12.2138 0 -0.731344)
(10.6571 0 -0.82538)
(8.92395 0 -0.907606)
(7.03999 0 -0.97598)
(5.03478 0 -1.0286)
(2.94147 0 -1.06385)
(0.796063 0 -1.08052)
)
;

boundaryField
{
    top
    {
        type            directionMixed;
        refValue        uniform (0 0 0);
        refGradient     uniform (0 0 0);
        valueFraction   uniform (0 0 0 0 0 1);
        value           nonuniform List<vector> 
102
(
(-1.36353 0 0)
(-3.49884 0 0)
(-5.57237 0 0)
(-7.54877 0 0)
(-9.39579 0 0)
(-11.0849 0 0)
(-12.5914 0 0)
(-13.8952 0 0)
(-14.9797 0 0)
(-15.8328 0 0)
(-16.4456 0 0)
(-16.8129 0 0)
(-16.9326 0 0)
(-16.8054 0 0)
(-16.4349 0 0)
(-15.8274 0 0)
(-14.9921 0 0)
(-13.9408 0 0)
(-12.688 0 0)
(-11.2509 0 0)
(-9.64952 0 0)
(-7.90638 0 0)
(-6.04651 0 0)
(-4.0971 0 0)
(-2.08712 0 0)
(-0.0468379 0 0)
(1.99277 0 0)
(4.0007 0 0)
(5.94658 0 0)
(7.80134 0 0)
(9.5376 0 0)
(11.1301 0 0)
(12.5562 0 0)
(13.7955 0 0)
(14.8307 0 0)
(15.6471 0 0)
(16.2328 0 0)
(16.5786 0 0)
(16.6782 0 0)
(16.5283 0 0)
(16.1285 0 0)
(15.4814 0 0)
(14.5932 0 0)
(13.4733 0 0)
(12.1352 0 0)
(10.5963 0 0)
(8.87852 0 0)
(7.00768 0 0)
(5.01379 0 0)
(2.93049 0 0)
(0.794308 0 0)
(-1.35629 0 0)
(-3.48229 0 0)
(-5.5456 0 0)
(-7.51038 0 0)
(-9.3439 0 0)
(-11.0172 0 0)
(-12.5054 0 0)
(-13.7879 0 0)
(-14.8483 0 0)
(-15.6741 0 0)
(-16.2568 0 0)
(-16.5913 0 0)
(-16.6757 0 0)
(-16.5111 0 0)
(-16.1018 0 0)
(-15.4546 0 0)
(-14.5796 0 0)
(-13.4893 0 0)
(-12.1992 0 0)
(-10.7275 0 0)
(-9.09493 0 0)
(-7.32505 0 0)
(-5.44366 0 0)
(-3.47862 0 0)
(-1.4594 0 0)
(0.583402 0 0)
(2.61872 0 0)
(4.6157 0 0)
(6.54435 0 0)
(8.37614 0 0)
(10.0844 0 0)
(11.6447 0 0)
(13.0352 0 0)
(14.2367 0 0)
(15.2326 0 0)
(16.0091 0 0)
(16.5551 0 0)
(16.8622 0 0)
(16.9247 0 0)
(16.7399 0 0)
(16.3077 0 0)
(15.6311 0 0)
(14.7162 0 0)
(13.5726 0 0)
(12.2138 0 0)
(10.6571 0 0)
(8.92395 0 0)
(7.03999 0 0)
(5.03478 0 0)
(2.94147 0 0)
(0.796063 0 0)
)
;
    }
    bottom
    {
        type            fixedValue;
        value           uniform (0 0 0);
    }
    frontAndBack
    {
        type            empty;
    }
    left_cyc
    {
        type            cyclic;
    }
    right_cyc
    {
        type            cyclic;
    }
}


// ************************************************************************* //
