/*--------------------------------*- C++ -*----------------------------------*\
| =========                 |                                                 |
| \\      /  F ield         | OpenFOAM: The Open Source CFD Toolbox           |
|  \\    /   O peration     | Version:  2.3.0                                 |
|   \\  /    A nd           | Web:      www.OpenFOAM.org                      |
|    \\/     M anipulation  |                                                 |
\*---------------------------------------------------------------------------*/
FoamFile
{
    version     2.0;
    format      ascii;
    class       surfaceScalarField;
    location    "18000";
    object      phi;
}
// * * * * * * * * * * * * * * * * * * * * * * * * * * * * * * * * * * * * * //

dimensions      [0 3 -1 0 0 0 0];

internalField   nonuniform List<scalar> 
354
(
0.509982
-0.0755189
0.527064
-0.0170823
0.502206
0.0248583
0.465107
0.037099
0.430734
0.0343727
0.402297
0.0284374
0.379086
0.0232105
0.359733
0.0193535
0.343272
0.0164611
0.329317
0.0139541
0.31807
0.0112473
0.00765992
0.292439
-0.160976
0.373871
-0.0985147
0.437464
-0.0387343
0.48181
-0.00724648
0.510431
0.00575148
0.527125
0.0117435
0.53535
0.0149852
0.538026
0.016677
0.537603
0.0168841
0.536232
0.0153259
0.535961
0.0115178
0.0047176
0.183732
-0.200707
0.236656
-0.151439
0.304807
-0.106885
0.37254
-0.0749795
0.428217
-0.0499257
0.469382
-0.0294219
0.49792
-0.0135521
0.517227
-0.00262988
0.530747
0.00336344
0.541467
0.0046061
0.551838
0.00114686
-0.00717878
0.131824
-0.229639
0.17358
-0.193195
0.233444
-0.166749
0.297616
-0.139151
0.352911
-0.105221
0.39533
-0.0718415
0.426004
-0.0442261
0.448018
-0.0246436
0.4646
-0.0132183
0.478386
-0.00917983
0.491227
-0.0116941
-0.0200743
0.0702604
-0.281565
0.0934877
-0.252867
0.130708
-0.230415
0.183593
-0.219634
0.237218
-0.192777
0.282489
-0.150492
0.316817
-0.10617
0.341551
-0.0689594
0.359423
-0.0425162
0.373031
-0.0268259
0.384225
-0.0203736
0.393984
-0.0214533
-0.0285796
0.0415322
-0.294488
0.0593423
-0.270677
0.0898797
-0.260953
0.130303
-0.260057
0.168238
-0.230712
0.198804
-0.181058
0.221105
-0.128471
0.23668
-0.0845343
0.247669
-0.0535055
0.255766
-0.0349221
0.261869
-0.0264772
0.266114
-0.0256982
-0.0305172
0.0146294
-0.298934
0.0231593
-0.279206
0.0396309
-0.277424
0.0605904
-0.281016
0.0792024
-0.249324
0.0934083
-0.195264
0.103027
-0.13809
0.109093
-0.0905998
0.112789
-0.0572015
0.114824
-0.0369576
0.115261
-0.0269137
0.113613
-0.0240506
-0.0260001
-0.0122157
-0.293918
-0.018728
-0.272694
-0.0234073
-0.272745
-0.0265465
-0.277877
-0.0290901
-0.24678
-0.031099
-0.193255
-0.0330066
-0.136183
-0.0350554
-0.088551
-0.0373848
-0.0548722
-0.0402829
-0.0340595
-0.044334
-0.0228625
-0.0504001
-0.0179845
-0.0169995
-0.0396849
-0.279304
-0.0629318
-0.249447
-0.0916576
-0.244019
-0.120739
-0.248796
-0.144745
-0.222774
-0.162165
-0.175835
-0.174187
-0.12416
-0.182625
-0.080113
-0.189065
-0.0484326
-0.194778
-0.0283468
-0.200919
-0.0167212
-0.208711
-0.0101927
-0.00642411
-0.0685204
-0.25608
-0.100859
-0.217108
-0.148821
-0.196058
-0.202305
-0.195311
-0.246395
-0.178685
-0.278091
-0.144138
-0.299407
-0.102844
-0.313289
-0.066231
-0.322495
-0.0392268
-0.329227
-0.0216148
-0.335273
-0.0106752
-0.342388
-0.00307787
0.00331237
-0.099921
-0.22552
-0.131974
-0.185055
-0.182967
-0.145066
-0.250636
-0.127642
-0.309115
-0.120206
-0.352031
-0.101222
-0.381444
-0.0734315
-0.400353
-0.0473218
-0.412063
-0.0275166
-0.419483
-0.0141951
-0.424932
-0.00522612
-0.430648
0.00263825
0.0112086
-0.136486
-0.18595
-0.171372
-0.150169
-0.209724
-0.106714
-0.260846
-0.0765194
-0.314714
-0.0663383
-0.360604
-0.0553317
-0.394814
-0.0392213
-0.417541
-0.0245952
-0.431711
-0.0133465
-0.440661
-0.00524448
-0.44691
0.00102282
-0.452466
0.008194
0.0175703
-0.174705
-0.135627
-0.216628
-0.108246
-0.247834
-0.0755077
-0.274147
-0.0502064
-0.305826
-0.0346594
-0.336994
-0.024164
-0.359875
-0.0163404
-0.374671
-0.00979893
-0.384208
-0.0038096
-0.391241
0.00178847
-0.397578
0.00736002
-0.403365
0.0139812
0.022045
-0.202598
-0.0782737
-0.249483
-0.0613615
-0.28329
-0.0417001
-0.308215
-0.0252817
-0.328698
-0.0141767
-0.345255
-0.00760626
-0.358013
-0.00358307
-0.367314
-0.000497552
-0.373504
0.00238068
-0.376912
0.00519609
-0.37752
0.00796832
-0.374573
0.0110339
0.0147428
-0.223946
-0.273213
-0.30761
-0.329961
-0.344688
-0.355162
-0.363006
-0.368604
-0.371817
-0.372467
-0.370417
-0.365265
)
;

boundaryField
{
    top
    {
        type            calculated;
        value           nonuniform List<scalar> 
13
(
-0.0161895
-0.0120942
-0.00730342
-0.00293024
0.000550322
0.00286717
0.0042613
0.00510068
0.00559363
0.00584585
0.0059177
0.00588226
0.00581841
)
;
    }
    bottom
    {
        type            calculated;
        value           uniform 0;
    }
    frontAndBack
    {
        type            empty;
        value           nonuniform 0();
    }
    left_cyc
    {
        type            cyclic;
        value           nonuniform 0();
    }
    right_cyc
    {
        type            cyclic;
        value           nonuniform 0();
    }
    procBoundary3to0throughright_cyc
    {
        type            processorCyclic;
        value           nonuniform List<scalar> 
15
(
0.31041
0.538904
0.563734
0.504122
0.402489
0.268052
0.109096
-0.0594006
-0.219286
-0.352124
-0.438545
-0.458828
-0.40784
-0.367271
-0.35634
)
;
    }
    procBoundary3to2
    {
        type            processor;
        value           nonuniform List<scalar> 
16
(
-0.434463
-0.206982
-0.144
-0.102891
0.260767
-0.049462
-0.0286092
-0.0101838
0.00719987
0.025071
0.0452956
0.0693616
0.0969152
0.124383
0.145245
0.161862
)
;
    }
}


// ************************************************************************* //
