/*--------------------------------*- C++ -*----------------------------------*\
| =========                 |                                                 |
| \\      /  F ield         | OpenFOAM: The Open Source CFD Toolbox           |
|  \\    /   O peration     | Version:  2.3.0                                 |
|   \\  /    A nd           | Web:      www.OpenFOAM.org                      |
|    \\/     M anipulation  |                                                 |
\*---------------------------------------------------------------------------*/
FoamFile
{
    version     2.0;
    format      ascii;
    class       volVectorField;
    location    "4000";
    object      U;
}
// * * * * * * * * * * * * * * * * * * * * * * * * * * * * * * * * * * * * * //

dimensions      [0 1 -1 0 0 0 0];

internalField   nonuniform List<vector> 
3060
(
(5.89334e-06 0 -3.89114e-06)
(1.51613e-05 0 -3.75547e-06)
(2.42045e-05 0 -3.50509e-06)
(3.28949e-05 0 -3.14764e-06)
(4.11151e-05 0 -2.69534e-06)
(4.87621e-05 0 -2.16787e-06)
(5.57485e-05 0 -1.59435e-06)
(6.2004e-05 0 -1.01218e-06)
(6.74719e-05 0 -4.6103e-07)
(7.21012e-05 0 2.60855e-08)
(7.58321e-05 0 4.30061e-07)
(7.85789e-05 0 7.46978e-07)
(8.02163e-05 0 9.84e-07)
(8.05726e-05 0 1.15404e-06)
(7.94432e-05 0 1.28139e-06)
(7.66368e-05 0 1.42196e-06)
(7.20558e-05 0 1.63422e-06)
(6.5781e-05 0 1.89299e-06)
(5.80847e-05 0 2.0867e-06)
(4.945e-05 0 2.12398e-06)
(4.04528e-05 0 2.00934e-06)
(3.16354e-05 0 1.78342e-06)
(2.34123e-05 0 1.51201e-06)
(1.59556e-05 0 1.26231e-06)
(9.19615e-06 0 1.08101e-06)
(2.90357e-06 0 9.88754e-07)
(-3.22603e-06 0 9.90651e-07)
(-9.51441e-06 0 1.08645e-06)
(-1.62621e-05 0 1.27035e-06)
(-2.36924e-05 0 1.52066e-06)
(-3.18617e-05 0 1.78923e-06)
(-4.05814e-05 0 2.00772e-06)
(-4.94196e-05 0 2.1103e-06)
(-5.78176e-05 0 2.05792e-06)
(-6.51896e-05 0 1.85415e-06)
(-7.10538e-05 0 1.59463e-06)
(-7.51337e-05 0 1.38061e-06)
(-7.7349e-05 0 1.22291e-06)
(-7.78176e-05 0 1.05662e-06)
(-7.67436e-05 0 8.31995e-07)
(-7.43415e-05 0 5.30356e-07)
(-7.07853e-05 0 1.42016e-07)
(-6.62056e-05 0 -3.32204e-07)
(-6.06985e-05 0 -8.76993e-07)
(-5.43426e-05 0 -1.46146e-06)
(-4.72143e-05 0 -2.04453e-06)
(-3.93996e-05 0 -2.58441e-06)
(-3.09991e-05 0 -3.04654e-06)
(-2.21283e-05 0 -3.40661e-06)
(-1.2916e-05 0 -3.64923e-06)
(-3.50132e-06 0 -3.76472e-06)
(5.96868e-06 0 -3.74721e-06)
(1.53444e-05 0 -3.59787e-06)
(2.44807e-05 0 -3.32354e-06)
(3.32408e-05 0 -2.93509e-06)
(4.14991e-05 0 -2.44995e-06)
(4.91439e-05 0 -1.8951e-06)
(5.60786e-05 0 -1.30752e-06)
(6.22204e-05 0 -7.29705e-07)
(6.74937e-05 0 -2.00931e-07)
(7.18172e-05 0 2.51694e-07)
(7.50869e-05 0 6.16929e-07)
(7.71616e-05 0 8.96984e-07)
(7.78556e-05 0 1.10374e-06)
(7.69498e-05 0 1.26212e-06)
(7.42521e-05 0 1.43006e-06)
(6.9691e-05 0 1.66114e-06)
(6.33989e-05 0 1.91767e-06)
(5.5706e-05 0 2.08814e-06)
(4.71358e-05 0 2.09718e-06)
(3.82785e-05 0 1.95956e-06)
(2.96688e-05 0 1.72125e-06)
(2.16844e-05 0 1.45128e-06)
(1.44458e-05 0 1.21476e-06)
(7.8437e-06 0 1.05258e-06)
(1.62733e-06 0 9.81011e-07)
(-4.51376e-06 0 1.0038e-06)
(-1.09006e-05 0 1.12014e-06)
(-1.78244e-05 0 1.32218e-06)
(-2.54829e-05 0 1.58312e-06)
(-3.3888e-05 0 1.84944e-06)
(-4.27994e-05 0 2.05211e-06)
(-5.17583e-05 0 2.13049e-06)
(-6.02035e-05 0 2.04923e-06)
(-6.7569e-05 0 1.82676e-06)
(-7.34208e-05 0 1.57136e-06)
(-7.75402e-05 0 1.37978e-06)
(-7.98936e-05 0 1.25036e-06)
(-8.06172e-05 0 1.11557e-06)
(-7.9908e-05 0 9.29039e-07)
(-7.79672e-05 0 6.724e-07)
(-7.49539e-05 0 3.33235e-07)
(-7.09822e-05 0 -9.32684e-08)
(-6.61295e-05 0 -5.99484e-07)
(-6.04516e-05 0 -1.16229e-06)
(-5.4e-05 0 -1.74607e-06)
(-4.68342e-05 0 -2.31093e-06)
(-3.9029e-05 0 -2.82125e-06)
(-3.06759e-05 0 -3.25042e-06)
(-2.18819e-05 0 -3.58097e-06)
(-1.27674e-05 0 -3.80214e-06)
(-3.46304e-06 0 -3.90702e-06)
(8.9579e-06 0 -1.63006e-05)
(2.31188e-05 0 -1.61013e-05)
(3.71275e-05 0 -1.57347e-05)
(5.08961e-05 0 -1.52152e-05)
(6.43441e-05 0 -1.45588e-05)
(7.73935e-05 0 -1.3779e-05)
(8.99605e-05 0 -1.28809e-05)
(0.000101941 0 -1.18574e-05)
(0.000113199 0 -1.0687e-05)
(0.000123556 0 -9.33235e-06)
(0.000132789 0 -7.73812e-06)
(0.000140631 0 -5.82908e-06)
(0.000146765 0 -3.51163e-06)
(0.000150819 0 -6.91654e-07)
(0.000152347 0 2.64885e-06)
(0.000150844 0 6.29209e-06)
(0.000145877 0 9.77827e-06)
(0.000137251 0 1.27006e-05)
(0.000125042 0 1.48277e-05)
(0.000109824 0 1.6066e-05)
(9.26109e-05 0 1.6393e-05)
(7.45296e-05 0 1.58427e-05)
(5.65879e-05 0 1.47243e-05)
(3.94014e-05 0 1.34749e-05)
(2.31099e-05 0 1.24653e-05)
(7.48843e-06 0 1.19138e-05)
(-7.87738e-06 0 1.19071e-05)
(-2.34536e-05 0 1.24421e-05)
(-3.96471e-05 0 1.34254e-05)
(-5.66666e-05 0 1.46302e-05)
(-7.43472e-05 0 1.56779e-05)
(-9.20428e-05 0 1.61273e-05)
(-0.000108718 0 1.56744e-05)
(-0.000123225 0 1.42874e-05)
(-0.000134556 0 1.19869e-05)
(-0.000142179 0 8.86544e-06)
(-0.000146052 0 5.17227e-06)
(-0.000146408 0 1.37423e-06)
(-0.000143717 0 -2.04301e-06)
(-0.00013851 0 -4.89812e-06)
(-0.000131234 0 -7.23541e-06)
(-0.000122278 0 -9.15249e-06)
(-0.000111973 0 -1.07408e-05)
(-0.000100598 0 -1.20723e-05)
(-8.83828e-05 0 -1.31995e-05)
(-7.55086e-05 0 -1.41568e-05)
(-6.21142e-05 0 -1.49624e-05)
(-4.83089e-05 0 -1.56201e-05)
(-3.41875e-05 0 -1.61232e-05)
(-1.98412e-05 0 -1.64601e-05)
(-5.36406e-06 0 -1.66196e-05)
(9.14839e-06 0 -1.65955e-05)
(2.36007e-05 0 -1.63889e-05)
(3.78972e-05 0 -1.60075e-05)
(5.19449e-05 0 -1.5463e-05)
(6.56525e-05 0 -1.47665e-05)
(7.89227e-05 0 -1.39223e-05)
(9.164e-05 0 -1.29231e-05)
(0.000103655 0 -1.17467e-05)
(0.000114776 0 -1.03541e-05)
(0.000124759 0 -8.68796e-06)
(0.000133311 0 -6.67085e-06)
(0.000140087 0 -4.20732e-06)
(0.000144684 0 -1.20424e-06)
(0.000146633 0 2.34351e-06)
(0.000145398 0 6.16751e-06)
(0.00014056 0 9.74735e-06)
(0.000131953 0 1.2671e-05)
(0.000119719 0 1.47382e-05)
(0.000104537 0 1.58834e-05)
(8.74874e-05 0 1.60891e-05)
(6.97071e-05 0 1.54458e-05)
(5.21555e-05 0 1.43141e-05)
(3.53533e-05 0 1.3136e-05)
(1.93517e-05 0 1.22539e-05)
(3.87395e-06 0 1.18551e-05)
(-1.15137e-05 0 1.20069e-05)
(-2.7275e-05 0 1.26905e-05)
(-4.37898e-05 0 1.379e-05)
(-6.12053e-05 0 1.50461e-05)
(-7.92616e-05 0 1.6057e-05)
(-9.72231e-05 0 1.63987e-05)
(-0.000114027 0 1.58313e-05)
(-0.000128547 0 1.43587e-05)
(-0.000139856 0 1.20107e-05)
(-0.000147523 0 8.91252e-06)
(-0.000151559 0 5.33777e-06)
(-0.000152224 0 1.73444e-06)
(-0.00014999 0 -1.47851e-06)
(-0.000145356 0 -4.15974e-06)
(-0.000138744 0 -6.36126e-06)
(-0.000130511 0 -8.18e-06)
(-0.000120962 0 -9.70546e-06)
(-0.000110351 0 -1.10076e-05)
(-9.88898e-05 0 -1.21368e-05)
(-8.67448e-05 0 -1.31261e-05)
(-7.40434e-05 0 -1.39933e-05)
(-6.08826e-05 0 -1.47419e-05)
(-4.73437e-05 0 -1.53642e-05)
(-3.35046e-05 0 -1.58455e-05)
(-1.94476e-05 0 -1.61698e-05)
(-5.26227e-06 0 -1.63238e-05)
(1.00404e-05 0 -3.10737e-05)
(2.59004e-05 0 -3.07572e-05)
(4.15561e-05 0 -3.01705e-05)
(5.68826e-05 0 -2.93291e-05)
(7.17545e-05 0 -2.8249e-05)
(8.60439e-05 0 -2.694e-05)
(9.9618e-05 0 -2.53987e-05)
(0.000112337 0 -2.36047e-05)
(0.000124056 0 -2.15198e-05)
(0.000134624 0 -1.90903e-05)
(0.000143893 0 -1.62492e-05)
(0.000151723 0 -1.29184e-05)
(0.000157998 0 -9.01266e-06)
(0.000162625 0 -4.44874e-06)
(0.000165539 0 8.55842e-07)
(0.000166593 0 6.99549e-06)
(0.000165313 0 1.40163e-05)
(0.000160809 0 2.16019e-05)
(0.000152154 0 2.86917e-05)
(0.000138719 0 3.38429e-05)
(0.000120868 0 3.65395e-05)
(9.99059e-05 0 3.70358e-05)
(7.7484e-05 0 3.59098e-05)
(5.48483e-05 0 3.40566e-05)
(3.25929e-05 0 3.23514e-05)
(1.07735e-05 0 3.13572e-05)
(-1.08418e-05 0 3.13144e-05)
(-3.25627e-05 0 3.22156e-05)
(-5.46118e-05 0 3.38034e-05)
(-7.69147e-05 0 3.54968e-05)
(-9.88484e-05 0 3.64051e-05)
(-0.000119138 0 3.56301e-05)
(-0.000136129 0 3.25929e-05)
(-0.000148566 0 2.70661e-05)
(-0.000156169 0 1.968e-05)
(-0.000159624 0 1.19224e-05)
(-0.000159905 0 4.79479e-06)
(-0.000157893 0 -1.43622e-06)
(-0.000153998 0 -6.82376e-06)
(-0.000148332 0 -1.14529e-05)
(-0.000140968 0 -1.53972e-05)
(-0.000132018 0 -1.87363e-05)
(-0.000121621 0 -2.15529e-05)
(-0.000109939 0 -2.39244e-05)
(-9.71416e-05 0 -2.59172e-05)
(-8.33984e-05 0 -2.7584e-05)
(-6.88732e-05 0 -2.89597e-05)
(-5.37227e-05 0 -3.00612e-05)
(-3.80961e-05 0 -3.08895e-05)
(-2.21376e-05 0 -3.1437e-05)
(-5.98825e-06 0 -3.16941e-05)
(1.02125e-05 0 -3.16554e-05)
(2.63256e-05 0 -3.13219e-05)
(4.22112e-05 0 -3.07002e-05)
(5.77277e-05 0 -2.98001e-05)
(7.27298e-05 0 -2.86278e-05)
(8.70665e-05 0 -2.71785e-05)
(0.000100579 0 -2.54309e-05)
(0.000113102 0 -2.33451e-05)
(0.000124466 0 -2.08647e-05)
(0.000134501 0 -1.79197e-05)
(0.00014305 0 -1.44309e-05)
(0.00014998 0 -1.03155e-05)
(0.000155191 0 -5.49611e-06)
(0.000158613 0 1.02645e-07)
(0.000160088 0 6.56789e-06)
(0.000159077 0 1.39091e-05)
(0.000154629 0 2.17002e-05)
(0.000145807 0 2.87364e-05)
(0.000132107 0 3.36225e-05)
(0.000114107 0 3.60309e-05)
(9.32337e-05 0 3.63003e-05)
(7.11052e-05 0 3.50923e-05)
(4.88343e-05 0 3.335e-05)
(2.68798e-05 0 3.18993e-05)
(5.21452e-06 0 3.12301e-05)
(-1.64245e-05 0 3.15299e-05)
(-3.83427e-05 0 3.27441e-05)
(-6.07204e-05 0 3.45566e-05)
(-8.33848e-05 0 3.63129e-05)
(-0.000105571 0 3.70911e-05)
(-0.000125882 0 3.60672e-05)
(-0.00014268 0 3.27401e-05)
(-0.000154856 0 2.69806e-05)
(-0.000162347 0 1.96175e-05)
(-0.000165917 0 1.21097e-05)
(-0.000166515 0 5.31081e-06)
(-0.000164951 0 -6.01078e-07)
(-0.000161585 0 -5.70405e-06)
(-0.000156523 0 -1.0089e-05)
(-0.000149834 0 -1.3837e-05)
(-0.000141617 0 -1.70324e-05)
(-0.000131996 0 -1.97592e-05)
(-0.000121114 0 -2.20931e-05)
(-0.000109121 0 -2.40978e-05)
(-9.61656e-05 0 -2.5823e-05)
(-8.23922e-05 0 -2.73026e-05)
(-6.79386e-05 0 -2.85523e-05)
(-5.29362e-05 0 -2.95716e-05)
(-3.7512e-05 0 -3.03484e-05)
(-2.17912e-05 0 -3.08661e-05)
(-5.89857e-06 0 -3.11104e-05)
(1.04969e-05 0 -4.74847e-05)
(2.7059e-05 0 -4.6994e-05)
(4.33578e-05 0 -4.60798e-05)
(5.92331e-05 0 -4.47582e-05)
(7.45263e-05 0 -4.30456e-05)
(8.90806e-05 0 -4.09524e-05)
(0.000102743 0 -3.84781e-05)
(0.000115364 0 -3.56084e-05)
(0.000126806 0 -3.23157e-05)
(0.000136938 0 -2.85612e-05)
(0.000145644 0 -2.42972e-05)
(0.000152824 0 -1.94675e-05)
(0.000158394 0 -1.40073e-05)
(0.000162285 0 -7.83502e-06)
(0.000164432 0 -8.29017e-07)
(0.000164758 0 7.193e-06)
(0.000163182 0 1.63724e-05)
(0.000159599 0 2.65562e-05)
(0.000153714 0 3.7221e-05)
(0.000144565 0 4.74597e-05)
(0.000130648 0 5.54615e-05)
(0.000111557 0 5.94309e-05)
(8.86294e-05 0 5.99077e-05)
(6.37995e-05 0 5.84686e-05)
(3.83858e-05 0 5.6639e-05)
(1.29196e-05 0 5.54474e-05)
(-1.24808e-05 0 5.53418e-05)
(-3.78002e-05 0 5.63104e-05)
(-6.29136e-05 0 5.78792e-05)
(-8.72755e-05 0 5.89929e-05)
(-0.00010955 0 5.81072e-05)
(-0.000127827 0 5.36544e-05)
(-0.000140846 0 4.52057e-05)
(-0.000149144 0 3.46473e-05)
(-0.00015423 0 2.37462e-05)
(-0.000156993 0 1.33909e-05)
(-0.000157689 0 4.08713e-06)
(-0.000156421 0 -4.05194e-06)
(-0.000153272 0 -1.11839e-05)
(-0.000148319 0 -1.74739e-05)
(-0.000141635 0 -2.3022e-05)
(-0.000133301 0 -2.78951e-05)
(-0.000123417 0 -3.21498e-05)
(-0.000112107 0 -3.58374e-05)
(-9.95106e-05 0 -3.90033e-05)
(-8.57831e-05 0 -4.16844e-05)
(-7.10917e-05 0 -4.3906e-05)
(-5.56107e-05 0 -4.56802e-05)
(-3.95188e-05 0 -4.7007e-05)
(-2.29962e-05 0 -4.7879e-05)
(-6.22446e-06 0 -4.82872e-05)
(1.06147e-05 0 -4.82259e-05)
(2.73389e-05 0 -4.7696e-05)
(4.37666e-05 0 -4.67044e-05)
(5.97166e-05 0 -4.52605e-05)
(7.50088e-05 0 -4.33701e-05)
(8.94655e-05 0 -4.10305e-05)
(0.000102914 0 -3.8226e-05)
(0.00011519 0 -3.49281e-05)
(0.000126141 0 -3.10975e-05)
(0.000135631 0 -2.6687e-05)
(0.000143544 0 -2.16437e-05)
(0.000149785 0 -1.59095e-05)
(0.000154275 0 -9.41218e-06)
(0.000156942 0 -2.03638e-06)
(0.000157707 0 6.39709e-06)
(0.000156483 0 1.60028e-05)
(0.000153156 0 2.65625e-05)
(0.000147352 0 3.74831e-05)
(0.000137972 0 4.77091e-05)
(0.000123548 0 5.52235e-05)
(0.00010406 0 5.86257e-05)
(8.10621e-05 0 5.88295e-05)
(5.64125e-05 0 5.74613e-05)
(3.12168e-05 0 5.59721e-05)
(5.87258e-06 0 5.52577e-05)
(-1.9547e-05 0 5.56632e-05)
(-4.50209e-05 0 5.70856e-05)
(-7.03602e-05 0 5.89377e-05)
(-9.48599e-05 0 6.00353e-05)
(-0.000116974 0 5.87876e-05)
(-0.000134793 0 5.37303e-05)
(-0.000147348 0 4.49158e-05)
(-0.000155508 0 3.44383e-05)
(-0.000160734 0 2.38319e-05)
(-0.000163782 0 1.38721e-05)
(-0.000164855 0 4.996e-06)
(-0.000164047 0 -2.74156e-06)
(-0.000161441 0 -9.51504e-06)
(-0.000157106 0 -1.54925e-05)
(-0.00015111 0 -2.07819e-05)
(-0.000143525 0 -2.54586e-05)
(-0.000134438 0 -2.95851e-05)
(-0.000123953 0 -3.32152e-05)
(-0.000112192 0 -3.63945e-05)
(-9.92854e-05 0 -3.91592e-05)
(-8.53766e-05 0 -4.15335e-05)
(-7.06151e-05 0 -4.35281e-05)
(-5.51552e-05 0 -4.51404e-05)
(-3.91544e-05 0 -4.63576e-05)
(-2.27716e-05 0 -4.7163e-05)
(-6.16734e-06 0 -4.75415e-05)
(1.05836e-05 0 -6.44442e-05)
(2.72672e-05 0 -6.37579e-05)
(4.36449e-05 0 -6.24764e-05)
(5.95325e-05 0 -6.06178e-05)
(7.47508e-05 0 -5.82016e-05)
(8.91272e-05 0 -5.52425e-05)
(0.000102499 0 -5.17461e-05)
(0.000114714 0 -4.77064e-05)
(0.000125636 0 -4.31059e-05)
(0.000135144 0 -3.79172e-05)
(0.000143132 0 -3.21054e-05)
(0.00014951 0 -2.56287e-05)
(0.000154198 0 -1.84374e-05)
(0.000157129 0 -1.04676e-05)
(0.000158247 0 -1.6284e-06)
(0.000157533 0 8.1991e-06)
(0.000155034 0 1.91038e-05)
(0.000150829 0 3.10525e-05)
(0.000144898 0 4.38827e-05)
(0.000137044 0 5.71333e-05)
(0.000126591 0 6.95793e-05)
(0.000111935 0 7.9146e-05)
(9.17686e-05 0 8.37674e-05)
(6.74951e-05 0 8.43307e-05)
(4.11838e-05 0 8.32359e-05)
(1.40956e-05 0 8.22211e-05)
(-1.31421e-05 0 8.20319e-05)
(-4.0052e-05 0 8.26543e-05)
(-6.60061e-05 0 8.33122e-05)
(-8.97444e-05 0 8.22378e-05)
(-0.000109225 0 7.70425e-05)
(-0.000123161 0 6.69638e-05)
(-0.00013295 0 5.41347e-05)
(-0.000140145 0 4.05944e-05)
(-0.000145373 0 2.75144e-05)
(-0.000148807 0 1.53285e-05)
(-0.000150447 0 4.2006e-06)
(-0.000150215 0 -5.84144e-06)
(-0.000148072 0 -1.48861e-05)
(-0.000144053 0 -2.30368e-05)
(-0.000138224 0 -3.03639e-05)
(-0.000130665 0 -3.69152e-05)
(-0.000121472 0 -4.27289e-05)
(-0.000110756 0 -4.78388e-05)
(-9.86477e-05 0 -5.22749e-05)
(-8.52977e-05 0 -5.60607e-05)
(-7.08735e-05 0 -5.92108e-05)
(-5.55577e-05 0 -6.17294e-05)
(-3.95443e-05 0 -6.36116e-05)
(-2.30354e-05 0 -6.4847e-05)
(-6.23803e-06 0 -6.54246e-05)
(1.06374e-05 0 -6.53379e-05)
(2.73797e-05 0 -6.45878e-05)
(4.37792e-05 0 -6.31826e-05)
(5.96299e-05 0 -6.11336e-05)
(7.47315e-05 0 -5.84502e-05)
(8.88927e-05 0 -5.51354e-05)
(0.000101935 0 -5.1182e-05)
(0.000113694 0 -4.6573e-05)
(0.000124025 0 -4.12829e-05)
(0.000132802 0 -3.52805e-05)
(0.000139918 0 -2.85311e-05)
(0.000145283 0 -2.09948e-05)
(0.000148819 0 -1.26195e-05)
(0.000150465 0 -3.3256e-06)
(0.000150203 0 6.99438e-06)
(0.000148088 0 1.8407e-05)
(0.000144194 0 3.08471e-05)
(0.000138478 0 4.41108e-05)
(0.000130701 0 5.76139e-05)
(0.000120018 0 6.99594e-05)
(0.000104681 0 7.89018e-05)
(8.38842e-05 0 8.28225e-05)
(5.93932e-05 0 8.32183e-05)
(3.31047e-05 0 8.24422e-05)
(6.06039e-06 0 8.19903e-05)
(-2.11852e-05 0 8.24222e-05)
(-4.81461e-05 0 8.35658e-05)
(-7.40874e-05 0 8.44392e-05)
(-9.75075e-05 0 8.30451e-05)
(-0.000116274 0 7.70793e-05)
(-0.000129639 0 6.65167e-05)
(-0.000139298 0 5.36964e-05)
(-0.000146618 0 4.04729e-05)
(-0.000152089 0 2.78478e-05)
(-0.000155854 0 1.61605e-05)
(-0.000157896 0 5.53954e-06)
(-0.000158136 0 -4.01831e-06)
(-0.000156542 0 -1.26203e-05)
(-0.000153148 0 -2.03802e-05)
(-0.000148014 0 -2.73802e-05)
(-0.000141209 0 -3.36797e-05)
(-0.000132816 0 -3.93257e-05)
(-0.000122929 0 -4.43584e-05)
(-0.000111658 0 -4.88107e-05)
(-9.91282e-05 0 -5.27077e-05)
(-8.54803e-05 0 -5.60642e-05)
(-7.08687e-05 0 -5.88831e-05)
(-5.54593e-05 0 -6.11559e-05)
(-3.94266e-05 0 -6.28663e-05)
(-2.29515e-05 0 -6.39944e-05)
(-6.21882e-06 0 -6.45236e-05)
(1.03803e-05 0 -8.1092e-05)
(2.67303e-05 0 -8.018e-05)
(4.27458e-05 0 -7.84762e-05)
(5.82272e-05 0 -7.6004e-05)
(7.29829e-05 0 -7.27907e-05)
(8.68316e-05 0 -6.88619e-05)
(9.9606e-05 0 -6.42371e-05)
(0.000111155 0 -5.89265e-05)
(0.000121346 0 -5.29305e-05)
(0.000130064 0 -4.62392e-05)
(0.000137213 0 -3.88338e-05)
(0.000142711 0 -3.06862e-05)
(0.000146492 0 -2.17575e-05)
(0.000148502 0 -1.19955e-05)
(0.000148708 0 -1.33226e-06)
(0.000147116 0 1.03041e-05)
(0.000143786 0 2.29426e-05)
(0.000138816 0 3.6511e-05)
(0.000132301 0 5.08451e-05)
(0.000124303 0 6.5708e-05)
(0.000114712 0 8.06108e-05)
(0.000102867 0 9.42779e-05)
(8.70856e-05 0 0.000104355)
(6.60037e-05 0 0.000109094)
(4.10579e-05 0 0.000110079)
(1.42972e-05 0 0.000109812)
(-1.29383e-05 0 0.000109528)
(-3.95092e-05 0 0.000109216)
(-6.40856e-05 0 0.000107612)
(-8.46481e-05 0 0.000102215)
(-9.98714e-05 0 9.15448e-05)
(-0.000111189 0 7.74143e-05)
(-0.000120243 0 6.21331e-05)
(-0.000127648 0 4.69184e-05)
(-0.00013349 0 3.2242e-05)
(-0.000137701 0 1.83441e-05)
(-0.000140181 0 5.39439e-06)
(-0.000140835 0 -6.53585e-06)
(-0.000139611 0 -1.74723e-05)
(-0.000136517 0 -2.74719e-05)
(-0.000131599 0 -3.65824e-05)
(-0.000124921 0 -4.4837e-05)
(-0.000116569 0 -5.22583e-05)
(-0.000106645 0 -5.88617e-05)
(-9.52725e-05 0 -6.46563e-05)
(-8.25958e-05 0 -6.96444e-05)
(-6.87814e-05 0 -7.38212e-05)
(-5.40151e-05 0 -7.71741e-05)
(-3.84986e-05 0 -7.96854e-05)
(-2.24462e-05 0 -8.13353e-05)
(-6.08093e-06 0 -8.2107e-05)
(1.03692e-05 0 -8.19911e-05)
(2.66748e-05 0 -8.0989e-05)
(4.26086e-05 0 -7.91127e-05)
(5.79497e-05 0 -7.63802e-05)
(7.24867e-05 0 -7.2811e-05)
(8.60216e-05 0 -6.84218e-05)
(9.83736e-05 0 -6.32234e-05)
(0.000109382 0 -5.72187e-05)
(0.000118907 0 -5.04035e-05)
(0.000126832 0 -4.2767e-05)
(0.000133058 0 -3.42921e-05)
(0.000137507 0 -2.49538e-05)
(0.000140117 0 -1.47154e-05)
(0.00014085 0 -3.52523e-06)
(0.000139713 0 8.67149e-06)
(0.000136772 0 2.18802e-05)
(0.000132127 0 3.60003e-05)
(0.000125875 0 5.08444e-05)
(0.000118059 0 6.61392e-05)
(0.000108513 0 8.12877e-05)
(9.63681e-05 0 9.47671e-05)
(7.98087e-05 0 0.000104132)
(5.79767e-05 0 0.000108284)
(3.27205e-05 0 0.000109346)
(5.86284e-06 0 0.000109586)
(-2.13602e-05 0 0.00010991)
(-4.77965e-05 0 0.000110029)
(-7.1966e-05 0 0.000108335)
(-9.16893e-05 0 0.000102223)
(-0.000106252 0 9.09591e-05)
(-0.000117385 0 7.67754e-05)
(-0.000126532 0 6.18069e-05)
(-0.000134144 0 4.70508e-05)
(-0.000140265 0 3.28972e-05)
(-0.000144818 0 1.95583e-05)
(-0.000147705 0 7.17903e-06)
(-0.000148833 0 -4.19765e-06)
(-0.000148156 0 -1.46189e-05)
(-0.000145681 0 -2.41582e-05)
(-0.000141447 0 -3.28794e-05)
(-0.000135513 0 -4.08307e-05)
(-0.000127947 0 -4.80481e-05)
(-0.000118835 0 -5.4557e-05)
(-0.000108279 0 -6.03742e-05)
(-9.63979e-05 0 -6.55068e-05)
(-8.33287e-05 0 -6.99519e-05)
(-6.92272e-05 0 -7.36967e-05)
(-5.42648e-05 0 -7.67198e-05)
(-3.86256e-05 0 -7.89946e-05)
(-2.25036e-05 0 -8.04944e-05)
(-6.09987e-06 0 -8.11974e-05)
(9.93918e-06 0 -9.72486e-05)
(2.5583e-05 0 -9.60969e-05)
(4.08761e-05 0 -9.39455e-05)
(5.5611e-05 0 -9.08252e-05)
(6.95901e-05 0 -8.6774e-05)
(8.26298e-05 0 -8.18313e-05)
(9.45631e-05 0 -7.60333e-05)
(0.000105242 0 -6.94089e-05)
(0.00011454 0 -6.19778e-05)
(0.000122349 0 -5.37491e-05)
(0.000128583 0 -4.47216e-05)
(0.000133172 0 -3.48831e-05)
(0.000136062 0 -2.4211e-05)
(0.000137219 0 -1.26731e-05)
(0.000136632 0 -2.31822e-07)
(0.000134322 0 1.31416e-05)
(0.000130358 0 2.74357e-05)
(0.000124837 0 4.25663e-05)
(0.000117864 0 5.8374e-05)
(0.000109547 0 7.46201e-05)
(9.99601e-05 0 9.09449e-05)
(8.90242e-05 0 0.000106745)
(7.599e-05 0 0.000120637)
(5.91765e-05 0 0.000130328)
(3.77493e-05 0 0.000134939)
(1.34017e-05 0 0.000136259)
(-1.17968e-05 0 0.000135879)
(-3.5963e-05 0 0.000133797)
(-5.70529e-05 0 0.000128418)
(-7.34559e-05 0 0.000118023)
(-8.60797e-05 0 0.000103557)
(-9.65908e-05 0 8.72738e-05)
(-0.000105693 0 7.05015e-05)
(-0.000113446 0 5.38218e-05)
(-0.00011977 0 3.75887e-05)
(-0.000124556 0 2.20423e-05)
(-0.000127696 0 7.34835e-06)
(-0.000129095 0 -6.40328e-06)
(-0.000128694 0 -1.91919e-05)
(-0.000126481 0 -3.10292e-05)
(-0.00012248 0 -4.19316e-05)
(-0.000116739 0 -5.19096e-05)
(-0.00010933 0 -6.09659e-05)
(-0.000100344 0 -6.90949e-05)
(-8.98959e-05 0 -7.62839e-05)
(-7.81243e-05 0 -8.25126e-05)
(-6.51908e-05 0 -8.77543e-05)
(-5.12795e-05 0 -9.19771e-05)
(-3.65939e-05 0 -9.51472e-05)
(-2.1353e-05 0 -9.72327e-05)
(-5.78684e-06 0 -9.82088e-05)
(9.86757e-06 0 -9.80621e-05)
(2.53716e-05 0 -9.67949e-05)
(4.04895e-05 0 -9.44238e-05)
(5.49938e-05 0 -9.09761e-05)
(6.8669e-05 0 -8.64845e-05)
(8.13165e-05 0 -8.09827e-05)
(9.27577e-05 0 -7.45015e-05)
(0.000102837 0 -6.7066e-05)
(0.000111422 0 -5.86946e-05)
(0.000118404 0 -4.93982e-05)
(0.000123698 0 -3.91801e-05)
(0.000127237 0 -2.80357e-05)
(0.000128979 0 -1.59522e-05)
(0.000128908 0 -2.91305e-06)
(0.000127048 0 1.10887e-05)
(0.000123469 0 2.60169e-05)
(0.000118271 0 4.17612e-05)
(0.000111565 0 5.81378e-05)
(0.000103455 0 7.48812e-05)
(9.4003e-05 0 9.16008e-05)
(8.30558e-05 0 0.000107586)
(6.96235e-05 0 0.000121215)
(5.19841e-05 0 0.000130266)
(2.98766e-05 0 0.00013457)
(5.25732e-06 0 0.000136114)
(-1.99026e-05 0 0.000136118)
(-4.37056e-05 0 0.00013415)
(-6.40132e-05 0 0.000128316)
(-7.96763e-05 0 0.00011733)
(-9.20254e-05 0 0.000102738)
(-0.00010258 0 8.67122e-05)
(-0.00011184 0 7.03659e-05)
(-0.000119816 0 5.4205e-05)
(-0.000126422 0 3.85547e-05)
(-0.000131548 0 2.36298e-05)
(-0.00013509 0 9.5712e-06)
(-0.000136956 0 -3.55786e-06)
(-0.00013709 0 -1.57604e-05)
(-0.00013548 0 -2.70696e-05)
(-0.000132143 0 -3.75221e-05)
(-0.000127121 0 -4.71479e-05)
(-0.000120469 0 -5.59669e-05)
(-0.000112264 0 -6.39884e-05)
(-0.000102595 0 -7.12109e-05)
(-9.15768e-05 0 -7.76226e-05)
(-7.93406e-05 0 -8.32011e-05)
(-6.60396e-05 0 -8.79155e-05)
(-5.18456e-05 0 -9.17284e-05)
(-3.6946e-05 0 -9.46e-05)
(-2.15413e-05 0 -9.64939e-05)
(-5.84115e-06 0 -9.73818e-05)
(9.30537e-06 0 -0.000112523)
(2.3941e-05 0 -0.000111124)
(3.82206e-05 0 -0.000108512)
(5.19344e-05 0 -0.000104726)
(6.48849e-05 0 -9.9818e-05)
(7.68905e-05 0 -9.38437e-05)
(8.77885e-05 0 -8.68586e-05)
(9.74374e-05 0 -7.89126e-05)
(0.000105718 0 -7.00468e-05)
(0.000112533 0 -6.02913e-05)
(0.000117807 0 -4.96644e-05)
(0.000121483 0 -3.81723e-05)
(0.000123525 0 -2.5811e-05)
(0.000123914 0 -1.257e-05)
(0.000122658 0 1.56038e-06)
(0.000119792 0 1.65741e-05)
(0.000115387 0 3.24252e-05)
(0.000109537 0 4.9009e-05)
(0.000102354 0 6.61574e-05)
(9.39528e-05 0 8.36403e-05)
(8.4443e-05 0 0.000101149)
(7.38987e-05 0 0.000118249)
(6.22189e-05 0 0.000134156)
(4.85329e-05 0 0.000147303)
(3.15416e-05 0 0.000155798)
(1.14375e-05 0 0.000159368)
(-9.74413e-06 0 0.000158901)
(-2.9695e-05 0 0.000154412)
(-4.64264e-05 0 0.000145068)
(-5.98156e-05 0 0.0001312)
(-7.11763e-05 0 0.000114689)
(-8.13471e-05 0 9.70438e-05)
(-9.04075e-05 0 7.90123e-05)
(-9.82779e-05 0 6.10136e-05)
(-0.000104848 0 4.3354e-05)
(-0.000109999 0 2.62678e-05)
(-0.000113621 0 9.93106e-06)
(-0.000115622 0 -5.54157e-06)
(-0.000115937 0 -2.00915e-05)
(-0.00011454 0 -3.36932e-05)
(-0.000111436 0 -4.63328e-05)
(-0.000106657 0 -5.79962e-05)
(-0.000100257 0 -6.86633e-05)
(-9.23175e-05 0 -7.83055e-05)
(-8.29402e-05 0 -8.6886e-05)
(-7.22546e-05 0 -9.43597e-05)
(-6.0415e-05 0 -0.000100676)
(-4.75998e-05 0 -0.00010578)
(-3.40091e-05 0 -0.000109621)
(-1.98603e-05 0 -0.000112151)
(-5.3842e-06 0 -0.000113336)
(9.18085e-06 0 -0.000113158)
(2.35944e-05 0 -0.00011162)
(3.76194e-05 0 -0.000108744)
(5.10283e-05 0 -0.000104569)
(6.36076e-05 0 -9.91435e-05)
(7.51626e-05 0 -9.25207e-05)
(8.55209e-05 0 -8.47539e-05)
(9.45349e-05 0 -7.58929e-05)
(0.000102082 0 -6.59806e-05)
(0.000108066 0 -5.50517e-05)
(0.000112413 0 -4.31326e-05)
(0.000115074 0 -3.02413e-05)
(0.000116024 0 -1.63912e-05)
(0.000115265 0 -1.59746e-06)
(0.000112835 0 1.41082e-05)
(0.000108805 0 3.06542e-05)
(0.000103273 0 4.79094e-05)
(9.63524e-05 0 6.56828e-05)
(8.8162e-05 0 8.3723e-05)
(7.8806e-05 0 0.000101702)
(6.83508e-05 0 0.000119147)
(5.65832e-05 0 0.000135154)
(4.24312e-05 0 0.000147993)
(2.47471e-05 0 0.000156019)
(4.25254e-06 0 0.000159389)
(-1.68729e-05 0 0.00015886)
(-3.63216e-05 0 0.000154089)
(-5.2373e-05 0 0.000144266)
(-6.54026e-05 0 0.000130199)
(-7.67441e-05 0 0.00011387)
(-8.70239e-05 0 9.66083e-05)
(-9.62541e-05 0 7.90722e-05)
(-0.000104349 0 6.16503e-05)
(-0.000111197 0 4.46299e-05)
(-0.000116681 0 2.82237e-05)
(-0.000120694 0 1.25836e-05)
(-0.000123146 0 -2.20209e-06)
(-0.000123976 0 -1.61006e-05)
(-0.000123156 0 -2.91116e-05)
(-0.000120687 0 -4.12459e-05)
(-0.00011659 0 -5.25129e-05)
(-0.000110909 0 -6.29142e-05)
(-0.000103704 0 -7.24404e-05)
(-9.50576e-05 0 -8.10702e-05)
(-8.50713e-05 0 -8.87706e-05)
(-7.38706e-05 0 -9.54978e-05)
(-6.16027e-05 0 -0.0001012)
(-4.84354e-05 0 -0.000105821)
(-3.45548e-05 0 -0.000109306)
(-2.0162e-05 0 -0.000111606)
(-5.46911e-06 0 -0.000112685)
(8.51542e-06 0 -0.000126658)
(2.18987e-05 0 -0.000125011)
(3.49296e-05 0 -0.000121938)
(4.74021e-05 0 -0.000117488)
(5.91233e-05 0 -0.000111729)
(6.99177e-05 0 -0.000104733)
(7.96303e-05 0 -9.65783e-05)
(8.81289e-05 0 -8.73364e-05)
(9.53049e-05 0 -7.70716e-05)
(0.000101073 0 -6.58364e-05)
(0.00010537 0 -5.36702e-05)
(0.000108154 0 -4.05995e-05)
(0.000109404 0 -2.66407e-05)
(0.00010912 0 -1.18052e-05)
(0.000107324 0 3.89101e-06)
(0.000104065 0 2.04137e-05)
(9.9416e-05 0 3.76904e-05)
(9.34748e-05 0 5.55974e-05)
(8.63517e-05 0 7.39545e-05)
(7.81691e-05 0 9.25249e-05)
(6.90535e-05 0 0.00011101)
(5.9127e-05 0 0.000129033)
(4.84998e-05 0 0.000146029)
(3.70022e-05 0 0.000160926)
(2.38963e-05 0 0.000171947)
(8.80627e-06 0 0.000177466)
(-7.15529e-06 0 0.000176931)
(-2.21378e-05 0 0.000170387)
(-3.50672e-05 0 0.000158464)
(-4.63504e-05 0 0.000142809)
(-5.67153e-05 0 0.000125151)
(-6.63091e-05 0 0.000106512)
(-7.50154e-05 0 8.74256e-05)
(-8.27105e-05 0 6.82583e-05)
(-8.92663e-05 0 4.93076e-05)
(-9.45599e-05 0 3.08156e-05)
(-9.84808e-05 0 1.29718e-05)
(-0.000100935 0 -4.08712e-06)
(-0.000101853 0 -2.02729e-05)
(-0.000101195 0 -3.5529e-05)
(-9.89488e-05 0 -4.98134e-05)
(-9.51299e-05 0 -6.30863e-05)
(-8.97771e-05 0 -7.53029e-05)
(-8.29548e-05 0 -8.64099e-05)
(-7.47534e-05 0 -9.63446e-05)
(-6.52897e-05 0 -0.000105036)
(-5.47076e-05 0 -0.000112407)
(-4.31761e-05 0 -0.000118382)
(-3.08872e-05 0 -0.000122885)
(-1.8052e-05 0 -0.000125856)
(-4.89573e-06 0 -0.000127249)
(8.3478e-06 0 -0.00012704)
(2.14426e-05 0 -0.000125232)
(3.41566e-05 0 -0.000121856)
(4.62677e-05 0 -0.000116963)
(5.75693e-05 0 -0.000110617)
(6.78751e-05 0 -0.000102894)
(7.70225e-05 0 -9.38716e-05)
(8.48745e-05 0 -8.3625e-05)
(9.13214e-05 0 -7.22234e-05)
(9.62795e-05 0 -5.9727e-05)
(9.96912e-05 0 -4.61868e-05)
(0.000101523 0 -3.16457e-05)
(0.000101768 0 -1.61432e-05)
(0.000100445 0 2.76382e-07)
(9.76012e-05 0 1.75503e-05)
(9.33128e-05 0 3.55786e-05)
(8.7679e-05 0 5.42109e-05)
(8.08141e-05 0 7.32439e-05)
(7.28431e-05 0 9.24213e-05)
(6.38937e-05 0 0.00011143)
(5.40896e-05 0 0.000129879)
(4.35237e-05 0 0.000147141)
(3.18951e-05 0 0.000162013)
(1.84196e-05 0 0.000172657)
(3.01911e-06 0 0.00017766)
(-1.2892e-05 0 0.000176609)
(-2.7509e-05 0 0.00016956)
(-4.01178e-05 0 0.000157339)
(-5.13358e-05 0 0.000141751)
(-6.17854e-05 0 0.000124411)
(-7.15129e-05 0 0.000106224)
(-8.03978e-05 0 8.76853e-05)
(-8.8317e-05 0 6.91445e-05)
(-9.51439e-05 0 5.08846e-05)
(-0.000100759 0 3.31271e-05)
(-0.000105054 0 1.60375e-05)
(-0.000107939 0 -2.74862e-07)
(-0.000109345 0 -1.57493e-05)
(-0.00010923 0 -3.03577e-05)
(-0.00010758 0 -4.40866e-05)
(-0.000104399 0 -5.69239e-05)
(-9.97149e-05 0 -6.8851e-05)
(-9.35736e-05 0 -7.9838e-05)
(-8.60444e-05 0 -8.98421e-05)
(-7.72184e-05 0 -9.88077e-05)
(-6.72107e-05 0 -0.000106668)
(-5.61594e-05 0 -0.000113349)
(-4.4225e-05 0 -0.000118775)
(-3.15881e-05 0 -0.000122872)
(-1.84451e-05 0 -0.000125579)
(-5.00525e-06 0 -0.000126848)
(7.59947e-06 0 -0.000139428)
(1.95334e-05 0 -0.00013754)
(3.11273e-05 0 -0.000134016)
(4.21831e-05 0 -0.000128921)
(5.25169e-05 0 -0.000122335)
(6.19631e-05 0 -0.000114352)
(7.03777e-05 0 -0.000105071)
(7.76403e-05 0 -9.45882e-05)
(8.36546e-05 0 -8.29916e-05)
(8.83487e-05 0 -7.0357e-05)
(9.1674e-05 0 -5.67463e-05)
(9.3604e-05 0 -4.22076e-05)
(9.41335e-05 0 -2.67781e-05)
(9.32782e-05 0 -1.0491e-05)
(9.10756e-05 0 6.61498e-06)
(8.75855e-05 0 2.44815e-05)
(8.289e-05 0 4.30143e-05)
(7.70901e-05 0 6.2072e-05)
(7.03021e-05 0 8.14612e-05)
(6.26557e-05 0 0.000100933)
(5.42946e-05 0 0.00012018)
(4.53766e-05 0 0.000138825)
(3.60863e-05 0 0.000156354)
(2.65727e-05 0 0.000171895)
(1.6689e-05 0 0.000183889)
(6.17513e-06 0 0.000190311)
(-4.67121e-06 0 0.000189734)
(-1.5124e-05 0 0.000182221)
(-2.48984e-05 0 0.000169276)
(-3.42576e-05 0 0.000152923)
(-4.33319e-05 0 0.000134667)
(-5.1962e-05 0 0.000115333)
(-5.99617e-05 0 9.54083e-05)
(-6.71727e-05 0 7.52625e-05)
(-7.34509e-05 0 5.52022e-05)
(-7.86658e-05 0 3.54816e-05)
(-8.27018e-05 0 1.63054e-05)
(-8.54597e-05 0 -2.17047e-06)
(-8.68618e-05 0 -1.98326e-05)
(-8.68555e-05 0 -3.65979e-05)
(-8.54133e-05 0 -5.23985e-05)
(-8.25329e-05 0 -6.71691e-05)
(-7.8237e-05 0 -8.08395e-05)
(-7.25743e-05 0 -9.33305e-05)
(-6.56199e-05 0 -0.000104552)
(-5.74767e-05 0 -0.000114407)
(-4.82748e-05 0 -0.000122791)
(-3.81706e-05 0 -0.000129602)
(-2.73442e-05 0 -0.000134747)
(-1.59957e-05 0 -0.000138144)
(-4.3398e-06 0 -0.000139738)
(7.39973e-06 0 -0.000139498)
(1.89968e-05 0 -0.00013743)
(3.02294e-05 0 -0.000133571)
(4.0886e-05 0 -0.000127983)
(5.07714e-05 0 -0.000120752)
(5.97113e-05 0 -0.000111975)
(6.7556e-05 0 -0.000101755)
(7.41824e-05 0 -9.0193e-05)
(7.9495e-05 0 -7.73867e-05)
(8.34255e-05 0 -6.34226e-05)
(8.59322e-05 0 -4.83775e-05)
(8.69988e-05 0 -3.23195e-05)
(8.66343e-05 0 -1.53138e-05)
(8.48726e-05 0 2.56912e-06)
(8.17732e-05 0 2.12402e-05)
(7.74197e-05 0 4.05755e-05)
(7.19158e-05 0 6.04067e-05)
(6.53814e-05 0 8.05162e-05)
(5.79503e-05 0 0.000100637)
(4.97703e-05 0 0.000120446)
(4.1005e-05 0 0.000139554)
(3.18473e-05 0 0.000157418)
(2.24076e-05 0 0.000173059)
(1.24702e-05 0 0.000184785)
(1.85619e-06 0 0.000190589)
(-8.97169e-06 0 0.000189279)
(-1.93195e-05 0 0.000181223)
(-2.90751e-05 0 0.000168114)
(-3.85325e-05 0 0.000151937)
(-4.77452e-05 0 0.000134054)
(-5.65349e-05 0 0.000115211)
(-6.47247e-05 0 9.58721e-05)
(-7.2161e-05 0 7.63948e-05)
(-7.87039e-05 0 5.70707e-05)
(-8.4227e-05 0 3.81336e-05)
(-8.86177e-05 0 1.97631e-05)
(-9.17796e-05 0 2.08734e-06)
(-9.36362e-05 0 -1.481e-05)
(-9.41336e-05 0 -3.08771e-05)
(-9.32403e-05 0 -4.6078e-05)
(-9.09458e-05 0 -6.03791e-05)
(-8.72608e-05 0 -7.37409e-05)
(-8.22175e-05 0 -8.61119e-05)
(-7.58705e-05 0 -9.74265e-05)
(-6.82979e-05 0 -0.000107605)
(-5.96023e-05 0 -0.000116558)
(-4.99104e-05 0 -0.000124187)
(-3.9372e-05 0 -0.000130394)
(-2.81579e-05 0 -0.000135088)
(-1.6456e-05 0 -0.000138191)
(-4.46727e-06 0 -0.000139647)
(6.58194e-06 0 -0.000150659)
(1.69082e-05 0 -0.000148539)
(2.69143e-05 0 -0.000144588)
(3.64146e-05 0 -0.000138878)
(4.52381e-05 0 -0.000131509)
(5.32325e-05 0 -0.000122594)
(6.02677e-05 0 -0.000112256)
(6.6237e-05 0 -0.000100613)
(7.10587e-05 0 -8.77801e-05)
(7.46754e-05 0 -7.38559e-05)
(7.70534e-05 0 -5.89255e-05)
(7.81815e-05 0 -4.3059e-05)
(7.807e-05 0 -2.6315e-05)
(7.675e-05 0 -8.74753e-06)
(7.4273e-05 0 9.58364e-06)
(7.07108e-05 0 2.85991e-05)
(6.6155e-05 0 4.81852e-05)
(6.07143e-05 0 6.81843e-05)
(5.45129e-05 0 8.83873e-05)
(4.76916e-05 0 0.000108529)
(4.04102e-05 0 0.000128283)
(3.2854e-05 0 0.000147244)
(2.52465e-05 0 0.00016488)
(1.7843e-05 0 0.000180371)
(1.0788e-05 0 0.000192313)
(3.99101e-06 0 0.000198762)
(-2.71967e-06 0 0.000198166)
(-9.49016e-06 0 0.000190586)
(-1.64853e-05 0 0.000177648)
(-2.37811e-05 0 0.000161288)
(-3.12181e-05 0 0.000142857)
(-3.85359e-05 0 0.000123135)
(-4.55107e-05 0 0.000102633)
(-5.19572e-05 0 8.17459e-05)
(-5.77154e-05 0 6.07998e-05)
(-6.26442e-05 0 4.0066e-05)
(-6.66196e-05 0 1.97654e-05)
(-6.95343e-05 0 7.26189e-08)
(-7.13006e-05 0 -1.88772e-05)
(-7.18526e-05 0 -3.69776e-05)
(-7.11479e-05 0 -5.4136e-05)
(-6.91679e-05 0 -7.02626e-05)
(-6.59188e-05 0 -8.52616e-05)
(-6.14327e-05 0 -9.90271e-05)
(-5.57687e-05 0 -0.000111442)
(-4.90134e-05 0 -0.000122381)
(-4.12812e-05 0 -0.000131714)
(-3.27127e-05 0 -0.000139312)
(-2.34724e-05 0 -0.000145061)
(-1.37452e-05 0 -0.000148861)
(-3.73098e-06 0 -0.000150645)
(6.36148e-06 0 -0.000150377)
(1.63208e-05 0 -0.000148062)
(2.59397e-05 0 -0.000143746)
(3.50219e-05 0 -0.000137505)
(4.33873e-05 0 -0.000129443)
(5.08773e-05 0 -0.000119679)
(5.7358e-05 0 -0.000108343)
(6.27221e-05 0 -9.55641e-05)
(6.68903e-05 0 -8.14665e-05)
(6.98106e-05 0 -6.61642e-05)
(7.14578e-05 0 -4.97602e-05)
(7.18321e-05 0 -3.23479e-05)
(7.09585e-05 0 -1.40172e-05)
(6.88855e-05 0 5.13727e-06)
(6.56849e-05 0 2.50031e-05)
(6.14498e-05 0 4.54354e-05)
(5.62922e-05 0 6.62481e-05)
(5.03403e-05 0 8.72075e-05)
(4.37397e-05 0 0.000108029)
(3.66563e-05 0 0.000128369)
(2.92837e-05 0 0.000147811)
(2.18583e-05 0 0.000165795)
(1.46344e-05 0 0.000181424)
(7.71254e-06 0 0.000193164)
(9.72218e-07 0 0.000199036)
(-5.74688e-06 0 0.000197723)
(-1.25945e-05 0 0.000189652)
(-1.97407e-05 0 0.000176611)
(-2.722e-05 0 0.000160455)
(-3.48387e-05 0 0.000142411)
(-4.23433e-05 0 0.000123199)
(-4.95218e-05 0 0.000103309)
(-5.61964e-05 0 8.31224e-05)
(-6.22127e-05 0 6.29497e-05)
(-6.74345e-05 0 4.30405e-05)
(-7.17413e-05 0 2.359e-05)
(-7.50289e-05 0 4.74345e-06)
(-7.72108e-05 0 -1.33954e-05)
(-7.82203e-05 0 -3.07538e-05)
(-7.80113e-05 0 -4.72746e-05)
(-7.6558e-05 0 -6.29034e-05)
(-7.38556e-05 0 -7.75792e-05)
(-6.99212e-05 0 -9.12283e-05)
(-6.47943e-05 0 -0.000103762)
(-5.85388e-05 0 -0.000115076)
(-5.12428e-05 0 -0.000125056)
(-4.30192e-05 0 -0.00013358)
(-3.40042e-05 0 -0.000140528)
(-2.43551e-05 0 -0.000145789)
(-1.42474e-05 0 -0.00014927)
(-3.86952e-06 0 -0.000150904)
(5.48255e-06 0 -0.000160207)
(1.40739e-05 0 -0.000157873)
(2.2372e-05 0 -0.000153523)
(3.02077e-05 0 -0.000147245)
(3.74266e-05 0 -0.000139153)
(4.38928e-05 0 -0.000129382)
(4.94924e-05 0 -0.000118076)
(5.41348e-05 0 -0.00010538)
(5.77537e-05 0 -9.14302e-05)
(6.03072e-05 0 -7.63519e-05)
(6.17766e-05 0 -6.02526e-05)
(6.21654e-05 0 -4.32244e-05)
(6.14987e-05 0 -2.53468e-05)
(5.98216e-05 0 -6.69422e-06)
(5.71986e-05 0 1.2654e-05)
(5.37132e-05 0 3.25992e-05)
(4.94665e-05 0 5.30104e-05)
(4.45754e-05 0 7.37135e-05)
(3.91726e-05 0 9.4483e-05)
(3.34082e-05 0 0.000115035)
(2.74528e-05 0 0.000135017)
(2.15044e-05 0 0.000153992)
(1.57967e-05 0 0.000171391)
(1.05944e-05 0 0.0001864)
(6.10144e-06 0 0.000197762)
(2.26705e-06 0 0.000203803)
(-1.2952e-06 0 0.000203202)
(-5.12515e-06 0 0.00019601)
(-9.59228e-06 0 0.000183615)
(-1.47258e-05 0 0.000167681)
(-2.03083e-05 0 0.000149424)
(-2.60707e-05 0 0.000129624)
(-3.17792e-05 0 0.000108828)
(-3.72358e-05 0 8.74663e-05)
(-4.22694e-05 0 6.58885e-05)
(-4.67299e-05 0 4.43855e-05)
(-5.04846e-05 0 2.31953e-05)
(-5.34174e-05 0 2.51027e-06)
(-5.543e-05 0 -1.75145e-05)
(-5.64442e-05 0 -3.67508e-05)
(-5.64033e-05 0 -5.50835e-05)
(-5.52735e-05 0 -7.23985e-05)
(-5.3045e-05 0 -8.8575e-05)
(-4.97335e-05 0 -0.000103481)
(-4.5381e-05 0 -0.000116972)
(-4.00569e-05 0 -0.000128895)
(-3.38573e-05 0 -0.000139092)
(-2.69046e-05 0 -0.000147412)
(-1.93446e-05 0 -0.000153715)
(-1.13431e-05 0 -0.000157886)
(-3.08075e-06 0 -0.000159845)
(5.25264e-06 0 -0.00015955)
(1.3465e-05 0 -0.000157009)
(2.13683e-05 0 -0.000152272)
(2.87852e-05 0 -0.000145431)
(3.55547e-05 0 -0.000136608)
(4.15368e-05 0 -0.000125946)
(4.66158e-05 0 -0.0001136)
(5.07024e-05 0 -9.97257e-05)
(5.37345e-05 0 -8.44755e-05)
(5.5677e-05 0 -6.79903e-05)
(5.65211e-05 0 -5.03992e-05)
(5.62827e-05 0 -3.18204e-05)
(5.50018e-05 0 -1.23674e-05)
(5.27409e-05 0 7.84252e-06)
(4.95835e-05 0 2.86755e-05)
(4.56328e-05 0 4.99678e-05)
(4.10093e-05 0 7.15156e-05)
(3.585e-05 0 9.30678e-05)
(3.03102e-05 0 0.000114319)
(2.45672e-05 0 0.0001349)
(1.88273e-05 0 0.000154358)
(1.3335e-05 0 0.000172099)
(8.36018e-06 0 0.000187251)
(4.07565e-06 0 0.000198459)
(3.62969e-07 0 0.00020403)
(-3.21897e-06 0 0.000202838)
(-7.20072e-06 0 0.000195248)
(-1.18875e-05 0 0.000182785)
(-1.72469e-05 0 0.000167053)
(-2.30423e-05 0 0.000149178)
(-2.90136e-05 0 0.000129893)
(-3.49374e-05 0 0.000109724)
(-4.06233e-05 0 8.9085e-05)
(-4.59066e-05 0 6.83082e-05)
(-5.06421e-05 0 4.76619e-05)
(-5.47013e-05 0 2.73574e-05)
(-5.79711e-05 0 7.55661e-06)
(-6.03551e-05 0 -1.16189e-05)
(-6.17746e-05 0 -3.00769e-05)
(-6.217e-05 0 -4.77405e-05)
(-6.15015e-05 0 -6.4535e-05)
(-5.97494e-05 0 -8.0378e-05)
(-5.69159e-05 0 -9.51735e-05)
(-5.30256e-05 0 -0.000108809)
(-4.81268e-05 0 -0.000121157)
(-4.22921e-05 0 -0.000132078)
(-3.56182e-05 0 -0.000141426)
(-2.82249e-05 0 -0.000149058)
(-2.02534e-05 0 -0.000154845)
(-1.18622e-05 0 -0.000158677)
(-3.22358e-06 0 -0.000160477)
(4.31729e-06 0 -0.000167957)
(1.10717e-05 0 -0.000165429)
(1.75663e-05 0 -0.000160722)
(2.36524e-05 0 -0.000153933)
(2.91955e-05 0 -0.000145194)
(3.40789e-05 0 -0.00013466)
(3.82073e-05 0 -0.000122498)
(4.15075e-05 0 -0.000108875)
(4.39301e-05 0 -9.39527e-05)
(4.54482e-05 0 -7.78788e-05)
(4.60581e-05 0 -6.07838e-05)
(4.57772e-05 0 -4.27813e-05)
(4.46436e-05 0 -2.39713e-05)
(4.27149e-05 0 -4.44757e-06)
(4.00669e-05 0 1.56919e-05)
(3.67929e-05 0 3.63311e-05)
(3.30019e-05 0 5.73229e-05)
(2.88176e-05 0 7.84779e-05)
(2.4378e-05 0 9.95543e-05)
(1.98369e-05 0 0.000120249)
(1.53664e-05 0 0.000140187)
(1.11599e-05 0 0.000158904)
(7.4333e-06 0 0.000175806)
(4.41082e-06 0 0.000190095)
(2.248e-06 0 0.00020066)
(8.54323e-07 0 0.000206153)
(-2.25894e-07 0 0.000205554)
(-1.62826e-06 0 0.000198904)
(-3.78911e-06 0 0.000187278)
(-6.77659e-06 0 0.000172019)
(-1.0422e-05 0 0.000154205)
(-1.44964e-05 0 0.000134607)
(-1.87829e-05 0 0.000113798)
(-2.30875e-05 0 9.22358e-05)
(-2.72378e-05 0 7.02937e-05)
(-3.10795e-05 0 4.82811e-05)
(-3.44742e-05 0 2.64528e-05)
(-3.72988e-05 0 5.01789e-06)
(-3.94461e-05 0 -1.58506e-05)
(-4.0827e-05 0 -3.60044e-05)
(-4.13725e-05 0 -5.53069e-05)
(-4.10348e-05 0 -7.3621e-05)
(-3.97895e-05 0 -9.08017e-05)
(-3.7636e-05 0 -0.000106691)
(-3.45992e-05 0 -0.000121119)
(-3.07302e-05 0 -0.000133905)
(-2.61055e-05 0 -0.000144866)
(-2.08267e-05 0 -0.000153826)
(-1.50179e-05 0 -0.000160623)
(-8.82248e-06 0 -0.000165125)
(-2.39815e-06 0 -0.000167241)
(4.08862e-06 0 -0.000166923)
(1.04691e-05 0 -0.000164178)
(1.65784e-05 0 -0.000159067)
(2.2262e-05 0 -0.000151692)
(2.73814e-05 0 -0.000142194)
(3.18178e-05 0 -0.00013074)
(3.54762e-05 0 -0.000117509)
(3.82865e-05 0 -0.000102683)
(4.02047e-05 0 -8.64413e-05)
(4.12123e-05 0 -6.89509e-05)
(4.13164e-05 0 -5.03659e-05)
(4.05477e-05 0 -3.08288e-05)
(3.89594e-05 0 -1.04755e-05)
(3.66261e-05 0 1.05556e-05)
(3.36417e-05 0 3.2111e-05)
(3.01178e-05 0 5.40094e-05)
(2.61815e-05 0 7.60306e-05)
(2.19752e-05 0 9.79063e-05)
(1.76578e-05 0 0.000119312)
(1.34068e-05 0 0.000139853)
(9.42216e-06 0 0.000159048)
(5.92624e-06 0 0.000176282)
(3.1435e-06 0 0.000190713)
(1.20091e-06 0 0.000201176)
(-6.15433e-08 0 0.000206322)
(-1.16297e-06 0 0.000205287)
(-2.72787e-06 0 0.000198345)
(-5.11973e-06 0 0.000186684)
(-8.34609e-06 0 0.000171622)
(-1.22198e-05 0 0.00015418)
(-1.65152e-05 0 0.000135094)
(-2.1022e-05 0 0.000114918)
(-2.55525e-05 0 9.40915e-05)
(-2.99399e-05 0 7.29683e-05)
(-3.40345e-05 0 5.1835e-05)
(-3.77021e-05 0 3.09188e-05)
(-4.0823e-05 0 1.03972e-05)
(-4.3292e-05 0 -9.59209e-06)
(-4.50202e-05 0 -2.8939e-05)
(-4.59366e-05 0 -4.75478e-05)
(-4.59885e-05 0 -6.53241e-05)
(-4.51431e-05 0 -8.21649e-05)
(-4.33883e-05 0 -9.79523e-05)
(-4.07339e-05 0 -0.000112551)
(-3.72124e-05 0 -0.00012581)
(-3.28796e-05 0 -0.000137565)
(-2.78145e-05 0 -0.000147647)
(-2.21182e-05 0 -0.000155893)
(-1.59122e-05 0 -0.000162152)
(-9.33517e-06 0 -0.0001663)
(-2.53886e-06 0 -0.000168249)
(3.09935e-06 0 -0.000173818)
(7.93547e-06 0 -0.000171122)
(1.25516e-05 0 -0.000166104)
(1.68228e-05 0 -0.000158874)
(2.06376e-05 0 -0.00014958)
(2.39014e-05 0 -0.000138394)
(2.65392e-05 0 -0.000125505)
(2.84967e-05 0 -0.000111102)
(2.97413e-05 0 -9.5371e-05)
(3.02618e-05 0 -7.848e-05)
(3.00682e-05 0 -6.05816e-05)
(2.91904e-05 0 -4.181e-05)
(2.76778e-05 0 -2.22846e-05)
(2.5598e-05 0 -2.11757e-06)
(2.30357e-05 0 1.8576e-05)
(2.0091e-05 0 3.96641e-05)
(1.68781e-05 0 6.09856e-05)
(1.35234e-05 0 8.23375e-05)
(1.01654e-05 0 0.000103464)
(6.95459e-06 0 0.000124047)
(4.05345e-06 0 0.000143695)
(1.63574e-06 0 0.000161929)
(-1.19934e-07 0 0.00017815)
(-1.05256e-06 0 0.000191601)
(-1.08734e-06 0 0.000201326)
(-3.71603e-07 0 0.000206267)
(6.38405e-07 0 0.000205675)
(1.33695e-06 0 0.000199582)
(1.28555e-06 0 0.000188779)
(3.57419e-07 0 0.000174323)
(-1.35987e-06 0 0.000157147)
(-3.69978e-06 0 0.000137986)
(-6.48155e-06 0 0.00011742)
(-9.53044e-06 0 9.59214e-05)
(-1.26831e-05 0 7.38806e-05)
(-1.57883e-05 0 5.1622e-05)
(-1.8707e-05 0 2.94146e-05)
(-2.13125e-05 0 7.48214e-06)
(-2.3492e-05 0 -1.39864e-05)
(-2.51482e-05 0 -3.48246e-05)
(-2.62021e-05 0 -5.48758e-05)
(-2.65943e-05 0 -7.39816e-05)
(-2.6287e-05 0 -9.1974e-05)
(-2.52646e-05 0 -0.000108671)
(-2.35351e-05 0 -0.000123878)
(-2.11306e-05 0 -0.000137389)
(-1.81068e-05 0 -0.000148996)
(-1.45427e-05 0 -0.0001585)
(-1.05379e-05 0 -0.000165719)
(-6.21004e-06 0 -0.000170506)
(-1.69038e-06 0 -0.000172756)
(2.8817e-06 0 -0.000172418)
(7.36453e-06 0 -0.000169499)
(1.16203e-05 0 -0.000164066)
(1.55209e-05 0 -0.000156235)
(1.89529e-05 0 -0.000146164)
(2.18218e-05 0 -0.000134041)
(2.40548e-05 0 -0.000120069)
(2.5602e-05 0 -0.000104454)
(2.64378e-05 0 -8.74014e-05)
(2.65603e-05 0 -6.91022e-05)
(2.5991e-05 0 -4.97346e-05)
(2.47735e-05 0 -2.94635e-05)
(2.29725e-05 0 -8.4459e-06)
(2.06718e-05 0 1.31602e-05)
(1.7973e-05 0 3.51838e-05)
(1.49928e-05 0 5.7428e-05)
(1.18611e-05 0 7.96582e-05)
(8.72018e-06 0 0.000101592)
(5.72447e-06 0 0.000122888)
(3.04041e-06 0 0.000143138)
(8.45159e-07 0 0.000161843)
(-6.81238e-07 0 0.000178389)
(-1.38368e-06 0 0.000191992)
(-1.21535e-06 0 0.000201669)
(-3.81688e-07 0 0.000206382)
(6.0947e-07 0 0.000205498)
(1.16142e-06 0 0.000199216)
(8.95076e-07 0 0.000188418)
(-2.6474e-07 0 0.000174161)
(-2.20992e-06 0 0.00015735)
(-4.77092e-06 0 0.000138696)
(-7.76919e-06 0 0.000118762)
(-1.10336e-05 0 9.80031e-05)
(-1.44048e-05 0 7.67902e-05)
(-1.77354e-05 0 5.54241e-05)
(-2.08902e-05 0 3.41458e-05)
(-2.37457e-05 0 1.31464e-05)
(-2.61915e-05 0 -7.42171e-06)
(-2.8131e-05 0 -2.74324e-05)
(-2.94841e-05 0 -4.67724e-05)
(-3.01878e-05 0 -6.53286e-05)
(-3.01976e-05 0 -8.29783e-05)
(-2.94888e-05 0 -9.95828e-05)
(-2.80567e-05 0 -0.000114985)
(-2.59182e-05 0 -0.000129012)
(-2.31115e-05 0 -0.000141476)
(-1.96963e-05 0 -0.000152188)
(-1.57529e-05 0 -0.000160961)
(-1.13806e-05 0 -0.000167628)
(-6.69477e-06 0 -0.00017205)
(-1.8231e-06 0 -0.00017413)
(1.84003e-06 0 -0.000177716)
(4.69439e-06 0 -0.000174882)
(7.37429e-06 0 -0.00016961)
(9.78199e-06 0 -0.000162019)
(1.18319e-05 0 -0.000152273)
(1.34537e-05 0 -0.000140562)
(1.45943e-05 0 -0.000127093)
(1.52195e-05 0 -0.000112077)
(1.53138e-05 0 -9.5718e-05)
(1.48809e-05 0 -7.82058e-05)
(1.39434e-05 0 -5.97124e-05)
(1.25422e-05 0 -4.0391e-05)
(1.07354e-05 0 -2.0379e-05)
(8.59778e-06 0 1.94614e-07)
(6.21965e-06 0 2.1199e-05)
(3.70471e-06 0 4.24887e-05)
(1.16805e-06 0 6.38906e-05)
(-1.26553e-06 0 8.51908e-05)
(-3.46297e-06 0 0.000106124)
(-5.28455e-06 0 0.000126362)
(-6.58624e-06 0 0.000145508)
(-7.22465e-06 0 0.000163081)
(-7.06842e-06 0 0.0001785)
(-6.02483e-06 0 0.00019107)
(-4.0978e-06 0 0.000199981)
(-1.48155e-06 0 0.000204418)
(1.39297e-06 0 0.000203836)
(3.98525e-06 0 0.00019826)
(5.87916e-06 0 0.000188266)
(6.89832e-06 0 0.00017467)
(7.05093e-06 0 0.000158265)
(6.43596e-06 0 0.00013973)
(5.18781e-06 0 0.00011963)
(3.45154e-06 0 9.84378e-05)
(1.37238e-06 0 7.65518e-05)
(-9.08871e-07 0 5.43051e-05)
(-3.2582e-06 0 3.19771e-05)
(-5.55026e-06 0 9.80295e-06)
(-7.67033e-06 0 -1.20149e-05)
(-9.51672e-06 0 -3.32944e-05)
(-1.10034e-05 0 -5.38608e-05)
(-1.20621e-05 0 -7.35361e-05)
(-1.26435e-05 0 -9.21315e-05)
(-1.27184e-05 0 -0.000109443)
(-1.22786e-05 0 -0.000125253)
(-1.1337e-05 0 -0.000139334)
(-9.92769e-06 0 -0.000151454)
(-8.10501e-06 0 -0.000161395)
(-5.94197e-06 0 -0.000168956)
(-3.52764e-06 0 -0.000173973)
(-9.63354e-07 0 -0.000176333)
(1.64199e-06 0 -0.000175978)
(4.17744e-06 0 -0.000172917)
(6.53556e-06 0 -0.000167223)
(8.61779e-06 0 -0.000159025)
(1.0339e-05 0 -0.000148496)
(1.16307e-05 0 -0.000135842)
(1.24439e-05 0 -0.000121289)
(1.27499e-05 0 -0.000105066)
(1.25412e-05 0 -8.73997e-05)
(1.18318e-05 0 -6.85042e-05)
(1.06559e-05 0 -4.85792e-05)
(9.06812e-06 0 -2.78103e-05)
(7.14135e-06 0 -6.37376e-06)
(4.96595e-06 0 1.55551e-05)
(2.64727e-06 0 3.77901e-05)
(3.03023e-07 0 6.01214e-05)
(-1.939e-06 0 8.23034e-05)
(-3.94281e-06 0 0.000104043)
(-5.56618e-06 0 0.000124992)
(-6.66332e-06 0 0.000144734)
(-7.09057e-06 0 0.000162774)
(-6.71949e-06 0 0.000178517)
(-5.46766e-06 0 0.000191255)
(-3.36512e-06 0 0.000200174)
(-6.50445e-07 0 0.000204486)
(2.20858e-06 0 0.000203736)
(4.67779e-06 0 0.000198064)
(6.3839e-06 0 0.000188118)
(7.19128e-06 0 0.000174732)
(7.12924e-06 0 0.000158689)
(6.30452e-06 0 0.000140655)
(4.85337e-06 0 0.000121182)
(2.92008e-06 0 0.000100727)
(6.4789e-07 0 7.96703e-05)
(-1.82505e-06 0 5.83204e-05)
(-4.36769e-06 0 3.69292e-05)
(-6.85763e-06 0 1.56985e-05)
(-9.18255e-06 0 -5.20682e-06)
(-1.12421e-05 0 -2.56464e-05)
(-1.29498e-05 0 -4.54911e-05)
(-1.42353e-05 0 -6.46106e-05)
(-1.50446e-05 0 -8.2864e-05)
(-1.53417e-05 0 -0.000100093)
(-1.51088e-05 0 -0.000116122)
(-1.43473e-05 0 -0.000130755)
(-1.30774e-05 0 -0.000143787)
(-1.13384e-05 0 -0.000155006)
(-9.18797e-06 0 -0.000164209)
(-6.70067e-06 0 -0.00017121)
(-3.96557e-06 0 -0.000175858)
(-1.08296e-06 0 -0.000178044)
(5.49628e-07 0 -0.000179595)
(1.37486e-06 0 -0.000176656)
(2.07648e-06 0 -0.000171192)
(2.58689e-06 0 -0.000163332)
(2.84901e-06 0 -0.000153251)
(2.81872e-06 0 -0.000141156)
(2.46649e-06 0 -0.00012727)
(1.7783e-06 0 -0.000111822)
(7.56079e-07 0 -9.50325e-05)
(-5.82237e-07 0 -7.71098e-05)
(-2.20281e-06 0 -5.8243e-05)
(-4.05621e-06 0 -3.8602e-05)
(-6.07787e-06 0 -1.83403e-05)
(-8.18882e-06 0 2.39818e-06)
(-1.02969e-05 0 2.34691e-05)
(-1.22989e-05 0 4.47158e-05)
(-1.4083e-05 0 6.59561e-05)
(-1.5531e-05 0 8.69689e-05)
(-1.65205e-05 0 0.000107484)
(-1.69289e-05 0 0.000127171)
(-1.6637e-05 0 0.000145637)
(-1.55376e-05 0 0.000162413)
(-1.35493e-05 0 0.000176953)
(-1.0643e-05 0 0.000188634)
(-6.88748e-06 0 0.000196782)
(-2.50902e-06 0 0.00020077)
(2.09233e-06 0 0.000200202)
(6.44029e-06 0 0.000195096)
(1.01466e-05 0 0.00018587)
(1.30001e-05 0 0.000173154)
(1.49432e-05 0 0.000157612)
(1.60117e-05 0 0.00013985)
(1.62906e-05 0 0.000120405)
(1.58895e-05 0 9.97374e-05)
(1.4929e-05 0 7.82414e-05)
(1.35332e-05 0 5.62527e-05)
(1.18255e-05 0 3.40561e-05)
(9.92505e-06 0 1.18944e-05)
(7.94397e-06 0 -1.00199e-05)
(5.98447e-06 0 -3.14915e-05)
(4.13597e-06 0 -5.23304e-05)
(2.47296e-06 0 -7.23416e-05)
(1.0537e-06 0 -9.13177e-05)
(-8.05911e-08 0 -0.000109036)
(-9.06252e-07 0 -0.000125259)
(-1.41734e-06 0 -0.00013974)
(-1.62551e-06 0 -0.000152228)
(-1.55931e-06 0 -0.000162485)
(-1.26302e-06 0 -0.000170297)
(-7.94516e-07 0 -0.000175485)
(-2.2231e-07 0 -0.000177926)
(3.7842e-07 0 -0.000177559)
(9.30612e-07 0 -0.000174393)
(1.3604e-06 0 -0.000168506)
(1.60171e-06 0 -0.000160038)
(1.59996e-06 0 -0.000149177)
(1.31484e-06 0 -0.000136146)
(7.22092e-07 0 -0.000121188)
(-1.85367e-07 0 -0.000104552)
(-1.39698e-06 0 -8.64833e-05)
(-2.88446e-06 0 -6.7217e-05)
(-4.60213e-06 0 -4.6971e-05)
(-6.48739e-06 0 -2.59489e-05)
(-8.46177e-06 0 -4.34368e-06)
(-1.04322e-05 0 1.76544e-05)
(-1.22937e-05 0 3.98469e-05)
(-1.3932e-05 0 6.20145e-05)
(-1.52266e-05 0 8.39044e-05)
(-1.60534e-05 0 0.00010522)
(-1.62889e-05 0 0.00012561)
(-1.58142e-05 0 0.000144664)
(-1.45248e-05 0 0.000161902)
(-1.23452e-05 0 0.00017677)
(-9.25879e-06 0 0.000188642)
(-5.35748e-06 0 0.00019685)
(-8.99824e-07 0 0.0002008)
(3.68925e-06 0 0.000200165)
(7.93768e-06 0 0.000195042)
(1.14865e-05 0 0.000185909)
(1.41553e-05 0 0.000173419)
(1.59065e-05 0 0.000158239)
(1.67863e-05 0 0.000140973)
(1.68847e-05 0 0.000122147)
(1.63133e-05 0 0.000102209)
(1.51925e-05 0 8.15357e-05)
(1.36454e-05 0 6.04399e-05)
(1.17933e-05 0 3.91785e-05)
(9.7533e-06 0 1.79613e-05)
(7.63498e-06 0 -3.03725e-06)
(5.53893e-06 0 -2.36651e-05)
(3.55406e-06 0 -4.37792e-05)
(1.75568e-06 0 -6.32339e-05)
(2.04461e-07 0 -8.1872e-05)
(-1.05419e-06 0 -9.95186e-05)
(-1.99056e-06 0 -0.00011598)
(-2.59087e-06 0 -0.000131043)
(-2.85734e-06 0 -0.000144485)
(-2.8081e-06 0 -0.000156077)
(-2.47658e-06 0 -0.000165599)
(-1.91046e-06 0 -0.000172851)
(-1.16982e-06 0 -0.000177668)
(-3.24481e-07 0 -0.000179935)
(-7.61841e-07 0 -0.000179415)
(-1.99736e-06 0 -0.000176409)
(-3.30089e-06 0 -0.000170822)
(-4.70728e-06 0 -0.000162792)
(-6.24292e-06 0 -0.000152505)
(-7.92408e-06 0 -0.000140179)
(-9.75582e-06 0 -0.000126053)
(-1.17314e-05 0 -0.000110367)
(-1.38319e-05 0 -9.33575e-05)
(-1.6026e-05 0 -7.52469e-05)
(-1.82703e-05 0 -5.62385e-05)
(-2.05086e-05 0 -3.6516e-05)
(-2.26728e-05 0 -1.62464e-05)
(-2.46829e-05 0 4.4137e-06)
(-2.64484e-05 0 2.53092e-05)
(-2.78707e-05 0 4.6275e-05)
(-2.88455e-05 0 6.71229e-05)
(-2.92654e-05 0 8.76287e-05)
(-2.90239e-05 0 0.000107522)
(-2.80195e-05 0 0.000126479)
(-2.61622e-05 0 0.000144118)
(-2.33826e-05 0 0.000159995)
(-1.96475e-05 0 0.000173607)
(-1.49828e-05 0 0.00018441)
(-9.50733e-06 0 0.000191846)
(-3.46703e-06 0 0.000195433)
(2.76644e-06 0 0.000194883)
(8.76938e-06 0 0.000190205)
(1.41794e-05 0 0.000181707)
(1.8763e-05 0 0.000169875)
(2.24115e-05 0 0.000155255)
(2.51059e-05 0 0.000138384)
(2.68836e-05 0 0.000119753)
(2.78164e-05 0 9.98e-05)
(2.79961e-05 0 7.89085e-05)
(2.75258e-05 0 5.74088e-05)
(2.65133e-05 0 3.55854e-05)
(2.5067e-05 0 1.36846e-05)
(2.32921e-05 0 -8.07428e-06)
(2.12872e-05 0 -2.94864e-05)
(1.91417e-05 0 -5.03493e-05)
(1.69332e-05 0 -7.04539e-05)
(1.47265e-05 0 -8.9578e-05)
(1.25731e-05 0 -0.000107483)
(1.05111e-05 0 -0.000123917)
(8.56477e-06 0 -0.000138614)
(6.74529e-06 0 -0.000151312)
(5.05085e-06 0 -0.000161757)
(3.46756e-06 0 -0.00016972)
(1.97088e-06 0 -0.000175014)
(5.27748e-07 0 -0.000177506)
(-9.00471e-07 0 -0.000177131)
(-2.35404e-06 0 -0.000173899)
(-3.87047e-06 0 -0.000167894)
(-5.48085e-06 0 -0.000159264)
(-7.2071e-06 0 -0.000148209)
(-9.06006e-06 0 -0.000134964)
(-1.10382e-05 0 -0.000119789)
(-1.31271e-05 0 -0.000102947)
(-1.52986e-05 0 -8.47006e-05)
(-1.75113e-05 0 -6.5299e-05)
(-1.97102e-05 0 -4.49763e-05)
(-2.1827e-05 0 -2.39507e-05)
(-2.3781e-05 0 -2.42882e-06)
(-2.54802e-05 0 1.93872e-05)
(-2.68238e-05 0 4.12901e-05)
(-2.77057e-05 0 6.30546e-05)
(-2.80171e-05 0 8.44253e-05)
(-2.76509e-05 0 0.000105106)
(-2.65063e-05 0 0.000124754)
(-2.44957e-05 0 0.000142971)
(-2.15546e-05 0 0.000159306)
(-1.76576e-05 0 0.000173253)
(-1.28437e-05 0 0.000184269)
(-7.25108e-06 0 0.000191813)
(-1.14871e-06 0 0.000195435)
(5.0753e-06 0 0.000194895)
(1.1e-05 0 0.000190267)
(1.62824e-05 0 0.000181902)
(2.07121e-05 0 0.000170313)
(2.41979e-05 0 0.00015606)
(2.67323e-05 0 0.000139678)
(2.83598e-05 0 0.000121656)
(2.91563e-05 0 0.00010242)
(2.92155e-05 0 8.23386e-05)
(2.86407e-05 0 6.17198e-05)
(2.75392e-05 0 4.08213e-05)
(2.60177e-05 0 1.98569e-05)
(2.41793e-05 0 -9.92397e-07)
(2.21208e-05 0 -2.15655e-05)
(1.99301e-05 0 -4.17079e-05)
(1.76842e-05 0 -6.12611e-05)
(1.54481e-05 0 -8.00542e-05)
(1.32747e-05 0 -9.78983e-05)
(1.12042e-05 0 -0.000114585)
(9.26476e-06 0 -0.000129888)
(7.47204e-06 0 -0.00014357)
(5.82969e-06 0 -0.000155387)
(4.32967e-06 0 -0.000165107)
(2.95296e-06 0 -0.000172517)
(1.67076e-06 0 -0.000177444)
(4.4643e-07 0 -0.000179763)
(-2.08382e-06 0 -0.000177152)
(-5.39521e-06 0 -0.000174117)
(-8.71495e-06 0 -0.000168482)
(-1.2043e-05 0 -0.00016039)
(-1.53733e-05 0 -0.000150035)
(-1.86932e-05 0 -0.000137643)
(-2.19825e-05 0 -0.000123463)
(-2.52135e-05 0 -0.000107746)
(-2.8351e-05 0 -9.07379e-05)
(-3.13513e-05 0 -7.26714e-05)
(-3.41626e-05 0 -5.37605e-05)
(-3.67244e-05 0 -3.41995e-05)
(-3.89674e-05 0 -1.41659e-05)
(-4.08136e-05 0 6.17388e-06)
(-4.21776e-05 0 2.6657e-05)
(-4.29692e-05 0 4.71131e-05)
(-4.30951e-05 0 6.73511e-05)
(-4.2463e-05 0 8.71477e-05)
(-4.09855e-05 0 0.000106238)
(-3.85855e-05 0 0.00012431)
(-3.52039e-05 0 0.000141001)
(-3.0809e-05 0 0.000155899)
(-2.54113e-05 0 0.000168554)
(-1.90829e-05 0 0.000178495)
(-1.19797e-05 0 0.000185266)
(-4.35894e-06 0 0.000188493)
(3.43125e-06 0 0.000187963)
(1.10074e-05 0 0.000183682)
(1.80286e-05 0 0.000175877)
(2.42477e-05 0 0.000164923)
(2.95179e-05 0 0.00015127)
(3.37737e-05 0 0.000135379)
(3.70091e-05 0 0.000117696)
(3.92581e-05 0 9.86254e-05)
(4.05822e-05 0 7.85323e-05)
(4.10597e-05 0 5.77358e-05)
(4.07794e-05 0 3.6515e-05)
(3.9835e-05 0 1.51157e-05)
(3.83208e-05 0 -6.23998e-06)
(3.63281e-05 0 -2.73411e-05)
(3.39429e-05 0 -4.79764e-05)
(3.1243e-05 0 -6.79264e-05)
(2.82976e-05 0 -8.69577e-05)
(2.51666e-05 0 -0.000104821)
(2.19012e-05 0 -0.000121251)
(1.85438e-05 0 -0.000135974)
(1.51282e-05 0 -0.000148714)
(1.16799e-05 0 -0.000159208)
(8.21674e-06 0 -0.000167217)
(4.7491e-06 0 -0.000172545)
(1.28153e-06 0 -0.000175055)
(-2.18567e-06 0 -0.000174677)
(-5.65346e-06 0 -0.000171423)
(-9.12064e-06 0 -0.000165379)
(-1.25813e-05 0 -0.000156702)
(-1.60232e-05 0 -0.000145598)
(-1.94265e-05 0 -0.000132315)
(-2.27636e-05 0 -0.000117121)
(-2.59984e-05 0 -0.000100291)
(-2.90864e-05 0 -8.20991e-05)
(-3.1974e-05 0 -6.28054e-05)
(-3.45989e-05 0 -4.26553e-05)
(-3.68896e-05 0 -2.1878e-05)
(-3.87661e-05 0 -6.90383e-07)
(-4.01409e-05 0 2.06974e-05)
(-4.09214e-05 0 4.20726e-05)
(-4.10132e-05 0 6.3208e-05)
(-4.03235e-05 0 8.385e-05)
(-3.87656e-05 0 0.000103709)
(-3.62647e-05 0 0.000122455)
(-3.27654e-05 0 0.000139713)
(-2.82427e-05 0 0.000155065)
(-2.27161e-05 0 0.00016806)
(-1.62699e-05 0 0.000178235)
(-9.07598e-06 0 0.000185154)
(-1.40805e-06 0 0.000188471)
(6.37509e-06 0 0.000188014)
(1.38917e-05 0 0.000183834)
(2.08138e-05 0 0.000176197)
(2.69111e-05 0 0.000165504)
(3.20517e-05 0 0.00015222)
(3.61818e-05 0 0.000136812)
(3.93034e-05 0 0.000119724)
(4.14566e-05 0 0.000101354)
(4.27061e-05 0 8.20515e-05)
(4.31321e-05 0 6.21164e-05)
(4.28239e-05 0 4.18017e-05)
(4.18745e-05 0 2.13213e-05)
(4.03764e-05 0 8.59745e-07)
(3.8419e-05 0 -1.94159e-05)
(3.60859e-05 0 -3.93426e-05)
(3.34529e-05 0 -5.8752e-05)
(3.05869e-05 0 -7.74625e-05)
(2.75464e-05 0 -9.52747e-05)
(2.43807e-05 0 -0.00011197)
(2.11314e-05 0 -0.000127311)
(1.78318e-05 0 -0.00014105)
(1.45076e-05 0 -0.000152935)
(1.11769e-05 0 -0.000162722)
(7.85071e-06 0 -0.000170192)
(4.53335e-06 0 -0.000175162)
(1.22357e-06 0 -0.000177503)
(-3.40459e-06 0 -0.000172797)
(-8.78866e-06 0 -0.000169778)
(-1.41183e-05 0 -0.000164174)
(-1.93569e-05 0 -0.000156133)
(-2.44649e-05 0 -0.000145855)
(-2.93998e-05 0 -0.00013357)
(-3.41161e-05 0 -0.000119532)
(-3.85652e-05 0 -0.000103998)
(-4.26959e-05 0 -8.72198e-05)
(-4.64535e-05 0 -6.94354e-05)
(-4.97791e-05 0 -5.08654e-05)
(-5.26098e-05 0 -3.17112e-05)
(-5.48773e-05 0 -1.21572e-05)
(-5.65084e-05 0 7.62404e-06)
(-5.74259e-05 0 2.74649e-05)
(-5.75507e-05 0 4.71926e-05)
(-5.68041e-05 0 6.6617e-05)
(-5.51118e-05 0 8.55195e-05)
(-5.2408e-05 0 0.000103645)
(-4.8642e-05 0 0.000120698)
(-4.37858e-05 0 0.000136342)
(-3.78439e-05 0 0.000150203)
(-3.08657e-05 0 0.000161881)
(-2.29608e-05 0 0.000170978)
(-1.43126e-05 0 0.000177121)
(-5.18437e-06 0 0.000180021)
(4.09457e-06 0 0.000179515)
(1.31707e-05 0 0.000175607)
(2.17203e-05 0 0.000168467)
(2.94881e-05 0 0.000158386)
(3.62986e-05 0 0.00014573)
(4.20485e-05 0 0.000130893)
(4.66922e-05 0 0.000114269)
(5.02283e-05 0 9.62274e-05)
(5.26866e-05 0 7.71074e-05)
(5.41193e-05 0 5.72119e-05)
(5.45932e-05 0 3.68102e-05)
(5.41843e-05 0 1.61433e-05)
(5.29725e-05 0 -4.56725e-06)
(5.10391e-05 0 -2.51085e-05)
(4.84634e-05 0 -4.52642e-05)
(4.53209e-05 0 -6.48086e-05)
(4.1683e-05 0 -8.35016e-05)
(3.76166e-05 0 -0.000101087)
(3.31849e-05 0 -0.000117294)
(2.84473e-05 0 -0.000131841)
(2.34602e-05 0 -0.000144449)
(1.82769e-05 0 -0.000154846)
(1.29474e-05 0 -0.00016279)
(7.51819e-06 0 -0.000168079)
(2.03305e-06 0 -0.000170571)
(-3.46697e-06 0 -0.000170196)
(-8.94159e-06 0 -0.000166964)
(-1.43492e-05 0 -0.000160966)
(-1.96453e-05 0 -0.000152362)
(-2.47825e-05 0 -0.000141363)
(-2.97098e-05 0 -0.000128224)
(-3.43733e-05 0 -0.000113217)
(-3.87158e-05 0 -9.66243e-05)
(-4.26768e-05 0 -7.8725e-05)
(-4.61922e-05 0 -5.97865e-05)
(-4.9194e-05 0 -4.00607e-05)
(-5.16098e-05 0 -1.97834e-05)
(-5.33628e-05 0 8.22553e-07)
(-5.43732e-05 0 2.15426e-05)
(-5.45597e-05 0 4.21626e-05)
(-5.38431e-05 0 6.2457e-05)
(-5.21492e-05 0 8.2178e-05)
(-4.94144e-05 0 0.000101048)
(-4.55916e-05 0 0.000118755)
(-4.06579e-05 0 0.00013495)
(-3.46253e-05 0 0.000149257)
(-2.75527e-05 0 0.00016128)
(-1.95609e-05 0 0.000170628)
(-1.08462e-05 0 0.000176951)
(-1.68368e-06 0 0.000179982)
(7.59027e-06 0 0.000179594)
(1.66232e-05 0 0.000175828)
(2.51002e-05 0 0.000168883)
(3.27784e-05 0 0.000159076)
(3.94946e-05 0 0.00014679)
(4.51566e-05 0 0.000132427)
(4.97279e-05 0 0.000116381)
(5.32135e-05 0 9.90181e-05)
(5.56484e-05 0 8.06634e-05)
(5.70877e-05 0 6.16022e-05)
(5.76e-05 0 4.20791e-05)
(5.72613e-05 0 2.23046e-05)
(5.61505e-05 0 2.46322e-06)
(5.43465e-05 0 -1.7275e-05)
(5.19256e-05 0 -3.67418e-05)
(4.89598e-05 0 -5.57622e-05)
(4.55159e-05 0 -7.41477e-05)
(4.16558e-05 0 -9.16921e-05)
(3.74371e-05 0 -0.00010817)
(3.29137e-05 0 -0.000123339)
(2.8136e-05 0 -0.000136946)
(2.31517e-05 0 -0.000148732)
(1.80057e-05 0 -0.00015845)
(1.27398e-05 0 -0.000165874)
(7.3926e-06 0 -0.000170817)
(2.00002e-06 0 -0.000173146)
(-4.71077e-06 0 -0.000166363)
(-1.21435e-05 0 -0.000163404)
(-1.94569e-05 0 -0.000157914)
(-2.65771e-05 0 -0.000150043)
(-3.34303e-05 0 -0.000139992)
(-3.9944e-05 0 -0.000127992)
(-4.60471e-05 0 -0.000114298)
(-5.1671e-05 0 -9.9166e-05)
(-5.6749e-05 0 -8.28496e-05)
(-6.1216e-05 0 -6.55882e-05)
(-6.50078e-05 0 -4.76041e-05)
(-6.80602e-05 0 -2.91013e-05)
(-7.03081e-05 0 -1.02673e-05)
(-7.16853e-05 0 8.72252e-06)
(-7.21251e-05 0 2.76994e-05)
(-7.15621e-05 0 4.64915e-05)
(-6.99347e-05 0 6.49124e-05)
(-6.71884e-05 0 8.27518e-05)
(-6.32812e-05 0 9.97688e-05)
(-5.81893e-05 0 0.000115688)
(-5.19156e-05 0 0.000130203)
(-4.4498e-05 0 0.000142979)
(-3.60203e-05 0 0.000153671)
(-2.66222e-05 0 0.000161941)
(-1.65074e-05 0 0.000167488)
(-5.94218e-06 0 0.000170085)
(4.75896e-06 0 0.000169607)
(1.52646e-05 0 0.000166056)
(2.52645e-05 0 0.000159559)
(3.44985e-05 0 0.000150345)
(4.27696e-05 0 0.000138709)
(4.99433e-05 0 0.000124986)
(5.59398e-05 0 0.000109516)
(6.07237e-05 0 9.26313e-05)
(6.4294e-05 0 7.46416e-05)
(6.66755e-05 0 5.58294e-05)
(6.79114e-05 0 3.64502e-05)
(6.80575e-05 0 1.67365e-05)
(6.71775e-05 0 -3.09469e-06)
(6.53394e-05 0 -2.28319e-05)
(6.26139e-05 0 -4.22582e-05)
(5.90721e-05 0 -6.1146e-05)
(5.47856e-05 0 -7.92534e-05)
(4.98269e-05 0 -9.63225e-05)
(4.42701e-05 0 -0.000112081)
(3.81911e-05 0 -0.000126249)
(3.16683e-05 0 -0.000138544)
(2.47825e-05 0 -0.000148695)
(1.76161e-05 0 -0.000156458)
(1.02525e-05 0 -0.000161631)
(2.77532e-06 0 -0.00016407)
(-4.73246e-06 0 -0.000163703)
(-1.21881e-05 0 -0.000160541)
(-1.95084e-05 0 -0.000154676)
(-2.66097e-05 0 -0.000146268)
(-3.34088e-05 0 -0.000135533)
(-3.98236e-05 0 -0.000122724)
(-4.5774e-05 0 -0.000108115)
(-5.11823e-05 0 -9.19877e-05)
(-5.59728e-05 0 -7.46227e-05)
(-6.00722e-05 0 -5.62881e-05)
(-6.34082e-05 0 -3.72377e-05)
(-6.59093e-05 0 -1.77092e-05)
(-6.75043e-05 0 2.07312e-06)
(-6.81234e-05 0 2.18944e-05)
(-6.76992e-05 0 4.15427e-05)
(-6.61697e-05 0 6.07977e-05)
(-6.3482e-05 0 7.94216e-05)
(-5.95971e-05 0 9.71521e-05)
(-5.44959e-05 0 0.000113699)
(-4.81876e-05 0 0.000128747)
(-4.07181e-05 0 0.00014196)
(-3.21806e-05 0 0.000152995)
(-2.27253e-05 0 0.000161528)
(-1.2566e-05 0 0.000167276)
(-1.97775e-06 0 0.000170034)
(8.72016e-06 0 0.000169706)
(1.91971e-05 0 0.000166324)
(2.91487e-05 0 0.000160041)
(3.83242e-05 0 0.00015111)
(4.6537e-05 0 0.000139842)
(5.36629e-05 0 0.000126579)
(5.9631e-05 0 0.000111667)
(6.44135e-05 0 9.54337e-05)
(6.80154e-05 0 7.81776e-05)
(7.04657e-05 0 6.01649e-05)
(7.18104e-05 0 4.16283e-05)
(7.21062e-05 0 2.2771e-05)
(7.14161e-05 0 3.77461e-06)
(6.9806e-05 0 -1.5191e-05)
(6.73424e-05 0 -3.39559e-05)
(6.40914e-05 0 -5.23423e-05)
(6.01177e-05 0 -7.01585e-05)
(5.54856e-05 0 -8.71959e-05)
(5.02592e-05 0 -0.000103227)
(4.45041e-05 0 -0.00011801)
(3.82874e-05 0 -0.000131288)
(3.16785e-05 0 -0.000142804)
(2.47488e-05 0 -0.00015231)
(1.75712e-05 0 -0.000159579)
(1.02197e-05 0 -0.000164422)
(2.76792e-06 0 -0.000166706)
(-5.98701e-06 0 -0.000157885)
(-1.54206e-05 0 -0.000155031)
(-2.46693e-05 0 -0.00014974)
(-3.36215e-05 0 -0.00014216)
(-4.21696e-05 0 -0.000132488)
(-5.02111e-05 0 -0.000120953)
(-5.76503e-05 0 -0.000107805)
(-6.43985e-05 0 -9.32962e-05)
(-7.03746e-05 0 -7.76747e-05)
(-7.55041e-05 0 -6.11765e-05)
(-7.97183e-05 0 -4.40211e-05)
(-8.29531e-05 0 -2.64108e-05)
(-8.5148e-05 0 -8.53203e-06)
(-8.62453e-05 0 9.44104e-06)
(-8.61907e-05 0 2.73418e-05)
(-8.49344e-05 0 4.50024e-05)
(-8.24331e-05 0 6.22435e-05)
(-7.8654e-05 0 7.88661e-05)
(-7.35793e-05 0 9.46462e-05)
(-6.72126e-05 0 0.000109333)
(-5.95863e-05 0 0.000122651)
(-5.0769e-05 0 0.000134307)
(-4.0874e-05 0 0.000144005)
(-3.00657e-05 0 0.000151464)
(-1.85624e-05 0 0.00015644)
(-6.63178e-06 0 0.000158754)
(5.42308e-06 0 0.000158307)
(1.72869e-05 0 0.000155101)
(2.86596e-05 0 0.000149232)
(3.92781e-05 0 0.00014088)
(4.89291e-05 0 0.000130285)
(5.74527e-05 0 0.000117723)
(6.4739e-05 0 0.000103489)
(7.07214e-05 0 8.78734e-05)
(7.53691e-05 0 7.11558e-05)
(7.86793e-05 0 5.35946e-05)
(8.06708e-05 0 3.54283e-05)
(8.13778e-05 0 1.68774e-05)
(8.08459e-05 0 -1.84905e-06)
(7.91285e-05 0 -2.05449e-05)
(7.62855e-05 0 -3.89968e-05)
(7.23821e-05 0 -5.69802e-05)
(6.74891e-05 0 -7.42564e-05)
(6.16832e-05 0 -9.05713e-05)
(5.50484e-05 0 -0.000105658)
(4.76763e-05 0 -0.000119239)
(3.96666e-05 0 -0.00013104)
(3.11271e-05 0 -0.000140793)
(2.21722e-05 0 -0.000148259)
(1.2922e-05 0 -0.000153238)
(3.50014e-06 0 -0.000155586)
(-5.96819e-06 0 -0.000155233)
(-1.53574e-05 0 -0.000152188)
(-2.45424e-05 0 -0.000146545)
(-3.34004e-05 0 -0.000138461)
(-4.18126e-05 0 -0.000128149)
(-4.96661e-05 0 -0.000115859)
(-5.68554e-05 0 -0.000101858)
(-6.32827e-05 0 -8.64254e-05)
(-6.88585e-05 0 -6.9835e-05)
(-7.35008e-05 0 -5.23511e-05)
(-7.71344e-05 0 -3.42236e-05)
(-7.96901e-05 0 -1.56873e-05)
(-8.11041e-05 0 3.03671e-06)
(-8.13181e-05 0 2.17375e-05)
(-8.02803e-05 0 4.02091e-05)
(-7.79479e-05 0 5.824e-05)
(-7.42902e-05 0 7.56055e-05)
(-6.92935e-05 0 9.2062e-05)
(-6.2967e-05 0 0.000107345)
(-5.53502e-05 0 0.000121172)
(-4.65201e-05 0 0.00013325)
(-3.65993e-05 0 0.000143287)
(-2.57614e-05 0 0.000151013)
(-1.42333e-05 0 0.000156202)
(-2.28943e-06 0 0.000158695)
(9.76374e-06 0 0.000158418)
(2.16115e-05 0 0.000155398)
(3.2958e-05 0 0.000149755)
(4.35475e-05 0 0.000141687)
(5.31757e-05 0 0.000131451)
(6.16919e-05 0 0.000119333)
(6.89954e-05 0 0.000105631)
(7.50275e-05 0 9.06339e-05)
(7.97643e-05 0 7.46113e-05)
(8.32084e-05 0 5.78072e-05)
(8.53819e-05 0 4.04387e-05)
(8.63209e-05 0 2.2699e-05)
(8.60708e-05 0 4.76354e-06)
(8.46825e-05 0 -1.32012e-05)
(8.22114e-05 0 -3.10272e-05)
(7.87158e-05 0 -4.85375e-05)
(7.42571e-05 0 -6.55418e-05)
(6.89005e-05 0 -8.18335e-05)
(6.2716e-05 0 -9.71886e-05)
(5.57799e-05 0 -0.000111368)
(4.81752e-05 0 -0.00012412)
(3.99923e-05 0 -0.000135193)
(3.13289e-05 0 -0.000144342)
(2.2289e-05 0 -0.000151344)
(1.29814e-05 0 -0.000156013)
(3.51825e-06 0 -0.000158216)
(-7.21592e-06 0 -0.000147424)
(-1.85755e-05 0 -0.000144721)
(-2.96851e-05 0 -0.000139713)
(-4.03966e-05 0 -0.000132543)
(-5.05689e-05 0 -0.000123402)
(-6.00706e-05 0 -0.000112511)
(-6.87819e-05 0 -0.00010011)
(-7.65954e-05 0 -8.64415e-05)
(-8.34162e-05 0 -7.17439e-05)
(-8.91611e-05 0 -5.62445e-05)
(-9.37579e-05 0 -4.01551e-05)
(-9.71433e-05 0 -2.36716e-05)
(-9.92623e-05 0 -6.9751e-06)
(-0.000100067 0 9.76528e-06)
(-9.95164e-05 0 2.63886e-05)
(-9.75771e-05 0 4.2734e-05)
(-9.42254e-05 0 5.86321e-05)
(-8.94503e-05 0 7.3898e-05)
(-8.32586e-05 0 8.83274e-05)
(-7.56806e-05 0 0.000101695)
(-6.67765e-05 0 0.000113759)
(-5.66425e-05 0 0.000124267)
(-4.54171e-05 0 0.000132967)
(-3.32845e-05 0 0.000139628)
(-2.04738e-05 0 0.000144053)
(-7.2533e-06 0 0.000146098)
(6.08219e-06 0 0.000145687)
(1.9229e-05 0 0.000142818)
(3.18941e-05 0 0.000137567)
(4.38126e-05 0 0.000130074)
(5.47589e-05 0 0.000120534)
(6.4552e-05 0 0.000109176)
(7.3056e-05 0 9.62473e-05)
(8.01761e-05 0 8.20013e-05)
(8.58532e-05 0 6.66838e-05)
(9.00578e-05 0 5.05278e-05)
(9.27837e-05 0 3.37518e-05)
(9.40431e-05 0 1.65615e-05)
(9.38627e-05 0 -8.4522e-07)
(9.22804e-05 0 -1.82714e-05)
(8.93443e-05 0 -3.55118e-05)
(8.51127e-05 0 -5.23495e-05)
(7.96545e-05 0 -6.85544e-05)
(7.305e-05 0 -8.38817e-05)
(6.5392e-05 0 -9.80744e-05)
(5.67869e-05 0 -0.000110867)
(4.7355e-05 0 -0.000121994)
(3.72297e-05 0 -0.0001312)
(2.65567e-05 0 -0.000138253)
(1.54918e-05 0 -0.000142959)
(4.19798e-06 0 -0.000145179)
(-7.15795e-06 0 -0.000144845)
(-1.84081e-05 0 -0.000141966)
(-2.93862e-05 0 -0.000136632)
(-3.99311e-05 0 -0.000128998)
(-4.98892e-05 0 -0.000119268)
(-5.91179e-05 0 -0.000107681)
(-6.74871e-05 0 -9.4498e-05)
(-7.48802e-05 0 -7.99845e-05)
(-8.11944e-05 0 -6.44045e-05)
(-8.63403e-05 0 -4.80121e-05)
(-9.02405e-05 0 -3.10482e-05)
(-9.28291e-05 0 -1.37394e-05)
(-9.40503e-05 0 3.7011e-06)
(-9.38587e-05 0 2.10707e-05)
(-9.22191e-05 0 3.81727e-05)
(-8.91084e-05 0 5.48077e-05)
(-8.45187e-05 0 7.07672e-05)
(-7.84615e-05 0 8.58289e-05)
(-7.09736e-05 0 9.97559e-05)
(-6.21228e-05 0 0.0001123)
(-5.20142e-05 0 0.000123208)
(-4.07951e-05 0 0.000132236)
(-2.86583e-05 0 0.000139161)
(-1.58404e-05 0 0.000143803)
(-2.61513e-06 0 0.000146036)
(1.072e-05 0 0.000145804)
(2.38616e-05 0 0.000143128)
(3.65204e-05 0 0.000138105)
(4.84373e-05 0 0.000130891)
(5.93946e-05 0 0.000121697)
(6.922e-05 0 0.000110759)
(7.77867e-05 0 9.83318e-05)
(8.50083e-05 0 8.46648e-05)
(9.08331e-05 0 6.99968e-05)
(9.52375e-05 0 5.45474e-05)
(9.822e-05 0 3.85158e-05)
(9.97951e-05 0 2.20822e-05)
(9.99894e-05 0 5.4131e-06)
(9.88385e-05 0 -1.13316e-05)
(9.6385e-05 0 -2.79892e-05)
(9.26788e-05 0 -4.43879e-05)
(8.77769e-05 0 -6.03431e-05)
(8.17446e-05 0 -7.56547e-05)
(7.4657e-05 0 -9.01068e-05)
(6.66002e-05 0 -0.000103469)
(5.76724e-05 0 -0.0001155)
(4.79842e-05 0 -0.000125958)
(3.76586e-05 0 -0.000134607)
(2.68296e-05 0 -0.000141231)
(1.56404e-05 0 -0.000145651)
(4.24075e-06 0 -0.000147737)
(-8.3781e-06 0 -0.000135069)
(-2.15584e-05 0 -0.000132562)
(-3.44263e-05 0 -0.000127919)
(-4.67979e-05 0 -0.000121276)
(-5.85004e-05 0 -0.000112813)
(-6.93751e-05 0 -0.00010274)
(-7.92795e-05 0 -9.12801e-05)
(-8.80885e-05 0 -7.86618e-05)
(-9.56943e-05 0 -6.51089e-05)
(-0.000102006 0 -5.08348e-05)
(-0.000106949 0 -3.6039e-05)
(-0.00011046 0 -2.09064e-05)
(-0.000112491 0 -5.60825e-06)
(-0.000113003 0 9.6952e-06)
(-0.00011197 0 2.4852e-05)
(-0.000109376 0 3.97115e-05)
(-0.000105214 0 5.41166e-05)
(-9.94969e-05 0 6.78993e-05)
(-9.22549e-05 0 8.08765e-05)
(-8.35436e-05 0 9.28506e-05)
(-7.34486e-05 0 0.000103612)
(-6.20908e-05 0 0.000112947)
(-4.96296e-05 0 0.000120646)
(-3.62651e-05 0 0.00012652)
(-2.22348e-05 0 0.000130408)
(-7.80732e-06 0 0.000132197)
(6.72802e-06 0 0.000131824)
(2.10752e-05 0 0.000129288)
(3.49461e-05 0 0.000124648)
(4.80738e-05 0 0.000118015)
(6.0223e-05 0 0.000109545)
(7.11958e-05 0 9.94254e-05)
(8.0834e-05 0 8.78643e-05)
(8.90176e-05 0 7.50761e-05)
(9.56614e-05 0 6.12741e-05)
(0.00010071 0 4.66643e-05)
(0.000104134 0 3.1443e-05)
(0.000105923 0 1.57983e-05)
(0.000106084 0 -8.6246e-08)
(0.000104641 0 -1.60263e-05)
(0.000101629 0 -3.1829e-05)
(9.70994e-05 0 -4.72903e-05)
(9.11184e-05 0 -6.21935e-05)
(8.37692e-05 0 -7.63087e-05)
(7.5153e-05 0 -8.93945e-05)
(6.53898e-05 0 -0.000101202)
(5.46187e-05 0 -0.000111482)
(4.29978e-05 0 -0.000119995)
(3.07025e-05 0 -0.000126521)
(1.79223e-05 0 -0.000130879)
(4.85807e-06 0 -0.000132936)
(-8.28336e-06 0 -0.000132626)
(-2.12933e-05 0 -0.00012996)
(-3.3966e-05 0 -0.000125021)
(-4.61032e-05 0 -0.000117958)
(-5.75187e-05 0 -0.000108962)
(-6.80415e-05 0 -9.82604e-05)
(-7.75184e-05 0 -8.60956e-05)
(-8.58151e-05 0 -7.27179e-05)
(-9.28166e-05 0 -5.83748e-05)
(-9.84268e-05 0 -4.33049e-05)
(-0.000102567 0 -2.77347e-05)
(-0.000105174 0 -1.18773e-05)
(-0.000106202 0 4.06645e-06)
(-0.000105618 0 1.99064e-05)
(-0.000103403 0 3.54589e-05)
(-9.95545e-05 0 5.05396e-05)
(-9.40862e-05 0 6.49586e-05)
(-8.70345e-05 0 7.85168e-05)
(-7.84621e-05 0 9.10062e-05)
(-6.84629e-05 0 0.000102212)
(-5.71665e-05 0 0.000111921)
(-4.47414e-05 0 0.00011993)
(-3.13956e-05 0 0.000126057)
(-1.73735e-05 0 0.000130158)
(-2.9486e-06 0 0.000132134)
(1.15875e-05 0 0.000131941)
(2.59391e-05 0 0.000129597)
(3.98211e-05 0 0.000125178)
(5.29721e-05 0 0.000118812)
(6.51638e-05 0 0.000110667)
(7.62068e-05 0 0.00010094)
(8.59517e-05 0 8.98426e-05)
(9.42875e-05 0 7.75875e-05)
(0.000101137 0 6.43821e-05)
(0.000106451 0 5.04204e-05)
(0.000110205 0 3.58813e-05)
(0.000112393 0 2.09296e-05)
(0.000113021 0 5.72016e-06)
(0.00011211 0 -9.59677e-06)
(0.00010969 0 -2.48675e-05)
(0.000105801 0 -3.99293e-05)
(0.000100496 0 -5.46075e-05)
(9.38397e-05 0 -6.87135e-05)
(8.59113e-05 0 -8.20441e-05)
(7.68063e-05 0 -9.43828e-05)
(6.66367e-05 0 -0.000105504)
(5.55322e-05 0 -0.000115179)
(4.36397e-05 0 -0.000123187)
(3.11218e-05 0 -0.000129326)
(1.81546e-05 0 -0.000133424)
(4.92403e-06 0 -0.000135359)
(-9.45244e-06 0 -0.000120941)
(-2.43156e-05 0 -0.000118673)
(-3.88075e-05 0 -0.000114473)
(-5.27112e-05 0 -0.000108469)
(-6.58244e-05 0 -0.000100824)
(-7.79631e-05 0 -9.17321e-05)
(-8.89638e-05 0 -8.13967e-05)
(-9.86855e-05 0 -7.00266e-05)
(-0.000107009 0 -5.78261e-05)
(-0.000113836 0 -4.49902e-05)
(-0.000119088 0 -3.17015e-05)
(-0.000122706 0 -1.81295e-05)
(-0.000124646 0 -4.43144e-06)
(-0.00012488 0 9.24525e-06)
(-0.000123394 0 2.27609e-05)
(-0.000120188 0 3.59776e-05)
(-0.000115276 0 4.87535e-05)
(-0.000108689 0 6.09389e-05)
(-0.000100481 0 7.2374e-05)
(-9.07308e-05 0 8.28887e-05)
(-7.95467e-05 0 9.23059e-05)
(-6.70704e-05 0 0.000100447)
(-5.34794e-05 0 0.000107141)
(-3.89859e-05 0 0.000112233)
(-2.38343e-05 0 0.000115595)
(-8.29416e-06 0 0.000117135)
(7.34851e-06 0 0.000116804)
(2.28022e-05 0 0.000114599)
(3.77813e-05 0 0.000110568)
(5.2017e-05 0 0.000104797)
(6.52658e-05 0 9.74118e-05)
(7.73161e-05 0 8.85645e-05)
(8.7991e-05 0 7.84253e-05)
(9.71484e-05 0 6.71738e-05)
(0.00010468 0 5.49912e-05)
(0.000110506 0 4.20555e-05)
(0.000114575 0 2.85394e-05)
(0.000116855 0 1.4611e-05)
(0.000117337 0 4.36302e-07)
(0.000116028 0 -1.38161e-05)
(0.000112951 0 -2.79699e-05)
(0.000108152 0 -4.18386e-05)
(0.000101694 0 -5.52241e-05)
(9.3662e-05 0 -6.79162e-05)
(8.41651e-05 0 -7.96948e-05)
(7.33356e-05 0 -9.03326e-05)
(6.13301e-05 0 -9.9602e-05)
(4.83291e-05 0 -0.000107284)
(3.45352e-05 0 -0.000113177)
(2.01697e-05 0 -0.000117114)
(5.46846e-06 0 -0.000118974)
(-9.3241e-06 0 -0.000118693)
(-2.39611e-05 0 -0.000116283)
(-3.81997e-05 0 -0.000111822)
(-5.18075e-05 0 -0.000105445)
(-6.45675e-05 0 -9.73291e-05)
(-7.62828e-05 0 -8.76814e-05)
(-8.6779e-05 0 -7.67243e-05)
(-9.59057e-05 0 -6.46862e-05)
(-0.000103537 0 -5.17927e-05)
(-0.00010957 0 -3.82619e-05)
(-0.000113926 0 -2.43005e-05)
(-0.000116545 0 -1.01037e-05)
(-0.00011739 0 4.14503e-06)
(-0.000116439 0 1.82718e-05)
(-0.000113691 0 3.21091e-05)
(-0.00010916 0 4.54906e-05)
(-0.000102883 0 5.82472e-05)
(-9.49193e-05 0 7.02047e-05)
(-8.53544e-05 0 8.11841e-05)
(-7.43058e-05 0 9.10039e-05)
(-6.19244e-05 0 9.94861e-05)
(-4.83963e-05 0 0.000106464)
(-3.3942e-05 0 0.000111793)
(-1.88121e-05 0 0.000115355)
(-3.28082e-06 0 0.000117074)
(1.23636e-05 0 0.000116916)
(2.783e-05 0 0.000114894)
(4.28356e-05 0 0.000111071)
(5.71167e-05 0 0.000105548)
(7.04367e-05 0 9.84616e-05)
(8.25923e-05 0 8.99711e-05)
(9.34156e-05 0 8.02509e-05)
(0.000102774 0 6.94796e-05)
(0.000110566 0 5.78332e-05)
(0.000116721 0 4.5479e-05)
(0.000121192 0 3.25743e-05)
(0.000123951 0 1.92663e-05)
(0.000124989 0 5.69545e-06)
(0.000124308 0 -8.00047e-06)
(0.000121928 0 -2.16801e-05)
(0.00011788 0 -3.51938e-05)
(0.000112212 0 -4.83814e-05)
(0.000104987 0 -6.10698e-05)
(9.62897e-05 0 -7.30733e-05)
(8.62229e-05 0 -8.4194e-05)
(7.49115e-05 0 -9.4226e-05)
(6.25027e-05 0 -0.000102961)
(4.91653e-05 0 -0.000110196)
(3.50884e-05 0 -0.000115746)
(2.04786e-05 0 -0.000119453)
(5.55567e-06 0 -0.000121204)
(-1.04167e-05 0 -0.000105197)
(-2.679e-05 0 -0.000103207)
(-4.27386e-05 0 -9.9523e-05)
(-5.80156e-05 0 -9.42588e-05)
(-7.23924e-05 0 -8.75614e-05)
(-8.56621e-05 0 -7.96006e-05)
(-9.7643e-05 0 -7.05576e-05)
(-0.000108179 0 -6.06169e-05)
(-0.000117142 0 -4.99588e-05)
(-0.000124427 0 -3.87555e-05)
(-0.000129953 0 -2.71686e-05)
(-0.000133662 0 -1.53482e-05)
(-0.000135518 0 -3.43378e-06)
(-0.000135499 0 8.44382e-06)
(-0.000133604 0 2.01602e-05)
(-0.000129848 0 3.15929e-05)
(-0.000124262 0 4.26175e-05)
(-0.000116896 0 5.31047e-05)
(-0.000107825 0 6.29183e-05)
(-9.71483e-05 0 7.1916e-05)
(-8.49933e-05 0 7.99515e-05)
(-7.15198e-05 0 8.68794e-05)
(-5.69195e-05 0 9.25615e-05)
(-4.14149e-05 0 9.68742e-05)
(-2.52559e-05 0 9.9716e-05)
(-8.71344e-06 0 0.000101014)
(7.92758e-06 0 0.000100727)
(2.43777e-05 0 9.88547e-05)
(4.03522e-05 0 9.54324e-05)
(5.55798e-05 0 9.05297e-05)
(6.98103e-05 0 8.42452e-05)
(8.28207e-05 0 7.67001e-05)
(9.44187e-05 0 6.80319e-05)
(0.000104444 0 5.83873e-05)
(0.000112766 0 4.79164e-05)
(0.000119287 0 3.67694e-05)
(0.000123932 0 2.50938e-05)
(0.000126653 0 1.30358e-05)
(0.000127422 0 7.41364e-07)
(0.000126233 0 -1.16402e-05)
(0.000123099 0 -2.39531e-05)
(0.000118059 0 -3.60325e-05)
(0.000111174 0 -4.77032e-05)
(0.000102532 0 -5.87799e-05)
(9.22474e-05 0 -6.9068e-05)
(8.04631e-05 0 -7.8367e-05)
(6.73517e-05 0 -8.64757e-05)
(5.31135e-05 0 -9.31998e-05)
(3.79754e-05 0 -9.83617e-05)
(2.21872e-05 0 -0.000101812)
(6.01645e-06 0 -0.000103442)
(-1.02585e-05 0 -0.000103196)
(-2.6356e-05 0 -0.000101084)
(-4.19998e-05 0 -9.71748e-05)
(-5.69264e-05 0 -9.15898e-05)
(-7.08916e-05 0 -8.44868e-05)
(-8.36751e-05 0 -7.60488e-05)
(-9.50838e-05 0 -6.64726e-05)
(-0.000104953 0 -5.596e-05)
(-0.000113147 0 -4.47103e-05)
(-0.000119558 0 -3.29158e-05)
(-0.000124106 0 -2.07593e-05)
(-0.000126736 0 -8.41317e-06)
(-0.000127416 0 3.96037e-06)
(-0.000126136 0 1.62075e-05)
(-0.000122911 0 2.81801e-05)
(-0.000117771 0 3.97322e-05)
(-0.000110773 0 5.07176e-05)
(-0.000101995 0 6.09879e-05)
(-9.15463e-05 0 7.03926e-05)
(-7.95632e-05 0 7.87822e-05)
(-6.62147e-05 0 8.60117e-05)
(-5.17014e-05 0 9.19471e-05)
(-3.62537e-05 0 9.64725e-05)
(-2.01281e-05 0 9.94964e-05)
(-3.6e-06 0 0.000100957)
(1.30436e-05 0 0.000100829)
(2.95136e-05 0 9.91243e-05)
(4.55279e-05 0 9.58909e-05)
(6.08203e-05 0 9.12107e-05)
(7.51477e-05 0 8.51915e-05)
(8.82953e-05 0 7.79614e-05)
(0.00010008 0 6.96612e-05)
(0.00011035 0 6.04371e-05)
(0.000118985 0 5.04346e-05)
(0.000125894 0 3.97946e-05)
(0.000131008 0 2.86515e-05)
(0.000134282 0 1.71331e-05)
(0.000135689 0 5.36289e-06)
(0.000135219 0 -6.53645e-06)
(0.000132879 0 -1.84392e-05)
(0.000128692 0 -3.02125e-05)
(0.000122702 0 -4.17143e-05)
(0.000114972 0 -5.27915e-05)
(0.000105589 0 -6.32798e-05)
(9.46628e-05 0 -7.30045e-05)
(8.23305e-05 0 -8.17836e-05)
(6.87542e-05 0 -8.94328e-05)
(5.41224e-05 0 -9.57729e-05)
(3.86477e-05 0 -0.000100639)
(2.25643e-05 0 -0.000103891)
(6.12259e-06 0 -0.000105428)
(-1.12483e-05 0 -8.80283e-05)
(-2.89237e-05 0 -8.63508e-05)
(-4.61278e-05 0 -8.32474e-05)
(-6.25881e-05 0 -7.88146e-05)
(-7.80527e-05 0 -7.31779e-05)
(-9.22956e-05 0 -6.64815e-05)
(-0.000105119 0 -5.88793e-05)
(-0.000116356 0 -5.05275e-05)
(-0.000125868 0 -4.15789e-05)
(-0.000133546 0 -3.21793e-05)
(-0.000139307 0 -2.24655e-05)
(-0.000143096 0 -1.25646e-05)
(-0.000144878 0 -2.59514e-06)
(-0.000144641 0 7.3319e-06)
(-0.000142394 0 1.71102e-05)
(-0.000138165 0 2.66352e-05)
(-0.000131999 0 3.58021e-05)
(-0.000123965 0 4.4503e-05)
(-0.000114152 0 5.26263e-05)
(-0.000102679 0 6.00567e-05)
(-8.96902e-05 0 6.66774e-05)
(-7.53588e-05 0 7.23732e-05)
(-5.98884e-05 0 7.70359e-05)
(-4.35096e-05 0 8.05689e-05)
(-2.6477e-05 0 8.28931e-05)
(-9.06375e-06 0 8.39514e-05)
(8.44531e-06 0 8.37124e-05)
(2.5761e-05 0 8.21745e-05)
(4.2598e-05 0 7.93654e-05)
(5.86824e-05 0 7.53387e-05)
(7.37584e-05 0 7.01708e-05)
(8.75939e-05 0 6.39561e-05)
(9.99838e-05 0 5.68025e-05)
(0.000110752 0 4.88263e-05)
(0.000119753 0 4.01481e-05)
(0.000126868 0 3.08899e-05)
(0.000132007 0 2.11736e-05)
(0.000135104 0 1.11213e-05)
(0.000136117 0 8.56669e-07)
(0.000135029 0 -9.4933e-06)
(0.000131844 0 -1.97966e-05)
(0.000126596 0 -2.99138e-05)
(0.000119343 0 -3.96969e-05)
(0.000110175 0 -4.89891e-05)
(9.92113e-05 0 -5.76256e-05)
(8.66052e-05 0 -6.54368e-05)
(7.25414e-05 0 -7.22523e-05)
(5.72376e-05 0 -7.79071e-05)
(4.09413e-05 0 -8.22505e-05)
(2.39268e-05 0 -8.5155e-05)
(6.48895e-06 0 -8.65276e-05)
(-1.10642e-05 0 -8.63207e-05)
(-2.8421e-05 0 -8.45419e-05)
(-4.52758e-05 0 -8.12516e-05)
(-6.13387e-05 0 -7.65529e-05)
(-7.63418e-05 0 -7.05802e-05)
(-9.00451e-05 0 -6.3489e-05)
(-0.000102239 0 -5.54463e-05)
(-0.000112748 0 -4.66228e-05)
(-0.000121427 0 -3.71873e-05)
(-0.000128165 0 -2.73024e-05)
(-0.00013288 0 -1.71229e-05)
(-0.000135521 0 -6.79444e-06)
(-0.000136061 0 3.54573e-06)
(-0.000134502 0 1.37671e-05)
(-0.000130868 0 2.37437e-05)
(-0.000125206 0 3.33526e-05)
(-0.00011759 0 4.24716e-05)
(-0.000108116 0 5.09787e-05)
(-9.69092e-05 0 5.87522e-05)
(-8.41241e-05 0 6.56722e-05)
(-6.99441e-05 0 7.16242e-05)
(-5.45816e-05 0 7.65032e-05)
(-3.82752e-05 0 8.02192e-05)
(-2.12861e-05 0 8.27014e-05)
(-3.89177e-06 0 8.39023e-05)
(1.36206e-05 0 8.38018e-05)
(3.09622e-05 0 8.24095e-05)
(4.78505e-05 0 7.97639e-05)
(6.40166e-05 0 7.59282e-05)
(7.92119e-05 0 7.09866e-05)
(9.32124e-05 0 6.50391e-05)
(0.000105823 0 5.81963e-05)
(0.000116876 0 5.05742e-05)
(0.000126236 0 4.22895e-05)
(0.000133792 0 3.34567e-05)
(0.000139459 0 2.41864e-05)
(0.000143177 0 1.45853e-05)
(0.000144902 0 4.75817e-06)
(0.000144613 0 -5.19025e-06)
(0.000142307 0 -1.51527e-05)
(0.000138001 0 -2.50165e-05)
(0.000131734 0 -3.46611e-05)
(0.00012357 0 -4.39567e-05)
(0.000113598 0 -5.27643e-05)
(0.000101933 0 -6.09359e-05)
(8.87231e-05 0 -6.83174e-05)
(7.41421e-05 0 -7.47526e-05)
(5.83956e-05 0 -8.00893e-05)
(4.17166e-05 0 -8.41874e-05)
(2.43629e-05 0 -8.69276e-05)
(6.61152e-06 0 -8.82229e-05)
(-1.19252e-05 0 -6.96615e-05)
(-3.06603e-05 0 -6.83269e-05)
(-4.88859e-05 0 -6.58584e-05)
(-6.63082e-05 0 -6.23338e-05)
(-8.2657e-05 0 -5.78538e-05)
(-9.76906e-05 0 -5.25339e-05)
(-0.000111199 0 -4.64971e-05)
(-0.000123005 0 -3.98682e-05)
(-0.000132963 0 -3.2769e-05)
(-0.000140961 0 -2.53161e-05)
(-0.000146914 0 -1.76185e-05)
(-0.000150768 0 -9.77786e-06)
(-0.000152492 0 -1.88848e-06)
(-0.00015208 0 5.96083e-06)
(-0.000149549 0 1.36843e-05)
(-0.000144936 0 2.11978e-05)
(-0.0001383 0 2.84175e-05)
(-0.000129723 0 3.52583e-05)
(-0.000119308 0 4.16334e-05)
(-0.000107189 0 4.74541e-05)
(-9.35217e-05 0 5.26311e-05)
(-7.8492e-05 0 5.70777e-05)
(-6.23119e-05 0 6.07123e-05)
(-4.52185e-05 0 6.34629e-05)
(-2.74704e-05 0 6.52702e-05)
(-9.34266e-06 0 6.60912e-05)
(8.87888e-06 0 6.59023e-05)
(2.69044e-05 0 6.4702e-05)
(4.44473e-05 0 6.2511e-05)
(6.12313e-05 0 5.93694e-05)
(7.69958e-05 0 5.53338e-05)
(9.15016e-05 0 5.04749e-05)
(0.000104534 0 4.48737e-05)
(0.000115904 0 3.86183e-05)
(0.000125454 0 3.18009e-05)
(0.000133049 0 2.45158e-05)
(0.000138586 0 1.68585e-05)
(0.000141985 0 8.92571e-06)
(0.000143193 0 8.16381e-07)
(0.000142183 0 -7.36732e-06)
(0.000138954 0 -1.55201e-05)
(0.000133534 0 -2.3531e-05)
(0.000125981 0 -3.1282e-05)
(0.000116385 0 -3.86483e-05)
(0.00010487 0 -4.54985e-05)
(9.15962e-05 0 -5.1697e-05)
(7.67592e-05 0 -5.71079e-05)
(6.05898e-05 0 -6.15994e-05)
(4.33524e-05 0 -6.50506e-05)
(2.53411e-05 0 -6.73593e-05)
(6.8731e-06 0 -6.84506e-05)
(-1.17194e-05 0 -6.82861e-05)
(-3.00999e-05 0 -6.68719e-05)
(-4.7939e-05 0 -6.42568e-05)
(-6.49251e-05 0 -6.05236e-05)
(-8.07712e-05 0 -5.57802e-05)
(-9.52214e-05 0 -5.01511e-05)
(-0.000108054 0 -4.37696e-05)
(-0.000119082 0 -3.67721e-05)
(-0.000128156 0 -2.92932e-05)
(-0.000135161 0 -2.14627e-05)
(-0.000140014 0 -1.34038e-05)
(-0.000142667 0 -5.23255e-06)
(-0.000143097 0 2.94171e-06)
(-0.000141314 0 1.10147e-05)
(-0.000137352 0 1.88851e-05)
(-0.00013127 0 2.64547e-05)
(-0.000123154 0 3.36272e-05)
(-0.000113116 0 4.03073e-05)
(-0.000101295 0 4.64011e-05)
(-8.78595e-05 0 5.18173e-05)
(-7.30036e-05 0 5.64692e-05)
(-5.6949e-05 0 6.02782e-05)
(-3.9941e-05 0 6.3177e-05)
(-2.22448e-05 0 6.5113e-05)
(-4.13988e-06 0 6.60508e-05)
(1.40855e-05 0 6.59755e-05)
(3.2142e-05 0 6.48944e-05)
(4.97459e-05 0 6.28365e-05)
(6.66259e-05 0 5.98494e-05)
(8.25285e-05 0 5.59959e-05)
(9.72231e-05 0 5.13509e-05)
(0.000110504 0 4.59977e-05)
(0.000122194 0 4.00241e-05)
(0.000132142 0 3.35192e-05)
(0.000140223 0 2.65714e-05)
(0.00014634 0 1.92672e-05)
(0.000150416 0 1.16909e-05)
(0.000152398 0 3.9265e-06)
(0.000152255 0 -3.94151e-06)
(0.000149975 0 -1.18269e-05)
(0.00014557 0 -1.96396e-05)
(0.000139078 0 -2.72835e-05)
(0.000130561 0 -3.4655e-05)
(0.00012011 0 -4.16432e-05)
(0.000107846 0 -4.81299e-05)
(9.39224e-05 0 -5.39922e-05)
(7.85251e-05 0 -5.91052e-05)
(6.18725e-05 0 -6.33472e-05)
(4.42141e-05 0 -6.6606e-05)
(2.58268e-05 0 -6.87858e-05)
(7.00949e-06 0 -6.98164e-05)
(-1.24269e-05 0 -5.03584e-05)
(-3.19473e-05 0 -4.93901e-05)
(-5.09297e-05 0 -4.75995e-05)
(-6.90646e-05 0 -4.50435e-05)
(-8.6068e-05 0 -4.17955e-05)
(-0.000101687 0 -3.79397e-05)
(-0.000115702 0 -3.35655e-05)
(-0.000127929 0 -2.87637e-05)
(-0.000138218 0 -2.36229e-05)
(-0.000146453 0 -1.82278e-05)
(-0.00015255 0 -1.26578e-05)
(-0.000156453 0 -6.98668e-06)
(-0.000158136 0 -1.28288e-06)
(-0.000157596 0 4.38907e-06)
(-0.000154855 0 9.96611e-06)
(-0.000149958 0 1.53863e-05)
(-0.000142973 0 2.05885e-05)
(-0.000133993 0 2.55114e-05)
(-0.000123132 0 3.00929e-05)
(-0.000110534 0 3.42701e-05)
(-9.63636e-05 0 3.79805e-05)
(-8.08161e-05 0 4.11635e-05)
(-6.41095e-05 0 4.37625e-05)
(-4.64857e-05 0 4.57274e-05)
(-2.82058e-05 0 4.70173e-05)
(-9.54691e-06 0 4.76021e-05)
(9.20428e-06 0 4.74654e-05)
(2.77571e-05 0 4.66061e-05)
(4.58239e-05 0 4.50385e-05)
(6.31262e-05 0 4.27903e-05)
(7.94003e-05 0 3.99006e-05)
(9.44015e-05 0 3.64183e-05)
(0.000107908 0 3.23998e-05)
(0.000119723 0 2.79066e-05)
(0.000129677 0 2.30036e-05)
(0.000137627 0 1.7758e-05)
(0.000143456 0 1.22381e-05)
(0.000147076 0 6.51404e-06)
(0.000148426 0 6.58204e-07)
(0.000147472 0 -5.25441e-06)
(0.000144208 0 -1.11473e-05)
(0.000138659 0 -1.69402e-05)
(0.000130882 0 -2.25475e-05)
(0.00012097 0 -2.78784e-05)
(0.000109048 0 -3.28375e-05)
(9.52817e-05 0 -3.73263e-05)
(7.9874e-05 0 -4.12459e-05)
(6.30657e-05 0 -4.45005e-05)
(4.51335e-05 0 -4.70019e-05)
(2.6386e-05 0 -4.86756e-05)
(7.1569e-06 0 -4.9467e-05)
(-1.22035e-05 0 -4.93477e-05)
(-3.13402e-05 0 -4.83223e-05)
(-4.99063e-05 0 -4.64265e-05)
(-6.75739e-05 0 -4.37209e-05)
(-8.40422e-05 0 -4.02841e-05)
(-9.90436e-05 0 -3.62066e-05)
(-0.000112347 0 -3.15857e-05)
(-0.000123759 0 -2.65204e-05)
(-0.000133126 0 -2.11084e-05)
(-0.000140329 0 -1.54443e-05)
(-0.000145286 0 -9.61732e-06)
(-0.000147949 0 -3.71168e-06)
(-0.000148301 0 2.19339e-06)
(-0.000146355 0 8.02188e-06)
(-0.000142152 0 1.36995e-05)
(-0.000135761 0 1.91547e-05)
(-0.000127276 0 2.43177e-05)
(-0.000116822 0 2.91203e-05)
(-0.000104548 0 3.34961e-05)
(-9.0632e-05 0 3.73807e-05)
(-7.52764e-05 0 4.07138e-05)
(-5.87095e-05 0 4.34408e-05)
(-4.11815e-05 0 4.5515e-05)
(-2.29603e-05 0 4.69003e-05)
(-4.32741e-06 0 4.7572e-05)
(1.44282e-05 0 4.75199e-05)
(3.30161e-05 0 4.67492e-05)
(5.11515e-05 0 4.52801e-05)
(6.85613e-05 0 4.31457e-05)
(8.49887e-05 0 4.03895e-05)
(0.000100198 0 3.70634e-05)
(0.000113977 0 3.32255e-05)
(0.000126138 0 2.89369e-05)
(0.000136522 0 2.42605e-05)
(0.000144993 0 1.92589e-05)
(0.000151442 0 1.39941e-05)
(0.000155783 0 8.52715e-06)
(0.000157955 0 2.9194e-06)
(0.000157918 0 -2.76686e-06)
(0.000155656 0 -8.46847e-06)
(0.000151178 0 -1.412e-05)
(0.000144518 0 -1.96518e-05)
(0.000135739 0 -2.49885e-05)
(0.000124933 0 -3.00493e-05)
(0.000112225 0 -3.47485e-05)
(9.77739e-05 0 -3.89965e-05)
(8.17722e-05 0 -4.27027e-05)
(6.44487e-05 0 -4.57784e-05)
(4.60649e-05 0 -4.81418e-05)
(2.69118e-05 0 -4.9723e-05)
(7.30447e-06 0 -5.04708e-05)
(-1.27354e-05 0 -3.04082e-05)
(-3.27388e-05 0 -2.98227e-05)
(-5.21867e-05 0 -2.874e-05)
(-7.07601e-05 0 -2.71946e-05)
(-8.81665e-05 0 -2.52309e-05)
(-0.000104146 0 -2.28997e-05)
(-0.000118473 0 -2.02553e-05)
(-0.000130959 0 -1.73524e-05)
(-0.000141452 0 -1.42449e-05)
(-0.000149834 0 -1.0984e-05)
(-0.000156019 0 -7.61794e-06)
(-0.000159954 0 -4.19133e-06)
(-0.000161611 0 -7.45688e-07)
(-0.00016099 0 2.67994e-06)
(-0.000158118 0 6.04685e-06)
(-0.000153043 0 9.31701e-06)
(-0.000145841 0 1.24532e-05)
(-0.000136609 0 1.54182e-05)
(-0.000125471 0 1.8175e-05)
(-0.000112576 0 2.0686e-05)
(-9.80961e-05 0 2.29143e-05)
(-8.22308e-05 0 2.48242e-05)
(-6.52026e-05 0 2.63823e-05)
(-4.72558e-05 0 2.75595e-05)
(-2.86533e-05 0 2.83316e-05)
(-9.67269e-06 0 2.86811e-05)
(9.39884e-06 0 2.85983e-05)
(2.82705e-05 0 2.80825e-05)
(4.66542e-05 0 2.71421e-05)
(6.42707e-05 0 2.57932e-05)
(8.08544e-05 0 2.40588e-05)
(9.61576e-05 0 2.19675e-05)
(0.000109954 0 1.95523e-05)
(0.000122042 0 1.68497e-05)
(0.000132245 0 1.38981e-05)
(0.000140413 0 1.07375e-05)
(0.000146423 0 7.40923e-06)
(0.000150179 0 3.9557e-06)
(0.000151616 0 4.21091e-07)
(0.000150695 0 -3.1486e-06)
(0.00014741 0 -6.70707e-06)
(0.000141782 0 -1.02058e-05)
(0.000133869 0 -1.35929e-05)
(0.000123764 0 -1.68136e-05)
(0.000111593 0 -1.98099e-05)
(9.75267e-05 0 -2.25223e-05)
(8.1771e-05 0 -2.48908e-05)
(6.45734e-05 0 -2.68576e-05)
(4.6218e-05 0 -2.83693e-05)
(2.70222e-05 0 -2.93809e-05)
(7.32967e-06 0 -2.98592e-05)
(-1.24983e-05 0 -2.97871e-05)
(-3.20955e-05 0 -2.91673e-05)
(-5.11044e-05 0 -2.80216e-05)
(-6.91871e-05 0 -2.63865e-05)
(-8.60346e-05 0 -2.43096e-05)
(-0.000101372 0 -2.18457e-05)
(-0.000114963 0 -1.90535e-05)
(-0.000126609 0 -1.59931e-05)
(-0.000136154 0 -1.27236e-05)
(-0.000143478 0 -9.30221e-06)
(-0.000148499 0 -5.78306e-06)
(-0.00015117 0 -2.21706e-06)
(-0.000151474 0 1.34791e-06)
(-0.000149427 0 4.86565e-06)
(-0.000145076 0 8.29068e-06)
(-0.000138493 0 1.15793e-05)
(-0.000129782 0 1.46894e-05)
(-0.000119072 0 1.758e-05)
(-0.00010652 0 2.02114e-05)
(-9.23104e-05 0 2.25456e-05)
(-7.66504e-05 0 2.4547e-05)
(-5.97725e-05 0 2.61835e-05)
(-4.19294e-05 0 2.74279e-05)
(-2.33907e-05 0 2.8259e-05)
(-4.43858e-06 0 2.86624e-05)
(1.46377e-05 0 2.86321e-05)
(3.35475e-05 0 2.81712e-05)
(5.20059e-05 0 2.72916e-05)
(6.97384e-05 0 2.60126e-05)
(8.64868e-05 0 2.43599e-05)
(0.000102012 0 2.23638e-05)
(0.000116098 0 2.00583e-05)
(0.000128552 0 1.74797e-05)
(0.000139207 0 1.46651e-05)
(0.000147921 0 1.16519e-05)
(0.000154578 0 8.47727e-06)
(0.000159086 0 5.17831e-06)
(0.000161376 0 1.79243e-06)
(0.000161405 0 -1.64206e-06)
(0.000159154 0 -5.08658e-06)
(0.00015463 0 -8.50154e-06)
(0.000147867 0 -1.18447e-05)
(0.000138926 0 -1.50704e-05)
(0.000127902 0 -1.81296e-05)
(0.00011492 0 -2.09705e-05)
(0.000100144 0 -2.35387e-05)
(8.37699e-05 0 -2.57794e-05)
(6.60334e-05 0 -2.7639e-05)
(4.72032e-05 0 -2.90679e-05)
(2.75791e-05 0 -3.0024e-05)
(7.48589e-06 0 -3.04762e-05)
(-1.28362e-05 0 -1.0148e-05)
(-3.29978e-05 0 -9.95259e-06)
(-5.25989e-05 0 -9.59125e-06)
(-7.13175e-05 0 -9.07544e-06)
(-8.88586e-05 0 -8.41995e-06)
(-0.000104959 0 -7.64176e-06)
(-0.000119393 0 -6.75894e-06)
(-0.000131968 0 -5.7898e-06)
(-0.00014253 0 -4.75231e-06)
(-0.000150962 0 -3.66362e-06)
(-0.000157176 0 -2.53984e-06)
(-0.000161118 0 -1.39592e-06)
(-0.000162763 0 -2.45748e-07)
(-0.000162111 0 8.97633e-07)
(-0.000159187 0 2.02118e-06)
(-0.000154045 0 3.11208e-06)
(-0.000146761 0 4.15783e-06)
(-0.000137437 0 5.14605e-06)
(-0.000126201 0 6.06437e-06)
(-0.000113203 0 6.90039e-06)
(-9.86199e-05 0 7.64188e-06)
(-8.26528e-05 0 8.27709e-06)
(-6.55254e-05 0 8.79509e-06)
(-4.74826e-05 0 9.18626e-06)
(-2.87873e-05 0 9.44272e-06)
(-9.71637e-06 0 9.55871e-06)
(9.44419e-06 0 9.53101e-06)
(2.84046e-05 0 9.35941e-06)
(4.68779e-05 0 9.04666e-06)
(6.45855e-05 0 8.59804e-06)
(8.12617e-05 0 8.02108e-06)
(9.66583e-05 0 7.32517e-06)
(0.000110548 0 6.52119e-06)
(0.000122726 0 5.6211e-06)
(0.000133014 0 4.63766e-06)
(0.000141257 0 3.58415e-06)
(0.000147332 0 2.47429e-06)
(0.000151138 0 1.32229e-06)
(0.000152607 0 1.42973e-07)
(0.000151701 0 -1.04816e-06)
(0.000148411 0 -2.23563e-06)
(0.000142759 0 -3.40324e-06)
(0.000134804 0 -4.53367e-06)
(0.000124636 0 -5.60855e-06)
(0.000112387 0 -6.60855e-06)
(9.82247e-05 0 -7.51376e-06)
(8.23592e-05 0 -8.30419e-06)
(6.50396e-05 0 -8.96051e-06)
(4.65525e-05 0 -9.46494e-06)
(2.7218e-05 0 -9.80247e-06)
(7.38277e-06 0 -9.96205e-06)
(-1.25891e-05 0 -9.93799e-06)
(-3.23282e-05 0 -9.73121e-06)
(-5.14742e-05 0 -9.34891e-06)
(-6.96864e-05 0 -8.80329e-06)
(-8.66529e-05 0 -8.11022e-06)
(-0.000102097 0 -7.28797e-06)
(-0.000115779 0 -6.35612e-06)
(-0.0001275 0 -5.33472e-06)
(-0.000137102 0 -4.24354e-06)
(-0.000144464 0 -3.10169e-06)
(-0.000149504 0 -1.92727e-06)
(-0.000152173 0 -7.37301e-07)
(-0.000152458 0 4.52232e-07)
(-0.000150375 0 1.62585e-06)
(-0.000145969 0 2.76826e-06)
(-0.000139319 0 3.86478e-06)
(-0.000130529 0 4.90135e-06)
(-0.000119733 0 5.86435e-06)
(-0.00010709 0 6.74062e-06)
(-9.27867e-05 0 7.51757e-06)
(-7.70334e-05 0 8.1835e-06)
(-6.00633e-05 0 8.72786e-06)
(-4.21296e-05 0 9.14172e-06)
(-2.35016e-05 0 9.41811e-06)
(-4.46074e-06 0 9.55236e-06)
(1.47048e-05 0 9.54246e-06)
(3.37056e-05 0 9.38946e-06)
(5.22574e-05 0 9.09725e-06)
(7.00868e-05 0 8.6722e-06)
(8.69351e-05 0 8.12269e-06)
(0.000102563 0 7.45871e-06)
(0.000116752 0 6.69144e-06)
(0.000129307 0 5.8328e-06)
(0.00014006 0 4.89509e-06)
(0.000148863 0 3.89069e-06)
(0.000155599 0 2.83199e-06)
(0.00016017 0 1.73138e-06)
(0.000162506 0 6.01427e-07)
(0.000162562 0 -5.44948e-07)
(0.000160319 0 -1.69477e-06)
(0.000155781 0 -2.83482e-06)
(0.000148984 0 -3.95095e-06)
(0.000139988 0 -5.0279e-06)
(0.000128889 0 -6.04928e-06)
(0.000115814 0 -6.9977e-06)
(0.000100927 0 -7.85506e-06)
(8.44282e-05 0 -8.60303e-06)
(6.65541e-05 0 -9.22374e-06)
(4.75762e-05 0 -9.70068e-06)
(2.77974e-05 0 -1.00198e-05)
(7.54519e-06 0 -1.01707e-05)
)
;

boundaryField
{
    top
    {
        type            directionMixed;
        refValue        uniform (0 0 0);
        refGradient     uniform (0 0 0);
        valueFraction   uniform (0 0 0 0 0 1);
        value           nonuniform List<vector> 
102
(
(-1.28362e-05 0 0)
(-3.29978e-05 0 0)
(-5.25989e-05 0 0)
(-7.13175e-05 0 0)
(-8.88586e-05 0 0)
(-0.000104959 0 0)
(-0.000119393 0 0)
(-0.000131968 0 0)
(-0.00014253 0 0)
(-0.000150962 0 0)
(-0.000157176 0 0)
(-0.000161118 0 0)
(-0.000162763 0 0)
(-0.000162111 0 0)
(-0.000159187 0 0)
(-0.000154045 0 0)
(-0.000146761 0 0)
(-0.000137437 0 0)
(-0.000126201 0 0)
(-0.000113203 0 0)
(-9.86199e-05 0 0)
(-8.26528e-05 0 0)
(-6.55254e-05 0 0)
(-4.74826e-05 0 0)
(-2.87873e-05 0 0)
(-9.71637e-06 0 0)
(9.44419e-06 0 0)
(2.84046e-05 0 0)
(4.68779e-05 0 0)
(6.45855e-05 0 0)
(8.12617e-05 0 0)
(9.66583e-05 0 0)
(0.000110548 0 0)
(0.000122726 0 0)
(0.000133014 0 0)
(0.000141257 0 0)
(0.000147332 0 0)
(0.000151138 0 0)
(0.000152607 0 0)
(0.000151701 0 0)
(0.000148411 0 0)
(0.000142759 0 0)
(0.000134804 0 0)
(0.000124636 0 0)
(0.000112387 0 0)
(9.82247e-05 0 0)
(8.23592e-05 0 0)
(6.50396e-05 0 0)
(4.65525e-05 0 0)
(2.7218e-05 0 0)
(7.38277e-06 0 0)
(-1.25891e-05 0 0)
(-3.23282e-05 0 0)
(-5.14742e-05 0 0)
(-6.96864e-05 0 0)
(-8.66529e-05 0 0)
(-0.000102097 0 0)
(-0.000115779 0 0)
(-0.0001275 0 0)
(-0.000137102 0 0)
(-0.000144464 0 0)
(-0.000149504 0 0)
(-0.000152173 0 0)
(-0.000152458 0 0)
(-0.000150375 0 0)
(-0.000145969 0 0)
(-0.000139319 0 0)
(-0.000130529 0 0)
(-0.000119733 0 0)
(-0.00010709 0 0)
(-9.27867e-05 0 0)
(-7.70334e-05 0 0)
(-6.00633e-05 0 0)
(-4.21296e-05 0 0)
(-2.35016e-05 0 0)
(-4.46074e-06 0 0)
(1.47048e-05 0 0)
(3.37056e-05 0 0)
(5.22574e-05 0 0)
(7.00868e-05 0 0)
(8.69351e-05 0 0)
(0.000102563 0 0)
(0.000116752 0 0)
(0.000129307 0 0)
(0.00014006 0 0)
(0.000148863 0 0)
(0.000155599 0 0)
(0.00016017 0 0)
(0.000162506 0 0)
(0.000162562 0 0)
(0.000160319 0 0)
(0.000155781 0 0)
(0.000148984 0 0)
(0.000139988 0 0)
(0.000128889 0 0)
(0.000115814 0 0)
(0.000100927 0 0)
(8.44282e-05 0 0)
(6.65541e-05 0 0)
(4.75762e-05 0 0)
(2.77974e-05 0 0)
(7.54519e-06 0 0)
)
;
    }
    bottom
    {
        type            fixedValue;
        value           uniform (0 0 0);
    }
    frontAndBack
    {
        type            empty;
    }
    left_cyc
    {
        type            cyclic;
    }
    right_cyc
    {
        type            cyclic;
    }
}


// ************************************************************************* //
