/*--------------------------------*- C++ -*----------------------------------*\
| =========                 |                                                 |
| \\      /  F ield         | OpenFOAM: The Open Source CFD Toolbox           |
|  \\    /   O peration     | Version:  2.3.0                                 |
|   \\  /    A nd           | Web:      www.OpenFOAM.org                      |
|    \\/     M anipulation  |                                                 |
\*---------------------------------------------------------------------------*/
FoamFile
{
    version     2.0;
    format      ascii;
    class       surfaceScalarField;
    location    "9000";
    object      phi;
}
// * * * * * * * * * * * * * * * * * * * * * * * * * * * * * * * * * * * * * //

dimensions      [0 3 -1 0 0 0 0];

internalField   nonuniform List<scalar> 
356
(
0.308143
0.00228398
0.313305
-0.00516176
0.3276
-0.0142951
0.350854
-0.023254
0.378978
-0.0281236
0.401696
-0.0227183
0.401648
4.78819e-05
0.356698
0.0449502
0.24617
0.110528
0.0661123
0.180057
-0.14116
0.207272
-0.297029
0.155869
0.0840727
0.54743
-0.00604104
0.562535
-0.0202662
0.584717
-0.0364769
0.611817
-0.0503547
0.637411
-0.0537175
0.648817
-0.0341246
0.625817
0.0230481
0.540781
0.129987
0.366448
0.284861
0.0970485
0.449457
-0.208242
0.512563
-0.444711
0.392337
0.222306
0.578688
-0.0207024
0.596342
-0.0379204
0.616082
-0.0562164
0.635055
-0.0693285
0.647395
-0.0660575
0.642902
-0.0296316
0.605598
0.0603524
0.513647
0.221938
0.343787
0.45472
0.0902693
0.702975
-0.19413
0.796962
-0.418712
0.61692
0.360541
0.517529
-0.0338522
0.530304
-0.0506954
0.541171
-0.0670832
0.547379
-0.0755369
0.544457
-0.0631355
0.525513
-0.0106875
0.480487
0.105379
0.396372
0.306053
0.259311
0.591781
0.0671816
0.895104
-0.144337
1.00848
-0.317796
0.790379
0.476453
0.409341
-0.0405724
0.413243
-0.0545977
0.41277
-0.0666098
0.405831
-0.0685985
0.389675
-0.046979
0.360692
0.0182954
0.314576
0.151494
0.246741
0.373888
0.15373
0.684792
0.038754
1.01008
-0.0825598
1.12979
-0.190952
0.898771
0.560217
0.266747
-0.0393066
0.261309
-0.0491592
0.250599
-0.0559
0.233524
-0.0515238
0.209089
-0.0225441
0.17669
0.0506949
0.136753
0.191431
0.0915946
0.419047
0.0469067
0.72948
0.0105198
1.04647
-0.0209087
1.16122
-0.0617154
0.939577
0.606645
0.100604
-0.0310094
0.0879118
-0.0364669
0.0703719
-0.03836
0.047864
-0.0290159
0.0208968
0.00442313
-0.00857953
0.0801712
-0.0364119
0.219263
-0.0546201
0.437255
-0.0505932
0.725453
-0.0146823
1.01056
0.0341357
1.1124
0.0573749
0.916338
0.613412
-0.0724125
-0.0182815
-0.0891555
-0.0197239
-0.109856
-0.0176597
-0.133821
-0.00505106
-0.159098
0.0297005
-0.181476
0.102549
-0.193345
0.231133
-0.182296
0.426205
-0.132254
0.675412
-0.03539
0.913692
0.0788457
0.998169
0.158293
0.836891
0.580602
-0.233752
-0.00410317
-0.25168
-0.00179562
-0.272906
0.00356623
-0.295864
0.017907
-0.317024
0.0508608
-0.329913
0.115438
-0.323904
0.225124
-0.284047
0.386349
-0.194324
0.585689
-0.050973
0.770341
0.11148
0.835716
0.235837
0.712535
0.51166
-0.365672
0.00922839
-0.382646
0.0151792
-0.402403
0.0233232
-0.422515
0.0380185
-0.438068
0.0664141
-0.440626
0.117996
-0.417602
0.2021
-0.353415
0.322162
-0.234327
0.4666
-0.0610397
0.597054
0.131174
0.643502
0.28621
0.557499
0.4143
-0.449709
0.0203003
-0.463883
0.0293524
-0.480064
0.0395042
-0.495401
0.0533556
-0.504281
0.0752943
-0.497402
0.111117
-0.461708
0.166405
-0.382459
0.242912
-0.248834
0.332976
-0.0648309
0.413051
0.13667
0.442001
0.304623
0.389546
0.301175
-0.466569
0.0281047
-0.475723
0.0385061
-0.485366
0.0491473
-0.493104
0.0610931
-0.494006
0.0761964
-0.47978
0.0968916
-0.438885
0.125511
-0.358727
0.162754
-0.23099
0.205239
-0.0605492
0.242609
0.124969
0.256483
0.282536
0.231979
-0.410202
0.0307018
-0.410819
0.0391235
-0.409252
0.0475797
-0.404467
0.0563086
-0.393823
0.0655527
-0.372435
0.0755036
-0.333135
0.0862103
-0.267796
0.0974147
-0.170832
0.108275
-0.0451864
0.116964
0.0911966
0.1201
0.114619
-0.354936
0.0188378
-0.338732
0.0229192
-0.318217
0.0270642
-0.293253
0.0313447
-0.263501
0.0358008
-0.228396
0.0403992
-0.187176
0.0449899
-0.139027
0.0492656
-0.0835154
0.0527634
-0.0215275
0.0549764
0.0430141
0.0555584
0.0544216
-0.342682
-0.32525
-0.303412
-0.276974
-0.245695
-0.209356
-0.167882
-0.121523
-0.0710492
-0.0178677
0.036049
)
;

boundaryField
{
    top
    {
        type            calculated;
        value           nonuniform List<scalar> 
12
(
0.00568293
0.00548632
0.00522648
0.00490701
0.00452161
0.00405984
0.00351638
0.00290636
0.00228978
0.00179488
0.00164169
0.00193736
)
;
    }
    bottom
    {
        type            calculated;
        value           uniform 0;
    }
    frontAndBack
    {
        type            empty;
        value           nonuniform 0();
    }
    left_cyc
    {
        type            cyclic;
        value           nonuniform 0();
    }
    right_cyc
    {
        type            cyclic;
        value           nonuniform 0();
    }
    procBoundary0to1
    {
        type            processor;
        value           nonuniform List<scalar> 
16
(
-0.381101
-0.582944
-0.556947
-0.433709
-0.274716
-0.108143
0.0506074
0.191103
0.304779
0.38357
0.417747
0.393071
0.190641
0.208557
0.103212
0.0885332
)
;
    }
    procBoundary0to3throughleft_cyc
    {
        type            processorCyclic;
        value           nonuniform List<scalar> 
15
(
-0.310427
-0.539105
-0.564027
-0.504379
-0.40262
-0.268013
-0.108901
0.0596847
0.219573
0.35234
0.438637
0.458765
0.407605
0.3668
0.355837
)
;
    }
}


// ************************************************************************* //
