/*--------------------------------*- C++ -*----------------------------------*\
| =========                 |                                                 |
| \\      /  F ield         | OpenFOAM: The Open Source CFD Toolbox           |
|  \\    /   O peration     | Version:  2.3.0                                 |
|   \\  /    A nd           | Web:      www.OpenFOAM.org                      |
|    \\/     M anipulation  |                                                 |
\*---------------------------------------------------------------------------*/
FoamFile
{
    version     2.0;
    format      ascii;
    class       faceList;
    location    "constant/polyMesh";
    object      faces;
}
// * * * * * * * * * * * * * * * * * * * * * * * * * * * * * * * * * * * * * //


793
(
4(1 15 43 29)
4(28 29 43 42)
4(2 16 44 30)
4(29 30 44 43)
4(3 17 45 31)
4(30 31 45 44)
4(4 18 46 32)
4(31 32 46 45)
4(5 19 47 33)
4(32 33 47 46)
4(6 20 48 34)
4(33 34 48 47)
4(7 21 49 35)
4(34 35 49 48)
4(8 22 50 36)
4(35 36 50 49)
4(9 23 51 37)
4(36 37 51 50)
4(10 24 52 38)
4(37 38 52 51)
4(11 25 53 39)
4(38 39 53 52)
4(12 26 54 40)
4(39 40 54 53)
4(40 41 55 54)
4(29 43 71 57)
4(56 57 71 70)
4(30 44 72 58)
4(57 58 72 71)
4(31 45 73 59)
4(58 59 73 72)
4(32 46 74 60)
4(59 60 74 73)
4(33 47 75 61)
4(60 61 75 74)
4(34 48 76 62)
4(61 62 76 75)
4(35 49 77 63)
4(62 63 77 76)
4(36 50 78 64)
4(63 64 78 77)
4(37 51 79 65)
4(64 65 79 78)
4(38 52 80 66)
4(65 66 80 79)
4(39 53 81 67)
4(66 67 81 80)
4(40 54 82 68)
4(67 68 82 81)
4(68 69 83 82)
4(57 71 99 85)
4(84 85 99 98)
4(58 72 100 86)
4(85 86 100 99)
4(59 73 101 87)
4(86 87 101 100)
4(60 74 102 88)
4(87 88 102 101)
4(61 75 103 89)
4(88 89 103 102)
4(62 76 104 90)
4(89 90 104 103)
4(63 77 105 91)
4(90 91 105 104)
4(64 78 106 92)
4(91 92 106 105)
4(65 79 107 93)
4(92 93 107 106)
4(66 80 108 94)
4(93 94 108 107)
4(67 81 109 95)
4(94 95 109 108)
4(68 82 110 96)
4(95 96 110 109)
4(96 97 111 110)
4(85 99 127 113)
4(112 113 127 126)
4(86 100 128 114)
4(113 114 128 127)
4(87 101 129 115)
4(114 115 129 128)
4(88 102 130 116)
4(115 116 130 129)
4(89 103 131 117)
4(116 117 131 130)
4(90 104 132 118)
4(117 118 132 131)
4(91 105 133 119)
4(118 119 133 132)
4(92 106 134 120)
4(119 120 134 133)
4(93 107 135 121)
4(120 121 135 134)
4(94 108 136 122)
4(121 122 136 135)
4(95 109 137 123)
4(122 123 137 136)
4(96 110 138 124)
4(123 124 138 137)
4(124 125 139 138)
4(113 127 155 141)
4(140 141 155 154)
4(114 128 156 142)
4(141 142 156 155)
4(115 129 157 143)
4(142 143 157 156)
4(116 130 158 144)
4(143 144 158 157)
4(117 131 159 145)
4(144 145 159 158)
4(118 132 160 146)
4(145 146 160 159)
4(119 133 161 147)
4(146 147 161 160)
4(120 134 162 148)
4(147 148 162 161)
4(121 135 163 149)
4(148 149 163 162)
4(122 136 164 150)
4(149 150 164 163)
4(123 137 165 151)
4(150 151 165 164)
4(124 138 166 152)
4(151 152 166 165)
4(152 153 167 166)
4(141 155 183 169)
4(168 169 183 182)
4(142 156 184 170)
4(169 170 184 183)
4(143 157 185 171)
4(170 171 185 184)
4(144 158 186 172)
4(171 172 186 185)
4(145 159 187 173)
4(172 173 187 186)
4(146 160 188 174)
4(173 174 188 187)
4(147 161 189 175)
4(174 175 189 188)
4(148 162 190 176)
4(175 176 190 189)
4(149 163 191 177)
4(176 177 191 190)
4(150 164 192 178)
4(177 178 192 191)
4(151 165 193 179)
4(178 179 193 192)
4(152 166 194 180)
4(179 180 194 193)
4(180 181 195 194)
4(169 183 211 197)
4(196 197 211 210)
4(170 184 212 198)
4(197 198 212 211)
4(171 185 213 199)
4(198 199 213 212)
4(172 186 214 200)
4(199 200 214 213)
4(173 187 215 201)
4(200 201 215 214)
4(174 188 216 202)
4(201 202 216 215)
4(175 189 217 203)
4(202 203 217 216)
4(176 190 218 204)
4(203 204 218 217)
4(177 191 219 205)
4(204 205 219 218)
4(178 192 220 206)
4(205 206 220 219)
4(179 193 221 207)
4(206 207 221 220)
4(180 194 222 208)
4(207 208 222 221)
4(208 209 223 222)
4(197 211 239 225)
4(224 225 239 238)
4(198 212 240 226)
4(225 226 240 239)
4(199 213 241 227)
4(226 227 241 240)
4(200 214 242 228)
4(227 228 242 241)
4(201 215 243 229)
4(228 229 243 242)
4(202 216 244 230)
4(229 230 244 243)
4(203 217 245 231)
4(230 231 245 244)
4(204 218 246 232)
4(231 232 246 245)
4(205 219 247 233)
4(232 233 247 246)
4(206 220 248 234)
4(233 234 248 247)
4(207 221 249 235)
4(234 235 249 248)
4(208 222 250 236)
4(235 236 250 249)
4(225 239 266 253)
4(252 253 266 265)
4(226 240 267 254)
4(253 254 267 266)
4(227 241 268 255)
4(254 255 268 267)
4(228 242 269 256)
4(255 256 269 268)
4(229 243 270 257)
4(256 257 270 269)
4(230 244 271 258)
4(257 258 271 270)
4(231 245 272 259)
4(258 259 272 271)
4(232 246 273 260)
4(259 260 273 272)
4(233 247 274 261)
4(260 261 274 273)
4(234 248 275 262)
4(261 262 275 274)
4(235 249 276 263)
4(262 263 276 275)
4(263 264 277 276)
4(253 266 292 279)
4(278 279 292 291)
4(254 267 293 280)
4(279 280 293 292)
4(255 268 294 281)
4(280 281 294 293)
4(256 269 295 282)
4(281 282 295 294)
4(257 270 296 283)
4(282 283 296 295)
4(258 271 297 284)
4(283 284 297 296)
4(259 272 298 285)
4(284 285 298 297)
4(260 273 299 286)
4(285 286 299 298)
4(261 274 300 287)
4(286 287 300 299)
4(262 275 301 288)
4(287 288 301 300)
4(263 276 302 289)
4(288 289 302 301)
4(289 290 303 302)
4(279 292 318 305)
4(304 305 318 317)
4(280 293 319 306)
4(305 306 319 318)
4(281 294 320 307)
4(306 307 320 319)
4(282 295 321 308)
4(307 308 321 320)
4(283 296 322 309)
4(308 309 322 321)
4(284 297 323 310)
4(309 310 323 322)
4(285 298 324 311)
4(310 311 324 323)
4(286 299 325 312)
4(311 312 325 324)
4(287 300 326 313)
4(312 313 326 325)
4(288 301 327 314)
4(313 314 327 326)
4(289 302 328 315)
4(314 315 328 327)
4(315 316 329 328)
4(305 318 346 332)
4(331 332 346 345)
4(306 319 347 333)
4(332 333 347 346)
4(307 320 348 334)
4(333 334 348 347)
4(308 321 349 335)
4(334 335 349 348)
4(309 322 350 336)
4(335 336 350 349)
4(310 323 351 337)
4(336 337 351 350)
4(311 324 352 338)
4(337 338 352 351)
4(312 325 353 339)
4(338 339 353 352)
4(313 326 354 340)
4(339 340 354 353)
4(314 327 355 341)
4(340 341 355 354)
4(315 328 356 342)
4(341 342 356 355)
4(342 343 357 356)
4(331 345 373 359)
4(358 359 373 372)
4(332 346 374 360)
4(359 360 374 373)
4(333 347 375 361)
4(360 361 375 374)
4(334 348 376 362)
4(361 362 376 375)
4(335 349 377 363)
4(362 363 377 376)
4(336 350 378 364)
4(363 364 378 377)
4(337 351 379 365)
4(364 365 379 378)
4(338 352 380 366)
4(365 366 380 379)
4(339 353 381 367)
4(366 367 381 380)
4(340 354 382 368)
4(367 368 382 381)
4(341 355 383 369)
4(368 369 383 382)
4(342 356 384 370)
4(369 370 384 383)
4(370 371 385 384)
4(359 373 401 387)
4(386 387 401 400)
4(360 374 402 388)
4(387 388 402 401)
4(361 375 403 389)
4(388 389 403 402)
4(362 376 404 390)
4(389 390 404 403)
4(363 377 405 391)
4(390 391 405 404)
4(364 378 406 392)
4(391 392 406 405)
4(365 379 407 393)
4(392 393 407 406)
4(366 380 408 394)
4(393 394 408 407)
4(367 381 409 395)
4(394 395 409 408)
4(368 382 410 396)
4(395 396 410 409)
4(369 383 411 397)
4(396 397 411 410)
4(370 384 412 398)
4(397 398 412 411)
4(398 399 413 412)
4(387 401 429 415)
4(388 402 430 416)
4(389 403 431 417)
4(390 404 432 418)
4(391 405 433 419)
4(392 406 434 420)
4(393 407 435 421)
4(394 408 436 422)
4(395 409 437 423)
4(396 410 438 424)
4(397 411 439 425)
4(398 412 440 426)
4(414 415 429 428)
4(415 416 430 429)
4(416 417 431 430)
4(417 418 432 431)
4(418 419 433 432)
4(419 420 434 433)
4(420 421 435 434)
4(421 422 436 435)
4(422 423 437 436)
4(423 424 438 437)
4(424 425 439 438)
4(425 426 440 439)
4(426 427 441 440)
4(0 14 15 1)
4(1 15 16 2)
4(2 16 17 3)
4(3 17 18 4)
4(4 18 19 5)
4(5 19 20 6)
4(6 20 21 7)
4(7 21 22 8)
4(8 22 23 9)
4(9 23 24 10)
4(10 24 25 11)
4(11 25 26 12)
4(12 26 27 13)
4(330 331 359 358)
4(358 359 387 386)
4(386 387 415 414)
4(0 1 29 28)
4(28 29 57 56)
4(56 57 85 84)
4(84 85 113 112)
4(112 113 141 140)
4(140 141 169 168)
4(168 169 197 196)
4(196 197 225 224)
4(224 225 253 252)
4(252 253 279 278)
4(278 279 305 304)
4(304 305 332 331)
4(331 332 360 359)
4(359 360 388 387)
4(387 388 416 415)
4(1 2 30 29)
4(29 30 58 57)
4(57 58 86 85)
4(85 86 114 113)
4(113 114 142 141)
4(141 142 170 169)
4(169 170 198 197)
4(197 198 226 225)
4(225 226 254 253)
4(253 254 280 279)
4(279 280 306 305)
4(305 306 333 332)
4(332 333 361 360)
4(360 361 389 388)
4(388 389 417 416)
4(2 3 31 30)
4(30 31 59 58)
4(58 59 87 86)
4(86 87 115 114)
4(114 115 143 142)
4(142 143 171 170)
4(170 171 199 198)
4(198 199 227 226)
4(226 227 255 254)
4(254 255 281 280)
4(280 281 307 306)
4(306 307 334 333)
4(333 334 362 361)
4(361 362 390 389)
4(389 390 418 417)
4(3 4 32 31)
4(31 32 60 59)
4(59 60 88 87)
4(87 88 116 115)
4(115 116 144 143)
4(143 144 172 171)
4(171 172 200 199)
4(199 200 228 227)
4(227 228 256 255)
4(255 256 282 281)
4(281 282 308 307)
4(307 308 335 334)
4(334 335 363 362)
4(362 363 391 390)
4(390 391 419 418)
4(4 5 33 32)
4(32 33 61 60)
4(60 61 89 88)
4(88 89 117 116)
4(116 117 145 144)
4(144 145 173 172)
4(172 173 201 200)
4(200 201 229 228)
4(228 229 257 256)
4(256 257 283 282)
4(282 283 309 308)
4(308 309 336 335)
4(335 336 364 363)
4(363 364 392 391)
4(391 392 420 419)
4(5 6 34 33)
4(33 34 62 61)
4(61 62 90 89)
4(89 90 118 117)
4(117 118 146 145)
4(145 146 174 173)
4(173 174 202 201)
4(201 202 230 229)
4(229 230 258 257)
4(257 258 284 283)
4(283 284 310 309)
4(309 310 337 336)
4(336 337 365 364)
4(364 365 393 392)
4(392 393 421 420)
4(6 7 35 34)
4(34 35 63 62)
4(62 63 91 90)
4(90 91 119 118)
4(118 119 147 146)
4(146 147 175 174)
4(174 175 203 202)
4(202 203 231 230)
4(230 231 259 258)
4(258 259 285 284)
4(284 285 311 310)
4(310 311 338 337)
4(337 338 366 365)
4(365 366 394 393)
4(393 394 422 421)
4(7 8 36 35)
4(35 36 64 63)
4(63 64 92 91)
4(91 92 120 119)
4(119 120 148 147)
4(147 148 176 175)
4(175 176 204 203)
4(203 204 232 231)
4(231 232 260 259)
4(259 260 286 285)
4(285 286 312 311)
4(311 312 339 338)
4(338 339 367 366)
4(366 367 395 394)
4(394 395 423 422)
4(8 9 37 36)
4(36 37 65 64)
4(64 65 93 92)
4(92 93 121 120)
4(120 121 149 148)
4(148 149 177 176)
4(176 177 205 204)
4(204 205 233 232)
4(232 233 261 260)
4(260 261 287 286)
4(286 287 313 312)
4(312 313 340 339)
4(339 340 368 367)
4(367 368 396 395)
4(395 396 424 423)
4(9 10 38 37)
4(37 38 66 65)
4(65 66 94 93)
4(93 94 122 121)
4(121 122 150 149)
4(149 150 178 177)
4(177 178 206 205)
4(205 206 234 233)
4(233 234 262 261)
4(261 262 288 287)
4(287 288 314 313)
4(313 314 341 340)
4(340 341 369 368)
4(368 369 397 396)
4(396 397 425 424)
4(10 11 39 38)
4(38 39 67 66)
4(66 67 95 94)
4(94 95 123 122)
4(122 123 151 150)
4(150 151 179 178)
4(178 179 207 206)
4(206 207 235 234)
4(234 235 263 262)
4(262 263 289 288)
4(288 289 315 314)
4(314 315 342 341)
4(341 342 370 369)
4(369 370 398 397)
4(397 398 426 425)
4(11 12 40 39)
4(39 40 68 67)
4(67 68 96 95)
4(95 96 124 123)
4(123 124 152 151)
4(151 152 180 179)
4(179 180 208 207)
4(207 208 236 235)
4(235 236 264 263)
4(263 264 290 289)
4(289 290 316 315)
4(315 316 343 342)
4(342 343 371 370)
4(370 371 399 398)
4(398 399 427 426)
4(12 13 41 40)
4(40 41 69 68)
4(68 69 97 96)
4(96 97 125 124)
4(124 125 153 152)
4(152 153 181 180)
4(180 181 209 208)
4(208 209 237 236)
4(344 372 373 345)
4(372 400 401 373)
4(400 428 429 401)
4(14 42 43 15)
4(42 70 71 43)
4(70 98 99 71)
4(98 126 127 99)
4(126 154 155 127)
4(154 182 183 155)
4(182 210 211 183)
4(210 238 239 211)
4(238 265 266 239)
4(265 291 292 266)
4(291 317 318 292)
4(317 345 346 318)
4(345 373 374 346)
4(373 401 402 374)
4(401 429 430 402)
4(15 43 44 16)
4(43 71 72 44)
4(71 99 100 72)
4(99 127 128 100)
4(127 155 156 128)
4(155 183 184 156)
4(183 211 212 184)
4(211 239 240 212)
4(239 266 267 240)
4(266 292 293 267)
4(292 318 319 293)
4(318 346 347 319)
4(346 374 375 347)
4(374 402 403 375)
4(402 430 431 403)
4(16 44 45 17)
4(44 72 73 45)
4(72 100 101 73)
4(100 128 129 101)
4(128 156 157 129)
4(156 184 185 157)
4(184 212 213 185)
4(212 240 241 213)
4(240 267 268 241)
4(267 293 294 268)
4(293 319 320 294)
4(319 347 348 320)
4(347 375 376 348)
4(375 403 404 376)
4(403 431 432 404)
4(17 45 46 18)
4(45 73 74 46)
4(73 101 102 74)
4(101 129 130 102)
4(129 157 158 130)
4(157 185 186 158)
4(185 213 214 186)
4(213 241 242 214)
4(241 268 269 242)
4(268 294 295 269)
4(294 320 321 295)
4(320 348 349 321)
4(348 376 377 349)
4(376 404 405 377)
4(404 432 433 405)
4(18 46 47 19)
4(46 74 75 47)
4(74 102 103 75)
4(102 130 131 103)
4(130 158 159 131)
4(158 186 187 159)
4(186 214 215 187)
4(214 242 243 215)
4(242 269 270 243)
4(269 295 296 270)
4(295 321 322 296)
4(321 349 350 322)
4(349 377 378 350)
4(377 405 406 378)
4(405 433 434 406)
4(19 47 48 20)
4(47 75 76 48)
4(75 103 104 76)
4(103 131 132 104)
4(131 159 160 132)
4(159 187 188 160)
4(187 215 216 188)
4(215 243 244 216)
4(243 270 271 244)
4(270 296 297 271)
4(296 322 323 297)
4(322 350 351 323)
4(350 378 379 351)
4(378 406 407 379)
4(406 434 435 407)
4(20 48 49 21)
4(48 76 77 49)
4(76 104 105 77)
4(104 132 133 105)
4(132 160 161 133)
4(160 188 189 161)
4(188 216 217 189)
4(216 244 245 217)
4(244 271 272 245)
4(271 297 298 272)
4(297 323 324 298)
4(323 351 352 324)
4(351 379 380 352)
4(379 407 408 380)
4(407 435 436 408)
4(21 49 50 22)
4(49 77 78 50)
4(77 105 106 78)
4(105 133 134 106)
4(133 161 162 134)
4(161 189 190 162)
4(189 217 218 190)
4(217 245 246 218)
4(245 272 273 246)
4(272 298 299 273)
4(298 324 325 299)
4(324 352 353 325)
4(352 380 381 353)
4(380 408 409 381)
4(408 436 437 409)
4(22 50 51 23)
4(50 78 79 51)
4(78 106 107 79)
4(106 134 135 107)
4(134 162 163 135)
4(162 190 191 163)
4(190 218 219 191)
4(218 246 247 219)
4(246 273 274 247)
4(273 299 300 274)
4(299 325 326 300)
4(325 353 354 326)
4(353 381 382 354)
4(381 409 410 382)
4(409 437 438 410)
4(23 51 52 24)
4(51 79 80 52)
4(79 107 108 80)
4(107 135 136 108)
4(135 163 164 136)
4(163 191 192 164)
4(191 219 220 192)
4(219 247 248 220)
4(247 274 275 248)
4(274 300 301 275)
4(300 326 327 301)
4(326 354 355 327)
4(354 382 383 355)
4(382 410 411 383)
4(410 438 439 411)
4(24 52 53 25)
4(52 80 81 53)
4(80 108 109 81)
4(108 136 137 109)
4(136 164 165 137)
4(164 192 193 165)
4(192 220 221 193)
4(220 248 249 221)
4(248 275 276 249)
4(275 301 302 276)
4(301 327 328 302)
4(327 355 356 328)
4(355 383 384 356)
4(383 411 412 384)
4(411 439 440 412)
4(25 53 54 26)
4(53 81 82 54)
4(81 109 110 82)
4(109 137 138 110)
4(137 165 166 138)
4(165 193 194 166)
4(193 221 222 194)
4(221 249 250 222)
4(249 276 277 250)
4(276 302 303 277)
4(302 328 329 303)
4(328 356 357 329)
4(356 384 385 357)
4(384 412 413 385)
4(412 440 441 413)
4(26 54 55 27)
4(54 82 83 55)
4(82 110 111 83)
4(110 138 139 111)
4(138 166 167 139)
4(166 194 195 167)
4(194 222 223 195)
4(222 250 251 223)
4(0 28 42 14)
4(28 56 70 42)
4(56 84 98 70)
4(84 112 126 98)
4(112 140 154 126)
4(140 168 182 154)
4(168 196 210 182)
4(196 224 238 210)
4(224 252 265 238)
4(252 278 291 265)
4(278 304 317 291)
4(304 331 345 317)
4(330 344 345 331)
4(330 358 372 344)
4(358 386 400 372)
4(386 414 428 400)
4(13 27 55 41)
4(41 55 83 69)
4(69 83 111 97)
4(97 111 139 125)
4(125 139 167 153)
4(153 167 195 181)
4(181 195 223 209)
4(209 223 251 237)
4(236 237 251 250)
4(236 250 277 264)
4(264 277 303 290)
4(290 303 329 316)
4(316 329 357 343)
4(343 357 385 371)
4(371 385 413 399)
4(399 413 441 427)
)


// ************************************************************************* //
