/*--------------------------------*- C++ -*----------------------------------*\
| =========                 |                                                 |
| \\      /  F ield         | OpenFOAM: The Open Source CFD Toolbox           |
|  \\    /   O peration     | Version:  2.3.0                                 |
|   \\  /    A nd           | Web:      www.OpenFOAM.org                      |
|    \\/     M anipulation  |                                                 |
\*---------------------------------------------------------------------------*/
FoamFile
{
    version     2.0;
    format      ascii;
    class       vectorField;
    location    "constant/polyMesh";
    object      points;
}
// * * * * * * * * * * * * * * * * * * * * * * * * * * * * * * * * * * * * * //


442
(
(0.8666666667 0 0)
(0.9333333333 0 0)
(1 0 0)
(1.066666667 0 0)
(1.133333333 0 0)
(1.2 0 0)
(1.266666667 0 0)
(1.333333333 0 0)
(1.4 0 0)
(1.466666667 0 0)
(1.533333333 0 0)
(1.6 0 0)
(1.666666667 0 0)
(1.733333333 0 0)
(0.8666666667 0.1 0)
(0.9333333333 0.1 0)
(1 0.1 0)
(1.066666667 0.1 0)
(1.133333333 0.1 0)
(1.2 0.1 0)
(1.266666667 0.1 0)
(1.333333333 0.1 0)
(1.4 0.1 0)
(1.466666667 0.1 0)
(1.533333333 0.1 0)
(1.6 0.1 0)
(1.666666667 0.1 0)
(1.733333333 0.1 0)
(0.8666666667 0 0.06666666667)
(0.9333333333 0 0.06666666667)
(1 0 0.06666666667)
(1.066666667 0 0.06666666667)
(1.133333333 0 0.06666666667)
(1.2 0 0.06666666667)
(1.266666667 0 0.06666666667)
(1.333333333 0 0.06666666667)
(1.4 0 0.06666666667)
(1.466666667 0 0.06666666667)
(1.533333333 0 0.06666666667)
(1.6 0 0.06666666667)
(1.666666667 0 0.06666666667)
(1.733333333 0 0.06666666667)
(0.8666666667 0.1 0.06666666667)
(0.9333333333 0.1 0.06666666667)
(1 0.1 0.06666666667)
(1.066666667 0.1 0.06666666667)
(1.133333333 0.1 0.06666666667)
(1.2 0.1 0.06666666667)
(1.266666667 0.1 0.06666666667)
(1.333333333 0.1 0.06666666667)
(1.4 0.1 0.06666666667)
(1.466666667 0.1 0.06666666667)
(1.533333333 0.1 0.06666666667)
(1.6 0.1 0.06666666667)
(1.666666667 0.1 0.06666666667)
(1.733333333 0.1 0.06666666667)
(0.8666666667 0 0.1333333333)
(0.9333333333 0 0.1333333333)
(1 0 0.1333333333)
(1.066666667 0 0.1333333333)
(1.133333333 0 0.1333333333)
(1.2 0 0.1333333333)
(1.266666667 0 0.1333333333)
(1.333333333 0 0.1333333333)
(1.4 0 0.1333333333)
(1.466666667 0 0.1333333333)
(1.533333333 0 0.1333333333)
(1.6 0 0.1333333333)
(1.666666667 0 0.1333333333)
(1.733333333 0 0.1333333333)
(0.8666666667 0.1 0.1333333333)
(0.9333333333 0.1 0.1333333333)
(1 0.1 0.1333333333)
(1.066666667 0.1 0.1333333333)
(1.133333333 0.1 0.1333333333)
(1.2 0.1 0.1333333333)
(1.266666667 0.1 0.1333333333)
(1.333333333 0.1 0.1333333333)
(1.4 0.1 0.1333333333)
(1.466666667 0.1 0.1333333333)
(1.533333333 0.1 0.1333333333)
(1.6 0.1 0.1333333333)
(1.666666667 0.1 0.1333333333)
(1.733333333 0.1 0.1333333333)
(0.8666666667 0 0.2)
(0.9333333333 0 0.2)
(1 0 0.2)
(1.066666667 0 0.2)
(1.133333333 0 0.2)
(1.2 0 0.2)
(1.266666667 0 0.2)
(1.333333333 0 0.2)
(1.4 0 0.2)
(1.466666667 0 0.2)
(1.533333333 0 0.2)
(1.6 0 0.2)
(1.666666667 0 0.2)
(1.733333333 0 0.2)
(0.8666666667 0.1 0.2)
(0.9333333333 0.1 0.2)
(1 0.1 0.2)
(1.066666667 0.1 0.2)
(1.133333333 0.1 0.2)
(1.2 0.1 0.2)
(1.266666667 0.1 0.2)
(1.333333333 0.1 0.2)
(1.4 0.1 0.2)
(1.466666667 0.1 0.2)
(1.533333333 0.1 0.2)
(1.6 0.1 0.2)
(1.666666667 0.1 0.2)
(1.733333333 0.1 0.2)
(0.8666666667 0 0.2666666667)
(0.9333333333 0 0.2666666667)
(1 0 0.2666666667)
(1.066666667 0 0.2666666667)
(1.133333333 0 0.2666666667)
(1.2 0 0.2666666667)
(1.266666667 0 0.2666666667)
(1.333333333 0 0.2666666667)
(1.4 0 0.2666666667)
(1.466666667 0 0.2666666667)
(1.533333333 0 0.2666666667)
(1.6 0 0.2666666667)
(1.666666667 0 0.2666666667)
(1.733333333 0 0.2666666667)
(0.8666666667 0.1 0.2666666667)
(0.9333333333 0.1 0.2666666667)
(1 0.1 0.2666666667)
(1.066666667 0.1 0.2666666667)
(1.133333333 0.1 0.2666666667)
(1.2 0.1 0.2666666667)
(1.266666667 0.1 0.2666666667)
(1.333333333 0.1 0.2666666667)
(1.4 0.1 0.2666666667)
(1.466666667 0.1 0.2666666667)
(1.533333333 0.1 0.2666666667)
(1.6 0.1 0.2666666667)
(1.666666667 0.1 0.2666666667)
(1.733333333 0.1 0.2666666667)
(0.8666666667 0 0.3333333333)
(0.9333333333 0 0.3333333333)
(1 0 0.3333333333)
(1.066666667 0 0.3333333333)
(1.133333333 0 0.3333333333)
(1.2 0 0.3333333333)
(1.266666667 0 0.3333333333)
(1.333333333 0 0.3333333333)
(1.4 0 0.3333333333)
(1.466666667 0 0.3333333333)
(1.533333333 0 0.3333333333)
(1.6 0 0.3333333333)
(1.666666667 0 0.3333333333)
(1.733333333 0 0.3333333333)
(0.8666666667 0.1 0.3333333333)
(0.9333333333 0.1 0.3333333333)
(1 0.1 0.3333333333)
(1.066666667 0.1 0.3333333333)
(1.133333333 0.1 0.3333333333)
(1.2 0.1 0.3333333333)
(1.266666667 0.1 0.3333333333)
(1.333333333 0.1 0.3333333333)
(1.4 0.1 0.3333333333)
(1.466666667 0.1 0.3333333333)
(1.533333333 0.1 0.3333333333)
(1.6 0.1 0.3333333333)
(1.666666667 0.1 0.3333333333)
(1.733333333 0.1 0.3333333333)
(0.8666666667 0 0.4)
(0.9333333333 0 0.4)
(1 0 0.4)
(1.066666667 0 0.4)
(1.133333333 0 0.4)
(1.2 0 0.4)
(1.266666667 0 0.4)
(1.333333333 0 0.4)
(1.4 0 0.4)
(1.466666667 0 0.4)
(1.533333333 0 0.4)
(1.6 0 0.4)
(1.666666667 0 0.4)
(1.733333333 0 0.4)
(0.8666666667 0.1 0.4)
(0.9333333333 0.1 0.4)
(1 0.1 0.4)
(1.066666667 0.1 0.4)
(1.133333333 0.1 0.4)
(1.2 0.1 0.4)
(1.266666667 0.1 0.4)
(1.333333333 0.1 0.4)
(1.4 0.1 0.4)
(1.466666667 0.1 0.4)
(1.533333333 0.1 0.4)
(1.6 0.1 0.4)
(1.666666667 0.1 0.4)
(1.733333333 0.1 0.4)
(0.8666666667 0 0.4666666667)
(0.9333333333 0 0.4666666667)
(1 0 0.4666666667)
(1.066666667 0 0.4666666667)
(1.133333333 0 0.4666666667)
(1.2 0 0.4666666667)
(1.266666667 0 0.4666666667)
(1.333333333 0 0.4666666667)
(1.4 0 0.4666666667)
(1.466666667 0 0.4666666667)
(1.533333333 0 0.4666666667)
(1.6 0 0.4666666667)
(1.666666667 0 0.4666666667)
(1.733333333 0 0.4666666667)
(0.8666666667 0.1 0.4666666667)
(0.9333333333 0.1 0.4666666667)
(1 0.1 0.4666666667)
(1.066666667 0.1 0.4666666667)
(1.133333333 0.1 0.4666666667)
(1.2 0.1 0.4666666667)
(1.266666667 0.1 0.4666666667)
(1.333333333 0.1 0.4666666667)
(1.4 0.1 0.4666666667)
(1.466666667 0.1 0.4666666667)
(1.533333333 0.1 0.4666666667)
(1.6 0.1 0.4666666667)
(1.666666667 0.1 0.4666666667)
(1.733333333 0.1 0.4666666667)
(0.8666666667 0 0.5333333333)
(0.9333333333 0 0.5333333333)
(1 0 0.5333333333)
(1.066666667 0 0.5333333333)
(1.133333333 0 0.5333333333)
(1.2 0 0.5333333333)
(1.266666667 0 0.5333333333)
(1.333333333 0 0.5333333333)
(1.4 0 0.5333333333)
(1.466666667 0 0.5333333333)
(1.533333333 0 0.5333333333)
(1.6 0 0.5333333333)
(1.666666667 0 0.5333333333)
(1.733333333 0 0.5333333333)
(0.8666666667 0.1 0.5333333333)
(0.9333333333 0.1 0.5333333333)
(1 0.1 0.5333333333)
(1.066666667 0.1 0.5333333333)
(1.133333333 0.1 0.5333333333)
(1.2 0.1 0.5333333333)
(1.266666667 0.1 0.5333333333)
(1.333333333 0.1 0.5333333333)
(1.4 0.1 0.5333333333)
(1.466666667 0.1 0.5333333333)
(1.533333333 0.1 0.5333333333)
(1.6 0.1 0.5333333333)
(1.666666667 0.1 0.5333333333)
(1.733333333 0.1 0.5333333333)
(0.8666666667 0 0.6)
(0.9333333333 0 0.6)
(1 0 0.6)
(1.066666667 0 0.6)
(1.133333333 0 0.6)
(1.2 0 0.6)
(1.266666667 0 0.6)
(1.333333333 0 0.6)
(1.4 0 0.6)
(1.466666667 0 0.6)
(1.533333333 0 0.6)
(1.6 0 0.6)
(1.666666667 0 0.6)
(0.8666666667 0.1 0.6)
(0.9333333333 0.1 0.6)
(1 0.1 0.6)
(1.066666667 0.1 0.6)
(1.133333333 0.1 0.6)
(1.2 0.1 0.6)
(1.266666667 0.1 0.6)
(1.333333333 0.1 0.6)
(1.4 0.1 0.6)
(1.466666667 0.1 0.6)
(1.533333333 0.1 0.6)
(1.6 0.1 0.6)
(1.666666667 0.1 0.6)
(0.8666666667 0 0.6666666667)
(0.9333333333 0 0.6666666667)
(1 0 0.6666666667)
(1.066666667 0 0.6666666667)
(1.133333333 0 0.6666666667)
(1.2 0 0.6666666667)
(1.266666667 0 0.6666666667)
(1.333333333 0 0.6666666667)
(1.4 0 0.6666666667)
(1.466666667 0 0.6666666667)
(1.533333333 0 0.6666666667)
(1.6 0 0.6666666667)
(1.666666667 0 0.6666666667)
(0.8666666667 0.1 0.6666666667)
(0.9333333333 0.1 0.6666666667)
(1 0.1 0.6666666667)
(1.066666667 0.1 0.6666666667)
(1.133333333 0.1 0.6666666667)
(1.2 0.1 0.6666666667)
(1.266666667 0.1 0.6666666667)
(1.333333333 0.1 0.6666666667)
(1.4 0.1 0.6666666667)
(1.466666667 0.1 0.6666666667)
(1.533333333 0.1 0.6666666667)
(1.6 0.1 0.6666666667)
(1.666666667 0.1 0.6666666667)
(0.8666666667 0 0.7333333333)
(0.9333333333 0 0.7333333333)
(1 0 0.7333333333)
(1.066666667 0 0.7333333333)
(1.133333333 0 0.7333333333)
(1.2 0 0.7333333333)
(1.266666667 0 0.7333333333)
(1.333333333 0 0.7333333333)
(1.4 0 0.7333333333)
(1.466666667 0 0.7333333333)
(1.533333333 0 0.7333333333)
(1.6 0 0.7333333333)
(1.666666667 0 0.7333333333)
(0.8666666667 0.1 0.7333333333)
(0.9333333333 0.1 0.7333333333)
(1 0.1 0.7333333333)
(1.066666667 0.1 0.7333333333)
(1.133333333 0.1 0.7333333333)
(1.2 0.1 0.7333333333)
(1.266666667 0.1 0.7333333333)
(1.333333333 0.1 0.7333333333)
(1.4 0.1 0.7333333333)
(1.466666667 0.1 0.7333333333)
(1.533333333 0.1 0.7333333333)
(1.6 0.1 0.7333333333)
(1.666666667 0.1 0.7333333333)
(0.8 0 0.8)
(0.8666666667 0 0.8)
(0.9333333333 0 0.8)
(1 0 0.8)
(1.066666667 0 0.8)
(1.133333333 0 0.8)
(1.2 0 0.8)
(1.266666667 0 0.8)
(1.333333333 0 0.8)
(1.4 0 0.8)
(1.466666667 0 0.8)
(1.533333333 0 0.8)
(1.6 0 0.8)
(1.666666667 0 0.8)
(0.8 0.1 0.8)
(0.8666666667 0.1 0.8)
(0.9333333333 0.1 0.8)
(1 0.1 0.8)
(1.066666667 0.1 0.8)
(1.133333333 0.1 0.8)
(1.2 0.1 0.8)
(1.266666667 0.1 0.8)
(1.333333333 0.1 0.8)
(1.4 0.1 0.8)
(1.466666667 0.1 0.8)
(1.533333333 0.1 0.8)
(1.6 0.1 0.8)
(1.666666667 0.1 0.8)
(0.8 0 0.8666666667)
(0.8666666667 0 0.8666666667)
(0.9333333333 0 0.8666666667)
(1 0 0.8666666667)
(1.066666667 0 0.8666666667)
(1.133333333 0 0.8666666667)
(1.2 0 0.8666666667)
(1.266666667 0 0.8666666667)
(1.333333333 0 0.8666666667)
(1.4 0 0.8666666667)
(1.466666667 0 0.8666666667)
(1.533333333 0 0.8666666667)
(1.6 0 0.8666666667)
(1.666666667 0 0.8666666667)
(0.8 0.1 0.8666666667)
(0.8666666667 0.1 0.8666666667)
(0.9333333333 0.1 0.8666666667)
(1 0.1 0.8666666667)
(1.066666667 0.1 0.8666666667)
(1.133333333 0.1 0.8666666667)
(1.2 0.1 0.8666666667)
(1.266666667 0.1 0.8666666667)
(1.333333333 0.1 0.8666666667)
(1.4 0.1 0.8666666667)
(1.466666667 0.1 0.8666666667)
(1.533333333 0.1 0.8666666667)
(1.6 0.1 0.8666666667)
(1.666666667 0.1 0.8666666667)
(0.8 0 0.9333333333)
(0.8666666667 0 0.9333333333)
(0.9333333333 0 0.9333333333)
(1 0 0.9333333333)
(1.066666667 0 0.9333333333)
(1.133333333 0 0.9333333333)
(1.2 0 0.9333333333)
(1.266666667 0 0.9333333333)
(1.333333333 0 0.9333333333)
(1.4 0 0.9333333333)
(1.466666667 0 0.9333333333)
(1.533333333 0 0.9333333333)
(1.6 0 0.9333333333)
(1.666666667 0 0.9333333333)
(0.8 0.1 0.9333333333)
(0.8666666667 0.1 0.9333333333)
(0.9333333333 0.1 0.9333333333)
(1 0.1 0.9333333333)
(1.066666667 0.1 0.9333333333)
(1.133333333 0.1 0.9333333333)
(1.2 0.1 0.9333333333)
(1.266666667 0.1 0.9333333333)
(1.333333333 0.1 0.9333333333)
(1.4 0.1 0.9333333333)
(1.466666667 0.1 0.9333333333)
(1.533333333 0.1 0.9333333333)
(1.6 0.1 0.9333333333)
(1.666666667 0.1 0.9333333333)
(0.8 0 1)
(0.8666666667 0 1)
(0.9333333333 0 1)
(1 0 1)
(1.066666667 0 1)
(1.133333333 0 1)
(1.2 0 1)
(1.266666667 0 1)
(1.333333333 0 1)
(1.4 0 1)
(1.466666667 0 1)
(1.533333333 0 1)
(1.6 0 1)
(1.666666667 0 1)
(0.8 0.1 1)
(0.8666666667 0.1 1)
(0.9333333333 0.1 1)
(1 0.1 1)
(1.066666667 0.1 1)
(1.133333333 0.1 1)
(1.2 0.1 1)
(1.266666667 0.1 1)
(1.333333333 0.1 1)
(1.4 0.1 1)
(1.466666667 0.1 1)
(1.533333333 0.1 1)
(1.6 0.1 1)
(1.666666667 0.1 1)
)


// ************************************************************************* //
