/*--------------------------------*- C++ -*----------------------------------*\
| =========                 |                                                 |
| \\      /  F ield         | OpenFOAM: The Open Source CFD Toolbox           |
|  \\    /   O peration     | Version:  2.3.0                                 |
|   \\  /    A nd           | Web:      www.OpenFOAM.org                      |
|    \\/     M anipulation  |                                                 |
\*---------------------------------------------------------------------------*/
FoamFile
{
    version     2.0;
    format      ascii;
    class       surfaceScalarField;
    location    "16000";
    object      phi;
}
// * * * * * * * * * * * * * * * * * * * * * * * * * * * * * * * * * * * * * //

dimensions      [0 3 -1 0 0 0 0];

internalField   nonuniform List<scalar> 
353
(
-0.406412
0.0263119
-0.395951
-0.010461
-0.369472
-0.0264798
-0.342115
-0.0273564
-0.321754
-0.0203614
-0.310793
-0.0109611
-0.30852
-0.00227251
-0.31295
0.00442978
-0.321986
0.00903664
-0.334248
0.0122618
-0.349105
0.0148569
-0.366573
0.0174673
0.0206875
-0.640572
0.0858618
-0.648253
-0.00278091
-0.629682
-0.0450506
-0.602342
-0.0546963
-0.576442
-0.0462618
-0.556636
-0.0307666
-0.54401
-0.0148986
-0.537723
-0.00185684
-0.536037
0.00735053
-0.536825
0.0130495
-0.537985
0.0160169
-0.537438
0.0169203
0.016186
-0.624444
0.155484
-0.647637
0.0204117
-0.644606
-0.0480812
-0.628963
-0.0703393
-0.60919
-0.0660355
-0.589937
-0.0500191
-0.57326
-0.031576
-0.559562
-0.0155545
-0.548246
-0.00396505
-0.53785
0.00265356
-0.526269
0.00443577
-0.510843
0.0014936
-0.00627094
-0.500349
0.224098
-0.534793
0.0548557
-0.54713
-0.0357434
-0.546189
-0.071281
-0.537908
-0.0743161
-0.52609
-0.0618369
-0.513016
-0.0446499
-0.499867
-0.0287037
-0.486956
-0.0168759
-0.473821
-0.0104813
-0.459149
-0.0102368
-0.440788
-0.0168677
-0.031221
-0.333019
0.283989
-0.372758
0.0945949
-0.39688
-0.011621
-0.409474
-0.0586872
-0.41386
-0.0699304
-0.412562
-0.0631354
-0.407486
-0.0497253
-0.400017
-0.0361724
-0.391017
-0.0258765
-0.380761
-0.0207374
-0.3688
-0.0221977
-0.353842
-0.0318257
-0.0513317
-0.151333
0.328213
-0.189068
0.13233
-0.218852
0.0181631
-0.240679
-0.0368608
-0.255414
-0.0551945
-0.264142
-0.0544081
-0.267982
-0.0458847
-0.268024
-0.0361303
-0.265238
-0.0286633
-0.260342
-0.0256326
-0.253611
-0.0289288
-0.244654
-0.0407829
-0.0637186
0.0275626
0.351626
-0.0019159
0.161808
-0.0310635
0.0473106
-0.0566841
-0.0112402
-0.0775096
-0.034369
-0.0933394
-0.0385783
-0.104446
-0.0347784
-0.111379
-0.0291972
-0.114891
-0.0251512
-0.115826
-0.0246979
-0.114902
-0.0298525
-0.112438
-0.0432472
-0.06803
0.191397
0.350986
0.174275
0.178931
0.150027
0.0715592
0.124764
0.0140225
0.101738
-0.0113436
0.0823355
-0.0191754
0.0669666
-0.0194094
0.0555241
-0.0177548
0.0475128
-0.0171399
0.0421185
-0.0193036
0.0383956
-0.0261296
0.0355492
-0.0404009
0.329311
0.32542
0.326842
0.1814
0.309888
0.0885131
0.287417
0.036494
0.264711
0.0113623
0.244466
0.00106965
0.227772
-0.00271526
0.214811
-0.0047936
0.205172
-0.00750097
0.197947
-0.0120791
0.191916
-0.0200986
-0.0343336
0.429672
0.277725
0.441849
0.169223
0.433373
0.0969889
0.415354
0.0545129
0.39487
0.0318462
0.375831
0.0201092
0.360017
0.0130982
0.347899
0.00732485
0.339084
0.00131402
0.33242
-0.00541523
0.326204
-0.0138832
-0.0267736
0.478335
0.215211
0.50226
0.145297
0.50225
0.0969994
0.490175
0.0665884
0.473987
0.0480333
0.458221
0.035876
0.445004
0.0263145
0.435001
0.0173282
0.427918
0.00839723
0.422486
1.67829e-05
0.416554
-0.00795168
-0.0180654
0.45666
0.149676
0.486935
0.115021
0.494728
0.089207
0.49064
0.0706764
0.481775
0.0568976
0.472083
0.0455687
0.463314
0.035083
0.455988
0.0246546
0.449962
0.0144228
0.444348
0.00563077
0.437395
-0.000998641
-0.00760415
0.292772
0.105005
0.34863
0.0938173
0.38097
0.0826817
0.397978
0.0721986
0.406168
0.0624862
0.409637
0.0534295
0.410395
0.0448105
0.409097
0.036381
0.405832
0.0279191
0.400822
0.0194327
0.394736
0.0117174
0.388201
0.00553643
3.82209e-05
0.154925
0.0518025
0.200754
0.0479888
0.239883
0.0435529
0.273159
0.0389217
0.301295
0.0343508
0.324778
0.0299465
0.343876
0.0257124
0.358665
0.0215915
0.369069
0.0175156
0.374965
0.0135372
0.376674
0.0100083
0.375118
0.00709195
0.00432408
0.136449
0.181315
0.221148
0.255833
0.28551
0.310421
0.330797
0.346814
0.358581
0.36627
0.370376
0.371555
)
;

boundaryField
{
    top
    {
        type            calculated;
        value           nonuniform List<scalar> 
13
(
0.00249225
0.00312331
0.00371916
0.00423743
0.00467343
0.00503605
0.00533547
0.00557526
0.0057484
0.00584789
0.00590218
0.00591333
0.00578929
)
;
    }
    bottom
    {
        type            calculated;
        value           uniform 0;
    }
    frontAndBack
    {
        type            empty;
        value           nonuniform 0();
    }
    left_cyc
    {
        type            cyclic;
        value           nonuniform 0();
    }
    right_cyc
    {
        type            cyclic;
        value           nonuniform 0();
    }
    procBoundary1to0
    {
        type            processor;
        value           nonuniform List<scalar> 
16
(
0.3801
0.581023
0.554822
0.431735
0.273127
0.10711
-0.0509759
-0.190757
-0.303746
-0.381976
-0.415821
-0.391124
-0.191542
-0.206235
-0.101723
-0.0871391
)
;
    }
    procBoundary1to2
    {
        type            processor;
        value           nonuniform List<scalar> 
16
(
-0.38726
-0.532936
-0.488386
-0.415838
-0.333731
-0.232267
-0.108126
0.0331078
-0.0655885
0.185849
0.318644
0.407846
0.426934
0.380558
0.370832
0.37009
)
;
    }
}


// ************************************************************************* //
