/*--------------------------------*- C++ -*----------------------------------*\
| =========                 |                                                 |
| \\      /  F ield         | OpenFOAM: The Open Source CFD Toolbox           |
|  \\    /   O peration     | Version:  2.3.0                                 |
|   \\  /    A nd           | Web:      www.OpenFOAM.org                      |
|    \\/     M anipulation  |                                                 |
\*---------------------------------------------------------------------------*/
FoamFile
{
    version     2.0;
    format      ascii;
    class       volScalarField;
    location    "7000";
    object      p_rgh;
}
// * * * * * * * * * * * * * * * * * * * * * * * * * * * * * * * * * * * * * //

dimensions      [0 2 -2 0 0 0 0];

internalField   nonuniform List<scalar> 
3060
(
0.16311
0.163079
0.163022
0.162939
0.16283
0.162695
0.162536
0.162352
0.162143
0.161912
0.161659
0.161389
0.161105
0.160814
0.160524
0.160243
0.159981
0.159749
0.159553
0.159398
0.159282
0.159202
0.15915
0.15912
0.159103
0.159097
0.1591
0.159113
0.159138
0.159181
0.159249
0.159349
0.159488
0.159668
0.159888
0.160139
0.160414
0.160703
0.160995
0.161281
0.161555
0.161811
0.162045
0.162256
0.162442
0.162601
0.162734
0.162841
0.16292
0.162972
0.162997
0.162993
0.162961
0.162902
0.162816
0.162703
0.162563
0.162396
0.162204
0.161987
0.161746
0.161485
0.161208
0.160919
0.160628
0.160341
0.160071
0.159827
0.159618
0.159448
0.15932
0.159228
0.159168
0.15913
0.159109
0.159099
0.159098
0.159106
0.159126
0.159162
0.15922
0.159309
0.159434
0.1596
0.159806
0.160047
0.160314
0.160599
0.16089
0.16118
0.161461
0.161727
0.161974
0.1622
0.162402
0.16258
0.162733
0.162861
0.162963
0.16304
0.16309
0.163113
0.162871
0.162844
0.162794
0.16272
0.162622
0.162501
0.162356
0.162189
0.161999
0.161789
0.161561
0.161317
0.161063
0.160805
0.160549
0.160302
0.160066
0.159846
0.159654
0.159501
0.159385
0.159303
0.159247
0.159211
0.159191
0.159184
0.159187
0.159203
0.159232
0.159279
0.15935
0.159451
0.159589
0.159765
0.159975
0.160207
0.16045
0.160702
0.160959
0.161214
0.16146
0.161691
0.161903
0.162095
0.162263
0.162407
0.162527
0.162623
0.162693
0.162739
0.16276
0.162757
0.162729
0.162677
0.1626
0.162499
0.162372
0.162222
0.162047
0.16185
0.161633
0.161397
0.161149
0.160892
0.160636
0.160386
0.160146
0.159918
0.159716
0.159549
0.159422
0.159329
0.159265
0.159223
0.159197
0.159185
0.159185
0.159195
0.159219
0.159259
0.159321
0.159412
0.159537
0.1597
0.159901
0.160126
0.160366
0.160615
0.160872
0.16113
0.161382
0.161622
0.161846
0.162051
0.162235
0.162396
0.162535
0.16265
0.162741
0.162809
0.162853
0.162874
0.162736
0.162708
0.162655
0.162579
0.16248
0.162359
0.162218
0.162058
0.161883
0.161694
0.161493
0.161281
0.16106
0.16083
0.160593
0.160356
0.160131
0.159931
0.159761
0.159617
0.159498
0.159411
0.159351
0.159311
0.159287
0.159278
0.159282
0.1593
0.159333
0.159384
0.159459
0.159565
0.159699
0.159857
0.160044
0.16026
0.160492
0.160728
0.160959
0.16118
0.161393
0.161594
0.161783
0.161958
0.162116
0.162256
0.162375
0.162471
0.162544
0.162591
0.162614
0.16261
0.162581
0.162527
0.162449
0.162346
0.162222
0.162077
0.161914
0.161735
0.161543
0.161339
0.161124
0.1609
0.160668
0.160431
0.160202
0.159993
0.159814
0.159662
0.159534
0.159437
0.159369
0.159323
0.159294
0.15928
0.159279
0.159292
0.15932
0.159364
0.159431
0.159526
0.159652
0.159802
0.15998
0.160188
0.160418
0.160655
0.160891
0.161118
0.161337
0.161546
0.161744
0.16193
0.162101
0.162256
0.162392
0.162508
0.162601
0.162671
0.162717
0.162739
0.162925
0.162895
0.16284
0.16276
0.162657
0.162532
0.162386
0.162223
0.162045
0.161855
0.161654
0.161446
0.16123
0.161008
0.160781
0.160553
0.160332
0.160124
0.159933
0.159773
0.159649
0.159552
0.159481
0.159434
0.159405
0.159393
0.159398
0.15942
0.159459
0.159518
0.159604
0.159716
0.159859
0.160038
0.160238
0.160453
0.160677
0.160904
0.161126
0.161342
0.16155
0.16175
0.16194
0.162117
0.162279
0.162423
0.162546
0.162646
0.162722
0.162772
0.162796
0.162792
0.162762
0.162705
0.162623
0.162516
0.162388
0.162239
0.162073
0.161892
0.161699
0.161497
0.161287
0.161069
0.160845
0.160618
0.160396
0.160185
0.159989
0.159818
0.159684
0.15958
0.159501
0.159447
0.159412
0.159395
0.159394
0.159411
0.159444
0.159497
0.159575
0.159678
0.159811
0.159981
0.160177
0.160389
0.160612
0.16084
0.161066
0.161287
0.161501
0.161707
0.161905
0.162093
0.162267
0.162426
0.162566
0.162686
0.162783
0.162857
0.162905
0.162928
0.163229
0.163199
0.163144
0.163064
0.16296
0.162834
0.162689
0.162525
0.162345
0.162152
0.161947
0.161731
0.161508
0.161279
0.161048
0.160818
0.160597
0.160384
0.160179
0.15999
0.159836
0.159722
0.159639
0.159581
0.159543
0.159527
0.159533
0.159561
0.15961
0.159681
0.15978
0.159915
0.160088
0.160288
0.160498
0.160715
0.160942
0.161172
0.161401
0.161625
0.161841
0.162047
0.16224
0.16242
0.162582
0.162726
0.16285
0.16295
0.163026
0.163077
0.1631
0.163097
0.163066
0.163009
0.162926
0.16282
0.162691
0.162542
0.162375
0.162191
0.161995
0.161786
0.161568
0.161343
0.161112
0.160882
0.160658
0.160443
0.160235
0.16004
0.159876
0.159751
0.15966
0.159595
0.159552
0.15953
0.159529
0.159551
0.159594
0.159658
0.159748
0.159872
0.160036
0.160231
0.160439
0.160654
0.160877
0.161108
0.161339
0.161567
0.161788
0.162001
0.162203
0.162393
0.162569
0.162728
0.162869
0.162989
0.163087
0.163161
0.16321
0.163233
0.163551
0.16352
0.163462
0.16338
0.163273
0.163144
0.162995
0.162827
0.162644
0.162446
0.162237
0.162016
0.161788
0.161553
0.161314
0.161074
0.160839
0.160612
0.1604
0.160205
0.160035
0.159902
0.159808
0.159743
0.1597
0.159679
0.159687
0.15972
0.159774
0.159853
0.159966
0.16012
0.160305
0.160511
0.160733
0.160965
0.161203
0.161443
0.161679
0.161908
0.16213
0.16234
0.162538
0.162722
0.162888
0.163036
0.163162
0.163266
0.163344
0.163396
0.163421
0.163417
0.163385
0.163326
0.163241
0.163132
0.163
0.162847
0.162676
0.162488
0.162287
0.162073
0.16185
0.161618
0.161381
0.161141
0.160904
0.160674
0.160456
0.160255
0.160076
0.159933
0.15983
0.159758
0.15971
0.159682
0.159682
0.159709
0.159758
0.159829
0.159932
0.160076
0.160254
0.160453
0.16067
0.160899
0.161136
0.161376
0.161614
0.161848
0.162075
0.162292
0.162499
0.162693
0.162873
0.163036
0.16318
0.163303
0.163404
0.16348
0.163531
0.163555
0.16388
0.163847
0.163787
0.163701
0.16359
0.163456
0.163302
0.163129
0.16294
0.162737
0.162521
0.162294
0.162059
0.161816
0.161567
0.161316
0.161066
0.160822
0.160589
0.160376
0.160192
0.160052
0.15996
0.159898
0.159857
0.159836
0.159844
0.159875
0.159926
0.160001
0.160117
0.160283
0.160485
0.160711
0.160952
0.161201
0.161452
0.161702
0.161947
0.162185
0.162413
0.16263
0.162834
0.163024
0.163196
0.163349
0.16348
0.163587
0.163669
0.163724
0.16375
0.163746
0.163712
0.163651
0.163562
0.163448
0.163311
0.163153
0.162976
0.162783
0.162575
0.162355
0.162124
0.161884
0.161638
0.161387
0.161136
0.160889
0.160651
0.16043
0.160236
0.160082
0.159978
0.159911
0.159865
0.159839
0.159839
0.159866
0.159912
0.15998
0.160084
0.160236
0.160429
0.160648
0.160884
0.161131
0.161381
0.161632
0.161879
0.162121
0.162354
0.162578
0.162791
0.162991
0.163176
0.163344
0.163493
0.163621
0.163726
0.163805
0.163858
0.163883
0.164196
0.164161
0.164097
0.164006
0.163889
0.163748
0.163587
0.163407
0.163211
0.163
0.162777
0.162544
0.162301
0.162049
0.161791
0.161528
0.161264
0.161003
0.160752
0.160518
0.160314
0.160155
0.160059
0.16001
0.159982
0.159967
0.159972
0.159993
0.160028
0.160098
0.160229
0.160416
0.160639
0.160884
0.161143
0.161407
0.161672
0.161933
0.162187
0.162433
0.162669
0.162894
0.163106
0.163303
0.163482
0.163642
0.163781
0.163894
0.163981
0.164039
0.164067
0.164062
0.164027
0.163961
0.163867
0.163747
0.163603
0.163438
0.163253
0.163052
0.162837
0.162609
0.16237
0.162122
0.161866
0.161604
0.161338
0.161075
0.160819
0.160578
0.160363
0.160189
0.160075
0.160017
0.159986
0.159969
0.15997
0.159988
0.16002
0.160078
0.160191
0.160363
0.160577
0.160815
0.16107
0.161332
0.161597
0.161859
0.162115
0.162365
0.162606
0.162837
0.163056
0.163263
0.163455
0.163631
0.163787
0.163921
0.164032
0.164117
0.164173
0.1642
0.164492
0.164454
0.164385
0.164287
0.164162
0.164012
0.163841
0.163652
0.163446
0.163227
0.162996
0.162754
0.162503
0.162244
0.161976
0.161702
0.161424
0.161147
0.160879
0.160626
0.160402
0.16022
0.160102
0.160051
0.160033
0.160026
0.160028
0.160037
0.160066
0.160151
0.160307
0.160515
0.160757
0.161021
0.161296
0.161576
0.161853
0.162125
0.162388
0.162643
0.162888
0.163122
0.163343
0.16355
0.16374
0.16391
0.164057
0.164179
0.164272
0.164335
0.164365
0.16436
0.164322
0.164251
0.16415
0.164021
0.163868
0.163692
0.163498
0.163288
0.163063
0.162826
0.162578
0.162321
0.162055
0.161782
0.161503
0.161224
0.160951
0.160692
0.160457
0.160261
0.160122
0.160055
0.160034
0.160027
0.160028
0.160037
0.160059
0.160126
0.160262
0.160457
0.16069
0.160947
0.161219
0.161496
0.161773
0.162046
0.162312
0.162569
0.162818
0.163057
0.163285
0.163501
0.163703
0.163887
0.164053
0.164197
0.164315
0.164406
0.164467
0.164496
0.164767
0.164726
0.16465
0.164542
0.164406
0.164244
0.164061
0.163859
0.163642
0.163411
0.16317
0.16292
0.16266
0.162392
0.162115
0.16183
0.161541
0.161251
0.160967
0.160697
0.160453
0.16025
0.160104
0.160027
0.160001
0.159995
0.159995
0.160007
0.160055
0.160169
0.160349
0.160577
0.160838
0.161118
0.161408
0.161701
0.16199
0.162272
0.162545
0.16281
0.163065
0.163309
0.163542
0.163761
0.163964
0.164147
0.164306
0.164439
0.164541
0.16461
0.164643
0.164638
0.164596
0.164518
0.164407
0.164267
0.164101
0.163913
0.163706
0.163483
0.163247
0.163
0.162742
0.162475
0.1622
0.161915
0.161625
0.161333
0.161045
0.160768
0.160515
0.160297
0.160133
0.160037
0.160002
0.159995
0.159996
0.160005
0.16004
0.160135
0.160298
0.160513
0.160765
0.161039
0.161326
0.161616
0.161905
0.162188
0.162462
0.162728
0.162986
0.163234
0.163472
0.163699
0.163913
0.16411
0.164289
0.164444
0.164573
0.164673
0.16474
0.164772
0.165024
0.164978
0.164894
0.164775
0.164624
0.164447
0.164247
0.164029
0.163797
0.163553
0.1633
0.163038
0.162769
0.162492
0.162206
0.161912
0.161613
0.161312
0.161015
0.160731
0.16047
0.160246
0.160075
0.159967
0.159917
0.159902
0.159905
0.159934
0.160012
0.160155
0.160358
0.160604
0.160881
0.161175
0.161477
0.161781
0.16208
0.162372
0.162655
0.16293
0.163197
0.163455
0.163702
0.163937
0.164156
0.164356
0.164531
0.164678
0.164791
0.164868
0.164904
0.164899
0.164852
0.164765
0.164643
0.164488
0.164306
0.164101
0.163878
0.16364
0.163389
0.163129
0.16286
0.162583
0.162297
0.162003
0.161702
0.161399
0.161098
0.160807
0.160537
0.1603
0.160112
0.159986
0.159923
0.159903
0.159904
0.159926
0.159989
0.160114
0.1603
0.160535
0.160803
0.161091
0.16139
0.161691
0.161989
0.162281
0.162565
0.16284
0.163107
0.163366
0.163617
0.163858
0.164087
0.164301
0.164495
0.164666
0.164809
0.164919
0.164994
0.16503
0.165269
0.165217
0.165123
0.164989
0.164821
0.164624
0.164404
0.164166
0.163915
0.163654
0.163386
0.163112
0.162831
0.162545
0.16225
0.161949
0.161642
0.161332
0.161026
0.16073
0.160456
0.160217
0.160024
0.159891
0.159817
0.159789
0.159798
0.159847
0.159951
0.160118
0.160338
0.160599
0.160888
0.161193
0.161505
0.161817
0.162125
0.162427
0.162721
0.163008
0.163288
0.163562
0.163827
0.164082
0.164321
0.164541
0.164736
0.1649
0.165027
0.165114
0.165155
0.165149
0.165095
0.164998
0.16486
0.164688
0.164486
0.164261
0.164017
0.16376
0.163492
0.163216
0.162934
0.162645
0.162349
0.162046
0.161736
0.161424
0.161113
0.160811
0.160529
0.160277
0.160069
0.159918
0.159829
0.159792
0.159793
0.159831
0.15992
0.160069
0.160275
0.160525
0.160805
0.161104
0.161412
0.161722
0.162028
0.162328
0.16262
0.162905
0.163183
0.163456
0.163723
0.163982
0.16423
0.164463
0.164678
0.164867
0.165027
0.165151
0.165235
0.165275
0.165509
0.16545
0.165342
0.165191
0.165002
0.164782
0.164538
0.164276
0.164002
0.163721
0.163434
0.163145
0.162852
0.162555
0.162252
0.161944
0.161631
0.161315
0.161003
0.1607
0.160417
0.160166
0.15996
0.159809
0.159717
0.15968
0.159693
0.159757
0.15988
0.160063
0.160296
0.160567
0.160864
0.161176
0.161495
0.161814
0.162129
0.16244
0.162745
0.163046
0.163342
0.163635
0.163922
0.1642
0.164464
0.164708
0.164927
0.165111
0.165255
0.165353
0.1654
0.165393
0.165333
0.165222
0.165067
0.164873
0.164648
0.164397
0.164129
0.163849
0.16356
0.163266
0.162968
0.162667
0.16236
0.162048
0.161731
0.161412
0.161095
0.160785
0.160494
0.160231
0.16001
0.159843
0.159735
0.159685
0.159685
0.159735
0.159842
0.160009
0.160228
0.160488
0.160777
0.161083
0.161397
0.161712
0.162025
0.162331
0.162633
0.162928
0.16322
0.163509
0.163794
0.164074
0.164346
0.164603
0.164842
0.165054
0.165234
0.165375
0.16547
0.165515
0.165748
0.165681
0.165559
0.165388
0.165174
0.164927
0.164655
0.164365
0.164065
0.163759
0.163451
0.163144
0.162836
0.162528
0.162217
0.161903
0.161585
0.161267
0.160951
0.160645
0.160359
0.160103
0.159888
0.159727
0.159624
0.159582
0.159597
0.159671
0.159805
0.159997
0.160237
0.160514
0.160814
0.16113
0.161452
0.161776
0.162098
0.162418
0.162735
0.163051
0.163367
0.163682
0.163994
0.164299
0.164592
0.164865
0.16511
0.165318
0.165482
0.165593
0.165646
0.165638
0.165569
0.165444
0.165268
0.165049
0.164796
0.164518
0.164221
0.163914
0.1636
0.163285
0.162969
0.162653
0.162335
0.162015
0.161692
0.161369
0.161047
0.160735
0.160439
0.160171
0.159943
0.159765
0.159646
0.159587
0.159587
0.159645
0.159763
0.159939
0.160166
0.160431
0.160723
0.161033
0.161349
0.161668
0.161985
0.162298
0.162608
0.162916
0.163224
0.163531
0.163839
0.164144
0.164442
0.164728
0.164994
0.165233
0.165437
0.165596
0.165704
0.165756
0.165992
0.165916
0.165778
0.165584
0.165344
0.165066
0.164762
0.164441
0.164111
0.163777
0.163445
0.163117
0.162793
0.162472
0.162153
0.161834
0.161513
0.161194
0.160878
0.160574
0.160288
0.160031
0.159815
0.159649
0.159542
0.159496
0.159513
0.159592
0.159732
0.159928
0.160169
0.160445
0.160746
0.161061
0.161385
0.161712
0.16204
0.162368
0.162699
0.163032
0.163369
0.163709
0.16405
0.164386
0.164711
0.165016
0.165291
0.165526
0.165711
0.165837
0.165897
0.165888
0.165811
0.165669
0.16547
0.165223
0.164939
0.164628
0.1643
0.163962
0.163621
0.163282
0.162946
0.162613
0.162283
0.161955
0.161627
0.161301
0.160978
0.160666
0.160371
0.160103
0.159872
0.15969
0.159566
0.159503
0.159502
0.159564
0.159687
0.159867
0.160095
0.16036
0.160651
0.160959
0.161277
0.161597
0.161917
0.162236
0.162556
0.162877
0.163202
0.163531
0.163864
0.164197
0.164526
0.164844
0.165141
0.16541
0.165639
0.16582
0.165942
0.166001
0.166245
0.16616
0.166004
0.165786
0.165516
0.165206
0.164868
0.164513
0.16415
0.163786
0.163427
0.163075
0.162733
0.162398
0.16207
0.161746
0.161424
0.161106
0.160794
0.160494
0.160213
0.15996
0.159746
0.159581
0.159472
0.159425
0.159443
0.159524
0.159665
0.15986
0.160098
0.160371
0.160668
0.160981
0.161303
0.161632
0.161964
0.162302
0.162646
0.162999
0.16336
0.163728
0.1641
0.164469
0.164829
0.165168
0.165476
0.16574
0.165948
0.16609
0.166158
0.166148
0.16606
0.1659
0.165677
0.1654
0.165083
0.164737
0.164374
0.164003
0.163632
0.163266
0.162907
0.162557
0.162214
0.161878
0.161546
0.161219
0.160898
0.160589
0.160298
0.160033
0.159805
0.159623
0.159497
0.159432
0.159431
0.159494
0.159618
0.159797
0.160022
0.160283
0.16057
0.160874
0.161188
0.161508
0.16183
0.162155
0.162485
0.162821
0.163166
0.163519
0.16388
0.164244
0.164606
0.164958
0.16529
0.16559
0.165848
0.166051
0.166189
0.166255
0.166511
0.166415
0.16624
0.165996
0.165696
0.165353
0.164979
0.164589
0.164191
0.163796
0.163408
0.163033
0.162671
0.162321
0.161984
0.161654
0.161332
0.161016
0.160709
0.160415
0.160141
0.159895
0.159686
0.159525
0.159418
0.159372
0.15939
0.159471
0.15961
0.1598
0.160033
0.1603
0.16059
0.160899
0.161219
0.161548
0.161886
0.162234
0.162593
0.162966
0.163352
0.163749
0.164153
0.164558
0.164953
0.165329
0.16567
0.165964
0.166196
0.166355
0.166432
0.16642
0.166322
0.166143
0.165893
0.165586
0.165234
0.164853
0.164454
0.164048
0.163645
0.163251
0.162868
0.162499
0.162143
0.161798
0.161462
0.161135
0.160818
0.160513
0.160228
0.159969
0.159747
0.159569
0.159444
0.159379
0.159378
0.15944
0.159562
0.159736
0.159955
0.16021
0.160489
0.160787
0.161097
0.161415
0.161739
0.162071
0.162411
0.162764
0.163129
0.163508
0.163898
0.164295
0.164691
0.165079
0.165446
0.165779
0.166066
0.166293
0.166448
0.166522
0.166791
0.166684
0.166491
0.166222
0.165892
0.165515
0.165107
0.164681
0.16425
0.163822
0.163406
0.163005
0.162622
0.162257
0.161908
0.161573
0.161249
0.160936
0.160634
0.160348
0.160082
0.159845
0.159645
0.159489
0.159386
0.159342
0.159359
0.159438
0.159573
0.159758
0.159983
0.160242
0.160525
0.160828
0.161146
0.161477
0.161821
0.162179
0.162554
0.162948
0.16336
0.163787
0.164224
0.164663
0.165095
0.165505
0.165879
0.166203
0.16646
0.166636
0.16672
0.166708
0.166599
0.1664
0.166125
0.165787
0.165402
0.164985
0.16455
0.16411
0.163675
0.163252
0.162844
0.162455
0.162085
0.16173
0.16139
0.161063
0.160748
0.16045
0.160172
0.159921
0.159706
0.159533
0.159412
0.159349
0.159347
0.159407
0.159525
0.159693
0.159904
0.160149
0.16042
0.160711
0.161016
0.161333
0.161659
0.161998
0.16235
0.16272
0.163108
0.163513
0.163933
0.164362
0.164793
0.165215
0.165617
0.165983
0.166299
0.166549
0.166721
0.166803
0.167088
0.166971
0.16676
0.166468
0.16611
0.165702
0.165261
0.164803
0.164339
0.16388
0.163435
0.163009
0.162605
0.162223
0.161863
0.161521
0.161195
0.160883
0.160586
0.160307
0.160051
0.159824
0.159632
0.159483
0.159385
0.159343
0.159361
0.159437
0.159567
0.159744
0.159961
0.160211
0.160487
0.160785
0.161102
0.161435
0.161785
0.162155
0.162547
0.162962
0.1634
0.163857
0.164325
0.164798
0.165263
0.165706
0.166111
0.166462
0.166741
0.166934
0.167026
0.167012
0.166893
0.166677
0.166378
0.166011
0.165594
0.165144
0.164676
0.164204
0.163737
0.163285
0.162853
0.162443
0.162057
0.161693
0.161347
0.161018
0.160706
0.160414
0.160143
0.159901
0.159694
0.159528
0.159412
0.15935
0.159348
0.159405
0.159517
0.159678
0.15988
0.160115
0.160378
0.160662
0.160962
0.161278
0.161608
0.161955
0.16232
0.162708
0.163118
0.16355
0.163999
0.164459
0.164923
0.165378
0.165812
0.166209
0.166551
0.166824
0.167011
0.167101
0.167403
0.167278
0.167052
0.166739
0.166357
0.165923
0.165454
0.164967
0.164474
0.163988
0.163516
0.163066
0.162641
0.162243
0.16187
0.16152
0.16119
0.160878
0.160586
0.160314
0.160066
0.159848
0.159665
0.159524
0.159431
0.159391
0.159409
0.159482
0.159606
0.159776
0.159985
0.160227
0.160497
0.160792
0.161107
0.161444
0.161802
0.162185
0.162593
0.16303
0.163492
0.163976
0.164473
0.164975
0.165469
0.16594
0.166372
0.166747
0.167046
0.167252
0.167351
0.167336
0.167208
0.166977
0.166657
0.166266
0.165822
0.165343
0.164845
0.164344
0.163849
0.163371
0.162915
0.162485
0.162083
0.161708
0.161355
0.161024
0.160713
0.160425
0.160162
0.159928
0.159728
0.15957
0.159458
0.159399
0.159396
0.15945
0.159556
0.159709
0.159901
0.160128
0.160382
0.16066
0.160958
0.161274
0.161609
0.161965
0.162344
0.162749
0.163181
0.163637
0.164113
0.164602
0.165095
0.165579
0.16604
0.166462
0.166828
0.16712
0.167321
0.167418
0.167738
0.167606
0.167369
0.167041
0.166641
0.166187
0.165697
0.165188
0.164673
0.164164
0.163671
0.1632
0.162756
0.162342
0.161957
0.161598
0.161263
0.160951
0.16066
0.160393
0.160153
0.159943
0.159768
0.159634
0.159546
0.159509
0.159527
0.159597
0.159716
0.15988
0.160081
0.160317
0.160582
0.160874
0.161191
0.161533
0.1619
0.162294
0.162718
0.163174
0.163658
0.164163
0.164684
0.165208
0.165725
0.166217
0.166669
0.167061
0.167375
0.167591
0.167697
0.167681
0.167545
0.167302
0.166967
0.166558
0.166093
0.165593
0.165073
0.164548
0.164031
0.16353
0.163054
0.162606
0.16219
0.161802
0.161442
0.161107
0.160796
0.160511
0.160253
0.160026
0.159833
0.159681
0.159574
0.159517
0.159514
0.159565
0.159665
0.15981
0.159995
0.160213
0.16046
0.160734
0.16103
0.161348
0.161689
0.162055
0.162447
0.162869
0.16332
0.163797
0.164295
0.164807
0.165322
0.165828
0.16631
0.166751
0.167134
0.16744
0.167651
0.167754
0.168094
0.167958
0.167714
0.167378
0.166969
0.166505
0.166003
0.165482
0.164954
0.164431
0.163923
0.163437
0.162979
0.162553
0.162158
0.161791
0.16145
0.161135
0.160846
0.160583
0.160348
0.160145
0.159977
0.159849
0.159766
0.159731
0.159749
0.159817
0.159932
0.160089
0.160286
0.160516
0.160778
0.161069
0.161388
0.161735
0.16211
0.162515
0.162952
0.163422
0.16392
0.164441
0.164975
0.165513
0.166042
0.166546
0.167009
0.16741
0.167731
0.167954
0.168062
0.168046
0.167907
0.167657
0.167313
0.166894
0.166419
0.165907
0.165375
0.164836
0.164305
0.163789
0.163298
0.162836
0.162408
0.16201
0.161642
0.161303
0.160991
0.160708
0.160453
0.160231
0.160045
0.159898
0.159794
0.159739
0.159735
0.159783
0.159878
0.160017
0.160195
0.160406
0.160649
0.160919
0.161215
0.161536
0.161884
0.162258
0.162661
0.163096
0.163561
0.164053
0.164566
0.165091
0.165619
0.166137
0.16663
0.167082
0.167474
0.167787
0.168005
0.16811
0.16847
0.168334
0.16809
0.167755
0.167347
0.166885
0.166385
0.165864
0.165336
0.164811
0.1643
0.163809
0.163345
0.162913
0.162511
0.162138
0.161794
0.161478
0.161189
0.160929
0.160699
0.160501
0.160339
0.160216
0.160137
0.160104
0.160121
0.160188
0.160299
0.160453
0.160644
0.160871
0.16113
0.161421
0.161741
0.162091
0.162472
0.162884
0.163327
0.163803
0.164307
0.16483
0.165367
0.165905
0.166433
0.166936
0.167397
0.167797
0.168118
0.16834
0.168449
0.168433
0.168293
0.168043
0.1677
0.167283
0.166809
0.166299
0.165767
0.165228
0.164694
0.164175
0.163678
0.16321
0.162775
0.162371
0.161998
0.161655
0.161343
0.16106
0.160809
0.160591
0.160409
0.160266
0.160166
0.160112
0.160108
0.160153
0.160244
0.160377
0.160549
0.160756
0.160994
0.161261
0.161557
0.161881
0.162232
0.162612
0.163023
0.163464
0.163935
0.164431
0.164947
0.165473
0.166001
0.166518
0.167009
0.167459
0.16785
0.168163
0.168381
0.168487
0.168867
0.168735
0.168499
0.168175
0.167782
0.167336
0.166853
0.16635
0.165838
0.165328
0.164828
0.164347
0.163889
0.16346
0.163059
0.162687
0.162345
0.16203
0.161745
0.161489
0.161264
0.161071
0.160915
0.160797
0.160721
0.16069
0.160708
0.160772
0.160881
0.16103
0.161217
0.161439
0.161695
0.161982
0.162301
0.16265
0.163029
0.163439
0.163879
0.164349
0.164843
0.165355
0.165877
0.166399
0.166909
0.167395
0.167839
0.168225
0.168535
0.168751
0.168857
0.168841
0.168705
0.168463
0.168132
0.167729
0.167272
0.166779
0.166265
0.165742
0.165222
0.164714
0.164226
0.163763
0.163331
0.162928
0.162557
0.162215
0.161905
0.161625
0.161378
0.161165
0.160987
0.160849
0.160751
0.160699
0.160694
0.160737
0.160824
0.160952
0.161118
0.161319
0.161552
0.161816
0.162109
0.162431
0.162781
0.163161
0.163569
0.164006
0.16447
0.164957
0.16546
0.165971
0.166482
0.166982
0.167456
0.16789
0.168267
0.16857
0.16878
0.168883
0.169284
0.169161
0.168942
0.168642
0.168278
0.167865
0.167419
0.166952
0.166477
0.166001
0.165533
0.165079
0.164645
0.164234
0.163848
0.163489
0.163157
0.162852
0.162576
0.162328
0.162112
0.161928
0.161779
0.161667
0.161595
0.161566
0.161583
0.161646
0.161749
0.161893
0.162072
0.162287
0.162534
0.162813
0.163121
0.16346
0.163827
0.164222
0.164643
0.165089
0.165555
0.166035
0.166521
0.167006
0.16748
0.167929
0.16834
0.168698
0.168985
0.169186
0.169284
0.169269
0.169143
0.168919
0.168612
0.168239
0.167816
0.167359
0.166882
0.166396
0.16591
0.165433
0.164972
0.164533
0.164118
0.163729
0.16337
0.163039
0.162737
0.162467
0.162228
0.162022
0.161852
0.161719
0.161625
0.161575
0.161569
0.161609
0.161692
0.161814
0.161973
0.162165
0.16239
0.162645
0.162928
0.16324
0.16358
0.163946
0.164339
0.164756
0.165196
0.165654
0.166124
0.166601
0.167075
0.167538
0.167976
0.168378
0.168727
0.169007
0.169203
0.169299
0.16972
0.169612
0.169419
0.169157
0.168838
0.168478
0.168088
0.167681
0.167265
0.166847
0.166434
0.166031
0.165643
0.165271
0.164919
0.164589
0.164283
0.164001
0.163746
0.163517
0.163317
0.163147
0.163009
0.162906
0.16284
0.162814
0.162831
0.162889
0.162985
0.163118
0.163284
0.163483
0.163712
0.163971
0.164256
0.164569
0.164906
0.165267
0.165648
0.166048
0.166462
0.166885
0.167313
0.167737
0.168151
0.168544
0.168903
0.169216
0.169468
0.169644
0.169731
0.169718
0.169607
0.16941
0.169141
0.168814
0.168445
0.168046
0.167629
0.167202
0.166775
0.166354
0.165943
0.165548
0.165172
0.164817
0.164485
0.16418
0.163901
0.16365
0.163429
0.163238
0.16308
0.162957
0.16287
0.162822
0.162817
0.162854
0.16293
0.163042
0.163188
0.163366
0.163574
0.163809
0.164072
0.16436
0.164673
0.165009
0.165366
0.165742
0.166135
0.166541
0.166955
0.167373
0.167788
0.168192
0.168575
0.168926
0.169231
0.169477
0.169649
0.169734
0.170175
0.170087
0.169931
0.169719
0.169464
0.169175
0.168864
0.168539
0.168207
0.167874
0.167543
0.167218
0.166902
0.166595
0.166302
0.166024
0.165766
0.165527
0.165309
0.165114
0.164943
0.164797
0.16468
0.164591
0.164535
0.164513
0.164528
0.164578
0.164661
0.164775
0.164918
0.165089
0.165285
0.165505
0.165748
0.166013
0.166297
0.166598
0.166914
0.16724
0.167574
0.167914
0.168256
0.168596
0.168926
0.16924
0.169528
0.16978
0.169983
0.170126
0.170196
0.170186
0.170095
0.169936
0.169719
0.169457
0.169161
0.168842
0.168509
0.168168
0.167826
0.167487
0.167155
0.166831
0.166519
0.166221
0.165942
0.165683
0.165446
0.165232
0.165042
0.164879
0.164743
0.164636
0.164562
0.16452
0.164515
0.164547
0.164611
0.164707
0.164833
0.164985
0.165162
0.165363
0.165587
0.165831
0.166095
0.166376
0.166674
0.166983
0.167302
0.167628
0.16796
0.168294
0.168625
0.168947
0.169253
0.169534
0.169779
0.169977
0.170117
0.170185
0.170646
0.170584
0.170475
0.170328
0.170152
0.169955
0.169744
0.169524
0.169301
0.169078
0.168856
0.168638
0.168423
0.16821
0.168005
0.167809
0.167624
0.167453
0.167297
0.167155
0.167031
0.166925
0.166839
0.166775
0.166733
0.166717
0.166729
0.166766
0.166828
0.166912
0.167017
0.167141
0.167284
0.167443
0.167618
0.167807
0.168009
0.168221
0.168441
0.168664
0.16889
0.169119
0.169349
0.169578
0.169802
0.170016
0.170213
0.170387
0.170529
0.170629
0.170678
0.170671
0.170607
0.170496
0.170345
0.170164
0.169962
0.169744
0.169519
0.169289
0.169059
0.168831
0.168606
0.168384
0.168165
0.167955
0.167757
0.167571
0.1674
0.167245
0.167107
0.166987
0.166888
0.166809
0.166754
0.166723
0.166719
0.166742
0.166789
0.16686
0.166951
0.167062
0.16719
0.167336
0.167496
0.167671
0.167859
0.168057
0.168265
0.168478
0.168694
0.168913
0.169136
0.169359
0.169582
0.1698
0.170008
0.1702
0.17037
0.170507
0.170605
0.170653
0.171133
0.171102
0.171049
0.17098
0.170898
0.17081
0.170718
0.170625
0.170533
0.170443
0.170355
0.17027
0.170184
0.170096
0.170009
0.169925
0.169845
0.16977
0.169701
0.169638
0.169582
0.169534
0.169494
0.169464
0.169445
0.169437
0.169443
0.169461
0.169491
0.16953
0.169579
0.169637
0.169701
0.169773
0.169851
0.169935
0.170023
0.170115
0.170209
0.170299
0.17039
0.170482
0.170576
0.170672
0.170769
0.170864
0.170954
0.171035
0.171103
0.171151
0.171176
0.171172
0.171141
0.171087
0.171015
0.170931
0.17084
0.170744
0.170648
0.170552
0.170458
0.170366
0.170276
0.170184
0.170091
0.17
0.169913
0.16983
0.169754
0.169684
0.169621
0.169566
0.169519
0.169482
0.169455
0.16944
0.169438
0.169449
0.169471
0.169504
0.169546
0.169596
0.169654
0.169718
0.169789
0.169865
0.169946
0.170031
0.170119
0.170206
0.170292
0.170378
0.170466
0.170556
0.170649
0.170742
0.170833
0.17092
0.170999
0.171065
0.171112
0.171136
0.171633
0.171638
0.171649
0.171668
0.171695
0.171729
0.171771
0.171821
0.171877
0.171939
0.172004
0.172072
0.172139
0.172201
0.172261
0.172317
0.17237
0.17242
0.172465
0.172504
0.172539
0.172567
0.172589
0.172605
0.172615
0.172619
0.172617
0.172609
0.172596
0.172576
0.17255
0.172519
0.172481
0.172439
0.172392
0.172341
0.172286
0.172229
0.172169
0.172104
0.172039
0.171975
0.171916
0.171861
0.171814
0.171774
0.171742
0.171717
0.171701
0.171691
0.171687
0.171688
0.171693
0.171704
0.171723
0.171749
0.171783
0.171825
0.171875
0.17193
0.171991
0.172055
0.172121
0.172185
0.172244
0.172301
0.172354
0.172404
0.17245
0.172492
0.172527
0.172558
0.172582
0.1726
0.172612
0.172618
0.172618
0.172613
0.172601
0.172584
0.17256
0.17253
0.172494
0.172453
0.172407
0.172357
0.172303
0.172245
0.172185
0.172121
0.172054
0.171987
0.171922
0.171862
0.171807
0.17176
0.171719
0.171687
0.171663
0.171646
0.171636
0.171632
)
;

boundaryField
{
    top
    {
        type            fixedFluxPressure;
        gradient        nonuniform List<scalar> 
102
(
0.0155906
0.0167719
0.0188708
0.0217427
0.025237
0.0292099
0.0335325
0.0380951
0.0428083
0.0476038
0.0524353
0.0572843
0.0621783
0.0672458
0.0722883
0.0771834
0.0818568
0.0862502
0.0903114
0.0939904
0.0972384
0.100008
0.102253
0.103929
0.104996
0.105413
0.105141
0.104202
0.102635
0.100479
0.097774
0.0945661
0.0909016
0.0868294
0.0824007
0.0776695
0.0726959
0.0675546
0.0623598
0.0573581
0.0524106
0.0474881
0.0426122
0.0378345
0.0332302
0.0288967
0.024952
0.0215329
0.0187894
0.0168753
0.0159337
0.0160776
0.0172826
0.0194252
0.0223579
0.0259267
0.0299844
0.0343986
0.0390567
0.0438673
0.0487613
0.053695
0.05866
0.0637134
0.0688996
0.0740033
0.0789198
0.0835781
0.0879197
0.0918913
0.0954423
0.0985242
0.101091
0.103099
0.104507
0.105276
0.105368
0.104779
0.10355
0.101722
0.0993361
0.0964379
0.0930733
0.0892902
0.0851377
0.0806664
0.0759298
0.0709898
0.065931
0.0609116
0.056028
0.05118
0.0463529
0.0415723
0.0368902
0.0323803
0.0281371
0.0242755
0.0209288
0.0182434
0.0163699
0.0154485
)
;
        value           nonuniform List<scalar> 
102
(
0.171892
0.171917
0.171964
0.17203
0.172115
0.172216
0.17233
0.172456
0.172591
0.172732
0.172878
0.173026
0.173175
0.173322
0.173465
0.173604
0.173735
0.173857
0.17397
0.174071
0.174159
0.174234
0.174293
0.174337
0.174365
0.174375
0.174369
0.174346
0.174307
0.174251
0.17418
0.174095
0.173996
0.173886
0.173765
0.173635
0.173498
0.173355
0.173208
0.17306
0.172912
0.172767
0.172626
0.172492
0.172368
0.172255
0.172157
0.172076
0.172014
0.171972
0.171953
0.171955
0.171981
0.172028
0.172095
0.172181
0.172283
0.172399
0.172526
0.172662
0.172804
0.17295
0.173098
0.173247
0.173392
0.173534
0.17367
0.173797
0.173916
0.174023
0.174118
0.1742
0.174267
0.174318
0.174354
0.174372
0.174374
0.174359
0.174327
0.174279
0.174216
0.174137
0.174046
0.173942
0.173826
0.173701
0.173568
0.173429
0.173284
0.173136
0.172988
0.17284
0.172695
0.172555
0.172422
0.172299
0.172188
0.172091
0.172011
0.17195
0.171909
0.171889
)
;
    }
    bottom
    {
        type            fixedFluxPressure;
        gradient        nonuniform List<scalar> 
102
(
0
0
0
0
0
0
0
0
0
0
0
0
0
0
0
0
0
0
0
0
0
0
0
0
0
0
0
0
0
0
0
0
0
0
0
0
0
0
0
0
0
0
0
0
0
0
0
0
0
0
0
0
0
0
0
0
0
0
0
0
0
0
0
0
0
0
0
0
0
0
0
0
0
0
0
0
0
0
0
0
0
0
0
0
0
0
0
0
0
0
0
0
0
0
0
0
0
0
0
0
0
-1.65017e-19
)
;
        value           nonuniform List<scalar> 
102
(
0.16311
0.163079
0.163022
0.162939
0.16283
0.162695
0.162536
0.162352
0.162143
0.161912
0.161659
0.161389
0.161105
0.160814
0.160524
0.160243
0.159981
0.159749
0.159553
0.159398
0.159282
0.159202
0.15915
0.15912
0.159103
0.159097
0.1591
0.159113
0.159138
0.159181
0.159249
0.159349
0.159488
0.159668
0.159888
0.160139
0.160414
0.160703
0.160995
0.161281
0.161555
0.161811
0.162045
0.162256
0.162442
0.162601
0.162734
0.162841
0.16292
0.162972
0.162997
0.162993
0.162961
0.162902
0.162816
0.162703
0.162563
0.162396
0.162204
0.161987
0.161746
0.161485
0.161208
0.160919
0.160628
0.160341
0.160071
0.159827
0.159618
0.159448
0.15932
0.159228
0.159168
0.15913
0.159109
0.159099
0.159098
0.159106
0.159126
0.159162
0.15922
0.159309
0.159434
0.1596
0.159806
0.160047
0.160314
0.160599
0.16089
0.16118
0.161461
0.161727
0.161974
0.1622
0.162402
0.16258
0.162733
0.162861
0.162963
0.16304
0.16309
0.163113
)
;
    }
    frontAndBack
    {
        type            empty;
    }
    left_cyc
    {
        type            cyclic;
    }
    right_cyc
    {
        type            cyclic;
    }
}


// ************************************************************************* //
